% function evaluation | noise-free fitness - Fopt (6.870000000000e+00) | best noise-free fitness - Fopt | measured fitness | best measured fitness | x1 | x2...
1 +4.405119605e+00 +4.405119605e+00 +1.127511961e+01 +1.127511961e+01 +0.0000e+00 +0.0000e+00 +0.0000e+00
48 +1.049472611e+00 +1.049472611e+00 +7.919472611e+00 +7.919472611e+00 +2.9420e-01 -4.0629e-01 +8.0106e-01
% function evaluation | noise-free fitness - Fopt (1.000000000000e-02) | best noise-free fitness - Fopt | measured fitness | best measured fitness | x1 | x2...
1 +1.295653969e+01 +1.295653969e+01 +1.296653969e+01 +1.296653969e+01 +0.0000e+00 +0.0000e+00 +0.0000e+00
4 +8.124259102e+00 +8.124259102e+00 +8.134259102e+00 +8.134259102e+00 -2.5519e-01 +3.9542e-01 -3.0593e-01
15 +6.372443087e+00 +6.372443087e+00 +6.382443087e+00 +6.382443087e+00 -7.5484e-01 +5.4828e-01 -3.9268e-01
56 +5.327906906e+00 +5.327906906e+00 +5.337906906e+00 +5.337906906e+00 -7.4364e-01 +6.9906e-01 +1.7061e-01
352 +3.293615622e+00 +3.293615622e+00 +3.303615622e+00 +3.303615622e+00 -1.8745e+00 -1.0256e+00 +1.7315e+00
435 +1.433590820e+00 +1.433590820e+00 +1.443590820e+00 +1.443590820e+00 -1.9672e+00 -1.7777e+00 +1.5064e+00
1863 +4.967832043e-01 +4.967832043e-01 +5.067832043e-01 +5.067832043e-01 -1.3450e+00 -9.0520e-01 +4.8590e+00
1960 +4.720935102e-01 +4.720935102e-01 +4.820935102e-01 +4.820935102e-01 -1.3455e+00 -8.9909e-01 +4.8602e+00
1962 +4.346861272e-01 +4.346861272e-01 +4.446861272e-01 +4.446861272e-01 -1.3467e+00 -9.0052e-01 +4.8579e+00
1968 +3.516067548e-01 +3.516067548e-01 +3.616067548e-01 +3.616067548e-01 -1.3479e+00 -8.9652e-01 +4.8584e+00
1973 +2.924552071e-01 +2.924552071e-01 +3.024552071e-01 +3.024552071e-01 -1.3468e+00 -8.9744e-01 +4.8588e+00
1974 +2.847731723e-01 +2.847731723e-01 +2.947731723e-01 +2.947731723e-01 -1.3480e+00 -8.9705e-01 +4.8583e+00
1982 +2.112016888e-01 +2.112016888e-01 +2.212016888e-01 +2.212016888e-01 -1.3471e+00 -8.9808e-01 +4.8591e+00
1993 +2.004016210e-01 +2.004016210e-01 +2.104016210e-01 +2.104016210e-01 -1.3477e+00 -9.0027e-01 +4.8582e+00
2031 +1.163769201e-01 +1.163769201e-01 +1.263769201e-01 +1.263769201e-01 -1.3473e+00 -8.9899e-01 +4.8586e+00
2189 +7.366952158e-02 +7.366952158e-02 +8.366952158e-02 +8.366952158e-02 -1.3480e+00 -8.9955e-01 +4.8579e+00
2206 +4.421384144e-02 +4.421384144e-02 +5.421384144e-02 +5.421384144e-02 -1.3479e+00 -8.9954e-01 +4.8581e+00
2245 +2.139533329e-02 +2.139533329e-02 +3.139533329e-02 +3.139533329e-02 -1.3477e+00 -8.9931e-01 +4.8582e+00
2292 +1.364812015e-02 +1.364812015e-02 +2.364812015e-02 +2.364812015e-02 -1.3477e+00 -8.9950e-01 +4.8581e+00
2322 +9.575574203e-03 +9.575574203e-03 +1.957557420e-02 +1.957557420e-02 -1.3477e+00 -8.9936e-01 +4.8582e+00
2341 +7.480339770e-03 +7.480339770e-03 +1.748033977e-02 +1.748033977e-02 -1.3477e+00 -8.9947e-01 +4.8582e+00
2343 +3.896857017e-03 +3.896857017e-03 +1.389685702e-02 +1.389685702e-02 -1.3477e+00 -8.9944e-01 +4.8582e+00
2410 +3.653240691e-03 +3.653240691e-03 +1.365324069e-02 +1.365324069e-02 -1.3477e+00 -8.9944e-01 +4.8582e+00
2423 +1.438508362e-03 +1.438508362e-03 +1.143850836e-02 +1.143850836e-02 -1.3477e+00 -8.9942e-01 +4.8582e+00
2432 +1.324097196e-03 +1.324097196e-03 +1.132409720e-02 +1.132409720e-02 -1.3477e+00 -8.9942e-01 +4.8582e+00
2463 +1.317552827e-03 +1.317552827e-03 +1.131755283e-02 +1.131755283e-02 -1.3477e+00 -8.9942e-01 +4.8582e+00
2464 +8.573524131e-04 +8.573524131e-04 +1.085735241e-02 +1.085735241e-02 -1.3477e+00 -8.9942e-01 +4.8582e+00
2467 +7.078352128e-04 +7.078352128e-04 +1.070783521e-02 +1.070783521e-02 -1.3477e+00 -8.9942e-01 +4.8582e+00
2624 +1.951465849e-04 +1.951465849e-04 +1.019514658e-02 +1.019514658e-02 -1.3477e+00 -8.9942e-01 +4.8582e+00
2708 +1.401234439e-04 +1.401234439e-04 +1.014012344e-02 +1.014012344e-02 -1.3477e+00 -8.9942e-01 +4.8582e+00
2767 +8.688406740e-05 +8.688406740e-05 +1.008688407e-02 +1.008688407e-02 -1.3477e+00 -8.9942e-01 +4.8582e+00
2779 +6.328902818e-05 +6.328902818e-05 +1.006328903e-02 +1.006328903e-02 -1.3477e+00 -8.9942e-01 +4.8582e+00
2905 +5.977401464e-05 +5.977401464e-05 +1.005977401e-02 +1.005977401e-02 -1.3477e+00 -8.9942e-01 +4.8582e+00
2911 +4.498947262e-05 +4.498947262e-05 +1.004498947e-02 +1.004498947e-02 -1.3477e+00 -8.9942e-01 +4.8582e+00
2935 +1.039491747e-05 +1.039491747e-05 +1.001039492e-02 +1.001039492e-02 -1.3477e+00 -8.9942e-01 +4.8582e+00
3042 +6.889827166e-06 +6.889827166e-06 +1.000688983e-02 +1.000688983e-02 -1.3477e+00 -8.9942e-01 +4.8582e+00
3061 +4.857958446e-06 +4.857958446e-06 +1.000485796e-02 +1.000485796e-02 -1.3477e+00 -8.9942e-01 +4.8582e+00
3190 +4.450045013e-06 +4.450045013e-06 +1.000445005e-02 +1.000445005e-02 -1.3477e+00 -8.9942e-01 +4.8582e+00
3198 +4.237288136e-06 +4.237288136e-06 +1.000423729e-02 +1.000423729e-02 -1.3477e+00 -8.9942e-01 +4.8582e+00
3200 +3.404649747e-06 +3.404649747e-06 +1.000340465e-02 +1.000340465e-02 -1.3477e+00 -8.9942e-01 +4.8582e+00
3211 +3.351650579e-06 +3.351650579e-06 +1.000335165e-02 +1.000335165e-02 -1.3477e+00 -8.9942e-01 +4.8582e+00
3214 +1.963298178e-06 +1.963298178e-06 +1.000196330e-02 +1.000196330e-02 -1.3477e+00 -8.9942e-01 +4.8582e+00
3267 +1.889379154e-06 +1.889379154e-06 +1.000188938e-02 +1.000188938e-02 -1.3477e+00 -8.9942e-01 +4.8582e+00
3322 +1.702518728e-06 +1.702518728e-06 +1.000170252e-02 +1.000170252e-02 -1.3477e+00 -8.9942e-01 +4.8582e+00
3324 +1.308554950e-06 +1.308554950e-06 +1.000130855e-02 +1.000130855e-02 -1.3477e+00 -8.9942e-01 +4.8582e+00
3352 +1.177267533e-06 +1.177267533e-06 +1.000117727e-02 +1.000117727e-02 -1.3477e+00 -8.9942e-01 +4.8582e+00
3353 +6.702032023e-07 +6.702032023e-07 +1.000067020e-02 +1.000067020e-02 -1.3477e+00 -8.9942e-01 +4.8582e+00
3358 +4.186733471e-07 +4.186733471e-07 +1.000041867e-02 +1.000041867e-02 -1.3477e+00 -8.9942e-01 +4.8582e+00
3426 +3.946267449e-07 +3.946267449e-07 +1.000039463e-02 +1.000039463e-02 -1.3477e+00 -8.9942e-01 +4.8582e+00
3438 +3.530539789e-07 +3.530539789e-07 +1.000035305e-02 +1.000035305e-02 -1.3477e+00 -8.9942e-01 +4.8582e+00
3481 +2.178667025e-07 +2.178667025e-07 +1.000021787e-02 +1.000021787e-02 -1.3477e+00 -8.9942e-01 +4.8582e+00
3483 +1.924020501e-07 +1.924020501e-07 +1.000019240e-02 +1.000019240e-02 -1.3477e+00 -8.9942e-01 +4.8582e+00
3491 +1.432021020e-07 +1.432021020e-07 +1.000014320e-02 +1.000014320e-02 -1.3477e+00 -8.9942e-01 +4.8582e+00
3518 +7.753099594e-08 +7.753099594e-08 +1.000007753e-02 +1.000007753e-02 -1.3477e+00 -8.9942e-01 +4.8582e+00
3531 +7.286543837e-08 +7.286543837e-08 +1.000007287e-02 +1.000007287e-02 -1.3477e+00 -8.9942e-01 +4.8582e+00
3547 +3.620667840e-08 +3.620667840e-08 +1.000003621e-02 +1.000003621e-02 -1.3477e+00 -8.9942e-01 +4.8582e+00
3564 +2.909709683e-08 +2.909709683e-08 +1.000002910e-02 +1.000002910e-02 -1.3477e+00 -8.9942e-01 +4.8582e+00
3577 +2.278588108e-08 +2.278588108e-08 +1.000002279e-02 +1.000002279e-02 -1.3477e+00 -8.9942e-01 +4.8582e+00
3659 +1.907865051e-08 +1.907865051e-08 +1.000001908e-02 +1.000001908e-02 -1.3477e+00 -8.9942e-01 +4.8582e+00
3662 +1.685559643e-08 +1.685559643e-08 +1.000001686e-02 +1.000001686e-02 -1.3477e+00 -8.9942e-01 +4.8582e+00
3674 +1.438647522e-08 +1.438647522e-08 +1.000001439e-02 +1.000001439e-02 -1.3477e+00 -8.9942e-01 +4.8582e+00
3689 +1.328931335e-08 +1.328931335e-08 +1.000001329e-02 +1.000001329e-02 -1.3477e+00 -8.9942e-01 +4.8582e+00
3692 +1.166047086e-08 +1.166047086e-08 +1.000001166e-02 +1.000001166e-02 -1.3477e+00 -8.9942e-01 +4.8582e+00
3699 +1.009584909e-08 +1.009584909e-08 +1.000001010e-02 +1.000001010e-02 -1.3477e+00 -8.9942e-01 +4.8582e+00
3703 +5.242445984e-09 +5.242445984e-09 +1.000000524e-02 +1.000000524e-02 -1.3477e+00 -8.9942e-01 +4.8582e+00
4539 +0.000000000e+00 +0.000000000e+00 +1.000000000e-02 +1.000000000e-02 -1.3477e+00 -8.9942e-01 +4.8582e+00
% function evaluation | noise-free fitness - Fopt (-1.306100000000e+02) | best noise-free fitness - Fopt | measured fitness | best measured fitness | x1 | x2...
1 +1.229607456e+01 +1.229607456e+01 -1.183139254e+02 -1.183139254e+02 +0.0000e+00 +0.0000e+00 +0.0000e+00
2 +8.590898387e+00 +8.590898387e+00 -1.220191016e+02 -1.220191016e+02 +8.0266e-03 -3.7951e-01 +6.7982e-02
4 +5.300487127e+00 +5.300487127e+00 -1.253095129e+02 -1.253095129e+02 +1.3998e-01 -1.6678e-01 +1.8189e-01
60 +1.238031502e+00 +1.238031502e+00 -1.293719685e+02 -1.293719685e+02 +3.4968e-01 -4.3101e-01 +3.6699e-01
% function evaluation | noise-free fitness - Fopt (-2.231200000000e+02) | best noise-free fitness - Fopt | measured fitness | best measured fitness | x1 | x2...
1 +5.339703202e+01 +5.339703202e+01 -1.697229680e+02 -1.697229680e+02 +0.0000e+00 +0.0000e+00 +0.0000e+00
2 +2.681140689e+01 +2.681140689e+01 -1.963085931e+02 -1.963085931e+02 -7.5802e-03 +7.8617e-02 -2.7589e-01
5 +1.331605761e+01 +1.331605761e+01 -2.098039424e+02 -2.098039424e+02 +2.0581e-02 +1.7775e-01 +4.6601e-02
9 +4.378440414e+00 +4.378440414e+00 -2.187415596e+02 -2.187415596e+02 +6.5598e-02 -3.9017e-01 +3.1565e-01
21 +3.019240526e+00 +3.019240526e+00 -2.201007595e+02 -2.201007595e+02 +4.1983e-02 -1.5856e-01 +3.7333e-01
707 +9.740978164e-01 +9.740978164e-01 -2.221459022e+02 -2.221459022e+02 +2.3987e+00 -4.0409e-01 -4.8771e-01
1705 +5.045724052e-01 +5.045724052e-01 -2.226154276e+02 -2.226154276e+02 -6.3320e-01 +4.8933e+00 +2.9970e+00
1876 +4.456200235e-01 +4.456200235e-01 -2.226743800e+02 -2.226743800e+02 -6.3234e-01 +4.8916e+00 +2.9991e+00
1891 +3.975663991e-01 +3.975663991e-01 -2.227224336e+02 -2.227224336e+02 -6.3207e-01 +4.8896e+00 +3.0001e+00
1952 +3.686021161e-01 +3.686021161e-01 -2.227513979e+02 -2.227513979e+02 -6.3199e-01 +4.8884e+00 +3.0003e+00
1975 +3.431400001e-01 +3.431400001e-01 -2.227768600e+02 -2.227768600e+02 -6.3199e-01 +4.8887e+00 +3.0001e+00
2026 +3.350316003e-01 +3.350316003e-01 -2.227849684e+02 -2.227849684e+02 -6.3197e-01 +4.8887e+00 +3.0003e+00
2068 +3.265694792e-01 +3.265694792e-01 -2.227934305e+02 -2.227934305e+02 -6.3186e-01 +4.8881e+00 +3.0005e+00
2197 +3.171830998e-01 +3.171830998e-01 -2.228028169e+02 -2.228028169e+02 -6.3190e-01 +4.8883e+00 +3.0004e+00
2274 +3.148943209e-01 +3.148943209e-01 -2.228051057e+02 -2.228051057e+02 -6.3192e-01 +4.8884e+00 +3.0004e+00
% function evaluation | noise-free fitness - Fopt (-4.443000000000e+01) | best noise-free fitness - Fopt | measured fitness | best measured fitness | x1 | x2...
1 +4.437367499e+00 +4.437367499e+00 -3.999263250e+01 -3.999263250e+01 +0.0000e+00 +0.0000e+00 +0.0000e+00
165 +3.673271313e+00 +3.673271313e+00 -4.075672869e+01 -4.075672869e+01 -4.3473e-01 -2.4266e-02 +6.3325e-01
279 +2.771417825e+00 +2.771417825e+00 -4.165858218e+01 -4.165858218e+01 -1.7827e-01 +5.1223e-01 +9.3577e-01
297 +1.944081588e+00 +1.944081588e+00 -4.248591841e+01 -4.248591841e+01 -1.1788e+00 +7.8126e-01 +1.5110e+00
1062 +1.861517213e+00 +1.861517213e+00 -4.256848279e+01 -4.256848279e+01 +4.5792e+00 +1.6613e+00 +1.4691e+00
1321 +1.527050940e+00 +1.527050940e+00 -4.290294906e+01 -4.290294906e+01 +4.5810e+00 +1.6644e+00 +1.4706e+00
1379 +1.492855857e+00 +1.492855857e+00 -4.293714414e+01 -4.293714414e+01 +4.5807e+00 +1.6624e+00 +1.4696e+00
1414 +1.470339974e+00 +1.470339974e+00 -4.295966003e+01 -4.295966003e+01 +4.5802e+00 +1.6624e+00 +1.4699e+00
1450 +1.369766206e+00 +1.369766206e+00 -4.306023379e+01 -4.306023379e+01 +4.5807e+00 +1.6631e+00 +1.4700e+00
1492 +1.331470532e+00 +1.331470532e+00 -4.309852947e+01 -4.309852947e+01 +4.5803e+00 +1.6628e+00 +1.4700e+00
1512 +1.247410527e+00 +1.247410527e+00 -4.318258947e+01 -4.318258947e+01 +4.5804e+00 +1.6632e+00 +1.4702e+00
1513 +1.226752504e+00 +1.226752504e+00 -4.320324750e+01 -4.320324750e+01 +4.5801e+00 +1.6628e+00 +1.4702e+00
1539 +1.196895851e+00 +1.196895851e+00 -4.323310415e+01 -4.323310415e+01 +4.5803e+00 +1.6633e+00 +1.4704e+00
1690 +1.173522315e+00 +1.173522315e+00 -4.325647769e+01 -4.325647769e+01 +4.5803e+00 +1.6633e+00 +1.4704e+00
% function evaluation | noise-free fitness - Fopt (-7.728000000000e+01) | best noise-free fitness - Fopt | measured fitness | best measured fitness | x1 | x2...
1 +4.047353373e+01 +4.047353373e+01 -3.680646627e+01 -3.680646627e+01 +0.0000e+00 +0.0000e+00 +0.0000e+00
2 +1.279974566e+01 +1.279974566e+01 -6.448025434e+01 -6.448025434e+01 -7.1673e-02 -2.5726e-02 -1.6623e-01
8 +2.722088175e+00 +2.722088175e+00 -7.455791183e+01 -7.455791183e+01 -1.0800e-01 +3.1092e-01 +4.2663e-02
245 +2.168457115e+00 +2.168457115e+00 -7.511154289e+01 -7.511154289e+01 -1.3590e-01 -2.1459e-01 +1.4451e-01
578 +1.462391752e+00 +1.462391752e+00 -7.581760825e+01 -7.581760825e+01 -2.6012e-02 -9.7613e-02 +1.1295e-01
645 +1.412209637e+00 +1.412209637e+00 -7.586779036e+01 -7.586779036e+01 -3.8318e-02 -7.2093e-02 +1.3015e-01
701 +1.292167044e+00 +1.292167044e+00 -7.598783296e+01 -7.598783296e+01 -3.3605e-02 -8.3591e-02 +1.2370e-01
711 +1.061506172e+00 +1.061506172e+00 -7.621849383e+01 -7.621849383e+01 -3.4837e-02 -7.9787e-02 +1.2743e-01
725 +8.041222463e-01 +8.041222463e-01 -7.647587775e+01 -7.647587775e+01 -3.4214e-02 -8.2257e-02 +1.2556e-01
747 +6.346133033e-01 +6.346133033e-01 -7.664538670e+01 -7.664538670e+01 -3.4675e-02 -8.2495e-02 +1.2733e-01
761 +6.251456475e-01 +6.251456475e-01 -7.665485435e+01 -7.665485435e+01 -3.4883e-02 -8.1692e-02 +1.2773e-01
798 +5.500329702e-01 +5.500329702e-01 -7.672996703e+01 -7.672996703e+01 -3.5475e-02 -8.0089e-02 +1.2802e-01
858 +5.054163111e-01 +5.054163111e-01 -7.677458369e+01 -7.677458369e+01 -3.5173e-02 -8.0531e-02 +1.2758e-01
888 +4.774846879e-01 +4.774846879e-01 -7.680251531e+01 -7.680251531e+01 -3.5032e-02 -8.1026e-02 +1.2753e-01
991 +4.671442587e-01 +4.671442587e-01 -7.681285574e+01 -7.681285574e+01 -3.4942e-02 -8.1157e-02 +1.2748e-01
1014 +4.484414926e-01 +4.484414926e-01 -7.683155851e+01 -7.683155851e+01 -3.4975e-02 -8.1080e-02 +1.2745e-01
1148 +4.455113067e-01 +4.455113067e-01 -7.683448869e+01 -7.683448869e+01 -3.4990e-02 -8.1049e-02 +1.2747e-01
% function evaluation | noise-free fitness - Fopt (-8.121000000000e+01) | best noise-free fitness - Fopt | measured fitness | best measured fitness | x1 | x2...
1 +5.092505817e+01 +5.092505817e+01 -3.028494183e+01 -3.028494183e+01 +0.0000e+00 +0.0000e+00 +0.0000e+00
2 +1.764994551e+01 +1.764994551e+01 -6.356005449e+01 -6.356005449e+01 +3.5054e-02 -4.0599e-01 +3.0935e-02
4 +7.948984951e+00 +7.948984951e+00 -7.326101505e+01 -7.326101505e+01 +2.3897e-01 -2.5475e-01 +1.8655e-01
38 +5.592647199e+00 +5.592647199e+00 -7.561735280e+01 -7.561735280e+01 -4.3232e-01 +1.6577e-02 +2.3211e-01
221 +3.001028517e+00 +3.001028517e+00 -7.820897148e+01 -7.820897148e+01 -2.4874e+00 +3.0326e+00 +3.1289e+00
824 +2.861228476e+00 +2.861228476e+00 -7.834877152e+01 -7.834877152e+01 -2.2299e+00 -6.5252e+00 +2.0396e-01
903 +2.657152686e+00 +2.657152686e+00 -7.855284731e+01 -7.855284731e+01 -2.2275e+00 -6.5230e+00 +1.9533e-01
% function evaluation | noise-free fitness - Fopt (6.822800000000e+02) | best noise-free fitness - Fopt | measured fitness | best measured fitness | x1 | x2...
1 +1.606068398e+01 +1.606068398e+01 +6.983406840e+02 +6.983406840e+02 +0.0000e+00 +0.0000e+00 +0.0000e+00
5 +1.353172913e+01 +1.353172913e+01 +6.958117291e+02 +6.958117291e+02 +6.4483e-02 +1.7464e-01 +2.8384e-01
6 +1.188671694e+01 +1.188671694e+01 +6.941667169e+02 +6.941667169e+02 +1.0237e-01 +3.0961e-01 +1.9295e-04
10 +4.879063642e+00 +4.879063642e+00 +6.871590636e+02 +6.871590636e+02 -3.9054e-01 +5.9508e-02 +1.1687e-01
25 +3.571731955e+00 +3.571731955e+00 +6.858517320e+02 +6.858517320e+02 -2.0089e-01 +3.4025e-02 +4.4161e-02
199 +2.857720567e+00 +2.857720567e+00 +6.851377206e+02 +6.851377206e+02 -2.4712e-01 -3.0290e-01 +1.3728e-01
200 +2.447397882e+00 +2.447397882e+00 +6.847273979e+02 +6.847273979e+02 -2.5339e-01 -3.1766e-01 +1.8241e-01
204 +2.034212616e+00 +2.034212616e+00 +6.843142126e+02 +6.843142126e+02 -2.4580e-01 -3.1023e-01 +1.3939e-01
207 +1.095410330e+00 +1.095410330e+00 +6.833754103e+02 +6.833754103e+02 -2.5227e-01 -3.0905e-01 +1.4833e-01
% function evaluation | noise-free fitness - Fopt (-7.168200000000e+02) | best noise-free fitness - Fopt | measured fitness | best measured fitness | x1 | x2...
1 +2.466405362e+01 +2.466405362e+01 -6.921559464e+02 -6.921559464e+02 +0.0000e+00 +0.0000e+00 +0.0000e+00
3 +2.338100660e+01 +2.338100660e+01 -6.934389934e+02 -6.934389934e+02 +9.0262e-02 +3.1163e-02 -8.5266e-02
4 +1.101862096e+01 +1.101862096e+01 -7.058013790e+02 -7.058013790e+02 +2.6760e-01 +9.3661e-02 -1.7885e-01
10 +9.662771025e+00 +9.662771025e+00 -7.071572290e+02 -7.071572290e+02 +3.8372e-01 -1.1083e-01 +1.6751e-01
20 +5.521723838e+00 +5.521723838e+00 -7.112982762e+02 -7.112982762e+02 +5.9156e-01 -3.8760e-01 +2.7096e-01
24 +3.823850909e+00 +3.823850909e+00 -7.129961491e+02 -7.129961491e+02 +5.4253e-01 -1.2681e-01 -3.3081e-01
176 +3.679251080e+00 +3.679251080e+00 -7.131407489e+02 -7.131407489e+02 +1.2506e+00 +3.5635e-04 +7.7014e-01
186 +2.781379592e+00 +2.781379592e+00 -7.140386204e+02 -7.140386204e+02 +8.9133e-01 +9.7862e-03 +9.8128e-01
213 +2.550879618e+00 +2.550879618e+00 -7.142691204e+02 -7.142691204e+02 +8.3506e-01 +6.4382e-02 +1.0666e+00
587 +2.162308445e+00 +2.162308445e+00 -7.146576916e+02 -7.146576916e+02 +4.1637e-01 -9.4720e-01 +1.4570e+00
1992 +1.984971579e+00 +1.984971579e+00 -7.148350284e+02 -7.148350284e+02 -1.4883e+00 +4.2695e+00 -4.0237e+00
5214 +1.484614060e+00 +1.484614060e+00 -7.153353859e+02 -7.153353859e+02 -5.4005e+00 +4.1359e+00 +4.1722e-01
5649 +1.183747038e+00 +1.183747038e+00 -7.156362530e+02 -7.156362530e+02 -5.0458e+00 +2.8518e+00 +6.4384e-01
6493 +1.167469527e+00 +1.167469527e+00 -7.156525305e+02 -7.156525305e+02 -2.5946e+00 +2.8233e+00 +1.5374e+00
6498 +1.099868039e+00 +1.099868039e+00 -7.157201320e+02 -7.157201320e+02 -2.5995e+00 +2.8216e+00 +1.5281e+00
6502 +1.055045843e+00 +1.055045843e+00 -7.157649542e+02 -7.157649542e+02 -2.5976e+00 +2.8231e+00 +1.5337e+00
6503 +5.838303296e-01 +5.838303296e-01 -7.162361697e+02 -7.162361697e+02 -2.5978e+00 +2.8223e+00 +1.5309e+00
6544 +5.700875938e-01 +5.700875938e-01 -7.162499124e+02 -7.162499124e+02 -2.6080e+00 +2.8218e+00 +1.5274e+00
6547 +5.204064522e-01 +5.204064522e-01 -7.162995935e+02 -7.162995935e+02 -2.6061e+00 +2.8216e+00 +1.5288e+00
6551 +3.908397709e-01 +3.908397709e-01 -7.164291602e+02 -7.164291602e+02 -2.6095e+00 +2.8213e+00 +1.5250e+00
6586 +1.660424518e-01 +1.660424518e-01 -7.166539575e+02 -7.166539575e+02 -2.6102e+00 +2.8209e+00 +1.5239e+00
6631 +1.204426228e-01 +1.204426228e-01 -7.166995574e+02 -7.166995574e+02 -2.6091e+00 +2.8210e+00 +1.5254e+00
6660 +1.175663502e-01 +1.175663502e-01 -7.167024336e+02 -7.167024336e+02 -2.6090e+00 +2.8210e+00 +1.5256e+00
6697 +1.056976529e-01 +1.056976529e-01 -7.167143023e+02 -7.167143023e+02 -2.6086e+00 +2.8211e+00 +1.5260e+00
6743 +9.987563581e-02 +9.987563581e-02 -7.167201244e+02 -7.167201244e+02 -2.6088e+00 +2.8211e+00 +1.5258e+00
6758 +9.612006156e-02 +9.612006156e-02 -7.167238799e+02 -7.167238799e+02 -2.6089e+00 +2.8211e+00 +1.5257e+00
6764 +9.202400024e-02 +9.202400024e-02 -7.167279760e+02 -7.167279760e+02 -2.6089e+00 +2.8211e+00 +1.5257e+00
6795 +8.822057643e-02 +8.822057643e-02 -7.167317794e+02 -7.167317794e+02 -2.6090e+00 +2.8211e+00 +1.5257e+00
% function evaluation | noise-free fitness - Fopt (-1.000000000000e+03) | best noise-free fitness - Fopt | measured fitness | best measured fitness | x1 | x2...
1 +1.881818699e+01 +1.881818699e+01 -9.811818130e+02 -9.811818130e+02 +0.0000e+00 +0.0000e+00 +0.0000e+00
4 +5.064583981e+00 +5.064583981e+00 -9.949354160e+02 -9.949354160e+02 +2.6328e-01 +2.2739e-01 -2.1479e-01
42 +7.557723457e-01 +7.557723457e-01 -9.992442277e+02 -9.992442277e+02 +1.8996e+00 -1.9373e-01 -2.5293e-01
% function evaluation | noise-free fitness - Fopt (-1.000000000000e+03) | best noise-free fitness - Fopt | measured fitness | best measured fitness | x1 | x2...
1 +3.673563042e+01 +3.673563042e+01 -9.632643696e+02 -9.632643696e+02 +0.0000e+00 +0.0000e+00 +0.0000e+00
2 +1.063116325e+01 +1.063116325e+01 -9.893688367e+02 -9.893688367e+02 -2.2944e-01 -3.2468e-01 -5.1887e-02
4 +8.283003431e+00 +8.283003431e+00 -9.917169966e+02 -9.917169966e+02 -4.5937e-01 +9.7082e-03 -7.2112e-02
13 +7.399576171e+00 +7.399576171e+00 -9.926004238e+02 -9.926004238e+02 -4.7802e-04 +2.1758e-02 -3.3880e-01
37 +3.086739723e+00 +3.086739723e+00 -9.969132603e+02 -9.969132603e+02 +2.0494e-01 +3.4273e-01 -6.3538e-01
79 +2.462720389e+00 +2.462720389e+00 -9.975372796e+02 -9.975372796e+02 +1.3379e+00 +3.7742e-03 -5.2856e-01
145 +2.291070200e+00 +2.291070200e+00 -9.977089298e+02 -9.977089298e+02 -5.7879e-02 -6.6277e-01 -1.9976e+00
1455 +1.918532521e+00 +1.918532521e+00 -9.980814675e+02 -9.980814675e+02 +4.9749e+00 -1.4056e-01 -2.4630e+00
1531 +1.534641893e+00 +1.534641893e+00 -9.984653581e+02 -9.984653581e+02 +4.9665e+00 -3.6698e-01 -2.8176e+00
% function evaluation | noise-free fitness - Fopt (4.819000000000e+01) | best noise-free fitness - Fopt | measured fitness | best measured fitness | x1 | x2...
1 +1.032196882e+01 +1.032196882e+01 +5.851196882e+01 +5.851196882e+01 +0.0000e+00 +0.0000e+00 +0.0000e+00
4 +4.034635577e+00 +4.034635577e+00 +5.222463558e+01 +5.222463558e+01 +3.8920e-01 +3.0750e-01 -1.2658e-01
276 +2.368757643e+00 +2.368757643e+00 +5.055875764e+01 +5.055875764e+01 -5.7262e+00 -9.3232e-01 +8.0619e-01
935 +1.242003827e+00 +1.242003827e+00 +4.943200383e+01 +4.943200383e+01 -1.7695e+00 +3.5061e-01 +3.1049e+00
1169 +7.311699729e-01 +7.311699729e-01 +4.892116997e+01 +4.892116997e+01 -1.8186e+00 +3.8954e-01 +3.1173e+00
1195 +6.133255359e-01 +6.133255359e-01 +4.880332554e+01 +4.880332554e+01 -1.8152e+00 +3.8502e-01 +3.1223e+00
1206 +3.690644781e-01 +3.690644781e-01 +4.855906448e+01 +4.855906448e+01 -1.8164e+00 +3.8815e-01 +3.1209e+00
1238 +1.441589588e-01 +1.441589588e-01 +4.833415896e+01 +4.833415896e+01 -1.8152e+00 +3.8783e-01 +3.1217e+00
1274 +1.392685272e-01 +1.392685272e-01 +4.832926853e+01 +4.832926853e+01 -1.8143e+00 +3.8595e-01 +3.1233e+00
1322 +1.286220626e-01 +1.286220626e-01 +4.831862206e+01 +4.831862206e+01 -1.8143e+00 +3.8594e-01 +3.1233e+00
1334 +1.194046168e-01 +1.194046168e-01 +4.830940462e+01 +4.830940462e+01 -1.8142e+00 +3.8614e-01 +3.1236e+00
1335 +9.829841026e-02 +9.829841026e-02 +4.828829841e+01 +4.828829841e+01 -1.8143e+00 +3.8623e-01 +3.1234e+00
1357 +9.068706775e-02 +9.068706775e-02 +4.828068707e+01 +4.828068707e+01 -1.8140e+00 +3.8586e-01 +3.1236e+00
1361 +8.838870296e-02 +8.838870296e-02 +4.827838870e+01 +4.827838870e+01 -1.8142e+00 +3.8595e-01 +3.1235e+00
1367 +8.089995862e-02 +8.089995862e-02 +4.827089996e+01 +4.827089996e+01 -1.8140e+00 +3.8593e-01 +3.1236e+00
1375 +7.499432863e-02 +7.499432863e-02 +4.826499433e+01 +4.826499433e+01 -1.8141e+00 +3.8607e-01 +3.1235e+00
1377 +7.377069306e-02 +7.377069306e-02 +4.826377069e+01 +4.826377069e+01 -1.8141e+00 +3.8594e-01 +3.1236e+00
1378 +6.173654760e-02 +6.173654760e-02 +4.825173655e+01 +4.825173655e+01 -1.8142e+00 +3.8599e-01 +3.1235e+00
1387 +5.408089908e-02 +5.408089908e-02 +4.824408090e+01 +4.824408090e+01 -1.8141e+00 +3.8607e-01 +3.1235e+00
1414 +4.538564938e-02 +4.538564938e-02 +4.823538565e+01 +4.823538565e+01 -1.8142e+00 +3.8611e-01 +3.1234e+00
1478 +3.950868742e-02 +3.950868742e-02 +4.822950869e+01 +4.822950869e+01 -1.8143e+00 +3.8621e-01 +3.1233e+00
1564 +3.871084486e-02 +3.871084486e-02 +4.822871084e+01 +4.822871084e+01 -1.8143e+00 +3.8624e-01 +3.1233e+00
1669 +3.750374958e-02 +3.750374958e-02 +4.822750375e+01 +4.822750375e+01 -1.8143e+00 +3.8623e-01 +3.1233e+00
1763 +3.708415962e-02 +3.708415962e-02 +4.822708416e+01 +4.822708416e+01 -1.8143e+00 +3.8623e-01 +3.1233e+00
% function evaluation | noise-free fitness - Fopt (-1.071000000000e+01) | best noise-free fitness - Fopt | measured fitness | best measured fitness | x1 | x2...
1 +1.024506423e+01 +1.024506423e+01 -4.649357669e-01 -4.649357669e-01 +0.0000e+00 +0.0000e+00 +0.0000e+00
16 +3.140679409e+00 +3.140679409e+00 -7.569320591e+00 -7.569320591e+00 +1.3425e-01 +3.7226e-01 -9.5695e-02
519 +2.879585456e+00 +2.879585456e+00 -7.830414544e+00 -7.830414544e+00 -2.0513e+00 +1.2115e+00 +7.5738e-01
986 +2.160240594e+00 +2.160240594e+00 -8.549759406e+00 -8.549759406e+00 -2.3865e+00 +6.6510e-01 +1.4663e+00
1516 +2.002805932e+00 +2.002805932e+00 -8.707194068e+00 -8.707194068e+00 -2.2736e+00 +6.0810e-01 +6.1874e-01
1537 +1.311330179e+00 +1.311330179e+00 -9.398669821e+00 -9.398669821e+00 -2.2693e+00 +6.2372e-01 +6.0144e-01
1540 +1.070850246e+00 +1.070850246e+00 -9.639149754e+00 -9.639149754e+00 -2.2691e+00 +6.1794e-01 +6.0684e-01
1570 +9.160303016e-01 +9.160303016e-01 -9.793969698e+00 -9.793969698e+00 -2.2693e+00 +6.1295e-01 +6.1379e-01
1598 +9.102539173e-01 +9.102539173e-01 -9.799746083e+00 -9.799746083e+00 -2.2690e+00 +6.1711e-01 +6.0822e-01
1630 +6.605822016e-01 +6.605822016e-01 -1.004941780e+01 -1.004941780e+01 -2.2684e+00 +6.1377e-01 +6.1099e-01
1678 +5.945116124e-01 +5.945116124e-01 -1.011548839e+01 -1.011548839e+01 -2.2685e+00 +6.1129e-01 +6.1280e-01
1687 +5.553166706e-01 +5.553166706e-01 -1.015468333e+01 -1.015468333e+01 -2.2686e+00 +6.1306e-01 +6.1123e-01
1695 +4.671251811e-01 +4.671251811e-01 -1.024287482e+01 -1.024287482e+01 -2.2686e+00 +6.1246e-01 +6.1207e-01
1793 +4.316899687e-01 +4.316899687e-01 -1.027831003e+01 -1.027831003e+01 -2.2687e+00 +6.1243e-01 +6.1220e-01
1904 +4.206144126e-01 +4.206144126e-01 -1.028938559e+01 -1.028938559e+01 -2.2687e+00 +6.1243e-01 +6.1219e-01
2077 +4.164049198e-01 +4.164049198e-01 -1.029359508e+01 -1.029359508e+01 -2.2687e+00 +6.1240e-01 +6.1221e-01
% function evaluation | noise-free fitness - Fopt (3.425000000000e+01) | best noise-free fitness - Fopt | measured fitness | best measured fitness | x1 | x2...
1 +3.512036961e+01 +3.512036961e+01 +6.937036961e+01 +6.937036961e+01 +0.0000e+00 +0.0000e+00 +0.0000e+00
3 +1.617137064e+01 +1.617137064e+01 +5.042137064e+01 +5.042137064e+01 +2.5091e-01 +2.3541e-02 +7.3617e-02
6 +1.068995935e+01 +1.068995935e+01 +4.493995935e+01 +4.493995935e+01 -2.1897e-02 +9.2932e-03 -3.1659e-01
15 +1.009102829e+01 +1.009102829e+01 +4.434102829e+01 +4.434102829e+01 +1.1698e-01 -2.8694e-01 +3.3530e-01
19 +9.286432279e+00 +9.286432279e+00 +4.353643228e+01 +4.353643228e+01 -1.6909e-01 +2.0868e-01 +1.2975e-01
20 +8.046000629e+00 +8.046000629e+00 +4.229600063e+01 +4.229600063e+01 +4.3684e-02 -2.7892e-01 +4.2898e-01
33 +5.477046126e+00 +5.477046126e+00 +3.972704613e+01 +3.972704613e+01 -3.5984e-01 -1.8551e-01 +4.3991e-01
204 +2.736891836e+00 +2.736891836e+00 +3.698689184e+01 +3.698689184e+01 -6.3889e-01 -1.8011e-01 +2.1847e-01
422 +2.267815239e+00 +2.267815239e+00 +3.651781524e+01 +3.651781524e+01 -5.3166e-01 +9.8874e-02 +6.2756e-02
710 +1.196651255e+00 +1.196651255e+00 +3.544665126e+01 +3.544665126e+01 -4.5980e-01 +1.9514e+00 -1.0710e-01
761 +1.023195650e+00 +1.023195650e+00 +3.527319565e+01 +3.527319565e+01 -4.5148e-01 +1.9480e+00 -1.0233e-01
789 +8.064141955e-01 +8.064141955e-01 +3.505641420e+01 +3.505641420e+01 -4.5811e-01 +1.9425e+00 -1.0146e-01
828 +7.537148704e-01 +7.537148704e-01 +3.500371487e+01 +3.500371487e+01 -4.5188e-01 +1.9469e+00 -1.0196e-01
837 +7.084051163e-01 +7.084051163e-01 +3.495840512e+01 +3.495840512e+01 -4.5472e-01 +1.9449e+00 -1.0220e-01
856 +6.818760176e-01 +6.818760176e-01 +3.493187602e+01 +3.493187602e+01 -4.5429e-01 +1.9460e+00 -1.0246e-01
863 +6.484960696e-01 +6.484960696e-01 +3.489849607e+01 +3.489849607e+01 -4.5577e-01 +1.9465e+00 -1.0322e-01
865 +4.708466514e-01 +4.708466514e-01 +3.472084665e+01 +3.472084665e+01 -4.5288e-01 +1.9466e+00 -1.0308e-01
904 +3.028244098e-01 +3.028244098e-01 +3.455282441e+01 +3.455282441e+01 -4.5477e-01 +1.9476e+00 -1.0440e-01
929 +2.374578384e-01 +2.374578384e-01 +3.448745784e+01 +3.448745784e+01 -4.5406e-01 +1.9477e+00 -1.0444e-01
938 +1.943595349e-01 +1.943595349e-01 +3.444435953e+01 +3.444435953e+01 -4.5355e-01 +1.9483e+00 -1.0479e-01
956 +1.705271841e-01 +1.705271841e-01 +3.442052718e+01 +3.442052718e+01 -4.5327e-01 +1.9491e+00 -1.0515e-01
962 +1.611513673e-01 +1.611513673e-01 +3.441115137e+01 +3.441115137e+01 -4.5373e-01 +1.9487e+00 -1.0490e-01
969 +1.158192532e-01 +1.158192532e-01 +3.436581925e+01 +3.436581925e+01 -4.5303e-01 +1.9487e+00 -1.0536e-01
973 +7.160657970e-02 +7.160657970e-02 +3.432160658e+01 +3.432160658e+01 -4.5390e-01 +1.9492e+00 -1.0538e-01
997 +3.802043593e-02 +3.802043593e-02 +3.428802044e+01 +3.428802044e+01 -4.5393e-01 +1.9496e+00 -1.0567e-01
1134 +3.479701915e-02 +3.479701915e-02 +3.428479702e+01 +3.428479702e+01 -4.5375e-01 +1.9496e+00 -1.0572e-01
1146 +3.410114119e-02 +3.410114119e-02 +3.428410114e+01 +3.428410114e+01 -4.5367e-01 +1.9496e+00 -1.0570e-01
1147 +2.788133690e-02 +2.788133690e-02 +3.427788134e+01 +3.427788134e+01 -4.5374e-01 +1.9496e+00 -1.0568e-01
1160 +2.395290389e-02 +2.395290389e-02 +3.427395290e+01 +3.427395290e+01 -4.5374e-01 +1.9496e+00 -1.0567e-01
1163 +2.069836439e-02 +2.069836439e-02 +3.427069836e+01 +3.427069836e+01 -4.5375e-01 +1.9495e+00 -1.0566e-01
1170 +1.520881279e-02 +1.520881279e-02 +3.426520881e+01 +3.426520881e+01 -4.5377e-01 +1.9495e+00 -1.0564e-01
1179 +4.724331422e-03 +4.724331422e-03 +3.425472433e+01 +3.425472433e+01 -4.5377e-01 +1.9494e+00 -1.0559e-01
1272 +1.797061498e-03 +1.797061498e-03 +3.425179706e+01 +3.425179706e+01 -4.5376e-01 +1.9494e+00 -1.0560e-01
1379 +1.508948905e-03 +1.508948905e-03 +3.425150895e+01 +3.425150895e+01 -4.5375e-01 +1.9494e+00 -1.0559e-01
1386 +9.984324012e-04 +9.984324012e-04 +3.425099843e+01 +3.425099843e+01 -4.5375e-01 +1.9494e+00 -1.0559e-01
1416 +9.559250445e-04 +9.559250445e-04 +3.425095593e+01 +3.425095593e+01 -4.5376e-01 +1.9494e+00 -1.0559e-01
1440 +5.254294801e-04 +5.254294801e-04 +3.425052543e+01 +3.425052543e+01 -4.5376e-01 +1.9494e+00 -1.0559e-01
1494 +4.241182601e-04 +4.241182601e-04 +3.425042412e+01 +3.425042412e+01 -4.5376e-01 +1.9494e+00 -1.0559e-01
1507 +4.084259716e-04 +4.084259716e-04 +3.425040843e+01 +3.425040843e+01 -4.5376e-01 +1.9494e+00 -1.0559e-01
1539 +3.480147183e-04 +3.480147183e-04 +3.425034801e+01 +3.425034801e+01 -4.5376e-01 +1.9494e+00 -1.0559e-01
1577 +3.103951156e-04 +3.103951156e-04 +3.425031040e+01 +3.425031040e+01 -4.5376e-01 +1.9494e+00 -1.0559e-01
1584 +2.164069138e-04 +2.164069138e-04 +3.425021641e+01 +3.425021641e+01 -4.5376e-01 +1.9494e+00 -1.0559e-01
1590 +1.896217730e-04 +1.896217730e-04 +3.425018962e+01 +3.425018962e+01 -4.5376e-01 +1.9494e+00 -1.0559e-01
1613 +1.017084982e-04 +1.017084982e-04 +3.425010171e+01 +3.425010171e+01 -4.5376e-01 +1.9494e+00 -1.0559e-01
1633 +9.778059960e-05 +9.778059960e-05 +3.425009778e+01 +3.425009778e+01 -4.5376e-01 +1.9494e+00 -1.0559e-01
1635 +8.684355913e-05 +8.684355913e-05 +3.425008684e+01 +3.425008684e+01 -4.5376e-01 +1.9494e+00 -1.0559e-01
1662 +8.182013692e-05 +8.182013692e-05 +3.425008182e+01 +3.425008182e+01 -4.5376e-01 +1.9494e+00 -1.0559e-01
1664 +7.564347932e-05 +7.564347932e-05 +3.425007564e+01 +3.425007564e+01 -4.5376e-01 +1.9494e+00 -1.0559e-01
1678 +6.637860896e-05 +6.637860896e-05 +3.425006638e+01 +3.425006638e+01 -4.5376e-01 +1.9494e+00 -1.0559e-01
1690 +2.806690265e-05 +2.806690265e-05 +3.425002807e+01 +3.425002807e+01 -4.5376e-01 +1.9494e+00 -1.0559e-01
1700 +1.297707579e-05 +1.297707579e-05 +3.425001298e+01 +3.425001298e+01 -4.5376e-01 +1.9494e+00 -1.0559e-01
1825 +8.967169819e-06 +8.967169819e-06 +3.425000897e+01 +3.425000897e+01 -4.5376e-01 +1.9494e+00 -1.0559e-01
1878 +8.171157347e-06 +8.171157347e-06 +3.425000817e+01 +3.425000817e+01 -4.5376e-01 +1.9494e+00 -1.0559e-01
1907 +6.685791568e-06 +6.685791568e-06 +3.425000669e+01 +3.425000669e+01 -4.5376e-01 +1.9494e+00 -1.0559e-01
1914 +6.013580716e-06 +6.013580716e-06 +3.425000601e+01 +3.425000601e+01 -4.5376e-01 +1.9494e+00 -1.0559e-01
1932 +4.222274747e-06 +4.222274747e-06 +3.425000422e+01 +3.425000422e+01 -4.5376e-01 +1.9494e+00 -1.0559e-01
1938 +3.185499182e-06 +3.185499182e-06 +3.425000319e+01 +3.425000319e+01 -4.5376e-01 +1.9494e+00 -1.0559e-01
1950 +2.450301771e-06 +2.450301771e-06 +3.425000245e+01 +3.425000245e+01 -4.5376e-01 +1.9494e+00 -1.0559e-01
1965 +1.533339677e-06 +1.533339677e-06 +3.425000153e+01 +3.425000153e+01 -4.5376e-01 +1.9494e+00 -1.0559e-01
2094 +7.906586887e-07 +7.906586887e-07 +3.425000079e+01 +3.425000079e+01 -4.5376e-01 +1.9494e+00 -1.0559e-01
2125 +5.594986021e-07 +5.594986021e-07 +3.425000056e+01 +3.425000056e+01 -4.5376e-01 +1.9494e+00 -1.0559e-01
2210 +5.431706214e-07 +5.431706214e-07 +3.425000054e+01 +3.425000054e+01 -4.5376e-01 +1.9494e+00 -1.0559e-01
2219 +3.925257062e-07 +3.925257062e-07 +3.425000039e+01 +3.425000039e+01 -4.5376e-01 +1.9494e+00 -1.0559e-01
2228 +3.845281995e-07 +3.845281995e-07 +3.425000038e+01 +3.425000038e+01 -4.5376e-01 +1.9494e+00 -1.0559e-01
2231 +3.082952418e-07 +3.082952418e-07 +3.425000031e+01 +3.425000031e+01 -4.5376e-01 +1.9494e+00 -1.0559e-01
2236 +2.804780479e-07 +2.804780479e-07 +3.425000028e+01 +3.425000028e+01 -4.5376e-01 +1.9494e+00 -1.0559e-01
2243 +1.937260379e-07 +1.937260379e-07 +3.425000019e+01 +3.425000019e+01 -4.5376e-01 +1.9494e+00 -1.0559e-01
2258 +1.711571400e-07 +1.711571400e-07 +3.425000017e+01 +3.425000017e+01 -4.5376e-01 +1.9494e+00 -1.0559e-01
2272 +1.571235089e-07 +1.571235089e-07 +3.425000016e+01 +3.425000016e+01 -4.5376e-01 +1.9494e+00 -1.0559e-01
2279 +1.370941334e-07 +1.370941334e-07 +3.425000014e+01 +3.425000014e+01 -4.5376e-01 +1.9494e+00 -1.0559e-01
2280 +1.342071485e-07 +1.342071485e-07 +3.425000013e+01 +3.425000013e+01 -4.5376e-01 +1.9494e+00 -1.0559e-01
2298 +1.113636188e-07 +1.113636188e-07 +3.425000011e+01 +3.425000011e+01 -4.5376e-01 +1.9494e+00 -1.0559e-01
2300 +7.303082583e-08 +7.303082583e-08 +3.425000007e+01 +3.425000007e+01 -4.5376e-01 +1.9494e+00 -1.0559e-01
2316 +6.057084789e-08 +6.057084789e-08 +3.425000006e+01 +3.425000006e+01 -4.5376e-01 +1.9494e+00 -1.0559e-01
2336 +4.556682853e-08 +4.556682853e-08 +3.425000005e+01 +3.425000005e+01 -4.5376e-01 +1.9494e+00 -1.0559e-01
2346 +3.538725224e-08 +3.538725224e-08 +3.425000004e+01 +3.425000004e+01 -4.5376e-01 +1.9494e+00 -1.0559e-01
2360 +2.886907424e-08 +2.886907424e-08 +3.425000003e+01 +3.425000003e+01 -4.5376e-01 +1.9494e+00 -1.0559e-01
2366 +2.460354409e-08 +2.460354409e-08 +3.425000002e+01 +3.425000002e+01 -4.5376e-01 +1.9494e+00 -1.0559e-01
2421 +2.222796525e-08 +2.222796525e-08 +3.425000002e+01 +3.425000002e+01 -4.5376e-01 +1.9494e+00 -1.0559e-01
2424 +2.072265914e-08 +2.072265914e-08 +3.425000002e+01 +3.425000002e+01 -4.5376e-01 +1.9494e+00 -1.0559e-01
2430 +1.672347594e-08 +1.672347594e-08 +3.425000002e+01 +3.425000002e+01 -4.5376e-01 +1.9494e+00 -1.0559e-01
2439 +1.199708066e-08 +1.199708066e-08 +3.425000001e+01 +3.425000001e+01 -4.5376e-01 +1.9494e+00 -1.0559e-01
2452 +7.474348251e-09 +7.474348251e-09 +3.425000001e+01 +3.425000001e+01 -4.5376e-01 +1.9494e+00 -1.0559e-01
% function evaluation | noise-free fitness - Fopt (1.134700000000e+02) | best noise-free fitness - Fopt | measured fitness | best measured fitness | x1 | x2...
1 +5.429320032e+01 +5.429320032e+01 +1.677632003e+02 +1.677632003e+02 +0.0000e+00 +0.0000e+00 +0.0000e+00
2 +4.381258619e+00 +4.381258619e+00 +1.178512586e+02 +1.178512586e+02 +2.7967e-01 -5.9507e-02 -4.7711e-01
86 +4.165237697e+00 +4.165237697e+00 +1.176352377e+02 +1.176352377e+02 +3.3559e+00 -1.6662e-02 +7.2761e-01
192 +3.240403336e+00 +3.240403336e+00 +1.167104033e+02 +1.167104033e+02 +1.3923e-01 +6.5061e-01 +7.0639e-01
235 +3.207273792e+00 +3.207273792e+00 +1.166772738e+02 +1.166772738e+02 +3.1558e+00 -4.3723e-01 +1.0907e+00
391 +2.586077913e+00 +2.586077913e+00 +1.160560779e+02 +1.160560779e+02 -5.4211e+00 -2.9766e-02 +1.9979e-01
438 +2.409195186e+00 +2.409195186e+00 +1.158791952e+02 +1.158791952e+02 -4.3028e-01 -9.4138e-01 +1.0865e+00
712 +1.376389608e+00 +1.376389608e+00 +1.148463896e+02 +1.148463896e+02 +2.0525e+00 +8.7726e-02 +3.4139e+00
4112 +1.090606454e+00 +1.090606454e+00 +1.145606065e+02 +1.145606065e+02 -1.6204e+00 +4.2723e+00 +4.2018e+00
5512 +1.045671904e+00 +1.045671904e+00 +1.145156719e+02 +1.145156719e+02 -2.3419e+00 +4.4324e+00 +3.4574e+00
5522 +9.750786976e-01 +9.750786976e-01 +1.144450787e+02 +1.144450787e+02 -2.3361e+00 +4.4295e+00 +3.4603e+00
5556 +8.124260525e-01 +8.124260525e-01 +1.142824261e+02 +1.142824261e+02 -2.3395e+00 +4.4308e+00 +3.4588e+00
5655 +7.232249060e-01 +7.232249060e-01 +1.141932249e+02 +1.141932249e+02 -2.3409e+00 +4.4315e+00 +3.4585e+00
