% function evaluation | noise-free fitness - Fopt (6.870000000000e+00) | best noise-free fitness - Fopt | measured fitness | best measured fitness | x1 | x2...
1 +1.700119263e+01 +1.700119263e+01 +2.387119263e+01 +2.387119263e+01 +0.0000e+00 +0.0000e+00 +0.0000e+00 +0.0000e+00 +0.0000e+00 +0.0000e+00 +0.0000e+00 +0.0000e+00 +0.0000e+00 +0.0000e+00
2 +1.651827728e+01 +1.651827728e+01 +2.338827728e+01 +2.338827728e+01 +1.8086e-01 -8.9516e-02 +6.0171e-02 +2.8061e-01 -3.0160e-01 +3.6723e-01 -4.7925e-01 +2.7251e-01 +1.0529e-01 -3.5076e-02
3 +6.903257843e+00 +6.903257843e+00 +1.377325784e+01 +1.377325784e+01 -3.1346e-02 +2.0409e-01 +2.7636e-01 -1.0710e-01 -1.1983e-01 +5.0276e-02 -1.6831e-01 -5.8268e-02 -2.4260e-01 +7.6986e-02
11 +6.123759971e+00 +6.123759971e+00 +1.299375997e+01 +1.299375997e+01 +1.3910e-01 +4.5821e-02 -1.5278e-02 +1.8212e-01 +2.4477e-02 -3.3469e-03 -1.8005e-01 -4.8920e-01 -2.8356e-01 +9.5562e-02
15 +4.750920754e+00 +4.750920754e+00 +1.162092075e+01 +1.162092075e+01 -6.0197e-02 -1.7013e-01 +2.8652e-03 +2.9205e-01 -4.5612e-02 +3.4850e-01 -6.4733e-02 +9.0387e-02 -4.8622e-01 +1.4824e-01
91 +4.310759961e+00 +4.310759961e+00 +1.118075996e+01 +1.118075996e+01 +1.3559e-01 -6.9024e-02 -6.0622e-01 +4.6649e-01 -7.2279e-02 +6.9175e-02 -2.5279e-01 -4.4725e-02 -1.2478e-01 +4.8781e-01
158 +3.530006046e+00 +3.530006046e+00 +1.040000605e+01 +1.040000605e+01 +3.4956e-01 +1.2100e-01 -1.4632e-01 +6.0095e-01 -1.9211e-01 -2.0017e-01 -6.3908e-01 -3.0302e-01 -4.4356e-01 +9.7102e-02
297 +3.083301795e+00 +3.083301795e+00 +9.953301795e+00 +9.953301795e+00 +1.1411e-01 -3.9191e-02 +2.2545e-01 +8.5938e-02 -4.4927e-01 -3.3335e-01 -3.8782e-01 -5.4573e-02 -2.5544e-01 +4.3843e-01
538 +2.952335588e+00 +2.952335588e+00 +9.822335588e+00 +9.822335588e+00 -8.5868e-01 -2.6015e-01 +3.8782e-01 +1.4626e-01 -4.1524e-01 +1.3779e-02 -1.5731e+00 -2.1355e-01 -1.0236e-01 +1.0341e-01
1274 +1.834371003e+00 +1.834371003e+00 +8.704371003e+00 +8.704371003e+00 +3.8598e-02 +6.5460e-01 +8.9531e-01 -4.9806e-01 -3.9784e-01 -3.4904e-01 -1.8605e+00 -9.3378e-01 +8.6541e-01 -3.6986e-01
2656 +1.609684532e+00 +1.609684532e+00 +8.479684532e+00 +8.479684532e+00 +3.2497e-01 +1.0707e+00 +2.2628e+00 -1.1218e+00 +4.6750e-01 -5.4963e-01 +4.2620e-01 -1.9837e+00 +1.6927e+00 -4.7107e-01
2669 +1.358608438e+00 +1.358608438e+00 +8.228608438e+00 +8.228608438e+00 +3.1675e-01 +1.0725e+00 +2.2559e+00 -1.1230e+00 +4.6734e-01 -5.4072e-01 +4.2166e-01 -1.9935e+00 +1.6803e+00 -4.6702e-01
2819 +1.187346264e+00 +1.187346264e+00 +8.057346264e+00 +8.057346264e+00 +3.2297e-01 +1.0763e+00 +2.2685e+00 -1.1268e+00 +4.6735e-01 -5.6300e-01 +4.1319e-01 -1.9937e+00 +1.6780e+00 -4.6554e-01
2862 +1.170305041e+00 +1.170305041e+00 +8.040305041e+00 +8.040305041e+00 +3.2890e-01 +1.0752e+00 +2.2647e+00 -1.1281e+00 +4.6898e-01 -5.6463e-01 +4.1864e-01 -1.9941e+00 +1.6787e+00 -4.6176e-01
2882 +1.087858949e+00 +1.087858949e+00 +7.957858949e+00 +7.957858949e+00 +3.3090e-01 +1.0742e+00 +2.2654e+00 -1.1259e+00 +4.6868e-01 -5.6407e-01 +4.2315e-01 -1.9908e+00 +1.6811e+00 -4.6115e-01
2900 +1.037897324e+00 +1.037897324e+00 +7.907897324e+00 +7.907897324e+00 +3.3425e-01 +1.0740e+00 +2.2667e+00 -1.1270e+00 +4.6945e-01 -5.6175e-01 +4.2359e-01 -1.9925e+00 +1.6793e+00 -4.6207e-01
2919 +1.016324540e+00 +1.016324540e+00 +7.886324540e+00 +7.886324540e+00 +3.3400e-01 +1.0733e+00 +2.2651e+00 -1.1265e+00 +4.6936e-01 -5.6234e-01 +4.2638e-01 -1.9875e+00 +1.6794e+00 -4.6150e-01
2928 +9.027326012e-01 +9.027326012e-01 +7.772732601e+00 +7.772732601e+00 +3.3730e-01 +1.0741e+00 +2.2659e+00 -1.1286e+00 +4.6940e-01 -5.6065e-01 +4.2895e-01 -1.9890e+00 +1.6773e+00 -4.6049e-01
2959 +8.906050925e-01 +8.906050925e-01 +7.760605092e+00 +7.760605092e+00 +3.3633e-01 +1.0727e+00 +2.2656e+00 -1.1285e+00 +4.6823e-01 -5.6079e-01 +4.2790e-01 -1.9942e+00 +1.6775e+00 -4.5848e-01
2970 +8.454190682e-01 +8.454190682e-01 +7.715419068e+00 +7.715419068e+00 +3.3667e-01 +1.0710e+00 +2.2636e+00 -1.1271e+00 +4.6784e-01 -5.6057e-01 +4.3040e-01 -1.9921e+00 +1.6752e+00 -4.5881e-01
2980 +8.286070882e-01 +8.286070882e-01 +7.698607088e+00 +7.698607088e+00 +3.3450e-01 +1.0723e+00 +2.2638e+00 -1.1272e+00 +4.6796e-01 -5.5963e-01 +4.2770e-01 -1.9920e+00 +1.6773e+00 -4.6049e-01
2987 +8.062310755e-01 +8.062310755e-01 +7.676231076e+00 +7.676231076e+00 +3.3566e-01 +1.0696e+00 +2.2636e+00 -1.1267e+00 +4.6820e-01 -5.6085e-01 +4.2863e-01 -1.9932e+00 +1.6756e+00 -4.6032e-01
3074 +7.867194044e-01 +7.867194044e-01 +7.656719404e+00 +7.656719404e+00 +3.3793e-01 +1.0694e+00 +2.2637e+00 -1.1276e+00 +4.6848e-01 -5.5971e-01 +4.2933e-01 -1.9943e+00 +1.6743e+00 -4.5941e-01
3089 +7.210662533e-01 +7.210662533e-01 +7.591066253e+00 +7.591066253e+00 +3.3811e-01 +1.0692e+00 +2.2639e+00 -1.1271e+00 +4.6842e-01 -5.5966e-01 +4.3030e-01 -1.9937e+00 +1.6745e+00 -4.5926e-01
3125 +6.977138785e-01 +6.977138785e-01 +7.567713878e+00 +7.567713878e+00 +3.3744e-01 +1.0691e+00 +2.2638e+00 -1.1267e+00 +4.6808e-01 -5.5736e-01 +4.3173e-01 -1.9954e+00 +1.6743e+00 -4.5939e-01
3162 +6.858424436e-01 +6.858424436e-01 +7.555842444e+00 +7.555842444e+00 +3.3757e-01 +1.0691e+00 +2.2632e+00 -1.1273e+00 +4.6798e-01 -5.5675e-01 +4.3168e-01 -1.9957e+00 +1.6731e+00 -4.5884e-01
3224 +6.726810941e-01 +6.726810941e-01 +7.542681094e+00 +7.542681094e+00 +3.3740e-01 +1.0689e+00 +2.2628e+00 -1.1277e+00 +4.6768e-01 -5.5377e-01 +4.3205e-01 -1.9985e+00 +1.6740e+00 -4.5838e-01
3233 +6.549322512e-01 +6.549322512e-01 +7.524932251e+00 +7.524932251e+00 +3.3831e-01 +1.0692e+00 +2.2624e+00 -1.1280e+00 +4.6802e-01 -5.5402e-01 +4.3179e-01 -1.9977e+00 +1.6738e+00 -4.5823e-01
3311 +6.318730605e-01 +6.318730605e-01 +7.501873061e+00 +7.501873061e+00 +3.3868e-01 +1.0696e+00 +2.2620e+00 -1.1279e+00 +4.6780e-01 -5.5267e-01 +4.3298e-01 -1.9969e+00 +1.6744e+00 -4.5830e-01
3364 +6.087012735e-01 +6.087012735e-01 +7.478701274e+00 +7.478701274e+00 +3.3921e-01 +1.0700e+00 +2.2619e+00 -1.1283e+00 +4.6766e-01 -5.5251e-01 +4.3359e-01 -1.9967e+00 +1.6749e+00 -4.5793e-01
3455 +5.981775857e-01 +5.981775857e-01 +7.468177586e+00 +7.468177586e+00 +3.3946e-01 +1.0691e+00 +2.2620e+00 -1.1280e+00 +4.6759e-01 -5.5356e-01 +4.3355e-01 -1.9976e+00 +1.6747e+00 -4.5768e-01
3482 +5.784026407e-01 +5.784026407e-01 +7.448402641e+00 +7.448402641e+00 +3.3995e-01 +1.0692e+00 +2.2618e+00 -1.1281e+00 +4.6764e-01 -5.5340e-01 +4.3398e-01 -1.9970e+00 +1.6748e+00 -4.5748e-01
3527 +5.707082111e-01 +5.707082111e-01 +7.440708211e+00 +7.440708211e+00 +3.4013e-01 +1.0692e+00 +2.2616e+00 -1.1281e+00 +4.6749e-01 -5.5325e-01 +4.3416e-01 -1.9967e+00 +1.6750e+00 -4.5751e-01
3887 +5.605145020e-01 +5.605145020e-01 +7.430514502e+00 +7.430514502e+00 +3.4027e-01 +1.0692e+00 +2.2616e+00 -1.1281e+00 +4.6737e-01 -5.5327e-01 +4.3435e-01 -1.9966e+00 +1.6751e+00 -4.5746e-01
% function evaluation | noise-free fitness - Fopt (1.000000000000e-02) | best noise-free fitness - Fopt | measured fitness | best measured fitness | x1 | x2...
1 +9.237923688e+00 +9.237923688e+00 +9.247923688e+00 +9.247923688e+00 +0.0000e+00 +0.0000e+00 +0.0000e+00 +0.0000e+00 +0.0000e+00 +0.0000e+00 +0.0000e+00 +0.0000e+00 +0.0000e+00 +0.0000e+00
9 +5.715943828e+00 +5.715943828e+00 +5.725943828e+00 +5.725943828e+00 -1.4092e-01 -2.8498e-01 -8.1791e-02 +4.8835e-02 +1.1578e-01 +2.8289e-02 -1.7989e-01 +1.7319e-01 -2.3405e-01 -1.3845e-01
15 +2.799086132e+00 +2.799086132e+00 +2.809086132e+00 +2.809086132e+00 +1.3364e-01 -3.2771e-02 +1.1513e-01 +3.1711e-01 -1.9410e-01 -6.9271e-03 +1.8215e-01 +2.8062e-01 -4.0201e-02 +2.9678e-01
1403 +2.006191697e+00 +2.006191697e+00 +2.016191697e+00 +2.016191697e+00 +8.6294e-01 +3.7766e-01 +2.4180e+00 +2.0978e-01 -1.1489e+00 -1.2933e+00 +2.4491e+00 -1.5941e+00 +6.4798e-01 -1.4293e-02
% function evaluation | noise-free fitness - Fopt (-1.306100000000e+02) | best noise-free fitness - Fopt | measured fitness | best measured fitness | x1 | x2...
1 +1.631815340e+01 +1.631815340e+01 -1.142918466e+02 -1.142918466e+02 +0.0000e+00 +0.0000e+00 +0.0000e+00 +0.0000e+00 +0.0000e+00 +0.0000e+00 +0.0000e+00 +0.0000e+00 +0.0000e+00 +0.0000e+00
3 +1.434946777e+01 +1.434946777e+01 -1.162605322e+02 -1.162605322e+02 -9.9879e-02 +2.9848e-02 +7.5268e-02 -3.0502e-01 +2.8283e-02 -1.1591e-01 -1.0915e-01 +9.4171e-02 -2.1451e-01 -4.7618e-01
5 +1.106110916e+01 +1.106110916e+01 -1.195488908e+02 -1.195488908e+02 -1.5248e-01 -7.2434e-02 +3.4267e-01 +7.7978e-02 -2.0088e-01 -3.1361e-01 -1.0890e-01 -7.5310e-02 -1.0612e-01 -1.0562e-01
8 +7.121567332e+00 +7.121567332e+00 -1.234884327e+02 -1.234884327e+02 +4.8955e-02 +1.2506e-01 +1.8634e-01 -1.3969e-01 +1.9069e-01 +1.1270e-01 -1.5067e-01 -3.5167e-01 -2.0662e-01 +1.9017e-01
18 +6.134168445e+00 +6.134168445e+00 -1.244758316e+02 -1.244758316e+02 +2.3127e-01 -2.0568e-01 +4.5698e-01 -1.7140e-01 -3.3467e-02 +1.0228e-02 -1.4457e-01 +1.8103e-01 -1.1789e-01 +1.3558e-01
42 +4.864652533e+00 +4.864652533e+00 -1.257453475e+02 -1.257453475e+02 +4.8629e-01 -2.4413e-01 +2.1850e-01 -1.3759e-01 +1.1823e-01 -1.8549e-01 +3.4033e-01 +6.4048e-02 -1.9788e-02 -4.9051e-02
80 +3.285300780e+00 +3.285300780e+00 -1.273246992e+02 -1.273246992e+02 +2.5261e-01 -1.1015e-01 +1.6122e-01 -2.7652e-01 -6.4622e-02 -1.2361e-01 +2.1967e-01 -3.5167e-01 +1.7063e-01 -4.0080e-01
473 +2.919943282e+00 +2.919943282e+00 -1.276900567e+02 -1.276900567e+02 +2.0642e+00 -3.8914e-01 +5.2965e-01 +3.1028e-01 +2.1887e-02 -1.7309e-01 -2.3669e-01 -7.9126e-01 -3.5356e-01 -6.8935e-01
1512 +1.853243696e+00 +1.853243696e+00 -1.287567563e+02 -1.287567563e+02 +2.2914e+00 -4.2156e-01 +1.6607e-01 +8.7879e-01 +2.9757e-02 -2.2813e-01 -7.7427e-02 -1.1597e+00 -9.0084e-01 -1.0310e+00
2465 +1.668192982e+00 +1.668192982e+00 -1.289418070e+02 -1.289418070e+02 +2.5581e+00 -5.0184e-01 -8.2716e-02 +7.4972e-01 -1.0305e+00 -2.6276e-01 -8.1656e-02 -7.6051e-01 -8.8158e-01 -1.1831e+00
2500 +1.461899828e+00 +1.461899828e+00 -1.291481002e+02 -1.291481002e+02 +2.5555e+00 -5.0393e-01 -8.1658e-02 +7.5279e-01 -1.0288e+00 -2.6469e-01 -8.4307e-02 -7.5785e-01 -8.8118e-01 -1.1809e+00
2546 +1.333358621e+00 +1.333358621e+00 -1.292766414e+02 -1.292766414e+02 +2.5565e+00 -5.0801e-01 -8.2767e-02 +7.5338e-01 -1.0250e+00 -2.6621e-01 -8.0734e-02 -7.6151e-01 -8.8501e-01 -1.1839e+00
2678 +1.263291704e+00 +1.263291704e+00 -1.293467083e+02 -1.293467083e+02 +2.5584e+00 -5.0501e-01 -8.3995e-02 +7.5404e-01 -1.0259e+00 -2.6660e-01 -7.8294e-02 -7.6429e-01 -8.8193e-01 -1.1873e+00
2700 +1.251671394e+00 +1.251671394e+00 -1.293583286e+02 -1.293583286e+02 +2.5562e+00 -5.0473e-01 -8.1824e-02 +7.5180e-01 -1.0243e+00 -2.6544e-01 -7.8354e-02 -7.6432e-01 -8.8319e-01 -1.1861e+00
2718 +1.212247627e+00 +1.212247627e+00 -1.293977524e+02 -1.293977524e+02 +2.5574e+00 -5.0592e-01 -8.2278e-02 +7.5298e-01 -1.0233e+00 -2.6707e-01 -7.8651e-02 -7.6319e-01 -8.8317e-01 -1.1885e+00
2809 +1.174240217e+00 +1.174240217e+00 -1.294357598e+02 -1.294357598e+02 +2.5579e+00 -5.0395e-01 -8.2393e-02 +7.5307e-01 -1.0267e+00 -2.6689e-01 -7.8457e-02 -7.6350e-01 -8.8281e-01 -1.1864e+00
2850 +1.122068367e+00 +1.122068367e+00 -1.294879316e+02 -1.294879316e+02 +2.5576e+00 -5.0587e-01 -8.3620e-02 +7.5339e-01 -1.0257e+00 -2.6655e-01 -7.9709e-02 -7.6270e-01 -8.8334e-01 -1.1854e+00
2899 +1.110001161e+00 +1.110001161e+00 -1.294999988e+02 -1.294999988e+02 +2.5584e+00 -5.0556e-01 -8.3800e-02 +7.5393e-01 -1.0265e+00 -2.6694e-01 -7.8989e-02 -7.6409e-01 -8.8217e-01 -1.1859e+00
2906 +1.061126846e+00 +1.061126846e+00 -1.295488732e+02 -1.295488732e+02 +2.5587e+00 -5.0613e-01 -8.3004e-02 +7.5380e-01 -1.0262e+00 -2.6705e-01 -7.9450e-02 -7.6344e-01 -8.8252e-01 -1.1857e+00
2907 +1.023165435e+00 +1.023165435e+00 -1.295868346e+02 -1.295868346e+02 +2.5584e+00 -5.0551e-01 -8.3599e-02 +7.5426e-01 -1.0263e+00 -2.6679e-01 -7.9346e-02 -7.6265e-01 -8.8236e-01 -1.1858e+00
3004 +9.872257543e-01 +9.872257543e-01 -1.296227742e+02 -1.296227742e+02 +2.5590e+00 -5.0620e-01 -8.3813e-02 +7.5495e-01 -1.0269e+00 -2.6749e-01 -7.9362e-02 -7.6436e-01 -8.8203e-01 -1.1848e+00
3078 +9.683826080e-01 +9.683826080e-01 -1.296416174e+02 -1.296416174e+02 +2.5589e+00 -5.0623e-01 -8.3707e-02 +7.5471e-01 -1.0260e+00 -2.6747e-01 -7.9441e-02 -7.6436e-01 -8.8190e-01 -1.1853e+00
3455 +9.481677748e-01 +9.481677748e-01 -1.296618322e+02 -1.296618322e+02 +2.5588e+00 -5.0605e-01 -8.3926e-02 +7.5467e-01 -1.0261e+00 -2.6726e-01 -7.9504e-02 -7.6394e-01 -8.8180e-01 -1.1853e+00
3823 +9.319921477e-01 +9.319921477e-01 -1.296780079e+02 -1.296780079e+02 +2.5588e+00 -5.0602e-01 -8.3790e-02 +7.5467e-01 -1.0260e+00 -2.6728e-01 -7.9559e-02 -7.6398e-01 -8.8165e-01 -1.1853e+00
% function evaluation | noise-free fitness - Fopt (-2.231200000000e+02) | best noise-free fitness - Fopt | measured fitness | best measured fitness | x1 | x2...
1 +2.847414819e+01 +2.847414819e+01 -1.946458518e+02 -1.946458518e+02 +0.0000e+00 +0.0000e+00 +0.0000e+00 +0.0000e+00 +0.0000e+00 +0.0000e+00 +0.0000e+00 +0.0000e+00 +0.0000e+00 +0.0000e+00
2 +1.425377158e+01 +1.425377158e+01 -2.088662284e+02 -2.088662284e+02 +7.0886e-02 +5.0464e-02 -1.5786e-01 -7.8598e-02 -4.4938e-02 -2.6375e-01 +1.2437e-01 -4.9819e-02 +8.6998e-02 +8.2442e-02
3 +9.588066945e+00 +9.588066945e+00 -2.135319331e+02 -2.135319331e+02 +2.1999e-02 +3.1114e-02 -1.4568e-01 -6.8493e-02 -7.0458e-02 +1.1153e-01 +1.6050e-01 -7.2282e-02 +9.4696e-02 +1.0413e-02
6 +5.462398930e+00 +5.462398930e+00 -2.176576011e+02 -2.176576011e+02 -4.9398e-02 +3.0354e-01 -4.7205e-02 -1.0722e-01 +3.8709e-01 -1.9113e-01 +3.4272e-02 -1.5151e-01 +9.7974e-02 +3.9995e-02
95 +2.967934085e+00 +2.967934085e+00 -2.201520659e+02 -2.201520659e+02 +1.8678e-01 +2.5344e-01 -3.3425e-01 -3.0973e-01 -2.4509e-01 +1.6866e-01 +2.8835e-01 -3.1737e-01 -2.1152e-01 -2.6723e-02
935 +2.899954879e+00 +2.899954879e+00 -2.202200451e+02 -2.202200451e+02 +9.0756e-01 -4.9229e-01 +2.2887e-01 -9.4294e-01 -4.7469e-01 -1.2204e+00 +3.0368e+00 -7.6108e-02 +2.7616e+00 -3.5972e-01
1284 +1.876285806e+00 +1.876285806e+00 -2.212437142e+02 -2.212437142e+02 +1.9312e+00 -3.7462e-01 +4.1962e-01 -9.6335e-01 +1.4601e-01 -1.8238e+00 +9.0004e-01 -4.4125e-01 +2.0442e+00 -2.8084e+00
10233 +1.831165290e+00 +1.831165290e+00 -2.212888347e+02 -2.212888347e+02 -5.9110e+00 -1.2982e+00 +9.5037e-02 -1.4276e-01 -7.9753e-01 +3.6784e-01 -9.4353e-01 +4.4007e-01 -3.1655e+00 +1.1454e+00
10501 +1.781019146e+00 +1.781019146e+00 -2.213389809e+02 -2.213389809e+02 -5.9009e+00 -1.3019e+00 +7.4269e-02 -1.3521e-01 -8.1464e-01 +3.7206e-01 -9.4118e-01 +4.4428e-01 -3.1803e+00 +1.1480e+00
10525 +1.760096112e+00 +1.760096112e+00 -2.213599039e+02 -2.213599039e+02 -5.9036e+00 -1.3002e+00 +6.8744e-02 -1.3720e-01 -8.1451e-01 +3.7018e-01 -9.3913e-01 +4.4331e-01 -3.1870e+00 +1.1518e+00
10586 +1.582100826e+00 +1.582100826e+00 -2.215378992e+02 -2.215378992e+02 -5.9008e+00 -1.3005e+00 +7.4235e-02 -1.3611e-01 -8.1574e-01 +3.7087e-01 -9.4055e-01 +4.4419e-01 -3.1813e+00 +1.1487e+00
10601 +1.532351317e+00 +1.532351317e+00 -2.215876487e+02 -2.215876487e+02 -5.9029e+00 -1.3042e+00 +7.9111e-02 -1.3521e-01 -8.1570e-01 +3.6742e-01 -9.3895e-01 +4.4432e-01 -3.1809e+00 +1.1509e+00
10646 +1.507609043e+00 +1.507609043e+00 -2.216123910e+02 -2.216123910e+02 -5.9027e+00 -1.3045e+00 +7.9927e-02 -1.3669e-01 -8.1371e-01 +3.7128e-01 -9.3816e-01 +4.4406e-01 -3.1797e+00 +1.1521e+00
10691 +1.418206488e+00 +1.418206488e+00 -2.217017935e+02 -2.217017935e+02 -5.9009e+00 -1.3050e+00 +8.0707e-02 -1.3656e-01 -8.1197e-01 +3.7480e-01 -9.3854e-01 +4.4475e-01 -3.1807e+00 +1.1519e+00
10761 +1.401605898e+00 +1.401605898e+00 -2.217183941e+02 -2.217183941e+02 -5.9015e+00 -1.3052e+00 +8.0856e-02 -1.3617e-01 -8.1308e-01 +3.7277e-01 -9.3878e-01 +4.4428e-01 -3.1803e+00 +1.1521e+00
10804 +1.327647648e+00 +1.327647648e+00 -2.217923524e+02 -2.217923524e+02 -5.9016e+00 -1.3041e+00 +7.8952e-02 -1.3650e-01 -8.1322e-01 +3.7224e-01 -9.3887e-01 +4.4440e-01 -3.1811e+00 +1.1505e+00
10836 +1.307896221e+00 +1.307896221e+00 -2.218121038e+02 -2.218121038e+02 -5.9015e+00 -1.3045e+00 +7.8117e-02 -1.3703e-01 -8.1361e-01 +3.7171e-01 -9.3873e-01 +4.4446e-01 -3.1813e+00 +1.1506e+00
10958 +1.283339823e+00 +1.283339823e+00 -2.218366602e+02 -2.218366602e+02 -5.9006e+00 -1.3045e+00 +7.5942e-02 -1.3682e-01 -8.1422e-01 +3.7163e-01 -9.3885e-01 +4.4443e-01 -3.1828e+00 +1.1517e+00
11048 +1.254102641e+00 +1.254102641e+00 -2.218658974e+02 -2.218658974e+02 -5.9006e+00 -1.3043e+00 +7.6692e-02 -1.3653e-01 -8.1412e-01 +3.7200e-01 -9.3893e-01 +4.4451e-01 -3.1824e+00 +1.1510e+00
11219 +1.228403423e+00 +1.228403423e+00 -2.218915966e+02 -2.218915966e+02 -5.9008e+00 -1.3041e+00 +7.6567e-02 -1.3669e-01 -8.1417e-01 +3.7161e-01 -9.3910e-01 +4.4458e-01 -3.1823e+00 +1.1513e+00
% function evaluation | noise-free fitness - Fopt (-4.443000000000e+01) | best noise-free fitness - Fopt | measured fitness | best measured fitness | x1 | x2...
1 +1.456676615e+01 +1.456676615e+01 -2.986323385e+01 -2.986323385e+01 +0.0000e+00 +0.0000e+00 +0.0000e+00 +0.0000e+00 +0.0000e+00 +0.0000e+00 +0.0000e+00 +0.0000e+00 +0.0000e+00 +0.0000e+00
3 +1.239780377e+01 +1.239780377e+01 -3.203219623e+01 -3.203219623e+01 +6.2133e-02 -7.9570e-02 -1.1630e-01 +1.1899e-01 +1.7805e-01 -2.0135e-01 -8.5019e-02 -1.9885e-01 +3.3724e-01 -8.5966e-02
4 +9.276230607e+00 +9.276230607e+00 -3.515376939e+01 -3.515376939e+01 -1.1340e-01 +5.3724e-03 +2.3594e-01 -2.8455e-01 +2.2282e-01 -2.5269e-01 -6.7959e-02 +8.7965e-03 -1.3198e-01 +6.8929e-02
7 +8.670205233e+00 +8.670205233e+00 -3.575979477e+01 -3.575979477e+01 +1.9560e-02 +1.0233e-01 -1.0691e-01 +4.8437e-01 -1.8987e-01 -1.3221e-01 -2.0067e-01 -3.5126e-01 +1.5421e-01 -2.2078e-01
8 +5.260851280e+00 +5.260851280e+00 -3.916914872e+01 -3.916914872e+01 +3.0892e-01 +1.0513e-01 +1.5496e-01 +4.9801e-02 +2.8135e-01 -2.5769e-01 -2.9124e-02 +1.7133e-01 -1.5894e-01 +2.6945e-02
18 +4.322287738e+00 +4.322287738e+00 -4.010771226e+01 -4.010771226e+01 +7.0948e-02 +2.0777e-02 -1.6355e-01 +2.0788e-01 +4.5238e-01 -6.0241e-02 -3.5604e-01 +1.1575e-01 -1.5060e-01 -4.1952e-01
51 +3.571004349e+00 +3.571004349e+00 -4.085899565e+01 -4.085899565e+01 -8.7623e-04 +1.9274e-01 +2.7868e-01 +1.8999e-01 +4.8869e-01 -1.2688e-01 -7.0740e-01 -3.1138e-01 -2.1926e-02 -5.4859e-01
140 +3.326883313e+00 +3.326883313e+00 -4.110311669e+01 -4.110311669e+01 -1.6240e-01 -1.4508e-02 -4.6115e-02 +3.4660e-01 -1.1069e-01 -4.0483e-01 -6.1557e-01 -3.7350e-01 -1.6449e-01 -1.2425e+00
537 +3.015100871e+00 +3.015100871e+00 -4.141489913e+01 -4.141489913e+01 +6.3952e-01 +8.0588e-01 +5.0214e-01 +1.6849e-01 +1.3784e+00 -1.1607e+00 -1.7560e-01 +3.3873e-01 -3.1069e-03 -3.1300e-01
748 +2.533103891e+00 +2.533103891e+00 -4.189689611e+01 -4.189689611e+01 +1.5995e+00 +1.1394e+00 -4.4377e-01 +1.5842e+00 +9.2281e-01 +2.7686e-02 +6.3950e-01 +9.5241e-01 -9.6422e-01 +1.8511e-01
2109 +2.282822238e+00 +2.282822238e+00 -4.214717776e+01 -4.214717776e+01 -2.2447e-01 -2.6616e+00 +4.9485e+00 -2.2066e+00 +1.2292e+00 -3.7802e+00 +1.0666e+00 +2.4319e+00 +7.8115e-01 -1.7270e+00
3821 +1.780119076e+00 +1.780119076e+00 -4.264988092e+01 -4.264988092e+01 +3.9974e-01 -3.2294e+00 +3.9421e+00 -2.5384e+00 +1.6567e+00 -5.6184e+00 +3.7618e+00 +1.0569e+00 +3.8196e-01 +1.3693e-01
3868 +1.469147534e+00 +1.469147534e+00 -4.296085247e+01 -4.296085247e+01 +4.3048e-01 -3.2306e+00 +3.9394e+00 -2.5413e+00 +1.6620e+00 -5.5986e+00 +3.7490e+00 +1.0672e+00 +3.8834e-01 +1.4166e-01
3933 +1.282930184e+00 +1.282930184e+00 -4.314706982e+01 -4.314706982e+01 +4.1946e-01 -3.2307e+00 +3.9496e+00 -2.5336e+00 +1.6562e+00 -5.6007e+00 +3.7507e+00 +1.0539e+00 +3.8551e-01 +1.1768e-01
4162 +1.157241259e+00 +1.157241259e+00 -4.327275874e+01 -4.327275874e+01 +4.1279e-01 -3.2351e+00 +3.9368e+00 -2.5333e+00 +1.6573e+00 -5.6103e+00 +3.7480e+00 +1.0575e+00 +3.8983e-01 +1.2508e-01
4205 +1.120467508e+00 +1.120467508e+00 -4.330953249e+01 -4.330953249e+01 +4.1357e-01 -3.2345e+00 +3.9377e+00 -2.5328e+00 +1.6542e+00 -5.6109e+00 +3.7494e+00 +1.0573e+00 +3.8965e-01 +1.2361e-01
4223 +1.079808486e+00 +1.079808486e+00 -4.335019151e+01 -4.335019151e+01 +4.1433e-01 -3.2350e+00 +3.9390e+00 -2.5331e+00 +1.6558e+00 -5.6084e+00 +3.7487e+00 +1.0570e+00 +3.8858e-01 +1.2186e-01
4259 +9.905279179e-01 +9.905279179e-01 -4.343947208e+01 -4.343947208e+01 +4.1656e-01 -3.2342e+00 +3.9379e+00 -2.5330e+00 +1.6562e+00 -5.6081e+00 +3.7462e+00 +1.0575e+00 +3.8851e-01 +1.2264e-01
4269 +9.747744230e-01 +9.747744230e-01 -4.345522558e+01 -4.345522558e+01 +4.1671e-01 -3.2340e+00 +3.9379e+00 -2.5328e+00 +1.6564e+00 -5.6081e+00 +3.7440e+00 +1.0573e+00 +3.8893e-01 +1.2297e-01
4302 +9.398543460e-01 +9.398543460e-01 -4.349014565e+01 -4.349014565e+01 +4.1566e-01 -3.2342e+00 +3.9368e+00 -2.5330e+00 +1.6581e+00 -5.6088e+00 +3.7443e+00 +1.0573e+00 +3.8848e-01 +1.2241e-01
4330 +9.283892689e-01 +9.283892689e-01 -4.350161073e+01 -4.350161073e+01 +4.1575e-01 -3.2354e+00 +3.9346e+00 -2.5327e+00 +1.6579e+00 -5.6077e+00 +3.7423e+00 +1.0576e+00 +3.8859e-01 +1.2100e-01
4343 +8.907846748e-01 +8.907846748e-01 -4.353921533e+01 -4.353921533e+01 +4.1672e-01 -3.2343e+00 +3.9355e+00 -2.5330e+00 +1.6583e+00 -5.6077e+00 +3.7442e+00 +1.0579e+00 +3.8875e-01 +1.2154e-01
4464 +8.696390595e-01 +8.696390595e-01 -4.356036094e+01 -4.356036094e+01 +4.1553e-01 -3.2346e+00 +3.9358e+00 -2.5335e+00 +1.6591e+00 -5.6079e+00 +3.7451e+00 +1.0579e+00 +3.8895e-01 +1.2214e-01
4511 +8.482605585e-01 +8.482605585e-01 -4.358173944e+01 -4.358173944e+01 +4.1526e-01 -3.2349e+00 +3.9354e+00 -2.5335e+00 +1.6591e+00 -5.6076e+00 +3.7446e+00 +1.0580e+00 +3.8898e-01 +1.2191e-01
4579 +8.270755865e-01 +8.270755865e-01 -4.360292441e+01 -4.360292441e+01 +4.1506e-01 -3.2347e+00 +3.9357e+00 -2.5335e+00 +1.6590e+00 -5.6076e+00 +3.7451e+00 +1.0577e+00 +3.8899e-01 +1.2161e-01
4656 +8.115890647e-01 +8.115890647e-01 -4.361841094e+01 -4.361841094e+01 +4.1501e-01 -3.2347e+00 +3.9360e+00 -2.5337e+00 +1.6590e+00 -5.6074e+00 +3.7454e+00 +1.0577e+00 +3.8899e-01 +1.2148e-01
% function evaluation | noise-free fitness - Fopt (-7.728000000000e+01) | best noise-free fitness - Fopt | measured fitness | best measured fitness | x1 | x2...
1 +1.296226736e+01 +1.296226736e+01 -6.431773264e+01 -6.431773264e+01 +0.0000e+00 +0.0000e+00 +0.0000e+00 +0.0000e+00 +0.0000e+00 +0.0000e+00 +0.0000e+00 +0.0000e+00 +0.0000e+00 +0.0000e+00
5 +5.965136942e+00 +5.965136942e+00 -7.131486306e+01 -7.131486306e+01 +1.3185e-01 -5.3914e-02 +7.1154e-02 +1.2777e-01 -2.8323e-01 +2.6632e-01 -9.5108e-02 -9.1809e-02 -2.4234e-01 +1.3511e-02
75 +5.471382557e+00 +5.471382557e+00 -7.180861744e+01 -7.180861744e+01 -3.1600e-01 -2.5453e-01 +3.1300e-01 +1.6125e-01 +1.1779e-01 +2.2307e-01 -7.4658e-02 -5.8836e-01 -9.1740e-04 -2.2512e-02
95 +5.068067028e+00 +5.068067028e+00 -7.221193297e+01 -7.221193297e+01 -4.3746e-01 -1.7259e-01 +2.0583e-01 +1.9266e-01 +1.3529e-01 +1.1122e-01 +2.6562e-01 -9.9327e-01 -1.4598e-01 +1.4674e-01
107 +4.650406574e+00 +4.650406574e+00 -7.262959343e+01 -7.262959343e+01 -7.4517e-01 -2.9451e-01 +6.4425e-01 +5.4239e-01 -2.1429e-01 +8.0435e-02 +7.1067e-02 -4.1680e-01 -1.1877e-01 +2.1037e-01
377 +3.346315527e+00 +3.346315527e+00 -7.393368447e+01 -7.393368447e+01 -1.4896e+00 +1.2282e-01 +1.2472e+00 +9.3559e-02 +3.9657e-01 +6.6132e-01 -3.4560e-01 +1.2962e+00 +9.8128e-01 +2.6662e-01
407 +2.970599663e+00 +2.970599663e+00 -7.430940034e+01 -7.430940034e+01 -1.5886e+00 -1.4666e-01 +1.3021e+00 +2.7025e-01 +7.6193e-02 +6.7874e-01 -1.3936e-01 +1.1289e+00 +7.0990e-01 +1.4559e-01
916 +2.634520685e+00 +2.634520685e+00 -7.464547931e+01 -7.464547931e+01 -2.7592e+00 -1.5446e-01 +2.1129e+00 -8.5939e-01 -3.9609e-01 +6.9922e-01 +1.2102e-01 +2.2683e+00 -8.9029e-01 +7.2864e-01
3228 +1.894158938e+00 +1.894158938e+00 -7.538584106e+01 -7.538584106e+01 -1.3935e+00 -2.5597e-01 +4.6670e+00 -4.5882e+00 +3.0372e+00 -8.6727e-02 -4.3631e+00 -1.2353e-01 +5.0677e+00 +7.0351e-02
3538 +1.853458863e+00 +1.853458863e+00 -7.542654114e+01 -7.542654114e+01 -1.3992e+00 -2.5102e-01 +4.7168e+00 -4.7097e+00 +2.9873e+00 -1.8656e-01 -4.3880e+00 -2.5972e-01 +5.0718e+00 +4.6379e-03
3557 +1.780858765e+00 +1.780858765e+00 -7.549914123e+01 -7.549914123e+01 -1.4035e+00 -2.5264e-01 +4.7249e+00 -4.7109e+00 +2.9730e+00 -1.9501e-01 -4.3995e+00 -2.5284e-01 +5.0667e+00 +3.2987e-03
3571 +1.582917446e+00 +1.582917446e+00 -7.569708255e+01 -7.569708255e+01 -1.3954e+00 -2.4927e-01 +4.7090e+00 -4.7095e+00 +2.9739e+00 -1.7894e-01 -4.4003e+00 -2.5916e-01 +5.0478e+00 +6.4211e-03
3577 +1.120132439e+00 +1.120132439e+00 -7.615986756e+01 -7.615986756e+01 -1.4003e+00 -2.6061e-01 +4.7236e+00 -4.7132e+00 +2.9841e+00 -1.7704e-01 -4.3945e+00 -2.4564e-01 +5.0418e+00 +1.2274e-03
3611 +9.420540541e-01 +9.420540541e-01 -7.633794595e+01 -7.633794595e+01 -1.3949e+00 -2.5941e-01 +4.6982e+00 -4.7062e+00 +2.9870e+00 -1.7880e-01 -4.4047e+00 -2.5177e-01 +5.0543e+00 +2.0629e-03
3638 +8.116542989e-01 +8.116542989e-01 -7.646834570e+01 -7.646834570e+01 -1.3951e+00 -2.5957e-01 +4.7081e+00 -4.7173e+00 +2.9866e+00 -1.8200e-01 -4.4017e+00 -2.5050e-01 +5.0444e+00 +6.5989e-03
3755 +7.561095050e-01 +7.561095050e-01 -7.652389049e+01 -7.652389049e+01 -1.3976e+00 -2.6108e-01 +4.6998e+00 -4.7159e+00 +2.9895e+00 -1.8663e-01 -4.4022e+00 -2.4569e-01 +5.0537e+00 +9.1612e-03
3762 +6.890079133e-01 +6.890079133e-01 -7.659099209e+01 -7.659099209e+01 -1.3981e+00 -2.6134e-01 +4.6978e+00 -4.7114e+00 +2.9940e+00 -1.8682e-01 -4.4049e+00 -2.4777e-01 +5.0498e+00 +8.4965e-03
3784 +6.351404855e-01 +6.351404855e-01 -7.664485951e+01 -7.664485951e+01 -1.3958e+00 -2.6305e-01 +4.7039e+00 -4.7128e+00 +2.9941e+00 -1.9008e-01 -4.4052e+00 -2.4292e-01 +5.0505e+00 +1.0639e-02
3809 +6.215562311e-01 +6.215562311e-01 -7.665844377e+01 -7.665844377e+01 -1.3984e+00 -2.6322e-01 +4.7000e+00 -4.7172e+00 +2.9957e+00 -1.8915e-01 -4.4061e+00 -2.3515e-01 +5.0482e+00 +1.0312e-02
3825 +5.696572970e-01 +5.696572970e-01 -7.671034270e+01 -7.671034270e+01 -1.3968e+00 -2.6129e-01 +4.6975e+00 -4.7199e+00 +2.9969e+00 -1.9154e-01 -4.4068e+00 -2.3626e-01 +5.0469e+00 +9.8473e-03
3858 +5.039564978e-01 +5.039564978e-01 -7.677604350e+01 -7.677604350e+01 -1.3953e+00 -2.6156e-01 +4.6936e+00 -4.7192e+00 +2.9939e+00 -1.9140e-01 -4.4087e+00 -2.3505e-01 +5.0490e+00 +1.0034e-02
3901 +4.805055609e-01 +4.805055609e-01 -7.679949444e+01 -7.679949444e+01 -1.3976e+00 -2.6092e-01 +4.6907e+00 -4.7174e+00 +2.9946e+00 -1.9065e-01 -4.4067e+00 -2.3759e-01 +5.0497e+00 +1.1429e-02
3905 +4.685765139e-01 +4.685765139e-01 -7.681142349e+01 -7.681142349e+01 -1.3970e+00 -2.6074e-01 +4.6933e+00 -4.7168e+00 +2.9943e+00 -1.8922e-01 -4.4065e+00 -2.3673e-01 +5.0478e+00 +1.1944e-02
3915 +4.217114587e-01 +4.217114587e-01 -7.685828854e+01 -7.685828854e+01 -1.3980e+00 -2.6023e-01 +4.6902e+00 -4.7172e+00 +2.9956e+00 -1.8925e-01 -4.4065e+00 -2.3638e-01 +5.0471e+00 +1.1317e-02
3976 +3.884290384e-01 +3.884290384e-01 -7.689157096e+01 -7.689157096e+01 -1.3995e+00 -2.5997e-01 +4.6881e+00 -4.7173e+00 +2.9943e+00 -1.8988e-01 -4.4075e+00 -2.3742e-01 +5.0480e+00 +1.1004e-02
4069 +3.577062951e-01 +3.577062951e-01 -7.692229370e+01 -7.692229370e+01 -1.3984e+00 -2.6040e-01 +4.6860e+00 -4.7167e+00 +2.9966e+00 -1.8982e-01 -4.4078e+00 -2.3616e-01 +5.0490e+00 +1.0808e-02
4109 +3.327064357e-01 +3.327064357e-01 -7.694729356e+01 -7.694729356e+01 -1.3980e+00 -2.6056e-01 +4.6865e+00 -4.7160e+00 +2.9967e+00 -1.8995e-01 -4.4081e+00 -2.3581e-01 +5.0501e+00 +1.0630e-02
4113 +3.249134358e-01 +3.249134358e-01 -7.695508656e+01 -7.695508656e+01 -1.3983e+00 -2.6067e-01 +4.6871e+00 -4.7160e+00 +2.9962e+00 -1.8983e-01 -4.4078e+00 -2.3587e-01 +5.0495e+00 +1.0954e-02
4121 +3.133818945e-01 +3.133818945e-01 -7.696661811e+01 -7.696661811e+01 -1.3981e+00 -2.6067e-01 +4.6869e+00 -4.7166e+00 +2.9963e+00 -1.9001e-01 -4.4079e+00 -2.3583e-01 +5.0493e+00 +1.0411e-02
4158 +3.086581278e-01 +3.086581278e-01 -7.697134187e+01 -7.697134187e+01 -1.3978e+00 -2.6076e-01 +4.6867e+00 -4.7162e+00 +2.9964e+00 -1.8983e-01 -4.4080e+00 -2.3597e-01 +5.0499e+00 +1.0520e-02
4164 +2.974465214e-01 +2.974465214e-01 -7.698255348e+01 -7.698255348e+01 -1.3978e+00 -2.6070e-01 +4.6869e+00 -4.7164e+00 +2.9969e+00 -1.8990e-01 -4.4078e+00 -2.3585e-01 +5.0492e+00 +1.0313e-02
4173 +2.831011888e-01 +2.831011888e-01 -7.699689881e+01 -7.699689881e+01 -1.3977e+00 -2.6071e-01 +4.6873e+00 -4.7161e+00 +2.9968e+00 -1.8992e-01 -4.4078e+00 -2.3580e-01 +5.0498e+00 +1.0208e-02
4291 +2.764670753e-01 +2.764670753e-01 -7.700353292e+01 -7.700353292e+01 -1.3971e+00 -2.6093e-01 +4.6875e+00 -4.7164e+00 +2.9977e+00 -1.8987e-01 -4.4079e+00 -2.3554e-01 +5.0494e+00 +1.0328e-02
4337 +2.746270170e-01 +2.746270170e-01 -7.700537298e+01 -7.700537298e+01 -1.3970e+00 -2.6090e-01 +4.6875e+00 -4.7162e+00 +2.9974e+00 -1.8993e-01 -4.4079e+00 -2.3525e-01 +5.0494e+00 +1.0262e-02
4348 +2.679312913e-01 +2.679312913e-01 -7.701206871e+01 -7.701206871e+01 -1.3970e+00 -2.6085e-01 +4.6876e+00 -4.7162e+00 +2.9976e+00 -1.8994e-01 -4.4080e+00 -2.3520e-01 +5.0496e+00 +1.0266e-02
4387 +2.607209981e-01 +2.607209981e-01 -7.701927900e+01 -7.701927900e+01 -1.3970e+00 -2.6099e-01 +4.6877e+00 -4.7160e+00 +2.9977e+00 -1.8981e-01 -4.4079e+00 -2.3536e-01 +5.0497e+00 +1.0340e-02
4465 +2.564676971e-01 +2.564676971e-01 -7.702353230e+01 -7.702353230e+01 -1.3969e+00 -2.6105e-01 +4.6878e+00 -4.7160e+00 +2.9979e+00 -1.9007e-01 -4.4079e+00 -2.3523e-01 +5.0499e+00 +1.0201e-02
4485 +2.492455925e-01 +2.492455925e-01 -7.703075441e+01 -7.703075441e+01 -1.3968e+00 -2.6100e-01 +4.6880e+00 -4.7160e+00 +2.9979e+00 -1.9007e-01 -4.4079e+00 -2.3485e-01 +5.0498e+00 +1.0182e-02
4494 +2.411381090e-01 +2.411381090e-01 -7.703886189e+01 -7.703886189e+01 -1.3967e+00 -2.6100e-01 +4.6880e+00 -4.7160e+00 +2.9979e+00 -1.9018e-01 -4.4079e+00 -2.3486e-01 +5.0499e+00 +1.0150e-02
4710 +2.394903576e-01 +2.394903576e-01 -7.704050964e+01 -7.704050964e+01 -1.3966e+00 -2.6089e-01 +4.6883e+00 -4.7157e+00 +2.9983e+00 -1.9011e-01 -4.4078e+00 -2.3465e-01 +5.0498e+00 +1.0084e-02
4810 +2.332198384e-01 +2.332198384e-01 -7.704678016e+01 -7.704678016e+01 -1.3966e+00 -2.6090e-01 +4.6884e+00 -4.7158e+00 +2.9981e+00 -1.9007e-01 -4.4078e+00 -2.3469e-01 +5.0498e+00 +1.0072e-02
5051 +2.280180109e-01 +2.280180109e-01 -7.705198199e+01 -7.705198199e+01 -1.3967e+00 -2.6090e-01 +4.6882e+00 -4.7158e+00 +2.9982e+00 -1.8997e-01 -4.4077e+00 -2.3477e-01 +5.0497e+00 +9.9970e-03
% function evaluation | noise-free fitness - Fopt (-8.121000000000e+01) | best noise-free fitness - Fopt | measured fitness | best measured fitness | x1 | x2...
1 +1.160653795e+01 +1.160653795e+01 -6.960346205e+01 -6.960346205e+01 +0.0000e+00 +0.0000e+00 +0.0000e+00 +0.0000e+00 +0.0000e+00 +0.0000e+00 +0.0000e+00 +0.0000e+00 +0.0000e+00 +0.0000e+00
2 +1.135598915e+01 +1.135598915e+01 -6.985401085e+01 -6.985401085e+01 -1.8467e-01 -4.1316e-01 +3.1994e-01 +3.9054e-01 -2.1473e-01 +9.2230e-02 +3.7276e-01 -2.5136e-02 -7.0704e-02 +3.6132e-01
7 +1.046225089e+01 +1.046225089e+01 -7.074774911e+01 -7.074774911e+01 -1.1902e-01 -3.8683e-03 +1.4790e-01 -2.6352e-02 -4.6797e-02 +6.8780e-02 +9.7159e-03 +2.9573e-01 +3.6339e-02 +3.8163e-02
13 +5.409991922e+00 +5.409991922e+00 -7.580000808e+01 -7.580000808e+01 -2.8326e-02 -5.7505e-02 +4.0518e-01 +4.4161e-01 -3.9845e-01 -2.4882e-02 -1.0205e-01 +4.9047e-02 -1.8319e-01 +5.2595e-01
84 +5.362535919e+00 +5.362535919e+00 -7.584746408e+01 -7.584746408e+01 +1.4787e-02 -7.0520e-01 -6.2955e-01 -2.3734e-01 -4.6760e-01 +2.4195e-01 +4.0317e-01 +3.7949e-01 +9.7396e-01 +9.8000e-01
127 +5.229459083e+00 +5.229459083e+00 -7.598054092e+01 -7.598054092e+01 +7.2591e-01 -6.2143e-01 -3.5175e-01 -9.5913e-01 -4.1368e-01 +3.3119e-01 +4.7189e-02 -4.3631e-02 +1.6848e+00 +7.4949e-01
133 +2.452339492e+00 +2.452339492e+00 -7.875766051e+01 -7.875766051e+01 -8.6183e-02 -1.6667e+00 +3.8020e-02 -1.1454e+00 -4.7184e-01 +8.4619e-01 -5.5580e-01 -6.7650e-01 +1.1756e+00 +8.7289e-01
6266 +1.629562199e+00 +1.629562199e+00 -7.958043780e+01 -7.958043780e+01 +4.9296e+00 -1.1947e-01 -1.7557e+00 -4.7042e+00 -3.8462e+00 +1.5509e+00 -2.3344e+00 +4.4072e-01 -3.4811e+00 -1.4471e+00
7168 +1.535315204e+00 +1.535315204e+00 -7.967468480e+01 -7.967468480e+01 +5.2221e+00 -6.8665e-02 -1.5136e+00 -4.6318e+00 -3.9656e+00 +9.7271e-01 -2.9571e+00 +4.4819e-01 -3.6383e+00 -1.3814e+00
7171 +1.398658223e+00 +1.398658223e+00 -7.981134178e+01 -7.981134178e+01 +5.2221e+00 -6.6998e-02 -1.5150e+00 -4.6350e+00 -3.9680e+00 +9.6832e-01 -2.9561e+00 +4.4827e-01 -3.6385e+00 -1.3811e+00
7188 +1.361326420e+00 +1.361326420e+00 -7.984867358e+01 -7.984867358e+01 +5.2180e+00 -6.8941e-02 -1.5178e+00 -4.6340e+00 -3.9688e+00 +9.6749e-01 -2.9576e+00 +4.4681e-01 -3.6384e+00 -1.3813e+00
7191 +1.236696488e+00 +1.236696488e+00 -7.997330351e+01 -7.997330351e+01 +5.2185e+00 -6.9240e-02 -1.5171e+00 -4.6302e+00 -3.9696e+00 +9.6248e-01 -2.9554e+00 +4.4902e-01 -3.6372e+00 -1.3745e+00
7201 +1.067432964e+00 +1.067432964e+00 -8.014256704e+01 -8.014256704e+01 +5.2196e+00 -7.0394e-02 -1.5148e+00 -4.6336e+00 -3.9659e+00 +9.6645e-01 -2.9553e+00 +4.4948e-01 -3.6351e+00 -1.3790e+00
7206 +1.021773044e+00 +1.021773044e+00 -8.018822696e+01 -8.018822696e+01 +5.2195e+00 -6.6836e-02 -1.5129e+00 -4.6341e+00 -3.9673e+00 +9.6352e-01 -2.9568e+00 +4.4871e-01 -3.6378e+00 -1.3748e+00
7301 +9.734083955e-01 +9.734083955e-01 -8.023659160e+01 -8.023659160e+01 +5.2185e+00 -6.8966e-02 -1.5157e+00 -4.6356e+00 -3.9688e+00 +9.6507e-01 -2.9532e+00 +4.4854e-01 -3.6359e+00 -1.3730e+00
7309 +8.957559805e-01 +8.957559805e-01 -8.031424402e+01 -8.031424402e+01 +5.2198e+00 -6.8841e-02 -1.5165e+00 -4.6357e+00 -3.9690e+00 +9.6439e-01 -2.9526e+00 +4.4851e-01 -3.6358e+00 -1.3730e+00
7319 +8.329330922e-01 +8.329330922e-01 -8.037706691e+01 -8.037706691e+01 +5.2201e+00 -6.9679e-02 -1.5169e+00 -4.6349e+00 -3.9676e+00 +9.6411e-01 -2.9537e+00 +4.4880e-01 -3.6358e+00 -1.3723e+00
7370 +7.877699421e-01 +7.877699421e-01 -8.042223006e+01 -8.042223006e+01 +5.2191e+00 -7.0469e-02 -1.5147e+00 -4.6347e+00 -3.9660e+00 +9.6419e-01 -2.9513e+00 +4.4882e-01 -3.6360e+00 -1.3726e+00
7403 +7.189548511e-01 +7.189548511e-01 -8.049104515e+01 -8.049104515e+01 +5.2196e+00 -6.9267e-02 -1.5164e+00 -4.6352e+00 -3.9657e+00 +9.6403e-01 -2.9503e+00 +4.4877e-01 -3.6359e+00 -1.3704e+00
7422 +6.836261956e-01 +6.836261956e-01 -8.052637380e+01 -8.052637380e+01 +5.2204e+00 -6.7997e-02 -1.5165e+00 -4.6365e+00 -3.9662e+00 +9.6532e-01 -2.9515e+00 +4.4863e-01 -3.6363e+00 -1.3698e+00
7476 +6.747721280e-01 +6.747721280e-01 -8.053522787e+01 -8.053522787e+01 +5.2204e+00 -6.9195e-02 -1.5154e+00 -4.6357e+00 -3.9652e+00 +9.6513e-01 -2.9509e+00 +4.4852e-01 -3.6357e+00 -1.3707e+00
7490 +6.559460352e-01 +6.559460352e-01 -8.055405396e+01 -8.055405396e+01 +5.2208e+00 -6.8787e-02 -1.5160e+00 -4.6355e+00 -3.9648e+00 +9.6589e-01 -2.9527e+00 +4.4860e-01 -3.6357e+00 -1.3702e+00
7539 +6.225582702e-01 +6.225582702e-01 -8.058744173e+01 -8.058744173e+01 +5.2213e+00 -6.8807e-02 -1.5164e+00 -4.6358e+00 -3.9651e+00 +9.6550e-01 -2.9516e+00 +4.4871e-01 -3.6357e+00 -1.3692e+00
7562 +6.073349572e-01 +6.073349572e-01 -8.060266504e+01 -8.060266504e+01 +5.2209e+00 -6.8975e-02 -1.5161e+00 -4.6358e+00 -3.9646e+00 +9.6507e-01 -2.9520e+00 +4.4862e-01 -3.6359e+00 -1.3696e+00
7599 +5.964090942e-01 +5.964090942e-01 -8.061359091e+01 -8.061359091e+01 +5.2211e+00 -6.8706e-02 -1.5160e+00 -4.6358e+00 -3.9646e+00 +9.6488e-01 -2.9519e+00 +4.4858e-01 -3.6357e+00 -1.3695e+00
7625 +5.885308772e-01 +5.885308772e-01 -8.062146912e+01 -8.062146912e+01 +5.2211e+00 -6.8814e-02 -1.5157e+00 -4.6357e+00 -3.9645e+00 +9.6475e-01 -2.9520e+00 +4.4855e-01 -3.6360e+00 -1.3697e+00
7634 +5.683417052e-01 +5.683417052e-01 -8.064165829e+01 -8.064165829e+01 +5.2210e+00 -6.8672e-02 -1.5160e+00 -4.6358e+00 -3.9644e+00 +9.6470e-01 -2.9522e+00 +4.4854e-01 -3.6360e+00 -1.3697e+00
7704 +5.614773886e-01 +5.614773886e-01 -8.064852261e+01 -8.064852261e+01 +5.2209e+00 -6.8533e-02 -1.5160e+00 -4.6358e+00 -3.9644e+00 +9.6485e-01 -2.9521e+00 +4.4850e-01 -3.6361e+00 -1.3697e+00
7827 +5.486059672e-01 +5.486059672e-01 -8.066139403e+01 -8.066139403e+01 +5.2208e+00 -6.8201e-02 -1.5157e+00 -4.6361e+00 -3.9645e+00 +9.6460e-01 -2.9520e+00 +4.4855e-01 -3.6363e+00 -1.3700e+00
8035 +5.369908604e-01 +5.369908604e-01 -8.067300914e+01 -8.067300914e+01 +5.2207e+00 -6.8221e-02 -1.5157e+00 -4.6361e+00 -3.9644e+00 +9.6453e-01 -2.9519e+00 +4.4856e-01 -3.6364e+00 -1.3701e+00
% function evaluation | noise-free fitness - Fopt (6.822800000000e+02) | best noise-free fitness - Fopt | measured fitness | best measured fitness | x1 | x2...
1 +8.546533837e+00 +8.546533837e+00 +6.908265338e+02 +6.908265338e+02 +0.0000e+00 +0.0000e+00 +0.0000e+00 +0.0000e+00 +0.0000e+00 +0.0000e+00 +0.0000e+00 +0.0000e+00 +0.0000e+00 +0.0000e+00
6 +7.868733703e+00 +7.868733703e+00 +6.901487337e+02 +6.901487337e+02 +1.7153e-01 -1.1795e-01 -2.8393e-01 -1.3789e-01 +3.4558e-01 +2.2454e-01 -9.9103e-02 -8.9134e-02 +1.4775e-01 -1.8969e-01
16 +5.098734715e+00 +5.098734715e+00 +6.873787347e+02 +6.873787347e+02 +1.0366e-01 +2.1540e-01 -2.3488e-01 -1.4633e-01 +4.6827e-01 -6.8021e-02 +4.5516e-03 -1.2108e-01 -1.0489e-02 -3.1749e-01
160 +4.957620237e+00 +4.957620237e+00 +6.872376202e+02 +6.872376202e+02 +2.9134e-01 +1.6026e-01 -5.9164e-01 -1.2023e-01 -2.4347e-01 -6.6332e-01 -2.6202e-01 -8.7064e-01 +1.9069e-01 -5.0613e-01
166 +3.542738096e+00 +3.542738096e+00 +6.858227381e+02 +6.858227381e+02 +3.5586e-01 +2.8158e-01 -4.0862e-01 -2.0052e-01 -4.6872e-01 -4.1879e-01 -2.3888e-01 -8.9779e-01 +2.8830e-01 -5.4517e-01
240 +2.921645927e+00 +2.921645927e+00 +6.852016459e+02 +6.852016459e+02 +2.1077e-01 -4.3508e-02 -5.8841e-01 -1.0894e-01 -3.5967e-01 -6.6641e-01 -1.8921e-01 -1.2002e+00 +1.4794e-01 +4.7349e-02
599 +2.153799842e+00 +2.153799842e+00 +6.844337998e+02 +6.844337998e+02 +2.8723e-01 -6.7735e-01 -3.1631e-01 -7.1340e-01 -6.4977e-01 -1.2139e+00 -1.3821e+00 -1.2716e+00 -1.9132e-01 +2.4955e-01
5102 +2.055943621e+00 +2.055943621e+00 +6.843359436e+02 +6.843359436e+02 -1.1764e+00 +5.2420e+00 -4.9736e+00 +3.9910e+00 +2.1692e+00 +7.6474e-01 -2.4859e+00 +1.9146e+00 -9.8319e-01 +2.2847e+00
5124 +2.013872969e+00 +2.013872969e+00 +6.842938730e+02 +6.842938730e+02 -1.1741e+00 +5.2312e+00 -4.9787e+00 +3.9928e+00 +2.1653e+00 +7.6520e-01 -2.4846e+00 +1.9084e+00 -9.8426e-01 +2.2857e+00
5129 +1.874002775e+00 +1.874002775e+00 +6.841540028e+02 +6.841540028e+02 -1.1690e+00 +5.2365e+00 -4.9749e+00 +3.9869e+00 +2.1790e+00 +7.6578e-01 -2.5052e+00 +1.9120e+00 -9.8655e-01 +2.2785e+00
5145 +1.362464360e+00 +1.362464360e+00 +6.836424644e+02 +6.836424644e+02 -1.1666e+00 +5.2193e+00 -4.9755e+00 +3.9775e+00 +2.1583e+00 +7.6956e-01 -2.5025e+00 +1.9099e+00 -9.8488e-01 +2.2841e+00
5271 +1.109767248e+00 +1.109767248e+00 +6.833897672e+02 +6.833897672e+02 -1.1829e+00 +5.2268e+00 -4.9802e+00 +3.9966e+00 +2.1647e+00 +7.8018e-01 -2.5063e+00 +1.9070e+00 -9.8724e-01 +2.2897e+00
5308 +9.352938207e-01 +9.352938207e-01 +6.832152938e+02 +6.832152938e+02 -1.1873e+00 +5.2081e+00 -4.9838e+00 +3.9947e+00 +2.1595e+00 +7.8239e-01 -2.5225e+00 +1.9085e+00 -9.8767e-01 +2.2855e+00
5406 +7.692668607e-01 +7.692668607e-01 +6.830492669e+02 +6.830492669e+02 -1.1866e+00 +5.2098e+00 -4.9879e+00 +3.9942e+00 +2.1591e+00 +7.8222e-01 -2.5267e+00 +1.9077e+00 -9.8689e-01 +2.2841e+00
5582 +7.578461441e-01 +7.578461441e-01 +6.830378461e+02 +6.830378461e+02 -1.1815e+00 +5.2086e+00 -4.9849e+00 +3.9912e+00 +2.1557e+00 +7.8062e-01 -2.5250e+00 +1.9080e+00 -9.8776e-01 +2.2805e+00
5605 +6.061856531e-01 +6.061856531e-01 +6.828861857e+02 +6.828861857e+02 -1.1815e+00 +5.2081e+00 -4.9848e+00 +3.9895e+00 +2.1525e+00 +7.8000e-01 -2.5225e+00 +1.9083e+00 -9.8793e-01 +2.2818e+00
5614 +5.950516259e-01 +5.950516259e-01 +6.828750516e+02 +6.828750516e+02 -1.1808e+00 +5.2094e+00 -4.9841e+00 +3.9902e+00 +2.1528e+00 +7.8097e-01 -2.5234e+00 +1.9083e+00 -9.8899e-01 +2.2822e+00
5640 +5.181689138e-01 +5.181689138e-01 +6.827981689e+02 +6.827981689e+02 -1.1811e+00 +5.2107e+00 -4.9845e+00 +3.9868e+00 +2.1553e+00 +7.7927e-01 -2.5226e+00 +1.9077e+00 -9.8797e-01 +2.2803e+00
5757 +4.983363787e-01 +4.983363787e-01 +6.827783364e+02 +6.827783364e+02 -1.1827e+00 +5.2137e+00 -4.9831e+00 +3.9864e+00 +2.1566e+00 +7.8109e-01 -2.5226e+00 +1.9069e+00 -9.8833e-01 +2.2802e+00
6025 +4.874212836e-01 +4.874212836e-01 +6.827674213e+02 +6.827674213e+02 -1.1816e+00 +5.2103e+00 -4.9831e+00 +3.9878e+00 +2.1563e+00 +7.8195e-01 -2.5254e+00 +1.9077e+00 -9.8932e-01 +2.2794e+00
6076 +4.750481971e-01 +4.750481971e-01 +6.827550482e+02 +6.827550482e+02 -1.1818e+00 +5.2109e+00 -4.9832e+00 +3.9878e+00 +2.1561e+00 +7.8184e-01 -2.5251e+00 +1.9077e+00 -9.8939e-01 +2.2799e+00
6081 +4.645998319e-01 +4.645998319e-01 +6.827445998e+02 +6.827445998e+02 -1.1818e+00 +5.2106e+00 -4.9832e+00 +3.9878e+00 +2.1559e+00 +7.8184e-01 -2.5250e+00 +1.9077e+00 -9.8933e-01 +2.2799e+00
6131 +4.494336191e-01 +4.494336191e-01 +6.827294336e+02 +6.827294336e+02 -1.1821e+00 +5.2106e+00 -4.9833e+00 +3.9879e+00 +2.1562e+00 +7.8177e-01 -2.5251e+00 +1.9077e+00 -9.8935e-01 +2.2799e+00
6387 +4.463980196e-01 +4.463980196e-01 +6.827263980e+02 +6.827263980e+02 -1.1820e+00 +5.2106e+00 -4.9833e+00 +3.9880e+00 +2.1562e+00 +7.8165e-01 -2.5248e+00 +1.9076e+00 -9.8934e-01 +2.2800e+00
6560 +4.347560762e-01 +4.347560762e-01 +6.827147561e+02 +6.827147561e+02 -1.1822e+00 +5.2104e+00 -4.9833e+00 +3.9879e+00 +2.1564e+00 +7.8157e-01 -2.5248e+00 +1.9075e+00 -9.8929e-01 +2.2798e+00
6786 +4.237399996e-01 +4.237399996e-01 +6.827037400e+02 +6.827037400e+02 -1.1822e+00 +5.2103e+00 -4.9834e+00 +3.9879e+00 +2.1564e+00 +7.8147e-01 -2.5247e+00 +1.9074e+00 -9.8931e-01 +2.2798e+00
% function evaluation | noise-free fitness - Fopt (-7.168200000000e+02) | best noise-free fitness - Fopt | measured fitness | best measured fitness | x1 | x2...
1 +3.195818788e+01 +3.195818788e+01 -6.848618121e+02 -6.848618121e+02 +0.0000e+00 +0.0000e+00 +0.0000e+00 +0.0000e+00 +0.0000e+00 +0.0000e+00 +0.0000e+00 +0.0000e+00 +0.0000e+00 +0.0000e+00
2 +1.751755215e+01 +1.751755215e+01 -6.993024478e+02 -6.993024478e+02 +2.7944e-02 -6.4081e-02 -1.3019e-01 +1.1305e-01 +1.7984e-01 -1.0192e-01 -2.2854e-01 +2.2765e-02 +1.5006e-01 -3.1678e-01
3 +1.699255449e+01 +1.699255449e+01 -6.998274455e+02 -6.998274455e+02 -5.0764e-02 -1.3270e-01 -3.8835e-01 -2.7368e-01 -4.3153e-01 -1.7909e-01 -2.3619e-01 +2.5254e-02 -2.0890e-01 -4.7718e-01
4 +1.284908074e+01 +1.284908074e+01 -7.039709193e+02 -7.039709193e+02 -3.7087e-01 -2.0046e-01 +1.0841e-01 +2.3933e-02 -3.3131e-01 +1.9851e-01 +2.9807e-01 -6.5064e-02 +2.9537e-01 +8.1609e-03
7 +1.160236848e+01 +1.160236848e+01 -7.052176315e+02 -7.052176315e+02 +5.0676e-02 -4.7454e-02 -1.7870e-01 +1.5602e-01 +1.0661e-03 -5.9131e-02 -3.0712e-01 +2.4589e-01 +2.4961e-02 -2.2732e-01
12 +1.108421939e+01 +1.108421939e+01 -7.057357806e+02 -7.057357806e+02 -3.0698e-02 -4.8424e-01 -2.6034e-01 -5.3349e-02 +2.4134e-01 +5.5107e-02 -5.5079e-02 -1.0269e-01 +1.5325e-01 +6.5541e-02
17 +5.173141156e+00 +5.173141156e+00 -7.116468588e+02 -7.116468588e+02 -6.8395e-01 -1.0715e-01 +2.2656e-01 +2.2664e-01 -1.1739e-01 -1.4106e-01 -1.4683e-01 +3.6173e-01 +3.8913e-01 +1.4131e-01
40 +3.804303559e+00 +3.804303559e+00 -7.130156964e+02 -7.130156964e+02 -2.2002e-01 -8.3326e-02 +1.4178e-01 -1.3664e-01 +1.1202e-01 +4.5700e-02 -2.0984e-01 -3.8633e-01 +2.8987e-01 -3.8475e-01
522 +2.357499131e+00 +2.357499131e+00 -7.144625009e+02 -7.144625009e+02 -9.7005e-01 -1.4399e-01 -8.9747e-01 -4.1359e-01 +5.4768e-01 +1.4935e+00 -5.0028e-01 +3.6207e-01 +2.5031e+00 -3.2911e-02
1066 +1.910452153e+00 +1.910452153e+00 -7.149095478e+02 -7.149095478e+02 -1.1109e+00 -7.6888e-01 -5.0466e-01 -1.5095e+00 +7.3811e-01 +5.1223e-01 -1.3393e+00 +1.4162e+00 +1.0174e+00 +8.4120e-01
2784 +1.499391822e+00 +1.499391822e+00 -7.153206082e+02 -7.153206082e+02 -2.5970e+00 +1.3704e-01 -7.8338e-01 -4.0685e-01 +1.3740e+00 +5.2669e-01 -8.8491e-01 +6.3483e-01 +1.6178e+00 +2.9967e-01
3547 +1.137587264e+00 +1.137587264e+00 -7.156824127e+02 -7.156824127e+02 -2.8123e+00 +4.0589e-02 -8.0103e-01 -4.1226e-01 +1.5903e+00 +6.8097e-01 -9.1156e-01 +9.3593e-01 +1.8522e+00 +1.6542e-01
3559 +1.025913912e+00 +1.025913912e+00 -7.157940861e+02 -7.157940861e+02 -2.8118e+00 +3.8685e-02 -8.0650e-01 -4.1135e-01 +1.5917e+00 +6.7734e-01 -9.1580e-01 +9.4216e-01 +1.8328e+00 +1.7030e-01
3663 +9.259709695e-01 +9.259709695e-01 -7.158940290e+02 -7.158940290e+02 -2.8175e+00 +3.7979e-02 -7.9968e-01 -4.1234e-01 +1.5839e+00 +6.7391e-01 -9.1802e-01 +9.4765e-01 +1.8475e+00 +1.6855e-01
3691 +8.844383610e-01 +8.844383610e-01 -7.159355616e+02 -7.159355616e+02 -2.8077e+00 +3.6290e-02 -8.0611e-01 -4.0824e-01 +1.5877e+00 +6.7972e-01 -9.1906e-01 +9.4570e-01 +1.8439e+00 +1.7388e-01
3772 +7.828487034e-01 +7.828487034e-01 -7.160371513e+02 -7.160371513e+02 -2.8063e+00 +3.2853e-02 -8.0523e-01 -4.0341e-01 +1.5853e+00 +6.7701e-01 -9.1605e-01 +9.5115e-01 +1.8455e+00 +1.7431e-01
3781 +7.494294711e-01 +7.494294711e-01 -7.160705705e+02 -7.160705705e+02 -2.8036e+00 +3.2561e-02 -8.0430e-01 -4.0700e-01 +1.5840e+00 +6.7812e-01 -9.1592e-01 +9.4850e-01 +1.8440e+00 +1.7094e-01
3787 +7.392485488e-01 +7.392485488e-01 -7.160807515e+02 -7.160807515e+02 -2.8035e+00 +3.4251e-02 -8.0636e-01 -4.0334e-01 +1.5854e+00 +6.7905e-01 -9.1587e-01 +9.5146e-01 +1.8418e+00 +1.7462e-01
3788 +6.829769368e-01 +6.829769368e-01 -7.161370231e+02 -7.161370231e+02 -2.8051e+00 +3.2908e-02 -8.0594e-01 -4.0648e-01 +1.5853e+00 +6.7712e-01 -9.1743e-01 +9.5025e-01 +1.8414e+00 +1.7339e-01
3803 +6.627312134e-01 +6.627312134e-01 -7.161572688e+02 -7.161572688e+02 -2.8020e+00 +3.4399e-02 -8.0714e-01 -4.0718e-01 +1.5882e+00 +6.7988e-01 -9.1547e-01 +9.5089e-01 +1.8473e+00 +1.7513e-01
3810 +5.940231096e-01 +5.940231096e-01 -7.162259769e+02 -7.162259769e+02 -2.8006e+00 +3.2387e-02 -8.0532e-01 -4.0873e-01 +1.5868e+00 +6.7813e-01 -9.1499e-01 +9.4919e-01 +1.8512e+00 +1.7443e-01
3821 +4.713658785e-01 +4.713658785e-01 -7.163486341e+02 -7.163486341e+02 -2.8023e+00 +3.3270e-02 -8.0727e-01 -4.1036e-01 +1.5841e+00 +6.7930e-01 -9.1565e-01 +9.4896e-01 +1.8497e+00 +1.7355e-01
4000 +4.462118068e-01 +4.462118068e-01 -7.163737882e+02 -7.163737882e+02 -2.8005e+00 +3.3331e-02 -8.0564e-01 -4.0557e-01 +1.5819e+00 +6.8071e-01 -9.1427e-01 +9.4987e-01 +1.8364e+00 +1.7215e-01
4045 +4.126680407e-01 +4.126680407e-01 -7.164073320e+02 -7.164073320e+02 -2.7987e+00 +3.3082e-02 -8.0546e-01 -4.0354e-01 +1.5838e+00 +6.8189e-01 -9.1520e-01 +9.5006e-01 +1.8362e+00 +1.7209e-01
4089 +4.067781048e-01 +4.067781048e-01 -7.164132219e+02 -7.164132219e+02 -2.7997e+00 +3.3569e-02 -8.0491e-01 -4.0429e-01 +1.5830e+00 +6.8165e-01 -9.1553e-01 +9.5015e-01 +1.8381e+00 +1.7179e-01
4094 +3.835657372e-01 +3.835657372e-01 -7.164364343e+02 -7.164364343e+02 -2.7997e+00 +3.3273e-02 -8.0475e-01 -4.0472e-01 +1.5828e+00 +6.8120e-01 -9.1517e-01 +9.4993e-01 +1.8388e+00 +1.7198e-01
4223 +3.796848541e-01 +3.796848541e-01 -7.164403151e+02 -7.164403151e+02 -2.8002e+00 +3.2531e-02 -8.0390e-01 -4.0357e-01 +1.5835e+00 +6.8143e-01 -9.1510e-01 +9.4886e-01 +1.8400e+00 +1.7154e-01
4277 +3.481733601e-01 +3.481733601e-01 -7.164718266e+02 -7.164718266e+02 -2.7998e+00 +3.3111e-02 -8.0366e-01 -4.0341e-01 +1.5829e+00 +6.8151e-01 -9.1459e-01 +9.4971e-01 +1.8384e+00 +1.7136e-01
4324 +3.430921651e-01 +3.430921651e-01 -7.164769078e+02 -7.164769078e+02 -2.8001e+00 +3.3125e-02 -8.0385e-01 -4.0373e-01 +1.5829e+00 +6.8167e-01 -9.1440e-01 +9.4945e-01 +1.8386e+00 +1.7118e-01
4400 +3.289749743e-01 +3.289749743e-01 -7.164910250e+02 -7.164910250e+02 -2.8003e+00 +3.3019e-02 -8.0362e-01 -4.0353e-01 +1.5832e+00 +6.8169e-01 -9.1441e-01 +9.4926e-01 +1.8391e+00 +1.7092e-01
4775 +3.233127290e-01 +3.233127290e-01 -7.164966873e+02 -7.164966873e+02 -2.8004e+00 +3.2903e-02 -8.0377e-01 -4.0361e-01 +1.5833e+00 +6.8157e-01 -9.1441e-01 +9.4928e-01 +1.8398e+00 +1.7114e-01
% function evaluation | noise-free fitness - Fopt (-1.000000000000e+03) | best noise-free fitness - Fopt | measured fitness | best measured fitness | x1 | x2...
1 +1.170797855e+01 +1.170797855e+01 -9.882920215e+02 -9.882920215e+02 +0.0000e+00 +0.0000e+00 +0.0000e+00 +0.0000e+00 +0.0000e+00 +0.0000e+00 +0.0000e+00 +0.0000e+00 +0.0000e+00 +0.0000e+00
2 +6.409188162e+00 +6.409188162e+00 -9.935908118e+02 -9.935908118e+02 -1.5116e-01 +1.5493e-01 -2.6618e-02 -2.9782e-02 -4.7417e-02 -1.3378e-01 +4.0548e-02 +4.6052e-03 +3.1526e-01 -3.2829e-02
11 +3.947262389e+00 +3.947262389e+00 -9.960527376e+02 -9.960527376e+02 -8.5484e-02 +4.0080e-01 +1.6849e-02 +9.5066e-02 +1.8843e-01 -5.1649e-01 -2.6176e-01 -8.7958e-02 +2.7879e-02 -2.3818e-01
51 +3.128431672e+00 +3.128431672e+00 -9.968715683e+02 -9.968715683e+02 +1.6569e-01 +1.8929e-01 +1.6466e-01 +5.3177e-01 -2.4800e-02 -1.1282e-01 -2.4365e-01 -2.2456e-01 +4.1417e-02 -8.4564e-02
491 +2.977308960e+00 +2.977308960e+00 -9.970226910e+02 -9.970226910e+02 +1.8435e-01 +9.2176e-02 -6.3855e-01 +1.6717e+00 +7.0651e-02 -7.4298e-02 -1.1325e+00 -3.4678e-01 -3.2829e-01 +3.2996e-01
822 +2.950038009e+00 +2.950038009e+00 -9.970499620e+02 -9.970499620e+02 +8.7492e-02 +5.1678e-01 -2.2522e-01 +4.1581e-01 +2.0628e-02 -1.4131e+00 -1.3714e+00 -1.0248e+00 -7.3987e-01 +1.1359e+00
1043 +2.619745502e+00 +2.619745502e+00 -9.973802545e+02 -9.973802545e+02 -1.9723e-01 -1.7102e+00 +6.2619e-01 -2.5972e-01 -6.4761e-01 -1.9282e+00 -1.8739e+00 +1.5876e+00 -1.5765e+00 +1.5151e+00
1771 +2.440119340e+00 +2.440119340e+00 -9.975598807e+02 -9.975598807e+02 -2.5438e-01 -3.9902e-01 +2.2785e+00 -2.3924e+00 +2.6260e+00 +6.8027e-01 -2.8378e+00 +4.8874e+00 -4.4253e-01 -4.1134e+00
1971 +2.187568218e+00 +2.187568218e+00 -9.978124318e+02 -9.978124318e+02 +5.5909e-01 -9.1584e-01 +1.1151e+00 -3.0377e+00 +4.8010e+00 -7.4781e-01 -1.0122e+00 +4.2577e+00 -9.4185e-01 -5.5625e+00
2747 +1.904732792e+00 +1.904732792e+00 -9.980952672e+02 -9.980952672e+02 +1.9380e+00 -4.1982e+00 -1.6441e-01 -5.6161e+00 -1.1549e+00 +5.9920e-01 -1.1409e+00 -2.7171e+00 -1.8849e+00 +4.9089e+00
% function evaluation | noise-free fitness - Fopt (-1.000000000000e+03) | best noise-free fitness - Fopt | measured fitness | best measured fitness | x1 | x2...
1 +1.193588727e+01 +1.193588727e+01 -9.880641127e+02 -9.880641127e+02 +0.0000e+00 +0.0000e+00 +0.0000e+00 +0.0000e+00 +0.0000e+00 +0.0000e+00 +0.0000e+00 +0.0000e+00 +0.0000e+00 +0.0000e+00
3 +1.024573822e+01 +1.024573822e+01 -9.897542618e+02 -9.897542618e+02 +2.6854e-01 +2.9533e-01 -2.8438e-01 -5.8077e-02 +3.3992e-02 -3.1067e-01 -2.0923e-01 -8.4864e-02 +3.6649e-02 -3.1090e-01
8 +6.913338473e+00 +6.913338473e+00 -9.930866615e+02 -9.930866615e+02 +3.1804e-02 +3.6260e-01 +4.4226e-01 +4.3812e-01 +4.7817e-01 -1.5490e-01 -2.5013e-02 +2.0881e-01 +1.3643e-01 +5.7813e-02
44 +3.729815829e+00 +3.729815829e+00 -9.962701842e+02 -9.962701842e+02 -2.6428e-01 +3.7315e-01 +2.7383e-01 +3.1210e-01 +8.8750e-02 +3.3407e-01 -4.3740e-02 -5.4668e-02 -9.5607e-03 +5.1587e-02
48 +3.263084380e+00 +3.263084380e+00 -9.967369156e+02 -9.967369156e+02 -2.1253e-01 +9.8327e-01 +2.2330e-02 +3.5733e-01 -9.8524e-02 +4.5655e-01 -4.2758e-02 -4.3783e-02 +1.4246e-01 +1.5650e-02
591 +3.157181545e+00 +3.157181545e+00 -9.968428185e+02 -9.968428185e+02 -3.0052e-01 -5.6786e+00 -8.9717e-01 -1.2066e-01 -4.5126e-01 +1.0515e+00 +5.2820e-01 +1.0024e+00 -8.4243e-01 +6.0985e-01
646 +2.689196436e+00 +2.689196436e+00 -9.973108036e+02 -9.973108036e+02 +2.2229e-01 -5.3901e+00 +4.4396e-01 -2.8881e-01 -8.0069e-01 +6.5238e-01 +2.6560e-01 +1.1365e+00 -9.6596e-01 +5.1735e-01
1030 +2.068507117e+00 +2.068507117e+00 -9.979314929e+02 -9.979314929e+02 +2.3781e+00 -4.5708e-01 -1.4818e+00 -1.0095e+00 +1.7352e+00 +9.0848e-01 -1.4920e+00 +1.0486e+00 -2.3887e+00 +1.3159e-01
1330 +1.589649564e+00 +1.589649564e+00 -9.984103504e+02 -9.984103504e+02 +2.9304e+00 +9.9381e-01 +1.9576e-01 -6.1280e-01 +1.7352e+00 +1.9596e+00 -5.4451e-01 +3.3791e+00 -1.9427e+00 +2.3869e-01
7150 +1.220384411e+00 +1.220384411e+00 -9.987796156e+02 -9.987796156e+02 -1.9743e+00 +8.3119e-01 +5.9128e-01 +1.2465e-01 +1.7895e+00 +4.8966e+00 +1.0440e+00 +4.6789e+00 -4.5560e+00 +2.6783e+00
7281 +1.072042362e+00 +1.072042362e+00 -9.989279576e+02 -9.989279576e+02 -1.9714e+00 +8.2487e-01 +5.9186e-01 +1.1907e-01 +1.7853e+00 +4.9031e+00 +1.0414e+00 +4.6799e+00 -4.5526e+00 +2.6789e+00
7286 +8.338279329e-01 +8.338279329e-01 -9.991661721e+02 -9.991661721e+02 -1.9746e+00 +8.2442e-01 +5.9756e-01 +1.2347e-01 +1.7829e+00 +4.9018e+00 +1.0413e+00 +4.6790e+00 -4.5523e+00 +2.6816e+00
7565 +7.956571427e-01 +7.956571427e-01 -9.992043429e+02 -9.992043429e+02 -1.9724e+00 +8.2426e-01 +5.9627e-01 +1.1487e-01 +1.7827e+00 +4.8972e+00 +1.0399e+00 +4.6792e+00 -4.5452e+00 +2.6764e+00
7622 +7.924269530e-01 +7.924269530e-01 -9.992075730e+02 -9.992075730e+02 -1.9715e+00 +8.2430e-01 +5.9493e-01 +1.1473e-01 +1.7817e+00 +4.8971e+00 +1.0400e+00 +4.6793e+00 -4.5426e+00 +2.6751e+00
7642 +6.661201339e-01 +6.661201339e-01 -9.993338799e+02 -9.993338799e+02 -1.9708e+00 +8.2530e-01 +5.9589e-01 +1.1590e-01 +1.7828e+00 +4.8977e+00 +1.0402e+00 +4.6793e+00 -4.5413e+00 +2.6736e+00
7946 +6.537241324e-01 +6.537241324e-01 -9.993462759e+02 -9.993462759e+02 -1.9716e+00 +8.2515e-01 +5.9651e-01 +1.1486e-01 +1.7828e+00 +4.8984e+00 +1.0399e+00 +4.6788e+00 -4.5369e+00 +2.6718e+00
8063 +6.392559744e-01 +6.392559744e-01 -9.993607440e+02 -9.993607440e+02 -1.9715e+00 +8.2495e-01 +5.9595e-01 +1.1449e-01 +1.7829e+00 +4.8986e+00 +1.0398e+00 +4.6788e+00 -4.5377e+00 +2.6727e+00
8194 +6.275583171e-01 +6.275583171e-01 -9.993724417e+02 -9.993724417e+02 -1.9712e+00 +8.2501e-01 +5.9596e-01 +1.1477e-01 +1.7830e+00 +4.8985e+00 +1.0399e+00 +4.6789e+00 -4.5385e+00 +2.6731e+00
8372 +6.114173606e-01 +6.114173606e-01 -9.993885826e+02 -9.993885826e+02 -1.9718e+00 +8.2489e-01 +5.9621e-01 +1.1509e-01 +1.7828e+00 +4.8985e+00 +1.0398e+00 +4.6788e+00 -4.5383e+00 +2.6730e+00
8999 +6.023858648e-01 +6.023858648e-01 -9.993976141e+02 -9.993976141e+02 -1.9717e+00 +8.2492e-01 +5.9619e-01 +1.1525e-01 +1.7829e+00 +4.8986e+00 +1.0398e+00 +4.6789e+00 -4.5381e+00 +2.6729e+00
% function evaluation | noise-free fitness - Fopt (4.819000000000e+01) | best noise-free fitness - Fopt | measured fitness | best measured fitness | x1 | x2...
1 +2.296672391e+01 +2.296672391e+01 +7.115672391e+01 +7.115672391e+01 +0.0000e+00 +0.0000e+00 +0.0000e+00 +0.0000e+00 +0.0000e+00 +0.0000e+00 +0.0000e+00 +0.0000e+00 +0.0000e+00 +0.0000e+00
2 +1.244016878e+01 +1.244016878e+01 +6.063016878e+01 +6.063016878e+01 +3.9594e-01 -1.3406e-01 +3.2806e-02 +1.3898e-01 +2.8792e-01 -7.2009e-02 +8.3057e-02 +3.0640e-01 -3.2818e-01 -2.9845e-02
7 +1.212806392e+01 +1.212806392e+01 +6.031806392e+01 +6.031806392e+01 +2.9101e-02 -7.4180e-03 -1.6923e-01 -1.1664e-01 +9.4715e-03 +2.5383e-01 -1.6356e-04 +4.6095e-02 -1.1170e-01 +1.0626e-01
11 +7.209928417e+00 +7.209928417e+00 +5.539992842e+01 +5.539992842e+01 +3.1553e-02 +1.0493e-01 +2.5579e-01 +2.3469e-03 +4.8723e-01 +1.4566e-01 +4.7109e-03 +1.2986e-01 -6.4004e-01 +2.0601e-01
34 +6.742942513e+00 +6.742942513e+00 +5.493294251e+01 +5.493294251e+01 -1.7663e-01 -4.9046e-02 +3.3144e-01 -1.2596e-01 -1.0655e-01 +3.9403e-01 +2.2934e-02 +1.0064e-02 -1.7315e-01 +2.8594e-02
39 +5.199068501e+00 +5.199068501e+00 +5.338906850e+01 +5.338906850e+01 +2.9346e-02 +1.4881e-01 +4.9704e-01 -2.2148e-01 +2.4442e-01 +4.6660e-01 +1.5034e-01 -3.3517e-01 -4.3485e-01 +1.9348e-01
118 +4.593327183e+00 +4.593327183e+00 +5.278332718e+01 +5.278332718e+01 -1.9106e-01 +6.2274e-01 +1.8225e-01 -4.7325e-01 -1.6759e-01 +3.4319e-01 +4.1182e-01 +4.2970e-01 -2.9565e-01 -1.4309e-01
148 +4.293978547e+00 +4.293978547e+00 +5.248397855e+01 +5.248397855e+01 -1.1613e-01 +3.9744e-01 +2.0624e-02 -9.7199e-01 +5.0060e-03 +2.9454e-01 +2.9497e-01 +2.7177e-01 -5.6936e-01 -6.9987e-01
187 +2.448421916e+00 +2.448421916e+00 +5.063842192e+01 +5.063842192e+01 -1.2316e-01 +4.2735e-01 +1.4949e-01 -6.1178e-01 +5.9519e-02 +4.0881e-01 +1.4533e-01 +1.5137e-01 -7.3502e-01 -4.2860e-01
1526 +2.114981386e+00 +2.114981386e+00 +5.030498139e+01 +5.030498139e+01 -3.5789e-01 +1.0665e+00 +5.0371e-01 -7.7426e-01 +1.0690e+00 -3.0942e-02 +4.3909e-03 +1.3183e-01 +5.2450e-01 -1.4761e+00
1557 +1.427983037e+00 +1.427983037e+00 +4.961798304e+01 +4.961798304e+01 -3.4864e-01 +1.0713e+00 +4.8879e-01 -7.8606e-01 +1.0597e+00 -2.5381e-02 -2.7730e-02 +1.3213e-01 +5.2457e-01 -1.4654e+00
1665 +9.924156499e-01 +9.924156499e-01 +4.918241565e+01 +4.918241565e+01 -3.5585e-01 +1.0718e+00 +5.0294e-01 -7.7349e-01 +1.0544e+00 -7.8127e-03 -4.2256e-02 +1.4931e-01 +5.1537e-01 -1.4945e+00
1720 +8.762640747e-01 +8.762640747e-01 +4.906626407e+01 +4.906626407e+01 -3.6669e-01 +1.0629e+00 +5.0976e-01 -7.8169e-01 +1.0529e+00 -1.1875e-02 -4.7591e-02 +1.5361e-01 +5.2092e-01 -1.4970e+00
1795 +8.535287183e-01 +8.535287183e-01 +4.904352872e+01 +4.904352872e+01 -3.6071e-01 +1.0715e+00 +5.1159e-01 -7.7694e-01 +1.0601e+00 -1.1820e-02 -3.9861e-02 +1.5086e-01 +5.2614e-01 -1.4904e+00
1799 +7.163771151e-01 +7.163771151e-01 +4.890637712e+01 +4.890637712e+01 -3.5766e-01 +1.0704e+00 +5.0831e-01 -7.7461e-01 +1.0614e+00 -1.2450e-02 -3.2050e-02 +1.4794e-01 +5.2341e-01 -1.4890e+00
1838 +7.037386462e-01 +7.037386462e-01 +4.889373865e+01 +4.889373865e+01 -3.5915e-01 +1.0740e+00 +5.1177e-01 -7.7645e-01 +1.0591e+00 -1.0499e-02 -3.6382e-02 +1.5056e-01 +5.2050e-01 -1.4971e+00
1851 +6.163175975e-01 +6.163175975e-01 +4.880631760e+01 +4.880631760e+01 -3.5939e-01 +1.0748e+00 +5.1063e-01 -7.7748e-01 +1.0616e+00 -1.3009e-02 -3.9483e-02 +1.5039e-01 +5.2378e-01 -1.4929e+00
1895 +5.520887697e-01 +5.520887697e-01 +4.874208877e+01 +4.874208877e+01 -3.6009e-01 +1.0724e+00 +5.0897e-01 -7.7838e-01 +1.0628e+00 -1.3016e-02 -3.8235e-02 +1.4854e-01 +5.2338e-01 -1.4919e+00
1915 +5.093858595e-01 +5.093858595e-01 +4.869938586e+01 +4.869938586e+01 -3.5814e-01 +1.0730e+00 +5.1154e-01 -7.7549e-01 +1.0643e+00 -1.3592e-02 -3.4774e-02 +1.4953e-01 +5.2667e-01 -1.4885e+00
1949 +4.718449643e-01 +4.718449643e-01 +4.866184496e+01 +4.866184496e+01 -3.5832e-01 +1.0749e+00 +5.0999e-01 -7.7536e-01 +1.0645e+00 -1.4130e-02 -3.5421e-02 +1.4977e-01 +5.2437e-01 -1.4880e+00
1989 +4.483200628e-01 +4.483200628e-01 +4.863832006e+01 +4.863832006e+01 -3.5801e-01 +1.0733e+00 +5.1081e-01 -7.7538e-01 +1.0644e+00 -1.4334e-02 -3.4257e-02 +1.5028e-01 +5.2529e-01 -1.4892e+00
2035 +4.246662470e-01 +4.246662470e-01 +4.861466625e+01 +4.861466625e+01 -3.5824e-01 +1.0733e+00 +5.1105e-01 -7.7603e-01 +1.0642e+00 -1.4301e-02 -3.4717e-02 +1.4885e-01 +5.2429e-01 -1.4902e+00
2109 +4.080480528e-01 +4.080480528e-01 +4.859804805e+01 +4.859804805e+01 -3.5879e-01 +1.0728e+00 +5.0957e-01 -7.7653e-01 +1.0635e+00 -1.5419e-02 -3.5470e-02 +1.4791e-01 +5.2447e-01 -1.4905e+00
2136 +3.968245662e-01 +3.968245662e-01 +4.858682457e+01 +4.858682457e+01 -3.5859e-01 +1.0729e+00 +5.0961e-01 -7.7702e-01 +1.0639e+00 -1.5851e-02 -3.6330e-02 +1.4784e-01 +5.2410e-01 -1.4910e+00
2171 +3.813195839e-01 +3.813195839e-01 +4.857131958e+01 +4.857131958e+01 -3.5879e-01 +1.0730e+00 +5.0957e-01 -7.7652e-01 +1.0637e+00 -1.5246e-02 -3.6254e-02 +1.4783e-01 +5.2406e-01 -1.4905e+00
2207 +3.798222645e-01 +3.798222645e-01 +4.856982226e+01 +4.856982226e+01 -3.5888e-01 +1.0729e+00 +5.0932e-01 -7.7687e-01 +1.0636e+00 -1.5636e-02 -3.6353e-02 +1.4756e-01 +5.2416e-01 -1.4903e+00
2238 +3.707214862e-01 +3.707214862e-01 +4.856072149e+01 +4.856072149e+01 -3.5885e-01 +1.0726e+00 +5.0920e-01 -7.7693e-01 +1.0636e+00 -1.5915e-02 -3.6397e-02 +1.4778e-01 +5.2435e-01 -1.4905e+00
2253 +3.567945269e-01 +3.567945269e-01 +4.854679453e+01 +4.854679453e+01 -3.5872e-01 +1.0725e+00 +5.0941e-01 -7.7680e-01 +1.0636e+00 -1.5848e-02 -3.6229e-02 +1.4756e-01 +5.2415e-01 -1.4907e+00
2356 +3.489947918e-01 +3.489947918e-01 +4.853899479e+01 +4.853899479e+01 -3.5865e-01 +1.0723e+00 +5.0964e-01 -7.7679e-01 +1.0638e+00 -1.5887e-02 -3.5816e-02 +1.4742e-01 +5.2438e-01 -1.4905e+00
2399 +3.463382128e-01 +3.463382128e-01 +4.853633821e+01 +4.853633821e+01 -3.5869e-01 +1.0723e+00 +5.0959e-01 -7.7687e-01 +1.0639e+00 -1.5973e-02 -3.5936e-02 +1.4739e-01 +5.2445e-01 -1.4904e+00
2686 +3.378323955e-01 +3.378323955e-01 +4.852783240e+01 +4.852783240e+01 -3.5862e-01 +1.0711e+00 +5.0958e-01 -7.7685e-01 +1.0634e+00 -1.5952e-02 -3.5308e-02 +1.4722e-01 +5.2505e-01 -1.4903e+00
2820 +3.293270003e-01 +3.293270003e-01 +4.851932700e+01 +4.851932700e+01 -3.5874e-01 +1.0704e+00 +5.0954e-01 -7.7694e-01 +1.0630e+00 -1.6033e-02 -3.5349e-02 +1.4708e-01 +5.2503e-01 -1.4909e+00
3145 +3.232970261e-01 +3.232970261e-01 +4.851329703e+01 +4.851329703e+01 -3.5874e-01 +1.0707e+00 +5.0953e-01 -7.7696e-01 +1.0632e+00 -1.6106e-02 -3.5399e-02 +1.4708e-01 +5.2502e-01 -1.4908e+00
% function evaluation | noise-free fitness - Fopt (-1.071000000000e+01) | best noise-free fitness - Fopt | measured fitness | best measured fitness | x1 | x2...
1 +9.465573109e+00 +9.465573109e+00 -1.244426891e+00 -1.244426891e+00 +0.0000e+00 +0.0000e+00 +0.0000e+00 +0.0000e+00 +0.0000e+00 +0.0000e+00 +0.0000e+00 +0.0000e+00 +0.0000e+00 +0.0000e+00
2 +3.986747680e+00 +3.986747680e+00 -6.723252320e+00 -6.723252320e+00 -1.5483e-01 +1.0563e-01 -1.5985e-01 -2.0670e-01 -1.7266e-02 +1.2971e-01 -2.5150e-01 +1.9440e-01 +1.9303e-02 +2.6283e-01
3 +3.352699897e+00 +3.352699897e+00 -7.357300103e+00 -7.357300103e+00 +1.2499e-01 -4.8915e-02 +3.7401e-01 -2.2701e-01 -1.0095e-01 +1.1456e-01 -3.4649e-01 +1.6676e-01 -3.7587e-01 +7.2300e-02
625 +2.112662354e+00 +2.112662354e+00 -8.597337646e+00 -8.597337646e+00 -9.3596e-01 -1.4760e+00 +1.4429e+00 -4.0424e-01 +1.2386e+00 +1.6749e-01 +7.9893e-01 -1.2186e+00 -2.6061e+00 -2.9868e+00
1342 +2.064640920e+00 +2.064640920e+00 -8.645359080e+00 -8.645359080e+00 -2.4136e+00 -2.0990e+00 +2.3794e+00 +7.9272e-01 +1.0648e+00 -1.0700e+00 +2.5014e+00 -1.0346e+00 -4.5822e+00 -6.6997e-02
2841 +1.673474833e+00 +1.673474833e+00 -9.036525167e+00 -9.036525167e+00 -3.0595e+00 -2.5044e+00 +1.7411e+00 +1.5561e+00 +7.0539e-01 -1.9893e+00 +2.3613e+00 -1.2775e+00 -5.8291e+00 -2.1451e-01
2884 +1.587279655e+00 +1.587279655e+00 -9.122720345e+00 -9.122720345e+00 -3.0519e+00 -2.4999e+00 +1.7289e+00 +1.5666e+00 +7.0169e-01 -1.9990e+00 +2.3742e+00 -1.2823e+00 -5.8124e+00 -2.0484e-01
2896 +1.410378296e+00 +1.410378296e+00 -9.299621704e+00 -9.299621704e+00 -3.0594e+00 -2.4947e+00 +1.7358e+00 +1.5643e+00 +7.0194e-01 -1.9949e+00 +2.3611e+00 -1.2808e+00 -5.8155e+00 -2.0811e-01
2906 +1.270924532e+00 +1.270924532e+00 -9.439075468e+00 -9.439075468e+00 -3.0556e+00 -2.4951e+00 +1.7500e+00 +1.5575e+00 +7.0373e-01 -1.9947e+00 +2.3677e+00 -1.2759e+00 -5.8192e+00 -2.1607e-01
2975 +1.147838284e+00 +1.147838284e+00 -9.562161716e+00 -9.562161716e+00 -3.0680e+00 -2.5048e+00 +1.7417e+00 +1.5630e+00 +7.0330e-01 -1.9941e+00 +2.3582e+00 -1.2847e+00 -5.8211e+00 -2.2081e-01
3101 +1.083233039e+00 +1.083233039e+00 -9.626766961e+00 -9.626766961e+00 -3.0638e+00 -2.5080e+00 +1.7354e+00 +1.5575e+00 +6.9616e-01 -1.9957e+00 +2.3635e+00 -1.2795e+00 -5.8129e+00 -2.2422e-01
3162 +1.067650883e+00 +1.067650883e+00 -9.642349117e+00 -9.642349117e+00 -3.0653e+00 -2.5108e+00 +1.7366e+00 +1.5555e+00 +6.9365e-01 -1.9952e+00 +2.3592e+00 -1.2758e+00 -5.8063e+00 -2.2846e-01
3183 +1.025801714e+00 +1.025801714e+00 -9.684198286e+00 -9.684198286e+00 -3.0668e+00 -2.5121e+00 +1.7312e+00 +1.5558e+00 +6.9404e-01 -1.9957e+00 +2.3609e+00 -1.2791e+00 -5.8082e+00 -2.2687e-01
3258 +1.012766293e+00 +1.012766293e+00 -9.697233707e+00 -9.697233707e+00 -3.0639e+00 -2.5115e+00 +1.7365e+00 +1.5539e+00 +6.9302e-01 -1.9955e+00 +2.3629e+00 -1.2744e+00 -5.8094e+00 -2.3029e-01
3296 +9.774326569e-01 +9.774326569e-01 -9.732567343e+00 -9.732567343e+00 -3.0658e+00 -2.5117e+00 +1.7355e+00 +1.5556e+00 +6.9293e-01 -1.9949e+00 +2.3618e+00 -1.2737e+00 -5.8082e+00 -2.3039e-01
3324 +9.766440048e-01 +9.766440048e-01 -9.733355995e+00 -9.733355995e+00 -3.0659e+00 -2.5122e+00 +1.7352e+00 +1.5533e+00 +6.9320e-01 -1.9963e+00 +2.3623e+00 -1.2760e+00 -5.8088e+00 -2.2966e-01
3335 +9.291499844e-01 +9.291499844e-01 -9.780850016e+00 -9.780850016e+00 -3.0659e+00 -2.5126e+00 +1.7357e+00 +1.5537e+00 +6.9331e-01 -1.9963e+00 +2.3619e+00 -1.2759e+00 -5.8088e+00 -2.3032e-01
3545 +9.090537800e-01 +9.090537800e-01 -9.800946220e+00 -9.800946220e+00 -3.0656e+00 -2.5130e+00 +1.7355e+00 +1.5535e+00 +6.9308e-01 -1.9964e+00 +2.3623e+00 -1.2752e+00 -5.8088e+00 -2.3090e-01
% function evaluation | noise-free fitness - Fopt (3.425000000000e+01) | best noise-free fitness - Fopt | measured fitness | best measured fitness | x1 | x2...
1 +2.243075490e+01 +2.243075490e+01 +5.668075490e+01 +5.668075490e+01 +0.0000e+00 +0.0000e+00 +0.0000e+00 +0.0000e+00 +0.0000e+00 +0.0000e+00 +0.0000e+00 +0.0000e+00 +0.0000e+00 +0.0000e+00
2 +1.029526225e+01 +1.029526225e+01 +4.454526225e+01 +4.454526225e+01 -8.1375e-02 +1.0005e-01 +2.8849e-01 +2.1063e-01 +2.6390e-01 +1.0117e-01 -2.3047e-01 +2.9075e-02 +1.5937e-02 -2.7850e-01
12 +6.560331147e+00 +6.560331147e+00 +4.081033115e+01 +4.081033115e+01 +1.2640e-01 +1.8837e-01 +6.2586e-02 -4.8235e-02 -5.0950e-02 +9.4223e-02 -5.5615e-01 -1.6418e-02 -1.2600e-01 +1.0235e-02
48 +5.334972759e+00 +5.334972759e+00 +3.958497276e+01 +3.958497276e+01 +8.8411e-02 -1.0210e-01 +7.1407e-01 -2.7062e-01 +2.4623e-01 -1.0302e-01 -6.7980e-01 +3.2006e-01 -5.9347e-01 +3.5695e-01
103 +4.519064250e+00 +4.519064250e+00 +3.876906425e+01 +3.876906425e+01 -3.5140e-02 -9.0310e-01 +5.8307e-01 +6.7849e-01 +2.0586e-01 -7.6953e-01 -1.4863e+00 +1.5542e-01 -3.5294e-01 -6.5096e-01
156 +4.218314445e+00 +4.218314445e+00 +3.846831445e+01 +3.846831445e+01 +4.4753e-02 -1.0411e+00 +2.8931e-01 +3.3147e-01 -3.4947e-01 -1.3969e-01 -7.6897e-01 +3.7024e-01 -2.8593e-01 -3.8686e-01
164 +3.209777974e+00 +3.209777974e+00 +3.745977797e+01 +3.745977797e+01 +2.5897e-01 -1.1549e+00 +4.6730e-01 +2.1771e-01 -3.6321e-01 -3.9263e-01 -9.4060e-01 +2.9659e-01 -1.3304e-01 -1.6404e-01
382 +3.004049833e+00 +3.004049833e+00 +3.725404983e+01 +3.725404983e+01 -1.8232e-01 -3.9472e-01 +5.3963e-01 +7.9524e-02 -1.4404e+00 -1.0099e+00 -1.1986e+00 +1.7789e-01 +8.5834e-01 +1.7971e+00
478 +2.864335955e+00 +2.864335955e+00 +3.711433596e+01 +3.711433596e+01 +3.2034e-02 -8.4543e-01 +3.3158e-01 +6.2823e-01 -1.2904e+00 -1.3968e+00 -9.1542e-01 -5.5481e-02 +7.6629e-01 +1.3940e+00
1411 +2.381338641e+00 +2.381338641e+00 +3.663133864e+01 +3.663133864e+01 -1.0984e+00 +1.7009e-02 -2.1960e-01 +3.5773e-01 -1.7006e+00 -4.0889e-01 -7.3361e-01 +2.3839e-01 +7.4788e-01 +1.0575e+00
1449 +2.124772105e+00 +2.124772105e+00 +3.637477210e+01 +3.637477210e+01 -1.0779e+00 +2.1707e-02 -2.7305e-01 +3.6140e-01 -1.7195e+00 -4.2995e-01 -7.3548e-01 +2.6152e-01 +7.4722e-01 +1.0441e+00
1460 +1.843434215e+00 +1.843434215e+00 +3.609343422e+01 +3.609343422e+01 -1.0803e+00 +4.4271e-02 -2.5909e-01 +3.6242e-01 -1.7277e+00 -4.2243e-01 -7.3851e-01 +2.4886e-01 +7.4867e-01 +1.0389e+00
1882 +1.605654927e+00 +1.605654927e+00 +3.585565493e+01 +3.585565493e+01 -1.0498e+00 +2.3973e-02 -1.6824e-01 +3.5037e-01 -1.6891e+00 -3.6146e-01 -9.0261e-01 +3.1143e-01 +7.7629e-01 +1.0370e+00
1904 +1.282206359e+00 +1.282206359e+00 +3.553220636e+01 +3.553220636e+01 -1.0533e+00 +3.4522e-02 -1.1677e-01 +3.4545e-01 -1.6935e+00 -3.6957e-01 -9.1878e-01 +3.2133e-01 +7.7714e-01 +1.0404e+00
1983 +1.174574936e+00 +1.174574936e+00 +3.542457494e+01 +3.542457494e+01 -1.0608e+00 +1.5734e-02 -1.7198e-01 +3.5592e-01 -1.6994e+00 -3.4585e-01 -9.3807e-01 +3.1470e-01 +7.9209e-01 +1.0478e+00
2069 +1.050821881e+00 +1.050821881e+00 +3.530082188e+01 +3.530082188e+01 -1.0467e+00 +1.9690e-02 -1.3245e-01 +3.5559e-01 -1.6897e+00 -3.5126e-01 -9.4153e-01 +3.1910e-01 +7.8116e-01 +1.0552e+00
2088 +1.024672371e+00 +1.024672371e+00 +3.527467237e+01 +3.527467237e+01 -1.0493e+00 +1.8968e-02 -1.2951e-01 +3.5333e-01 -1.6911e+00 -3.5378e-01 -9.4147e-01 +3.2037e-01 +7.8269e-01 +1.0540e+00
2092 +9.010548771e-01 +9.010548771e-01 +3.515105488e+01 +3.515105488e+01 -1.0475e+00 +2.0719e-02 -1.3453e-01 +3.5483e-01 -1.6931e+00 -3.5464e-01 -9.4791e-01 +3.1928e-01 +7.8422e-01 +1.0494e+00
2117 +8.441987296e-01 +8.441987296e-01 +3.509419873e+01 +3.509419873e+01 -1.0466e+00 +2.3033e-02 -1.3405e-01 +3.5580e-01 -1.6910e+00 -3.5005e-01 -9.4506e-01 +3.2174e-01 +7.8398e-01 +1.0525e+00
2123 +6.946693521e-01 +6.946693521e-01 +3.494466935e+01 +3.494466935e+01 -1.0458e+00 +2.0846e-02 -1.3549e-01 +3.5729e-01 -1.6927e+00 -3.5272e-01 -9.4550e-01 +3.2438e-01 +7.8585e-01 +1.0516e+00
2160 +6.115593254e-01 +6.115593254e-01 +3.486155933e+01 +3.486155933e+01 -1.0454e+00 +2.2501e-02 -1.4304e-01 +3.5799e-01 -1.6914e+00 -3.5408e-01 -9.4582e-01 +3.2710e-01 +7.8677e-01 +1.0522e+00
2163 +5.848796433e-01 +5.848796433e-01 +3.483487964e+01 +3.483487964e+01 -1.0469e+00 +2.0767e-02 -1.3784e-01 +3.5710e-01 -1.6935e+00 -3.5270e-01 -9.4639e-01 +3.2486e-01 +7.8694e-01 +1.0505e+00
2169 +5.000713289e-01 +5.000713289e-01 +3.475007133e+01 +3.475007133e+01 -1.0443e+00 +2.0428e-02 -1.4286e-01 +3.5633e-01 -1.6941e+00 -3.5749e-01 -9.4689e-01 +3.2881e-01 +7.8900e-01 +1.0518e+00
2284 +4.551779181e-01 +4.551779181e-01 +3.470517792e+01 +3.470517792e+01 -1.0422e+00 +1.1943e-02 -1.4082e-01 +3.5229e-01 -1.6949e+00 -3.5695e-01 -9.4963e-01 +3.2873e-01 +7.8552e-01 +1.0519e+00
2369 +4.089610798e-01 +4.089610798e-01 +3.465896108e+01 +3.465896108e+01 -1.0410e+00 +1.7017e-02 -1.4023e-01 +3.5370e-01 -1.6953e+00 -3.5779e-01 -9.4508e-01 +3.2798e-01 +7.8245e-01 +1.0514e+00
2382 +2.996673545e-01 +2.996673545e-01 +3.454966735e+01 +3.454966735e+01 -1.0402e+00 +2.0759e-02 -1.4307e-01 +3.5470e-01 -1.6960e+00 -3.5463e-01 -9.4592e-01 +3.2976e-01 +7.8248e-01 +1.0510e+00
2479 +2.331272774e-01 +2.331272774e-01 +3.448312728e+01 +3.448312728e+01 -1.0384e+00 +1.8585e-02 -1.4476e-01 +3.5359e-01 -1.6948e+00 -3.5437e-01 -9.4587e-01 +3.3705e-01 +7.8234e-01 +1.0492e+00
2793 +2.056734837e-01 +2.056734837e-01 +3.445567348e+01 +3.445567348e+01 -1.0389e+00 +1.8843e-02 -1.4441e-01 +3.5548e-01 -1.6965e+00 -3.5434e-01 -9.4995e-01 +3.3607e-01 +7.8328e-01 +1.0514e+00
2795 +2.030766190e-01 +2.030766190e-01 +3.445307662e+01 +3.445307662e+01 -1.0386e+00 +1.8474e-02 -1.4564e-01 +3.5531e-01 -1.6968e+00 -3.5382e-01 -9.4958e-01 +3.3504e-01 +7.8339e-01 +1.0514e+00
2932 +1.819714813e-01 +1.819714813e-01 +3.443197148e+01 +3.443197148e+01 -1.0403e+00 +1.9124e-02 -1.4692e-01 +3.5671e-01 -1.6971e+00 -3.5399e-01 -9.5024e-01 +3.3449e-01 +7.8598e-01 +1.0531e+00
2940 +1.806732156e-01 +1.806732156e-01 +3.443067322e+01 +3.443067322e+01 -1.0399e+00 +1.9353e-02 -1.4694e-01 +3.5692e-01 -1.6971e+00 -3.5474e-01 -9.5016e-01 +3.3417e-01 +7.8615e-01 +1.0529e+00
2956 +1.705750548e-01 +1.705750548e-01 +3.442057505e+01 +3.442057505e+01 -1.0398e+00 +1.8887e-02 -1.4721e-01 +3.5666e-01 -1.6969e+00 -3.5443e-01 -9.4997e-01 +3.3477e-01 +7.8594e-01 +1.0529e+00
3011 +1.622004184e-01 +1.622004184e-01 +3.441220042e+01 +3.441220042e+01 -1.0397e+00 +1.8312e-02 -1.4797e-01 +3.5711e-01 -1.6966e+00 -3.5429e-01 -9.4991e-01 +3.3616e-01 +7.8564e-01 +1.0536e+00
3033 +1.589552900e-01 +1.589552900e-01 +3.440895529e+01 +3.440895529e+01 -1.0396e+00 +1.8234e-02 -1.4807e-01 +3.5718e-01 -1.6965e+00 -3.5423e-01 -9.5030e-01 +3.3538e-01 +7.8604e-01 +1.0537e+00
3039 +1.390328470e-01 +1.390328470e-01 +3.438903285e+01 +3.438903285e+01 -1.0395e+00 +1.8292e-02 -1.4819e-01 +3.5729e-01 -1.6969e+00 -3.5486e-01 -9.5002e-01 +3.3510e-01 +7.8638e-01 +1.0537e+00
3210 +1.343102072e-01 +1.343102072e-01 +3.438431021e+01 +3.438431021e+01 -1.0396e+00 +1.8501e-02 -1.4796e-01 +3.5719e-01 -1.6967e+00 -3.5462e-01 -9.4972e-01 +3.3524e-01 +7.8596e-01 +1.0539e+00
3364 +1.313843271e-01 +1.313843271e-01 +3.438138433e+01 +3.438138433e+01 -1.0396e+00 +1.8437e-02 -1.4801e-01 +3.5702e-01 -1.6967e+00 -3.5469e-01 -9.4979e-01 +3.3546e-01 +7.8593e-01 +1.0533e+00
3427 +1.261951454e-01 +1.261951454e-01 +3.437619515e+01 +3.437619515e+01 -1.0396e+00 +1.8542e-02 -1.4790e-01 +3.5703e-01 -1.6968e+00 -3.5467e-01 -9.4986e-01 +3.3539e-01 +7.8587e-01 +1.0531e+00
3560 +1.248504472e-01 +1.248504472e-01 +3.437485045e+01 +3.437485045e+01 -1.0395e+00 +1.8701e-02 -1.4795e-01 +3.5720e-01 -1.6968e+00 -3.5477e-01 -9.4985e-01 +3.3516e-01 +7.8600e-01 +1.0532e+00
3780 +1.226507985e-01 +1.226507985e-01 +3.437265080e+01 +3.437265080e+01 -1.0395e+00 +1.8599e-02 -1.4789e-01 +3.5710e-01 -1.6968e+00 -3.5478e-01 -9.4984e-01 +3.3531e-01 +7.8592e-01 +1.0531e+00
4016 +1.201237671e-01 +1.201237671e-01 +3.437012377e+01 +3.437012377e+01 -1.0395e+00 +1.8638e-02 -1.4791e-01 +3.5711e-01 -1.6968e+00 -3.5476e-01 -9.4983e-01 +3.3532e-01 +7.8592e-01 +1.0531e+00
% function evaluation | noise-free fitness - Fopt (1.134700000000e+02) | best noise-free fitness - Fopt | measured fitness | best measured fitness | x1 | x2...
1 +1.520546422e+01 +1.520546422e+01 +1.286754642e+02 +1.286754642e+02 +0.0000e+00 +0.0000e+00 +0.0000e+00 +0.0000e+00 +0.0000e+00 +0.0000e+00 +0.0000e+00 +0.0000e+00 +0.0000e+00 +0.0000e+00
2 +8.809583631e+00 +8.809583631e+00 +1.222795836e+02 +1.222795836e+02 -7.0307e-02 +2.1687e-02 -2.1205e-01 +1.5311e-01 +8.2652e-02 -1.3298e-02 +2.2911e-03 -1.1710e-01 -1.6500e-02 +3.2241e-03
3 +7.987052172e+00 +7.987052172e+00 +1.214570522e+02 +1.214570522e+02 -2.6398e-01 +4.0650e-01 -1.2789e-01 -1.2712e-01 +3.9861e-02 +5.2357e-02 -2.2724e-01 +3.3158e-02 +9.9515e-04 +2.2642e-01
24 +6.177309347e+00 +6.177309347e+00 +1.196473093e+02 +1.196473093e+02 -1.8168e-01 -7.7572e-02 +5.5347e-02 +2.7953e-01 -2.3254e-01 +6.0419e-02 +4.1659e-02 -1.6632e-01 -1.2060e-01 +2.7614e-01
26 +5.400478603e+00 +5.400478603e+00 +1.188704786e+02 +1.188704786e+02 -2.7472e-01 +5.7555e-02 -5.5839e-03 +3.4563e-01 -6.6344e-02 -1.4798e-01 +1.9729e-01 -5.2549e-01 -1.7790e-01 +1.3239e-01
63 +4.939095687e+00 +4.939095687e+00 +1.184090957e+02 +1.184090957e+02 -4.0518e-01 -7.2446e-02 -3.1883e-01 +4.1080e-01 -1.3041e-01 +1.8506e-01 +3.7808e-01 -5.6885e-01 -4.1828e-01 -2.4760e-01
106 +4.318939649e+00 +4.318939649e+00 +1.177889396e+02 +1.177889396e+02 -5.0063e-01 +2.3750e-01 +9.9784e-02 +4.9960e-01 -4.8140e-02 +5.1456e-01 +7.4931e-01 +6.2182e-02 +1.6648e-02 -2.5408e-01
138 +4.188005528e+00 +4.188005528e+00 +1.176580055e+02 +1.176580055e+02 -1.2429e+00 -6.0441e-01 +9.2410e-01 +2.2538e-01 -6.1573e-01 +6.1620e-01 +9.4051e-01 +2.1753e+00 -9.1609e-02 -2.8899e-01
231 +4.136740767e+00 +4.136740767e+00 +1.176067408e+02 +1.176067408e+02 -8.3926e-01 -2.2780e+00 +2.1344e+00 -6.7434e-01 -2.0860e+00 +1.5338e+00 +1.4344e+00 +3.5491e+00 +1.7257e+00 -3.5016e+00
254 +2.664444849e+00 +2.664444849e+00 +1.161344448e+02 +1.161344448e+02 +9.9530e-01 -1.4722e+00 +5.5352e-01 -8.9357e-01 -1.5806e+00 +1.5710e+00 +5.4111e-03 +1.3899e+00 +1.3295e+00 -3.0745e+00
1087 +2.604537104e+00 +2.604537104e+00 +1.160745371e+02 +1.160745371e+02 -3.6668e-01 +1.8419e+00 -1.9098e-01 +2.4162e+00 +3.7815e+00 +1.9291e+00 -4.7543e+00 -6.0581e-01 +3.0489e+00 -3.4656e+00
2017 +1.575250075e+00 +1.575250075e+00 +1.150452501e+02 +1.150452501e+02 -1.1148e-01 +1.3660e+00 -1.6423e-01 +3.0332e+00 +4.5251e+00 +2.1237e+00 -3.9968e+00 -3.3319e-01 +3.2615e+00 -4.3631e+00
2134 +1.528145680e+00 +1.528145680e+00 +1.149981457e+02 +1.149981457e+02 -1.1628e-01 +1.3764e+00 -1.6351e-01 +2.9915e+00 +4.5106e+00 +2.1698e+00 -3.9988e+00 -3.3634e-01 +3.2315e+00 -4.3898e+00
2142 +1.439388420e+00 +1.439388420e+00 +1.149093884e+02 +1.149093884e+02 -1.1463e-01 +1.3805e+00 -1.7872e-01 +2.9959e+00 +4.4933e+00 +2.1782e+00 -3.9999e+00 -3.4394e-01 +3.2397e+00 -4.3820e+00
2152 +1.300060516e+00 +1.300060516e+00 +1.147700605e+02 +1.147700605e+02 -1.1230e-01 +1.3714e+00 -1.7431e-01 +3.0006e+00 +4.4878e+00 +2.1350e+00 -4.0150e+00 -3.4025e-01 +3.2457e+00 -4.3980e+00
2200 +1.187971665e+00 +1.187971665e+00 +1.146579717e+02 +1.146579717e+02 -1.0892e-01 +1.3865e+00 -1.6455e-01 +3.0040e+00 +4.4879e+00 +2.1885e+00 -4.0144e+00 -3.4880e-01 +3.2500e+00 -4.3969e+00
2210 +1.025398940e+00 +1.025398940e+00 +1.144953989e+02 +1.144953989e+02 -1.0461e-01 +1.3799e+00 -1.7829e-01 +3.0047e+00 +4.4934e+00 +2.1684e+00 -4.0107e+00 -3.4565e-01 +3.2441e+00 -4.4121e+00
2221 +8.164261761e-01 +8.164261761e-01 +1.142864262e+02 +1.142864262e+02 -1.0565e-01 +1.3797e+00 -1.7496e-01 +3.0053e+00 +4.5006e+00 +2.1570e+00 -4.0069e+00 -3.3988e-01 +3.2371e+00 -4.3939e+00
2236 +7.796760181e-01 +7.796760181e-01 +1.142496760e+02 +1.142496760e+02 -1.0525e-01 +1.3852e+00 -1.7467e-01 +3.0043e+00 +4.5082e+00 +2.1784e+00 -4.0158e+00 -3.4585e-01 +3.2363e+00 -4.4026e+00
2242 +7.632412774e-01 +7.632412774e-01 +1.142332413e+02 +1.142332413e+02 -1.0403e-01 +1.3807e+00 -1.8224e-01 +3.0058e+00 +4.4963e+00 +2.1623e+00 -4.0106e+00 -3.4160e-01 +3.2306e+00 -4.3947e+00
2244 +3.981813632e-01 +3.981813632e-01 +1.138681814e+02 +1.138681814e+02 -1.0725e-01 +1.3836e+00 -1.7230e-01 +3.0016e+00 +4.4994e+00 +2.1701e+00 -4.0138e+00 -3.4518e-01 +3.2321e+00 -4.3863e+00
2328 +3.889938149e-01 +3.889938149e-01 +1.138589938e+02 +1.138589938e+02 -1.0832e-01 +1.3824e+00 -1.6907e-01 +3.0041e+00 +4.5013e+00 +2.1711e+00 -4.0114e+00 -3.4039e-01 +3.2403e+00 -4.3796e+00
2337 +3.522027713e-01 +3.522027713e-01 +1.138222028e+02 +1.138222028e+02 -1.0855e-01 +1.3830e+00 -1.6825e-01 +3.0073e+00 +4.5046e+00 +2.1684e+00 -4.0128e+00 -3.4146e-01 +3.2376e+00 -4.3806e+00
2386 +3.350883596e-01 +3.350883596e-01 +1.138050884e+02 +1.138050884e+02 -1.0631e-01 +1.3808e+00 -1.7326e-01 +3.0063e+00 +4.5018e+00 +2.1648e+00 -4.0095e+00 -3.3852e-01 +3.2367e+00 -4.3829e+00
2404 +3.205778565e-01 +3.205778565e-01 +1.137905779e+02 +1.137905779e+02 -1.0691e-01 +1.3820e+00 -1.7288e-01 +3.0065e+00 +4.5055e+00 +2.1661e+00 -4.0097e+00 -3.3709e-01 +3.2373e+00 -4.3823e+00
2472 +2.991017893e-01 +2.991017893e-01 +1.137691018e+02 +1.137691018e+02 -1.0742e-01 +1.3825e+00 -1.7309e-01 +3.0059e+00 +4.4978e+00 +2.1652e+00 -4.0103e+00 -3.3969e-01 +3.2322e+00 -4.3814e+00
2479 +2.519978520e-01 +2.519978520e-01 +1.137219979e+02 +1.137219979e+02 -1.0740e-01 +1.3818e+00 -1.7294e-01 +3.0049e+00 +4.4989e+00 +2.1658e+00 -4.0098e+00 -3.4056e-01 +3.2309e+00 -4.3828e+00
2492 +2.489864886e-01 +2.489864886e-01 +1.137189865e+02 +1.137189865e+02 -1.0742e-01 +1.3804e+00 -1.7569e-01 +3.0052e+00 +4.5018e+00 +2.1634e+00 -4.0087e+00 -3.4008e-01 +3.2315e+00 -4.3809e+00
2570 +2.385952106e-01 +2.385952106e-01 +1.137085952e+02 +1.137085952e+02 -1.0761e-01 +1.3803e+00 -1.7871e-01 +3.0069e+00 +4.4999e+00 +2.1612e+00 -4.0024e+00 -3.3838e-01 +3.2289e+00 -4.3818e+00
2632 +2.148880235e-01 +2.148880235e-01 +1.136848880e+02 +1.136848880e+02 -1.0758e-01 +1.3808e+00 -1.7719e-01 +3.0056e+00 +4.4999e+00 +2.1621e+00 -4.0056e+00 -3.3980e-01 +3.2288e+00 -4.3809e+00
2634 +2.063534369e-01 +2.063534369e-01 +1.136763534e+02 +1.136763534e+02 -1.0792e-01 +1.3801e+00 -1.7567e-01 +3.0060e+00 +4.4986e+00 +2.1628e+00 -4.0055e+00 -3.3891e-01 +3.2301e+00 -4.3807e+00
2660 +1.934445128e-01 +1.934445128e-01 +1.136634445e+02 +1.136634445e+02 -1.0847e-01 +1.3809e+00 -1.7558e-01 +3.0061e+00 +4.4992e+00 +2.1628e+00 -4.0054e+00 -3.3901e-01 +3.2295e+00 -4.3815e+00
2687 +1.800971740e-01 +1.800971740e-01 +1.136500972e+02 +1.136500972e+02 -1.0810e-01 +1.3803e+00 -1.7566e-01 +3.0058e+00 +4.4990e+00 +2.1619e+00 -4.0068e+00 -3.3910e-01 +3.2300e+00 -4.3799e+00
2691 +1.624762240e-01 +1.624762240e-01 +1.136324762e+02 +1.136324762e+02 -1.0825e-01 +1.3800e+00 -1.7550e-01 +3.0054e+00 +4.4986e+00 +2.1625e+00 -4.0065e+00 -3.3928e-01 +3.2302e+00 -4.3803e+00
2849 +1.596664446e-01 +1.596664446e-01 +1.136296664e+02 +1.136296664e+02 -1.0833e-01 +1.3789e+00 -1.7598e-01 +3.0058e+00 +4.5000e+00 +2.1626e+00 -4.0055e+00 -3.3971e-01 +3.2304e+00 -4.3807e+00
2865 +1.445464969e-01 +1.445464969e-01 +1.136145465e+02 +1.136145465e+02 -1.0828e-01 +1.3783e+00 -1.7603e-01 +3.0059e+00 +4.4992e+00 +2.1638e+00 -4.0054e+00 -3.3990e-01 +3.2307e+00 -4.3816e+00
2907 +1.360375408e-01 +1.360375408e-01 +1.136060375e+02 +1.136060375e+02 -1.0829e-01 +1.3792e+00 -1.7612e-01 +3.0054e+00 +4.4997e+00 +2.1630e+00 -4.0056e+00 -3.3969e-01 +3.2297e+00 -4.3804e+00
3024 +1.270449698e-01 +1.270449698e-01 +1.135970450e+02 +1.135970450e+02 -1.0819e-01 +1.3789e+00 -1.7630e-01 +3.0055e+00 +4.4997e+00 +2.1629e+00 -4.0055e+00 -3.3984e-01 +3.2296e+00 -4.3805e+00
3051 +1.208681290e-01 +1.208681290e-01 +1.135908681e+02 +1.135908681e+02 -1.0829e-01 +1.3788e+00 -1.7620e-01 +3.0055e+00 +4.4994e+00 +2.1626e+00 -4.0057e+00 -3.3978e-01 +3.2296e+00 -4.3804e+00
3097 +1.190712049e-01 +1.190712049e-01 +1.135890712e+02 +1.135890712e+02 -1.0824e-01 +1.3788e+00 -1.7629e-01 +3.0055e+00 +4.4997e+00 +2.1625e+00 -4.0056e+00 -3.3986e-01 +3.2293e+00 -4.3802e+00
3276 +1.167477454e-01 +1.167477454e-01 +1.135867477e+02 +1.135867477e+02 -1.0820e-01 +1.3789e+00 -1.7651e-01 +3.0055e+00 +4.4999e+00 +2.1624e+00 -4.0055e+00 -3.3990e-01 +3.2290e+00 -4.3801e+00
3347 +1.140706246e-01 +1.140706246e-01 +1.135840706e+02 +1.135840706e+02 -1.0820e-01 +1.3788e+00 -1.7656e-01 +3.0054e+00 +4.5000e+00 +2.1624e+00 -4.0054e+00 -3.3994e-01 +3.2290e+00 -4.3802e+00
3395 +1.117062525e-01 +1.117062525e-01 +1.135817063e+02 +1.135817063e+02 -1.0823e-01 +1.3788e+00 -1.7657e-01 +3.0054e+00 +4.4999e+00 +2.1625e+00 -4.0054e+00 -3.3996e-01 +3.2290e+00 -4.3802e+00
3663 +1.096181702e-01 +1.096181702e-01 +1.135796182e+02 +1.135796182e+02 -1.0822e-01 +1.3788e+00 -1.7660e-01 +3.0054e+00 +4.4998e+00 +2.1625e+00 -4.0054e+00 -3.3997e-01 +3.2290e+00 -4.3803e+00
