% function evaluation | noise-free fitness - Fopt (6.870000000000e+00) | best noise-free fitness - Fopt | measured fitness | best measured fitness | x1 | x2...
1 +6.716939245e+00 +6.716939245e+00 +1.358693924e+01 +1.358693924e+01 +0.0000e+00 +0.0000e+00 +0.0000e+00 +0.0000e+00 +0.0000e+00
25 +5.978176215e+00 +5.978176215e+00 +1.284817622e+01 +1.284817622e+01 +7.8900e-01 -4.5070e-02 +7.3266e-01 -1.0874e+00 +2.9389e-01
32 +4.878943216e+00 +4.878943216e+00 +1.174894322e+01 +1.174894322e+01 +5.4758e-01 +5.5219e-01 +7.8463e-01 -5.8973e-01 +3.1570e-02
47 +3.067242158e+00 +3.067242158e+00 +9.937242158e+00 +9.937242158e+00 +5.8783e-01 +9.3323e-01 +2.0617e+00 -9.9708e-01 +2.6130e-01
244 +2.890750952e+00 +2.890750952e+00 +9.760750952e+00 +9.760750952e+00 +3.6300e+00 +9.4740e-01 +1.0042e+00 -3.2373e+00 +2.5287e+00
333 +2.380279155e+00 +2.380279155e+00 +9.250279155e+00 +9.250279155e+00 +3.6729e+00 +7.8576e-01 +8.3468e-01 -2.6995e+00 +2.9030e+00
1841 +2.229314792e+00 +2.229314792e+00 +9.099314792e+00 +9.099314792e+00 +3.7671e+00 +7.2888e-01 -1.2148e-01 -3.9043e+00 +2.2915e+00
2564 +1.917979359e+00 +1.917979359e+00 +8.787979359e+00 +8.787979359e+00 +3.8937e+00 +9.5835e-01 -3.7406e+00 -5.5592e+00 -1.3953e+00
3169 +1.876720652e+00 +1.876720652e+00 +8.746720652e+00 +8.746720652e+00 +3.8379e+00 +8.2341e-01 -4.1903e+00 -5.2948e+00 -1.4042e+00
3220 +1.658018238e+00 +1.658018238e+00 +8.528018238e+00 +8.528018238e+00 +3.8324e+00 +8.2527e-01 -4.2004e+00 -5.3013e+00 -1.3845e+00
3337 +1.526524308e+00 +1.526524308e+00 +8.396524308e+00 +8.396524308e+00 +3.8299e+00 +8.2461e-01 -4.2008e+00 -5.3016e+00 -1.3741e+00
3347 +1.158093436e+00 +1.158093436e+00 +8.028093436e+00 +8.028093436e+00 +3.8304e+00 +8.2481e-01 -4.2011e+00 -5.3007e+00 -1.3768e+00
3366 +1.055356141e+00 +1.055356141e+00 +7.925356141e+00 +7.925356141e+00 +3.8359e+00 +8.2643e-01 -4.1953e+00 -5.3029e+00 -1.3802e+00
3425 +1.011896122e+00 +1.011896122e+00 +7.881896122e+00 +7.881896122e+00 +3.8361e+00 +8.2564e-01 -4.1944e+00 -5.3017e+00 -1.3841e+00
3461 +9.484048208e-01 +9.484048208e-01 +7.818404821e+00 +7.818404821e+00 +3.8386e+00 +8.2435e-01 -4.1964e+00 -5.3033e+00 -1.3844e+00
3468 +9.102686515e-01 +9.102686515e-01 +7.780268651e+00 +7.780268651e+00 +3.8364e+00 +8.2479e-01 -4.1983e+00 -5.3024e+00 -1.3835e+00
3630 +8.757370871e-01 +8.757370871e-01 +7.745737087e+00 +7.745737087e+00 +3.8375e+00 +8.2628e-01 -4.1956e+00 -5.3030e+00 -1.3850e+00
3640 +8.529519511e-01 +8.529519511e-01 +7.722951951e+00 +7.722951951e+00 +3.8377e+00 +8.2615e-01 -4.1960e+00 -5.3034e+00 -1.3843e+00
3642 +8.260442798e-01 +8.260442798e-01 +7.696044280e+00 +7.696044280e+00 +3.8384e+00 +8.2633e-01 -4.1956e+00 -5.3040e+00 -1.3830e+00
3649 +8.022648152e-01 +8.022648152e-01 +7.672264815e+00 +7.672264815e+00 +3.8381e+00 +8.2611e-01 -4.1961e+00 -5.3036e+00 -1.3840e+00
3675 +7.855351957e-01 +7.855351957e-01 +7.655535196e+00 +7.655535196e+00 +3.8384e+00 +8.2603e-01 -4.1963e+00 -5.3039e+00 -1.3835e+00
3682 +7.266412811e-01 +7.266412811e-01 +7.596641281e+00 +7.596641281e+00 +3.8393e+00 +8.2590e-01 -4.1961e+00 -5.3047e+00 -1.3837e+00
3690 +7.188191320e-01 +7.188191320e-01 +7.588819132e+00 +7.588819132e+00 +3.8394e+00 +8.2603e-01 -4.1960e+00 -5.3050e+00 -1.3833e+00
3746 +6.383858263e-01 +6.383858263e-01 +7.508385826e+00 +7.508385826e+00 +3.8408e+00 +8.2605e-01 -4.1957e+00 -5.3060e+00 -1.3832e+00
3755 +6.116614166e-01 +6.116614166e-01 +7.481661417e+00 +7.481661417e+00 +3.8420e+00 +8.2590e-01 -4.1956e+00 -5.3066e+00 -1.3838e+00
3821 +5.961588587e-01 +5.961588587e-01 +7.466158859e+00 +7.466158859e+00 +3.8422e+00 +8.2605e-01 -4.1949e+00 -5.3064e+00 -1.3844e+00
3927 +5.887036517e-01 +5.887036517e-01 +7.458703652e+00 +7.458703652e+00 +3.8429e+00 +8.2603e-01 -4.1950e+00 -5.3069e+00 -1.3847e+00
3939 +5.717039912e-01 +5.717039912e-01 +7.441703991e+00 +7.441703991e+00 +3.8424e+00 +8.2607e-01 -4.1950e+00 -5.3067e+00 -1.3846e+00
3995 +5.603838653e-01 +5.603838653e-01 +7.430383865e+00 +7.430383865e+00 +3.8425e+00 +8.2603e-01 -4.1950e+00 -5.3067e+00 -1.3845e+00
4293 +5.477161071e-01 +5.477161071e-01 +7.417716107e+00 +7.417716107e+00 +3.8422e+00 +8.2602e-01 -4.1951e+00 -5.3066e+00 -1.3843e+00
4549 +5.370316990e-01 +5.370316990e-01 +7.407031699e+00 +7.407031699e+00 +3.8422e+00 +8.2601e-01 -4.1951e+00 -5.3066e+00 -1.3844e+00
% function evaluation | noise-free fitness - Fopt (1.000000000000e-02) | best noise-free fitness - Fopt | measured fitness | best measured fitness | x1 | x2...
1 +2.029754545e+01 +2.029754545e+01 +2.030754545e+01 +2.030754545e+01 +0.0000e+00 +0.0000e+00 +0.0000e+00 +0.0000e+00 +0.0000e+00
3 +1.925426435e+01 +1.925426435e+01 +1.926426435e+01 +1.926426435e+01 -4.4865e-01 +8.9298e-03 +1.0191e-01 +4.2597e-02 -4.7077e-02
5 +1.435177708e+01 +1.435177708e+01 +1.436177708e+01 +1.436177708e+01 -1.5472e-01 +1.8525e-02 -6.6491e-02 +1.9679e-01 -1.5594e-01
6 +8.640323297e+00 +8.640323297e+00 +8.650323297e+00 +8.650323297e+00 +5.6680e-02 +1.7367e-01 +2.8582e-01 -6.0102e-02 -1.3840e-01
9 +4.047549673e+00 +4.047549673e+00 +4.057549673e+00 +4.057549673e+00 +1.5505e-01 +1.5040e-01 +2.3153e-01 -1.2157e-01 +1.5673e-01
66 +3.771096113e+00 +3.771096113e+00 +3.781096113e+00 +3.781096113e+00 -5.3966e-02 +3.8505e-01 +4.4556e-01 -7.4061e-02 +2.1727e-01
148 +2.863820670e+00 +2.863820670e+00 +2.873820670e+00 +2.873820670e+00 -1.1087e-01 +5.8507e-01 +6.2978e-01 -4.6925e-01 +2.9367e-01
1620 +1.548618342e+00 +1.548618342e+00 +1.558618342e+00 +1.558618342e+00 +1.6026e+00 +4.2034e+00 +6.3817e-01 -1.8400e+00 +1.7854e-01
4301 +1.031209209e+00 +1.031209209e+00 +1.041209209e+00 +1.041209209e+00 -2.7476e+00 +3.7140e+00 -2.8110e+00 -3.5875e+00 -8.6901e-01
% function evaluation | noise-free fitness - Fopt (-1.306100000000e+02) | best noise-free fitness - Fopt | measured fitness | best measured fitness | x1 | x2...
1 +1.559460382e+01 +1.559460382e+01 -1.150153962e+02 -1.150153962e+02 +0.0000e+00 +0.0000e+00 +0.0000e+00 +0.0000e+00 +0.0000e+00
6 +1.188769010e+01 +1.188769010e+01 -1.187223099e+02 -1.187223099e+02 -2.8728e-03 +3.9777e-01 +6.0202e-03 +3.1301e-01 +1.9524e-01
24 +6.131496214e+00 +6.131496214e+00 -1.244785038e+02 -1.244785038e+02 -5.6558e-01 +7.9243e-02 +1.0020e-01 +3.8764e-01 +2.6343e-02
26 +3.626833466e+00 +3.626833466e+00 -1.269831665e+02 -1.269831665e+02 -2.1440e-01 -3.1458e-02 +1.1207e-01 +1.3141e-01 +3.1296e-02
27 +2.049818712e+00 +2.049818712e+00 -1.285601813e+02 -1.285601813e+02 -5.0176e-01 +3.3499e-02 +2.1252e-01 +9.8054e-02 +3.2384e-01
215 +1.417435011e+00 +1.417435011e+00 -1.291925650e+02 -1.291925650e+02 +1.2419e-01 -3.0696e-01 +2.2745e-01 -2.1587e-01 -3.7048e-01
971 +1.311261115e+00 +1.311261115e+00 -1.292987389e+02 -1.292987389e+02 +1.9352e-01 -1.8125e-01 +7.6842e-02 +6.0622e-02 -3.4876e-02
989 +1.236889730e+00 +1.236889730e+00 -1.293731103e+02 -1.293731103e+02 +1.9422e-01 -1.7115e-01 +7.3817e-02 +4.8125e-02 -3.9109e-02
1003 +1.173354461e+00 +1.173354461e+00 -1.294366455e+02 -1.294366455e+02 +1.9747e-01 -1.7850e-01 +7.7003e-02 +6.1265e-02 -4.0222e-02
1062 +9.091031444e-01 +9.091031444e-01 -1.297008969e+02 -1.297008969e+02 +1.9718e-01 -1.7988e-01 +7.6727e-02 +6.0009e-02 -4.1083e-02
1138 +8.810703305e-01 +8.810703305e-01 -1.297289297e+02 -1.297289297e+02 +1.9880e-01 -1.7725e-01 +7.5529e-02 +5.9826e-02 -4.4153e-02
1200 +8.620535325e-01 +8.620535325e-01 -1.297479465e+02 -1.297479465e+02 +1.9907e-01 -1.7786e-01 +7.5587e-02 +5.9906e-02 -4.4274e-02
1216 +8.435766001e-01 +8.435766001e-01 -1.297664234e+02 -1.297664234e+02 +1.9928e-01 -1.7773e-01 +7.5511e-02 +5.9999e-02 -4.4259e-02
1219 +8.270655272e-01 +8.270655272e-01 -1.297829345e+02 -1.297829345e+02 +1.9923e-01 -1.7767e-01 +7.5523e-02 +5.9939e-02 -4.4402e-02
1245 +8.118778597e-01 +8.118778597e-01 -1.297981221e+02 -1.297981221e+02 +1.9928e-01 -1.7791e-01 +7.5585e-02 +6.0234e-02 -4.4383e-02
% function evaluation | noise-free fitness - Fopt (-2.231200000000e+02) | best noise-free fitness - Fopt | measured fitness | best measured fitness | x1 | x2...
1 +1.062283393e+01 +1.062283393e+01 -2.124971661e+02 -2.124971661e+02 +0.0000e+00 +0.0000e+00 +0.0000e+00 +0.0000e+00 +0.0000e+00
21 +8.761207183e+00 +8.761207183e+00 -2.143587928e+02 -2.143587928e+02 -1.1717e-01 -4.4650e-01 +2.0371e-01 +1.6472e-01 -2.5096e-01
27 +2.728732943e+00 +2.728732943e+00 -2.203912671e+02 -2.203912671e+02 -1.4907e-01 -5.2021e-01 +3.3676e-01 +1.6319e-01 -3.8056e-01
325 +2.149323564e+00 +2.149323564e+00 -2.209706764e+02 -2.209706764e+02 -2.0330e+00 -1.2898e-01 -2.0367e-01 -1.3610e-02 -5.4841e-01
1439 +2.030839093e+00 +2.030839093e+00 -2.210891609e+02 -2.210891609e+02 -3.2385e+00 +1.2946e+00 -6.5399e-01 -3.2749e-01 -4.3338e+00
2197 +1.941989607e+00 +1.941989607e+00 -2.211780104e+02 -2.211780104e+02 -3.7467e+00 +1.3475e+00 -8.4012e-01 -1.0984e-01 -2.9982e+00
3130 +1.767520806e+00 +1.767520806e+00 -2.213524792e+02 -2.213524792e+02 -4.4834e+00 +1.2026e+00 -7.9161e-01 -5.0227e-02 -2.7350e+00
3162 +1.697580024e+00 +1.697580024e+00 -2.214224200e+02 -2.214224200e+02 -4.4956e+00 +1.2021e+00 -7.9198e-01 -4.8463e-02 -2.7267e+00
3191 +1.626915725e+00 +1.626915725e+00 -2.214930843e+02 -2.214930843e+02 -4.4892e+00 +1.2031e+00 -7.9241e-01 -5.0300e-02 -2.7320e+00
3196 +1.613143957e+00 +1.613143957e+00 -2.215068560e+02 -2.215068560e+02 -4.4890e+00 +1.2030e+00 -7.9182e-01 -5.0318e-02 -2.7307e+00
3330 +1.509676471e+00 +1.509676471e+00 -2.216103235e+02 -2.216103235e+02 -4.4911e+00 +1.2030e+00 -7.9225e-01 -5.0403e-02 -2.7308e+00
3370 +1.470524840e+00 +1.470524840e+00 -2.216494752e+02 -2.216494752e+02 -4.4880e+00 +1.2031e+00 -7.9194e-01 -5.0285e-02 -2.7333e+00
3443 +1.425786742e+00 +1.425786742e+00 -2.216942133e+02 -2.216942133e+02 -4.4896e+00 +1.2030e+00 -7.9199e-01 -5.0026e-02 -2.7320e+00
3503 +1.393388478e+00 +1.393388478e+00 -2.217266115e+02 -2.217266115e+02 -4.4897e+00 +1.2027e+00 -7.9206e-01 -5.0087e-02 -2.7317e+00
3517 +1.378998746e+00 +1.378998746e+00 -2.217410013e+02 -2.217410013e+02 -4.4902e+00 +1.2026e+00 -7.9208e-01 -5.0122e-02 -2.7315e+00
3530 +1.308596514e+00 +1.308596514e+00 -2.218114035e+02 -2.218114035e+02 -4.4897e+00 +1.2024e+00 -7.9209e-01 -4.9912e-02 -2.7316e+00
3572 +1.270423256e+00 +1.270423256e+00 -2.218495767e+02 -2.218495767e+02 -4.4897e+00 +1.2024e+00 -7.9218e-01 -5.0099e-02 -2.7318e+00
3611 +1.247233410e+00 +1.247233410e+00 -2.218727666e+02 -2.218727666e+02 -4.4893e+00 +1.2024e+00 -7.9212e-01 -5.0027e-02 -2.7321e+00
4091 +1.230135953e+00 +1.230135953e+00 -2.218898640e+02 -2.218898640e+02 -4.4894e+00 +1.2024e+00 -7.9221e-01 -5.0096e-02 -2.7320e+00
% function evaluation | noise-free fitness - Fopt (-4.443000000000e+01) | best noise-free fitness - Fopt | measured fitness | best measured fitness | x1 | x2...
1 +2.215004470e+01 +2.215004470e+01 -2.227995530e+01 -2.227995530e+01 +0.0000e+00 +0.0000e+00 +0.0000e+00 +0.0000e+00 +0.0000e+00
2 +1.833072295e+01 +1.833072295e+01 -2.609927705e+01 -2.609927705e+01 +1.0773e-01 +1.3092e-01 +1.6215e-01 -1.9587e-01 -2.4849e-01
4 +1.409217381e+01 +1.409217381e+01 -3.033782619e+01 -3.033782619e+01 -6.7036e-02 +1.6508e-01 +2.1948e-01 +1.8555e-01 -3.0943e-01
5 +1.377115797e+01 +1.377115797e+01 -3.065884203e+01 -3.065884203e+01 -3.3375e-01 +1.1415e-01 +1.6653e-01 -2.3167e-01 -1.9757e-01
9 +1.141689190e+01 +1.141689190e+01 -3.301310810e+01 -3.301310810e+01 +3.2184e-01 +2.4386e-01 +2.5588e-01 -4.2091e-02 -1.9049e-01
15 +1.121637237e+01 +1.121637237e+01 -3.321362763e+01 -3.321362763e+01 -2.5343e-02 +2.5127e-01 +1.1587e-01 -2.7743e-01 -4.2883e-01
25 +1.618283877e+00 +1.618283877e+00 -4.281171612e+01 -4.281171612e+01 +9.8383e-02 +2.0674e-01 +2.7240e-02 -4.7914e-01 -3.5662e-01
3270 +1.198512904e+00 +1.198512904e+00 -4.323148710e+01 -4.323148710e+01 -4.3107e+00 -2.6303e+00 +4.2279e-01 +1.5137e-01 +3.7353e+00
3318 +1.168228378e+00 +1.168228378e+00 -4.326177162e+01 -4.326177162e+01 -4.3232e+00 -2.6502e+00 +4.2089e-01 +1.6044e-01 +3.7290e+00
3368 +1.037962257e+00 +1.037962257e+00 -4.339203774e+01 -4.339203774e+01 -4.3198e+00 -2.6466e+00 +4.2088e-01 +1.5666e-01 +3.7324e+00
3389 +1.018680645e+00 +1.018680645e+00 -4.341131935e+01 -4.341131935e+01 -4.3228e+00 -2.6528e+00 +4.1788e-01 +1.5833e-01 +3.7333e+00
3393 +8.876697900e-01 +8.876697900e-01 -4.354233021e+01 -4.354233021e+01 -4.3211e+00 -2.6476e+00 +4.1875e-01 +1.5478e-01 +3.7354e+00
3396 +7.651767122e-01 +7.651767122e-01 -4.366482329e+01 -4.366482329e+01 -4.3210e+00 -2.6494e+00 +4.1929e-01 +1.5646e-01 +3.7350e+00
3417 +6.809993366e-01 +6.809993366e-01 -4.374900066e+01 -4.374900066e+01 -4.3221e+00 -2.6479e+00 +4.1569e-01 +1.5702e-01 +3.7324e+00
3428 +6.677775658e-01 +6.677775658e-01 -4.376222243e+01 -4.376222243e+01 -4.3210e+00 -2.6438e+00 +4.1625e-01 +1.5585e-01 +3.7309e+00
3456 +6.455078894e-01 +6.455078894e-01 -4.378449211e+01 -4.378449211e+01 -4.3214e+00 -2.6449e+00 +4.1590e-01 +1.5635e-01 +3.7313e+00
3488 +6.090439222e-01 +6.090439222e-01 -4.382095608e+01 -4.382095608e+01 -4.3222e+00 -2.6453e+00 +4.1467e-01 +1.5639e-01 +3.7309e+00
3539 +5.988245447e-01 +5.988245447e-01 -4.383117546e+01 -4.383117546e+01 -4.3230e+00 -2.6465e+00 +4.1403e-01 +1.5606e-01 +3.7319e+00
3550 +5.545171707e-01 +5.545171707e-01 -4.387548283e+01 -4.387548283e+01 -4.3237e+00 -2.6468e+00 +4.1361e-01 +1.5566e-01 +3.7307e+00
3558 +5.454581592e-01 +5.454581592e-01 -4.388454184e+01 -4.388454184e+01 -4.3235e+00 -2.6466e+00 +4.1405e-01 +1.5577e-01 +3.7313e+00
3602 +4.703850125e-01 +4.703850125e-01 -4.395961499e+01 -4.395961499e+01 -4.3233e+00 -2.6460e+00 +4.1388e-01 +1.5572e-01 +3.7309e+00
3742 +4.578866476e-01 +4.578866476e-01 -4.397211335e+01 -4.397211335e+01 -4.3231e+00 -2.6458e+00 +4.1400e-01 +1.5570e-01 +3.7309e+00
3865 +4.561299542e-01 +4.561299542e-01 -4.397387005e+01 -4.397387005e+01 -4.3231e+00 -2.6459e+00 +4.1408e-01 +1.5576e-01 +3.7310e+00
% function evaluation | noise-free fitness - Fopt (-7.728000000000e+01) | best noise-free fitness - Fopt | measured fitness | best measured fitness | x1 | x2...
1 +1.317562626e+01 +1.317562626e+01 -6.410437374e+01 -6.410437374e+01 +0.0000e+00 +0.0000e+00 +0.0000e+00 +0.0000e+00 +0.0000e+00
2 +1.010831038e+01 +1.010831038e+01 -6.717168962e+01 -6.717168962e+01 -7.8839e-02 -4.5405e-01 +3.3887e-02 -2.5926e-01 -2.1800e-01
16 +7.516343467e+00 +7.516343467e+00 -6.976365653e+01 -6.976365653e+01 -5.1805e-02 -1.9802e-01 -2.0630e-01 -4.4953e-01 -3.7888e-01
20 +3.074962483e+00 +3.074962483e+00 -7.420503752e+01 -7.420503752e+01 +3.4197e-01 +8.2696e-02 -7.9185e-02 -6.0085e-01 +4.2532e-02
437 +2.872032950e+00 +2.872032950e+00 -7.440796705e+01 -7.440796705e+01 +2.5242e+00 -1.0039e+00 -1.8271e+00 +1.3586e+00 +3.1883e+00
567 +2.432732869e+00 +2.432732869e+00 -7.484726713e+01 -7.484726713e+01 +1.1601e+00 -2.0856e+00 -5.0425e-01 +3.0554e+00 +3.1711e+00
841 +1.678371881e+00 +1.678371881e+00 -7.560162812e+01 -7.560162812e+01 +2.9946e+00 -2.2303e+00 +1.4485e+00 +4.7210e+00 +2.3987e+00
6852 +1.596119156e+00 +1.596119156e+00 -7.568388084e+01 -7.568388084e+01 +1.7602e+00 -3.7417e+00 -2.5930e+00 -1.2752e+00 -2.5906e+00
6918 +9.368553789e-01 +9.368553789e-01 -7.634314462e+01 -7.634314462e+01 +1.7661e+00 -3.7405e+00 -2.5939e+00 -1.2715e+00 -2.5928e+00
7183 +9.168710754e-01 +9.168710754e-01 -7.636312892e+01 -7.636312892e+01 +1.7609e+00 -3.7394e+00 -2.5928e+00 -1.2720e+00 -2.5889e+00
7203 +8.422061466e-01 +8.422061466e-01 -7.643779385e+01 -7.643779385e+01 +1.7618e+00 -3.7393e+00 -2.5920e+00 -1.2717e+00 -2.5894e+00
7231 +7.470168738e-01 +7.470168738e-01 -7.653298313e+01 -7.653298313e+01 +1.7623e+00 -3.7396e+00 -2.5925e+00 -1.2730e+00 -2.5907e+00
7294 +7.337411945e-01 +7.337411945e-01 -7.654625881e+01 -7.654625881e+01 +1.7628e+00 -3.7393e+00 -2.5919e+00 -1.2726e+00 -2.5903e+00
7299 +6.795587373e-01 +6.795587373e-01 -7.660044126e+01 -7.660044126e+01 +1.7624e+00 -3.7391e+00 -2.5919e+00 -1.2730e+00 -2.5902e+00
7339 +6.647367034e-01 +6.647367034e-01 -7.661526330e+01 -7.661526330e+01 +1.7620e+00 -3.7391e+00 -2.5922e+00 -1.2739e+00 -2.5905e+00
7425 +6.450025808e-01 +6.450025808e-01 -7.663499742e+01 -7.663499742e+01 +1.7624e+00 -3.7393e+00 -2.5922e+00 -1.2738e+00 -2.5912e+00
7520 +5.920350895e-01 +5.920350895e-01 -7.668796491e+01 -7.668796491e+01 +1.7625e+00 -3.7392e+00 -2.5924e+00 -1.2737e+00 -2.5910e+00
7678 +5.866739390e-01 +5.866739390e-01 -7.669332606e+01 -7.669332606e+01 +1.7628e+00 -3.7392e+00 -2.5924e+00 -1.2737e+00 -2.5910e+00
% function evaluation | noise-free fitness - Fopt (-8.121000000000e+01) | best noise-free fitness - Fopt | measured fitness | best measured fitness | x1 | x2...
1 +2.732718383e+01 +2.732718383e+01 -5.388281617e+01 -5.388281617e+01 +0.0000e+00 +0.0000e+00 +0.0000e+00 +0.0000e+00 +0.0000e+00
2 +6.124465270e+00 +6.124465270e+00 -7.508553473e+01 -7.508553473e+01 +9.6100e-02 +1.3478e-01 -1.4851e-01 -1.9360e-01 -1.5306e-01
13 +6.023669969e+00 +6.023669969e+00 -7.518633003e+01 -7.518633003e+01 -2.4906e-01 +4.1777e-02 -2.0757e-01 +1.5326e-01 -3.9318e-02
36 +4.461311959e+00 +4.461311959e+00 -7.674868804e+01 -7.674868804e+01 +3.6937e-01 +5.4238e-02 -1.9546e-01 +2.7513e-02 -4.3682e-02
196 +3.591344944e+00 +3.591344944e+00 -7.761865506e+01 -7.761865506e+01 -2.9790e-01 +8.3219e-03 -5.7155e-01 -1.4116e-01 +1.8378e-01
527 +3.011813298e+00 +3.011813298e+00 -7.819818670e+01 -7.819818670e+01 -2.1701e-01 -2.2720e-01 -4.4288e-01 -2.7630e-01 +3.2173e-01
559 +2.184475510e+00 +2.184475510e+00 -7.902552449e+01 -7.902552449e+01 -2.6206e-01 -2.7763e-01 -4.2824e-01 -2.7387e-01 +2.6280e-01
650 +1.931818946e+00 +1.931818946e+00 -7.927818105e+01 -7.927818105e+01 -2.3597e-01 -2.8193e-01 -4.3305e-01 -3.0509e-01 +2.8325e-01
699 +1.869538039e+00 +1.869538039e+00 -7.934046196e+01 -7.934046196e+01 -2.5444e-01 -2.8158e-01 -4.2373e-01 -3.0156e-01 +2.7352e-01
702 +1.702787320e+00 +1.702787320e+00 -7.950721268e+01 -7.950721268e+01 -2.4824e-01 -2.7310e-01 -4.3090e-01 -3.0691e-01 +2.7413e-01
706 +1.371890519e+00 +1.371890519e+00 -7.983810948e+01 -7.983810948e+01 -2.4452e-01 -2.7234e-01 -4.2876e-01 -3.0624e-01 +2.8159e-01
788 +1.084952288e+00 +1.084952288e+00 -8.012504771e+01 -8.012504771e+01 -2.4523e-01 -2.6743e-01 -4.2971e-01 -3.0961e-01 +2.8049e-01
863 +9.822951356e-01 +9.822951356e-01 -8.022770486e+01 -8.022770486e+01 -2.4219e-01 -2.6467e-01 -4.3237e-01 -3.0991e-01 +2.8279e-01
931 +9.361954702e-01 +9.361954702e-01 -8.027380453e+01 -8.027380453e+01 -2.4199e-01 -2.6212e-01 -4.3377e-01 -3.1073e-01 +2.8258e-01
1012 +8.952751672e-01 +8.952751672e-01 -8.031472483e+01 -8.031472483e+01 -2.4128e-01 -2.6172e-01 -4.3284e-01 -3.0879e-01 +2.8486e-01
1025 +8.749819304e-01 +8.749819304e-01 -8.033501807e+01 -8.033501807e+01 -2.4202e-01 -2.6202e-01 -4.3189e-01 -3.0924e-01 +2.8450e-01
1079 +8.326037914e-01 +8.326037914e-01 -8.037739621e+01 -8.037739621e+01 -2.4176e-01 -2.6171e-01 -4.3249e-01 -3.0953e-01 +2.8458e-01
1082 +8.082120202e-01 +8.082120202e-01 -8.040178798e+01 -8.040178798e+01 -2.4192e-01 -2.6172e-01 -4.3250e-01 -3.0944e-01 +2.8444e-01
1107 +7.933875504e-01 +7.933875504e-01 -8.041661245e+01 -8.041661245e+01 -2.4187e-01 -2.6165e-01 -4.3252e-01 -3.0942e-01 +2.8443e-01
1384 +7.754865300e-01 +7.754865300e-01 -8.043451347e+01 -8.043451347e+01 -2.4168e-01 -2.6138e-01 -4.3260e-01 -3.0942e-01 +2.8468e-01
% function evaluation | noise-free fitness - Fopt (6.822800000000e+02) | best noise-free fitness - Fopt | measured fitness | best measured fitness | x1 | x2...
1 +1.240906650e+01 +1.240906650e+01 +6.946890665e+02 +6.946890665e+02 +0.0000e+00 +0.0000e+00 +0.0000e+00 +0.0000e+00 +0.0000e+00
11 +9.830530263e+00 +9.830530263e+00 +6.921105303e+02 +6.921105303e+02 +1.1896e-01 -6.0799e-01 -4.1084e-01 +8.9681e-02 -1.5040e-01
12 +7.165496190e+00 +7.165496190e+00 +6.894454962e+02 +6.894454962e+02 +1.7877e-01 -5.4177e-01 -4.7992e-02 -3.2301e-01 -2.8590e-01
28 +6.040020558e+00 +6.040020558e+00 +6.883200206e+02 +6.883200206e+02 +3.1668e-01 -7.7274e-01 -1.2186e+00 +1.2266e-01 -2.7853e-01
32 +5.378717054e+00 +5.378717054e+00 +6.876587171e+02 +6.876587171e+02 -1.1333e-01 +7.1932e-02 -1.0675e+00 -4.2087e-01 -5.0090e-01
54 +4.640892524e+00 +4.640892524e+00 +6.869208925e+02 +6.869208925e+02 +6.9456e-02 -1.0804e+00 -1.9471e+00 +3.8056e-02 -3.6381e-02
66 +3.045916869e+00 +3.045916869e+00 +6.853259169e+02 +6.853259169e+02 -2.2090e-01 -1.1627e+00 -1.5438e+00 -1.1944e-01 -1.7642e-01
312 +1.025567394e+00 +1.025567394e+00 +6.833055674e+02 +6.833055674e+02 +2.5022e-01 +1.6127e+00 +9.6773e-01 -1.1794e-01 -5.4817e-02
2115 +7.750156018e-01 +7.750156018e-01 +6.830550156e+02 +6.830550156e+02 +7.4585e-01 -9.1422e-01 +4.1974e+00 +2.2865e+00 +2.6324e-01
2350 +7.322745199e-01 +7.322745199e-01 +6.830122745e+02 +6.830122745e+02 +7.4820e-01 -9.1758e-01 +4.1946e+00 +2.2899e+00 +2.6597e-01
2371 +7.202352552e-01 +7.202352552e-01 +6.830002353e+02 +6.830002353e+02 +7.4592e-01 -9.1690e-01 +4.1907e+00 +2.2883e+00 +2.6827e-01
2387 +6.307882749e-01 +6.307882749e-01 +6.829107883e+02 +6.829107883e+02 +7.4811e-01 -9.1706e-01 +4.1933e+00 +2.2904e+00 +2.6747e-01
2394 +5.208895087e-01 +5.208895087e-01 +6.828008895e+02 +6.828008895e+02 +7.4796e-01 -9.1643e-01 +4.1938e+00 +2.2887e+00 +2.6726e-01
2851 +5.120461815e-01 +5.120461815e-01 +6.827920462e+02 +6.827920462e+02 +7.4808e-01 -9.1733e-01 +4.1930e+00 +2.2898e+00 +2.6775e-01
% function evaluation | noise-free fitness - Fopt (-7.168200000000e+02) | best noise-free fitness - Fopt | measured fitness | best measured fitness | x1 | x2...
1 +6.880136852e+00 +6.880136852e+00 -7.099398631e+02 -7.099398631e+02 +0.0000e+00 +0.0000e+00 +0.0000e+00 +0.0000e+00 +0.0000e+00
33 +3.009713357e+00 +3.009713357e+00 -7.138102866e+02 -7.138102866e+02 +4.2857e-02 -3.7400e-01 +3.6121e-02 -4.5895e-03 +1.6148e-01
166 +2.134252523e+00 +2.134252523e+00 -7.146857475e+02 -7.146857475e+02 +3.6485e-01 -3.5065e-01 -3.7174e-01 -2.8316e-01 +1.6271e-02
2152 +1.647243389e+00 +1.647243389e+00 -7.151727566e+02 -7.151727566e+02 +1.5661e+00 +4.9258e+00 +8.2994e-01 -7.3676e-01 +3.6356e+00
6297 +1.439265041e+00 +1.439265041e+00 -7.153807350e+02 -7.153807350e+02 -3.7085e+00 -1.0006e+00 -4.2294e-01 +4.3756e+00 +4.8502e+00
% function evaluation | noise-free fitness - Fopt (-1.000000000000e+03) | best noise-free fitness - Fopt | measured fitness | best measured fitness | x1 | x2...
1 +9.727512501e+00 +9.727512501e+00 -9.902724875e+02 -9.902724875e+02 +0.0000e+00 +0.0000e+00 +0.0000e+00 +0.0000e+00 +0.0000e+00
4 +8.404090405e+00 +8.404090405e+00 -9.915959096e+02 -9.915959096e+02 -6.3187e-02 +3.8061e-01 +1.8780e-01 -2.1009e-01 -5.7357e-02
22 +6.647227669e+00 +6.647227669e+00 -9.933527723e+02 -9.933527723e+02 +8.1474e-02 +5.5763e-01 +4.9905e-03 +9.0540e-02 -6.9024e-02
38 +4.466277215e+00 +4.466277215e+00 -9.955337228e+02 -9.955337228e+02 -1.0504e-02 +6.3811e-01 -3.0614e-01 +1.8442e-01 +1.3746e-01
97 +4.160944049e+00 +4.160944049e+00 -9.958390560e+02 -9.958390560e+02 +4.4469e-02 +1.3053e+00 +4.1702e-01 -5.9567e-01 +6.0800e-01
225 +3.535023467e+00 +3.535023467e+00 -9.964649765e+02 -9.964649765e+02 +6.0317e-02 +6.0052e-03 -3.2313e-01 -3.5480e-01 +1.5608e+00
534 +1.752802383e+00 +1.752802383e+00 -9.982471976e+02 -9.982471976e+02 -5.0162e+00 -1.6984e+00 +7.6180e-01 +4.1937e+00 -1.9509e+00
3865 +1.717521678e+00 +1.717521678e+00 -9.982824783e+02 -9.982824783e+02 -4.8127e+00 +9.0122e-01 -4.0658e+00 -2.4987e-01 +5.6585e+00
3922 +1.565819145e+00 +1.565819145e+00 -9.984341809e+02 -9.984341809e+02 -4.8169e+00 +8.9896e-01 -4.0559e+00 -2.3915e-01 +5.6735e+00
4037 +1.357179335e+00 +1.357179335e+00 -9.986428207e+02 -9.986428207e+02 -4.8103e+00 +8.9739e-01 -4.0658e+00 -2.4046e-01 +5.6708e+00
4087 +1.257320920e+00 +1.257320920e+00 -9.987426791e+02 -9.987426791e+02 -4.8115e+00 +8.9787e-01 -4.0671e+00 -2.4162e-01 +5.6680e+00
4101 +1.186430160e+00 +1.186430160e+00 -9.988135698e+02 -9.988135698e+02 -4.8117e+00 +8.9853e-01 -4.0653e+00 -2.4205e-01 +5.6687e+00
4143 +1.057129887e+00 +1.057129887e+00 -9.989428701e+02 -9.989428701e+02 -4.8114e+00 +8.9705e-01 -4.0661e+00 -2.4049e-01 +5.6711e+00
4418 +1.042353707e+00 +1.042353707e+00 -9.989576463e+02 -9.989576463e+02 -4.8116e+00 +8.9667e-01 -4.0655e+00 -2.4010e-01 +5.6721e+00
4424 +1.017272384e+00 +1.017272384e+00 -9.989827276e+02 -9.989827276e+02 -4.8115e+00 +8.9670e-01 -4.0659e+00 -2.4006e-01 +5.6719e+00
4584 +9.956528814e-01 +9.956528814e-01 -9.990043471e+02 -9.990043471e+02 -4.8116e+00 +8.9670e-01 -4.0657e+00 -2.3985e-01 +5.6721e+00
% function evaluation | noise-free fitness - Fopt (-1.000000000000e+03) | best noise-free fitness - Fopt | measured fitness | best measured fitness | x1 | x2...
1 +3.324007636e+01 +3.324007636e+01 -9.667599236e+02 -9.667599236e+02 +0.0000e+00 +0.0000e+00 +0.0000e+00 +0.0000e+00 +0.0000e+00
2 +1.139300798e+01 +1.139300798e+01 -9.886069920e+02 -9.886069920e+02 -5.8850e-02 +1.0424e-01 +3.7961e-01 -2.3527e-01 +1.2511e-01
3 +9.175213780e+00 +9.175213780e+00 -9.908247862e+02 -9.908247862e+02 -3.5834e-01 -2.1886e-01 +1.9096e-01 -3.6246e-02 +3.7184e-01
11 +7.700498034e+00 +7.700498034e+00 -9.922995020e+02 -9.922995020e+02 -2.7282e-01 -3.6949e-01 +3.2014e-01 -2.1913e-01 +2.5503e-01
21 +7.465628830e+00 +7.465628830e+00 -9.925343712e+02 -9.925343712e+02 +1.6343e-02 -6.4719e-02 +2.1903e-01 -1.6500e-01 -2.8877e-01
46 +7.211673331e+00 +7.211673331e+00 -9.927883267e+02 -9.927883267e+02 +3.3459e-01 +1.5856e-01 +4.1615e-01 -2.9913e-01 +2.1937e-01
69 +6.313362875e+00 +6.313362875e+00 -9.936866371e+02 -9.936866371e+02 +6.0007e-01 +3.0392e-02 +5.2398e-01 -3.4252e-01 +3.3515e-01
81 +5.240795674e+00 +5.240795674e+00 -9.947592043e+02 -9.947592043e+02 +6.6020e-02 +1.7407e-01 +6.9230e-01 -2.7964e-01 +4.6161e-01
83 +4.760287527e+00 +4.760287527e+00 -9.952397125e+02 -9.952397125e+02 -1.9143e-03 +1.2340e-01 +1.3441e+00 -5.5507e-01 +9.4223e-01
138 +3.957748153e+00 +3.957748153e+00 -9.960422518e+02 -9.960422518e+02 -2.7477e-02 +9.6328e-02 +9.9847e-01 -4.8711e-01 +1.3544e-01
251 +2.398430474e+00 +2.398430474e+00 -9.976015695e+02 -9.976015695e+02 +3.4454e+00 +1.4824e+00 +1.0660e+00 +3.7151e-01 +1.0347e+00
% function evaluation | noise-free fitness - Fopt (4.819000000000e+01) | best noise-free fitness - Fopt | measured fitness | best measured fitness | x1 | x2...
1 +2.404216812e+01 +2.404216812e+01 +7.223216812e+01 +7.223216812e+01 +0.0000e+00 +0.0000e+00 +0.0000e+00 +0.0000e+00 +0.0000e+00
2 +1.903855266e+01 +1.903855266e+01 +6.722855266e+01 +6.722855266e+01 +1.9371e-01 +8.8302e-03 +1.1257e-01 +4.3433e-01 +1.2117e-01
4 +1.498233914e+01 +1.498233914e+01 +6.317233914e+01 +6.317233914e+01 +1.4620e-02 +2.3259e-01 -2.3963e-01 -3.9949e-01 +1.0576e-01
5 +1.193450114e+01 +1.193450114e+01 +6.012450114e+01 +6.012450114e+01 +4.3659e-02 -2.2543e-01 -2.5857e-01 +4.9931e-01 -1.2236e-01
6 +1.055657530e+01 +1.055657530e+01 +5.874657530e+01 +5.874657530e+01 +6.8248e-01 +6.3621e-02 -3.8791e-01 +1.9661e-01 +4.3395e-02
11 +4.666317614e+00 +4.666317614e+00 +5.285631761e+01 +5.285631761e+01 +1.9316e-01 +1.6813e-01 -2.8053e-01 +3.1874e-01 +1.7887e-01
87 +4.168770215e+00 +4.168770215e+00 +5.235877022e+01 +5.235877022e+01 +2.6513e-01 -4.4475e-01 -6.3328e-01 +1.2500e+00 +3.5795e-01
102 +3.153278628e+00 +3.153278628e+00 +5.134327863e+01 +5.134327863e+01 +1.1471e-01 -6.4085e-01 -8.6088e-01 +1.0671e+00 +2.7063e-01
110 +2.330698838e+00 +2.330698838e+00 +5.052069884e+01 +5.052069884e+01 +4.9441e-01 -3.2876e-01 -7.0180e-01 +1.1294e+00 +3.3558e-01
994 +1.840609361e+00 +1.840609361e+00 +5.003060936e+01 +5.003060936e+01 +2.3255e+00 -5.7301e+00 +3.5740e+00 -7.5614e-01 +1.8496e+00
4222 +1.809649840e+00 +1.809649840e+00 +4.999964984e+01 +4.999964984e+01 +3.8326e+00 -2.5446e+00 +2.7289e+00 -5.8249e+00 -5.7537e+00
4291 +1.775193552e+00 +1.775193552e+00 +4.996519355e+01 +4.996519355e+01 +3.8326e+00 -2.5445e+00 +2.7284e+00 -5.8250e+00 -5.7537e+00
% function evaluation | noise-free fitness - Fopt (-1.071000000000e+01) | best noise-free fitness - Fopt | measured fitness | best measured fitness | x1 | x2...
1 +3.787047727e+01 +3.787047727e+01 +2.716047727e+01 +2.716047727e+01 +0.0000e+00 +0.0000e+00 +0.0000e+00 +0.0000e+00 +0.0000e+00
2 +2.364147736e+01 +2.364147736e+01 +1.293147736e+01 +1.293147736e+01 +2.6819e-01 -2.4044e-02 +4.4935e-01 +2.5632e-01 +1.1350e-01
3 +1.502580192e+01 +1.502580192e+01 +4.315801916e+00 +4.315801916e+00 -5.6232e-02 -8.8111e-02 +7.4696e-02 +4.8144e-02 -2.0546e-01
4 +8.911318617e+00 +8.911318617e+00 -1.798681383e+00 -1.798681383e+00 +1.1613e-01 +3.6698e-02 -8.2756e-02 -1.4039e-02 +3.1204e-01
13 +7.188144515e+00 +7.188144515e+00 -3.521855485e+00 -3.521855485e+00 +2.1376e-01 +8.7945e-02 -1.4135e-01 +1.5880e-02 +1.2860e-01
40 +3.181204129e+00 +3.181204129e+00 -7.528795871e+00 -7.528795871e+00 +7.5590e-02 -2.5040e-01 -1.4304e-01 +6.6032e-02 +1.4413e-01
69 +2.939801483e+00 +2.939801483e+00 -7.770198517e+00 -7.770198517e+00 +8.9515e-02 -1.6503e-01 -2.8058e-01 +9.3448e-02 +2.1372e-02
144 +2.746967050e+00 +2.746967050e+00 -7.963032950e+00 -7.963032950e+00 -2.9680e-01 -7.7584e-02 -3.5874e-01 +2.4892e-01 -1.2098e-01
394 +1.943517257e+00 +1.943517257e+00 -8.766482743e+00 -8.766482743e+00 -2.3961e-01 -1.0963e-02 -4.5972e-01 +4.6418e-01 -1.1908e-01
417 +1.685238185e+00 +1.685238185e+00 -9.024761815e+00 -9.024761815e+00 -2.2759e-01 +1.0811e-02 -4.8616e-01 +4.5407e-01 -1.1226e-01
442 +1.561165715e+00 +1.561165715e+00 -9.148834285e+00 -9.148834285e+00 -2.3766e-01 -1.3172e-03 -4.9171e-01 +4.5032e-01 -1.0914e-01
492 +1.101468532e+00 +1.101468532e+00 -9.608531468e+00 -9.608531468e+00 -2.3636e-01 -6.4979e-03 -4.8149e-01 +4.6513e-01 -1.1313e-01
545 +1.036068065e+00 +1.036068065e+00 -9.673931935e+00 -9.673931935e+00 -2.4312e-01 -9.2413e-03 -4.7200e-01 +4.7326e-01 -1.1705e-01
546 +1.007933108e+00 +1.007933108e+00 -9.702066892e+00 -9.702066892e+00 -2.4525e-01 -7.3549e-03 -4.7279e-01 +4.7248e-01 -1.1783e-01
573 +9.138774152e-01 +9.138774152e-01 -9.796122585e+00 -9.796122585e+00 -2.5127e-01 -1.6159e-02 -4.7306e-01 +4.7867e-01 -1.1722e-01
591 +8.505375542e-01 +8.505375542e-01 -9.859462446e+00 -9.859462446e+00 -2.4900e-01 -1.2329e-02 -4.7243e-01 +4.7460e-01 -1.1729e-01
633 +7.326870475e-01 +7.326870475e-01 -9.977312953e+00 -9.977312953e+00 -2.4888e-01 -1.1713e-02 -4.7345e-01 +4.7413e-01 -1.1731e-01
635 +6.638189730e-01 +6.638189730e-01 -1.004618103e+01 -1.004618103e+01 -2.4665e-01 -1.1181e-02 -4.7545e-01 +4.7430e-01 -1.1749e-01
640 +6.380100901e-01 +6.380100901e-01 -1.007198991e+01 -1.007198991e+01 -2.4608e-01 -1.0958e-02 -4.7399e-01 +4.7431e-01 -1.1777e-01
656 +5.950122280e-01 +5.950122280e-01 -1.011498777e+01 -1.011498777e+01 -2.4533e-01 -1.0748e-02 -4.7521e-01 +4.7601e-01 -1.1892e-01
678 +5.684552606e-01 +5.684552606e-01 -1.014154474e+01 -1.014154474e+01 -2.4621e-01 -1.0069e-02 -4.7481e-01 +4.7430e-01 -1.1828e-01
697 +5.360118760e-01 +5.360118760e-01 -1.017398812e+01 -1.017398812e+01 -2.4586e-01 -1.0138e-02 -4.7570e-01 +4.7419e-01 -1.1817e-01
737 +5.130915071e-01 +5.130915071e-01 -1.019690849e+01 -1.019690849e+01 -2.4565e-01 -1.0594e-02 -4.7542e-01 +4.7532e-01 -1.1860e-01
743 +5.026983521e-01 +5.026983521e-01 -1.020730165e+01 -1.020730165e+01 -2.4554e-01 -1.0292e-02 -4.7569e-01 +4.7509e-01 -1.1854e-01
763 +4.979409840e-01 +4.979409840e-01 -1.021205902e+01 -1.021205902e+01 -2.4641e-01 -1.0537e-02 -4.7505e-01 +4.7522e-01 -1.1857e-01
821 +4.832339970e-01 +4.832339970e-01 -1.022676600e+01 -1.022676600e+01 -2.4639e-01 -1.0619e-02 -4.7519e-01 +4.7519e-01 -1.1830e-01
824 +4.615267691e-01 +4.615267691e-01 -1.024847323e+01 -1.024847323e+01 -2.4612e-01 -1.0529e-02 -4.7485e-01 +4.7504e-01 -1.1846e-01
827 +4.412270561e-01 +4.412270561e-01 -1.026877294e+01 -1.026877294e+01 -2.4630e-01 -1.0774e-02 -4.7483e-01 +4.7511e-01 -1.1834e-01
894 +4.294751217e-01 +4.294751217e-01 -1.028052488e+01 -1.028052488e+01 -2.4632e-01 -1.0709e-02 -4.7497e-01 +4.7505e-01 -1.1831e-01
1052 +4.209858674e-01 +4.209858674e-01 -1.028901413e+01 -1.028901413e+01 -2.4628e-01 -1.0735e-02 -4.7520e-01 +4.7515e-01 -1.1836e-01
1383 +4.166147787e-01 +4.166147787e-01 -1.029338522e+01 -1.029338522e+01 -2.4635e-01 -1.0784e-02 -4.7514e-01 +4.7520e-01 -1.1837e-01
% function evaluation | noise-free fitness - Fopt (3.425000000000e+01) | best noise-free fitness - Fopt | measured fitness | best measured fitness | x1 | x2...
1 +1.363681284e+01 +1.363681284e+01 +4.788681284e+01 +4.788681284e+01 +0.0000e+00 +0.0000e+00 +0.0000e+00 +0.0000e+00 +0.0000e+00
4 +9.496331756e+00 +9.496331756e+00 +4.374633176e+01 +4.374633176e+01 +2.0329e-01 -2.5189e-02 -3.4902e-02 -8.7253e-02 +2.5560e-01
22 +7.735832795e+00 +7.735832795e+00 +4.198583279e+01 +4.198583279e+01 -8.8391e-02 -2.4045e-01 +3.5487e-01 +2.4693e-02 +2.2476e-01
28 +5.431587143e+00 +5.431587143e+00 +3.968158714e+01 +3.968158714e+01 +2.3796e-01 -2.4251e-02 +1.8620e-01 -9.7788e-02 +4.3983e-02
38 +2.017257107e+00 +2.017257107e+00 +3.626725711e+01 +3.626725711e+01 +3.0108e-01 -4.2781e-02 +3.1531e-01 -3.3197e-03 +2.3079e-01
248 +1.582766224e+00 +1.582766224e+00 +3.583276622e+01 +3.583276622e+01 -9.8463e-01 -3.4331e-01 -1.7522e-01 +1.4516e-01 +3.7938e-01
567 +1.479941880e+00 +1.479941880e+00 +3.572994188e+01 +3.572994188e+01 -7.7021e-01 -5.7967e-01 -2.9921e-02 -2.8701e-01 +3.4581e-01
1133 +1.183789502e+00 +1.183789502e+00 +3.543378950e+01 +3.543378950e+01 -1.0890e+00 -3.6375e-01 +2.3866e-01 -1.9127e-01 +5.0076e-01
1152 +1.034960964e+00 +1.034960964e+00 +3.528496096e+01 +3.528496096e+01 -1.0890e+00 -3.6518e-01 +2.2957e-01 -1.9615e-01 +5.0028e-01
1161 +9.443484388e-01 +9.443484388e-01 +3.519434844e+01 +3.519434844e+01 -1.0914e+00 -3.6535e-01 +2.2543e-01 -1.9940e-01 +5.0247e-01
1168 +6.495795942e-01 +6.495795942e-01 +3.489957959e+01 +3.489957959e+01 -1.0866e+00 -3.6472e-01 +2.3409e-01 -1.9319e-01 +5.0264e-01
1195 +4.657206135e-01 +4.657206135e-01 +3.471572061e+01 +3.471572061e+01 -1.0914e+00 -3.6494e-01 +2.3093e-01 -1.9621e-01 +5.0786e-01
1260 +3.658349742e-01 +3.658349742e-01 +3.461583497e+01 +3.461583497e+01 -1.0977e+00 -3.6371e-01 +2.3263e-01 -1.9726e-01 +5.1097e-01
1364 +3.448937909e-01 +3.448937909e-01 +3.459489379e+01 +3.459489379e+01 -1.0971e+00 -3.6317e-01 +2.3292e-01 -1.9690e-01 +5.1107e-01
1381 +2.978565312e-01 +2.978565312e-01 +3.454785653e+01 +3.454785653e+01 -1.0992e+00 -3.6333e-01 +2.3245e-01 -1.9726e-01 +5.1126e-01
1398 +2.766385222e-01 +2.766385222e-01 +3.452663852e+01 +3.452663852e+01 -1.0978e+00 -3.6310e-01 +2.3312e-01 -1.9638e-01 +5.1122e-01
1412 +2.442164074e-01 +2.442164074e-01 +3.449421641e+01 +3.449421641e+01 -1.0977e+00 -3.6334e-01 +2.3275e-01 -1.9668e-01 +5.1084e-01
1562 +2.379627929e-01 +2.379627929e-01 +3.448796279e+01 +3.448796279e+01 -1.0970e+00 -3.6339e-01 +2.3300e-01 -1.9631e-01 +5.1059e-01
1588 +2.340931683e-01 +2.340931683e-01 +3.448409317e+01 +3.448409317e+01 -1.0969e+00 -3.6338e-01 +2.3293e-01 -1.9633e-01 +5.1049e-01
1703 +2.281474965e-01 +2.281474965e-01 +3.447814750e+01 +3.447814750e+01 -1.0969e+00 -3.6344e-01 +2.3289e-01 -1.9637e-01 +5.1049e-01
% function evaluation | noise-free fitness - Fopt (1.134700000000e+02) | best noise-free fitness - Fopt | measured fitness | best measured fitness | x1 | x2...
1 +1.636301489e+01 +1.636301489e+01 +1.298330149e+02 +1.298330149e+02 +0.0000e+00 +0.0000e+00 +0.0000e+00 +0.0000e+00 +0.0000e+00
13 +1.338447859e+01 +1.338447859e+01 +1.268544786e+02 +1.268544786e+02 -1.9930e-01 -3.8876e-02 -1.2580e-01 +4.5846e-01 +1.5872e-01
15 +8.406589914e+00 +8.406589914e+00 +1.218765899e+02 +1.218765899e+02 -9.2157e-02 +3.0593e-02 +1.9897e-01 +1.4600e-02 +4.2962e-02
18 +6.871448455e+00 +6.871448455e+00 +1.203414485e+02 +1.203414485e+02 -1.4347e-01 -5.5636e-02 +9.7047e-02 +6.0487e-01 +8.2136e-02
47 +4.533222533e+00 +4.533222533e+00 +1.180032225e+02 +1.180032225e+02 +7.0415e-02 -9.5451e-03 +2.5337e-01 +5.5997e-01 +3.1751e-01
51 +4.043419603e+00 +4.043419603e+00 +1.175134196e+02 +1.175134196e+02 +1.7476e-01 -8.7876e-02 +1.5092e-01 +5.2376e-01 +3.4037e-01
318 +2.734230243e+00 +2.734230243e+00 +1.162042302e+02 +1.162042302e+02 +7.6878e-01 -3.5887e+00 +2.3913e-01 -2.6690e-01 +6.4732e-01
1534 +2.356951200e+00 +2.356951200e+00 +1.158269512e+02 +1.158269512e+02 +4.4510e+00 -2.8469e-02 -5.5760e-01 -2.8938e-01 +2.4431e+00
1716 +2.042739914e+00 +2.042739914e+00 +1.155127399e+02 +1.155127399e+02 +1.4990e+00 -6.5060e-03 -5.2473e-01 -2.4756e-01 +1.9798e+00
4052 +1.893739708e+00 +1.893739708e+00 +1.153637397e+02 +1.153637397e+02 +9.8710e-01 +2.3769e+00 -9.3937e-01 +3.0221e+00 +4.5835e+00
4237 +1.811510105e+00 +1.811510105e+00 +1.152815101e+02 +1.152815101e+02 +4.0824e+00 +2.4234e+00 -1.0112e+00 +3.3184e+00 +3.3113e+00
4851 +1.625050399e+00 +1.625050399e+00 +1.150950504e+02 +1.150950504e+02 +3.7444e+00 +2.5864e+00 -1.0224e+00 +3.2792e+00 +4.3309e+00
4881 +1.590029993e+00 +1.590029993e+00 +1.150600300e+02 +1.150600300e+02 +3.7457e+00 +2.5865e+00 -1.0225e+00 +3.2802e+00 +4.3292e+00
4887 +1.582399393e+00 +1.582399393e+00 +1.150523994e+02 +1.150523994e+02 +3.7449e+00 +2.5869e+00 -1.0223e+00 +3.2800e+00 +4.3283e+00
4891 +1.528916286e+00 +1.528916286e+00 +1.149989163e+02 +1.149989163e+02 +3.7437e+00 +2.5867e+00 -1.0222e+00 +3.2785e+00 +4.3291e+00
4904 +1.499035359e+00 +1.499035359e+00 +1.149690354e+02 +1.149690354e+02 +3.7414e+00 +2.5871e+00 -1.0221e+00 +3.2781e+00 +4.3285e+00
4912 +1.468472771e+00 +1.468472771e+00 +1.149384728e+02 +1.149384728e+02 +3.7438e+00 +2.5866e+00 -1.0222e+00 +3.2787e+00 +4.3291e+00
4929 +1.282559548e+00 +1.282559548e+00 +1.147525595e+02 +1.147525595e+02 +3.7442e+00 +2.5867e+00 -1.0222e+00 +3.2791e+00 +4.3295e+00
4933 +1.238287291e+00 +1.238287291e+00 +1.147082873e+02 +1.147082873e+02 +3.7452e+00 +2.5867e+00 -1.0222e+00 +3.2792e+00 +4.3304e+00
5123 +1.229447685e+00 +1.229447685e+00 +1.146994477e+02 +1.146994477e+02 +3.7442e+00 +2.5872e+00 -1.0222e+00 +3.2785e+00 +4.3307e+00
5230 +1.191656411e+00 +1.191656411e+00 +1.146616564e+02 +1.146616564e+02 +3.7448e+00 +2.5871e+00 -1.0224e+00 +3.2787e+00 +4.3308e+00
5304 +1.170249491e+00 +1.170249491e+00 +1.146402495e+02 +1.146402495e+02 +3.7452e+00 +2.5871e+00 -1.0224e+00 +3.2788e+00 +4.3311e+00
