% function evaluation | noise-free fitness - Fopt (6.870000000000e+00) | best noise-free fitness - Fopt | measured fitness | best measured fitness | x1 | x2...
1 +2.483510099e+01 +2.483510099e+01 +3.170510099e+01 +3.170510099e+01 +0.0000e+00 +0.0000e+00
4 +5.155100811e+00 +5.155100811e+00 +1.202510081e+01 +1.202510081e+01 -3.1315e-01 +5.3752e-02
38 +1.945032682e+00 +1.945032682e+00 +8.815032682e+00 +8.815032682e+00 -4.3403e-02 +2.1229e-01
729 +1.016013584e+00 +1.016013584e+00 +7.886013584e+00 +7.886013584e+00 +1.9103e+00 +1.8193e+00
% function evaluation | noise-free fitness - Fopt (1.000000000000e-02) | best noise-free fitness - Fopt | measured fitness | best measured fitness | x1 | x2...
1 +3.874812351e+01 +3.874812351e+01 +3.875812351e+01 +3.875812351e+01 +0.0000e+00 +0.0000e+00
5 +3.697390330e+01 +3.697390330e+01 +3.698390330e+01 +3.698390330e+01 -1.2578e-01 +2.6810e-01
7 +3.497280134e+01 +3.497280134e+01 +3.498280134e+01 +3.498280134e+01 +2.9475e-02 -1.6937e-01
8 +2.918615608e+01 +2.918615608e+01 +2.919615608e+01 +2.919615608e+01 -2.7815e-02 -1.5633e-01
9 +9.076092282e+00 +9.076092282e+00 +9.086092282e+00 +9.086092282e+00 -2.7849e-01 -1.9793e-01
14 +8.212872497e+00 +8.212872497e+00 +8.222872497e+00 +8.222872497e+00 -3.5663e-01 +1.6136e-01
48 +5.797153104e+00 +5.797153104e+00 +5.807153104e+00 +5.807153104e+00 -6.4553e-01 +2.5684e-01
55 +5.270007485e+00 +5.270007485e+00 +5.280007485e+00 +5.280007485e+00 -8.1648e-01 -1.3078e-01
186 +3.315200737e+00 +3.315200737e+00 +3.325200737e+00 +3.325200737e+00 -2.1452e-01 -8.7527e-01
233 +2.807366101e+00 +2.807366101e+00 +2.817366101e+00 +2.817366101e+00 +2.2634e+00 -1.1336e+00
456 +1.544003066e+00 +1.544003066e+00 +1.554003066e+00 +1.554003066e+00 +2.2220e+00 -2.1082e+00
1557 +8.952070051e-01 +8.952070051e-01 +9.052070051e-01 +9.052070051e-01 +5.1723e+00 -8.6860e-01
1693 +7.365632923e-01 +7.365632923e-01 +7.465632923e-01 +7.465632923e-01 +5.1709e+00 -8.6821e-01
1709 +5.938184383e-01 +5.938184383e-01 +6.038184383e-01 +6.038184383e-01 +5.1687e+00 -8.6793e-01
1740 +1.883547877e-01 +1.883547877e-01 +1.983547877e-01 +1.983547877e-01 +5.1676e+00 -8.6717e-01
1918 +1.423918918e-01 +1.423918918e-01 +1.523918918e-01 +1.523918918e-01 +5.1668e+00 -8.6663e-01
1949 +1.208979102e-01 +1.208979102e-01 +1.308979102e-01 +1.308979102e-01 +5.1668e+00 -8.6673e-01
1954 +9.811802483e-02 +9.811802483e-02 +1.081180248e-01 +1.081180248e-01 +5.1669e+00 -8.6675e-01
1981 +9.670189989e-02 +9.670189989e-02 +1.067018999e-01 +1.067018999e-01 +5.1669e+00 -8.6673e-01
1998 +5.006498234e-02 +5.006498234e-02 +6.006498234e-02 +6.006498234e-02 +5.1671e+00 -8.6683e-01
2115 +4.689751934e-02 +4.689751934e-02 +5.689751934e-02 +5.689751934e-02 +5.1671e+00 -8.6683e-01
2130 +4.567673113e-02 +4.567673113e-02 +5.567673113e-02 +5.567673113e-02 +5.1671e+00 -8.6683e-01
2131 +4.383098436e-02 +4.383098436e-02 +5.383098436e-02 +5.383098436e-02 +5.1671e+00 -8.6683e-01
2141 +4.106124488e-02 +4.106124488e-02 +5.106124488e-02 +5.106124488e-02 +5.1671e+00 -8.6684e-01
2158 +3.918232663e-02 +3.918232663e-02 +4.918232663e-02 +4.918232663e-02 +5.1671e+00 -8.6685e-01
2186 +3.850965287e-02 +3.850965287e-02 +4.850965287e-02 +4.850965287e-02 +5.1671e+00 -8.6685e-01
2202 +3.769243262e-02 +3.769243262e-02 +4.769243262e-02 +4.769243262e-02 +5.1671e+00 -8.6685e-01
2207 +3.580776906e-02 +3.580776906e-02 +4.580776906e-02 +4.580776906e-02 +5.1671e+00 -8.6685e-01
2212 +3.472247426e-02 +3.472247426e-02 +4.472247426e-02 +4.472247426e-02 +5.1671e+00 -8.6685e-01
2213 +3.423979542e-02 +3.423979542e-02 +4.423979542e-02 +4.423979542e-02 +5.1671e+00 -8.6685e-01
2244 +3.324919172e-02 +3.324919172e-02 +4.324919172e-02 +4.324919172e-02 +5.1671e+00 -8.6685e-01
2260 +3.306852662e-02 +3.306852662e-02 +4.306852662e-02 +4.306852662e-02 +5.1671e+00 -8.6685e-01
2270 +3.210776281e-02 +3.210776281e-02 +4.210776281e-02 +4.210776281e-02 +5.1671e+00 -8.6686e-01
2288 +3.135100154e-02 +3.135100154e-02 +4.135100154e-02 +4.135100154e-02 +5.1671e+00 -8.6685e-01
2306 +3.005883363e-02 +3.005883363e-02 +4.005883363e-02 +4.005883363e-02 +5.1671e+00 -8.6686e-01
2358 +2.866260404e-02 +2.866260404e-02 +3.866260404e-02 +3.866260404e-02 +5.1671e+00 -8.6686e-01
2487 +2.814424363e-02 +2.814424363e-02 +3.814424363e-02 +3.814424363e-02 +5.1671e+00 -8.6686e-01
% function evaluation | noise-free fitness - Fopt (-1.306100000000e+02) | best noise-free fitness - Fopt | measured fitness | best measured fitness | x1 | x2...
1 +6.063859804e+01 +6.063859804e+01 -6.997140196e+01 -6.997140196e+01 +0.0000e+00 +0.0000e+00
2 +3.183227405e+01 +3.183227405e+01 -9.877772595e+01 -9.877772595e+01 -3.6296e-01 +7.3143e-02
3 +2.538954007e+01 +2.538954007e+01 -1.052204599e+02 -1.052204599e+02 -1.7824e-01 +8.2245e-02
7 +2.346443961e+01 +2.346443961e+01 -1.071455604e+02 -1.071455604e+02 -3.6062e-01 +3.8462e-01
8 +6.679247520e+00 +6.679247520e+00 -1.239307525e+02 -1.239307525e+02 +9.1523e-02 +8.0019e-02
32 +6.320030980e+00 +6.320030980e+00 -1.242899690e+02 -1.242899690e+02 +2.8471e-01 +1.6915e-01
39 +2.972234505e+00 +2.972234505e+00 -1.276377655e+02 -1.276377655e+02 +3.2471e-01 -2.2651e-01
108 +2.685083066e+00 +2.685083066e+00 -1.279249169e+02 -1.279249169e+02 -6.4302e-02 +2.3343e+00
145 +1.175819219e+00 +1.175819219e+00 -1.294341808e+02 -1.294341808e+02 -2.2313e+00 +5.5968e+00
773 +3.723989632e-01 +3.723989632e-01 -1.302376010e+02 -1.302376010e+02 -4.1294e+00 -1.9985e+00
1174 +1.645277932e-01 +1.645277932e-01 -1.304454722e+02 -1.304454722e+02 -3.9183e+00 +1.4438e+00
% function evaluation | noise-free fitness - Fopt (-2.231200000000e+02) | best noise-free fitness - Fopt | measured fitness | best measured fitness | x1 | x2...
1 +5.548126590e+01 +5.548126590e+01 -1.676387341e+02 -1.676387341e+02 +0.0000e+00 +0.0000e+00
2 +4.295510657e+01 +4.295510657e+01 -1.801648934e+02 -1.801648934e+02 +3.3814e-01 +3.7177e-01
3 +3.103478055e+01 +3.103478055e+01 -1.920852195e+02 -1.920852195e+02 +1.3653e-01 +7.7246e-04
4 +7.414884161e+00 +7.414884161e+00 -2.157051158e+02 -2.157051158e+02 +1.1543e-01 +4.5794e-02
86 +6.920521390e+00 +6.920521390e+00 -2.161994786e+02 -2.161994786e+02 +5.3414e-02 +6.7411e-02
143 +2.821711674e+00 +2.821711674e+00 -2.202982883e+02 -2.202982883e+02 -1.5804e-02 +3.0528e-02
168 +2.117853738e+00 +2.117853738e+00 -2.210021463e+02 -2.210021463e+02 -4.5574e-02 +1.6757e-02
190 +1.716794219e+00 +1.716794219e+00 -2.214032058e+02 -2.214032058e+02 -3.7709e-02 +2.0037e-02
203 +1.654723613e+00 +1.654723613e+00 -2.214652764e+02 -2.214652764e+02 -3.5039e-02 +1.9922e-02
215 +2.623406494e-01 +2.623406494e-01 -2.228576594e+02 -2.228576594e+02 -4.2308e-02 +1.6922e-02
239 +2.022079922e-01 +2.022079922e-01 -2.229177920e+02 -2.229177920e+02 -3.9774e-02 +1.8179e-02
279 +1.428848378e-01 +1.428848378e-01 -2.229771152e+02 -2.229771152e+02 -4.0892e-02 +1.7531e-02
284 +1.109024680e-01 +1.109024680e-01 -2.230090975e+02 -2.230090975e+02 -4.1759e-02 +1.7133e-02
288 +7.169589529e-02 +7.169589529e-02 -2.230483041e+02 -2.230483041e+02 -4.1211e-02 +1.7469e-02
295 +3.740585649e-02 +3.740585649e-02 -2.230825941e+02 -2.230825941e+02 -4.1194e-02 +1.7457e-02
409 +3.413326651e-02 +3.413326651e-02 -2.230858667e+02 -2.230858667e+02 -4.0907e-02 +1.7596e-02
441 +3.365823131e-02 +3.365823131e-02 -2.230863418e+02 -2.230863418e+02 -4.0911e-02 +1.7598e-02
547 +3.234858706e-02 +3.234858706e-02 -2.230876514e+02 -2.230876514e+02 -4.0881e-02 +1.7612e-02
% function evaluation | noise-free fitness - Fopt (-4.443000000000e+01) | best noise-free fitness - Fopt | measured fitness | best measured fitness | x1 | x2...
1 +6.617331483e+01 +6.617331483e+01 +2.174331483e+01 +2.174331483e+01 +0.0000e+00 +0.0000e+00
2 +5.249880431e+01 +5.249880431e+01 +8.068804306e+00 +8.068804306e+00 +2.2746e-02 +8.3754e-02
3 +4.234698128e+01 +4.234698128e+01 -2.083018724e+00 -2.083018724e+00 -3.0454e-01 -5.9720e-02
4 +3.193480816e+01 +3.193480816e+01 -1.249519184e+01 -1.249519184e+01 -1.5632e-01 +3.9190e-01
6 +8.717490513e+00 +8.717490513e+00 -3.571250949e+01 -3.571250949e+01 +3.7147e-03 -1.7242e-01
49 +8.315923786e+00 +8.315923786e+00 -3.611407621e+01 -3.611407621e+01 +1.8851e-01 -2.6357e-01
57 +6.298655675e+00 +6.298655675e+00 -3.813134432e+01 -3.813134432e+01 -1.5011e-01 -6.0852e-01
59 +1.591897920e+00 +1.591897920e+00 -4.283810208e+01 -4.283810208e+01 -6.0454e-01 -2.1645e-02
132 +9.437061592e-01 +9.437061592e-01 -4.348629384e+01 -4.348629384e+01 +2.9153e-01 -3.7251e-01
480 +3.774687495e-01 +3.774687495e-01 -4.405253125e+01 -4.405253125e+01 -1.9994e+00 -2.1494e+00
% function evaluation | noise-free fitness - Fopt (-7.728000000000e+01) | best noise-free fitness - Fopt | measured fitness | best measured fitness | x1 | x2...
1 +2.944032037e+01 +2.944032037e+01 -4.783967963e+01 -4.783967963e+01 +0.0000e+00 +0.0000e+00
5 +2.555406162e+01 +2.555406162e+01 -5.172593838e+01 -5.172593838e+01 +1.7592e-01 +9.3764e-03
15 +8.573469212e+00 +8.573469212e+00 -6.870653079e+01 -6.870653079e+01 +3.7449e-02 -2.1453e-01
45 +7.751879116e+00 +7.751879116e+00 -6.952812088e+01 -6.952812088e+01 +3.2862e-01 -5.7388e-01
51 +6.278220398e+00 +6.278220398e+00 -7.100177960e+01 -7.100177960e+01 +8.8414e-02 -1.6621e+00
130 +4.295406895e+00 +4.295406895e+00 -7.298459311e+01 -7.298459311e+01 +2.3784e-01 +5.6364e-02
216 +3.265151563e+00 +3.265151563e+00 -7.401484844e+01 -7.401484844e+01 +8.3176e-01 -5.0156e-01
478 +3.174017291e+00 +3.174017291e+00 -7.410598271e+01 -7.410598271e+01 +6.8510e-01 -3.7564e-01
518 +1.367338258e+00 +1.367338258e+00 -7.591266174e+01 -7.591266174e+01 +1.3862e+00 -3.0893e-01
2708 +8.458834856e-01 +8.458834856e-01 -7.643411651e+01 -7.643411651e+01 -3.9343e+00 -2.6720e+00
% function evaluation | noise-free fitness - Fopt (-8.121000000000e+01) | best noise-free fitness - Fopt | measured fitness | best measured fitness | x1 | x2...
1 +6.223994933e+01 +6.223994933e+01 -1.897005067e+01 -1.897005067e+01 +0.0000e+00 +0.0000e+00
2 +2.235757093e+01 +2.235757093e+01 -5.885242907e+01 -5.885242907e+01 +5.6602e-02 -6.7504e-02
15 +1.791946229e+01 +1.791946229e+01 -6.329053771e+01 -6.329053771e+01 +1.6664e-01 -9.3146e-02
28 +6.530016005e+00 +6.530016005e+00 -7.467998399e+01 -7.467998399e+01 +1.3113e-01 -2.7879e-01
29 +5.855793426e+00 +5.855793426e+00 -7.535420657e+01 -7.535420657e+01 -1.1318e-02 +1.0187e-01
33 +1.620477945e+00 +1.620477945e+00 -7.958952205e+01 -7.958952205e+01 +1.2295e-01 -2.6285e-02
% function evaluation | noise-free fitness - Fopt (6.822800000000e+02) | best noise-free fitness - Fopt | measured fitness | best measured fitness | x1 | x2...
1 +3.232748056e+01 +3.232748056e+01 +7.146074806e+02 +7.146074806e+02 +0.0000e+00 +0.0000e+00
5 +2.681478070e+01 +2.681478070e+01 +7.090947807e+02 +7.090947807e+02 -3.0312e-01 +5.0945e-01
10 +3.995932195e+00 +3.995932195e+00 +6.862759322e+02 +6.862759322e+02 +1.0274e-01 +6.6103e-01
80 +2.175561645e+00 +2.175561645e+00 +6.844555616e+02 +6.844555616e+02 -2.9434e-01 +5.7978e-01
246 +1.436255113e+00 +1.436255113e+00 +6.837162551e+02 +6.837162551e+02 -1.8225e-01 +2.0280e-01
500 +4.191454510e-01 +4.191454510e-01 +6.826991455e+02 +6.826991455e+02 -1.0589e+00 +3.7130e-01
% function evaluation | noise-free fitness - Fopt (-7.168200000000e+02) | best noise-free fitness - Fopt | measured fitness | best measured fitness | x1 | x2...
1 +4.353177233e+01 +4.353177233e+01 -6.732882277e+02 -6.732882277e+02 +0.0000e+00 +0.0000e+00
2 +1.501247003e+01 +1.501247003e+01 -7.018075300e+02 -7.018075300e+02 -1.0572e-01 -6.0604e-02
4 +7.813149941e+00 +7.813149941e+00 -7.090068501e+02 -7.090068501e+02 -2.6934e-01 +1.3483e-01
133 +6.733464015e+00 +6.733464015e+00 -7.100865360e+02 -7.100865360e+02 -1.9787e+00 -1.0134e-01
163 +3.043957987e+00 +3.043957987e+00 -7.137760420e+02 -7.137760420e+02 -1.3473e+00 +5.1503e-02
189 +2.155861195e+00 +2.155861195e+00 -7.146641388e+02 -7.146641388e+02 -1.3284e+00 +1.6355e-01
882 +6.953906619e-01 +6.953906619e-01 -7.161246093e+02 -7.161246093e+02 +2.5205e+00 +8.1256e-01
% function evaluation | noise-free fitness - Fopt (-1.000000000000e+03) | best noise-free fitness - Fopt | measured fitness | best measured fitness | x1 | x2...
1 +4.367935968e+01 +4.367935968e+01 -9.563206403e+02 -9.563206403e+02 +0.0000e+00 +0.0000e+00
3 +1.136905316e+01 +1.136905316e+01 -9.886309468e+02 -9.886309468e+02 -2.1595e-01 +1.3950e-01
10 +7.973052156e+00 +7.973052156e+00 -9.920269478e+02 -9.920269478e+02 +1.2956e-01 +2.2443e-02
11 +7.301713143e+00 +7.301713143e+00 -9.926982869e+02 -9.926982869e+02 +2.3518e-01 +5.7534e-02
15 +6.697971946e+00 +6.697971946e+00 -9.933020281e+02 -9.933020281e+02 -1.3145e-01 +1.0978e-01
37 +6.441767191e+00 +6.441767191e+00 -9.935582328e+02 -9.935582328e+02 +1.2724e-01 +7.7081e-02
68 +3.507208797e+00 +3.507208797e+00 -9.964927912e+02 -9.964927912e+02 +2.2314e-01 +5.8468e-02
149 +2.571765812e+00 +2.571765812e+00 -9.974282342e+02 -9.974282342e+02 +1.6933e-01 +7.7215e-02
181 +1.899127930e+00 +1.899127930e+00 -9.981008721e+02 -9.981008721e+02 +1.7092e-01 +7.3681e-02
208 +1.166014224e+00 +1.166014224e+00 -9.988339858e+02 -9.988339858e+02 +1.6914e-01 +7.1453e-02
245 +8.232042568e-01 +8.232042568e-01 -9.991767957e+02 -9.991767957e+02 +1.6884e-01 +7.2951e-02
262 +3.441340386e-01 +3.441340386e-01 -9.996558660e+02 -9.996558660e+02 +1.6728e-01 +7.2244e-02
326 +1.562400553e-01 +1.562400553e-01 -9.998437599e+02 -9.998437599e+02 +1.6752e-01 +7.2112e-02
341 +1.547594248e-01 +1.547594248e-01 -9.998452406e+02 -9.998452406e+02 +1.6701e-01 +7.1764e-02
342 +1.292574491e-01 +1.292574491e-01 -9.998707426e+02 -9.998707426e+02 +1.6701e-01 +7.1658e-02
362 +6.313617483e-02 +6.313617483e-02 -9.999368638e+02 -9.999368638e+02 +1.6714e-01 +7.1654e-02
404 +5.454454486e-02 +5.454454486e-02 -9.999454555e+02 -9.999454555e+02 +1.6711e-01 +7.1688e-02
417 +2.753292612e-02 +2.753292612e-02 -9.999724671e+02 -9.999724671e+02 +1.6722e-01 +7.1759e-02
449 +2.116292898e-02 +2.116292898e-02 -9.999788371e+02 -9.999788371e+02 +1.6716e-01 +7.1715e-02
463 +1.635015048e-02 +1.635015048e-02 -9.999836498e+02 -9.999836498e+02 +1.6722e-01 +7.1798e-02
476 +4.345651842e-03 +4.345651842e-03 -9.999956543e+02 -9.999956543e+02 +1.6720e-01 +7.1767e-02
568 +4.168832305e-03 +4.168832305e-03 -9.999958312e+02 -9.999958312e+02 +1.6720e-01 +7.1766e-02
572 +3.491483830e-03 +3.491483830e-03 -9.999965085e+02 -9.999965085e+02 +1.6719e-01 +7.1761e-02
597 +3.101865404e-03 +3.101865404e-03 -9.999968981e+02 -9.999968981e+02 +1.6720e-01 +7.1767e-02
598 +8.748452968e-04 +8.748452968e-04 -9.999991252e+02 -9.999991252e+02 +1.6720e-01 +7.1766e-02
696 +7.745251668e-04 +7.745251668e-04 -9.999992255e+02 -9.999992255e+02 +1.6720e-01 +7.1766e-02
701 +6.123874764e-04 +6.123874764e-04 -9.999993876e+02 -9.999993876e+02 +1.6720e-01 +7.1767e-02
714 +4.418644899e-04 +4.418644899e-04 -9.999995581e+02 -9.999995581e+02 +1.6720e-01 +7.1766e-02
740 +4.162843030e-04 +4.162843030e-04 -9.999995837e+02 -9.999995837e+02 +1.6720e-01 +7.1767e-02
793 +2.112561087e-04 +2.112561087e-04 -9.999997887e+02 -9.999997887e+02 +1.6720e-01 +7.1767e-02
814 +9.717813464e-05 +9.717813464e-05 -9.999999028e+02 -9.999999028e+02 +1.6720e-01 +7.1767e-02
857 +4.886490603e-05 +4.886490603e-05 -9.999999511e+02 -9.999999511e+02 +1.6720e-01 +7.1767e-02
885 +1.439057610e-05 +1.439057610e-05 -9.999999856e+02 -9.999999856e+02 +1.6720e-01 +7.1767e-02
958 +9.358108059e-06 +9.358108059e-06 -9.999999906e+02 -9.999999906e+02 +1.6720e-01 +7.1767e-02
998 +6.652563798e-06 +6.652563798e-06 -9.999999933e+02 -9.999999933e+02 +1.6720e-01 +7.1767e-02
1001 +5.360806426e-06 +5.360806426e-06 -9.999999946e+02 -9.999999946e+02 +1.6720e-01 +7.1767e-02
1026 +3.591779091e-06 +3.591779091e-06 -9.999999964e+02 -9.999999964e+02 +1.6720e-01 +7.1767e-02
1076 +2.830517587e-06 +2.830517587e-06 -9.999999972e+02 -9.999999972e+02 +1.6720e-01 +7.1767e-02
1077 +2.583570222e-06 +2.583570222e-06 -9.999999974e+02 -9.999999974e+02 +1.6720e-01 +7.1767e-02
1093 +7.721723705e-07 +7.721723705e-07 -9.999999992e+02 -9.999999992e+02 +1.6720e-01 +7.1767e-02
1114 +4.216771003e-07 +4.216771003e-07 -9.999999996e+02 -9.999999996e+02 +1.6720e-01 +7.1767e-02
1126 +9.784127997e-08 +9.784127997e-08 -9.999999999e+02 -9.999999999e+02 +1.6720e-01 +7.1767e-02
1315 +5.612162113e-08 +5.612162113e-08 -9.999999999e+02 -9.999999999e+02 +1.6720e-01 +7.1767e-02
1370 +4.081562111e-08 +4.081562111e-08 -1.000000000e+03 -1.000000000e+03 +1.6720e-01 +7.1767e-02
1379 +3.354773526e-08 +3.354773526e-08 -1.000000000e+03 -1.000000000e+03 +1.6720e-01 +7.1767e-02
1385 +2.616218353e-08 +2.616218353e-08 -1.000000000e+03 -1.000000000e+03 +1.6720e-01 +7.1767e-02
1397 +1.382147730e-08 +1.382147730e-08 -1.000000000e+03 -1.000000000e+03 +1.6720e-01 +7.1767e-02
1408 +9.221594155e-09 +9.221594155e-09 -1.000000000e+03 -1.000000000e+03 +1.6720e-01 +7.1767e-02
% function evaluation | noise-free fitness - Fopt (-1.000000000000e+03) | best noise-free fitness - Fopt | measured fitness | best measured fitness | x1 | x2...
1 +8.274988012e+00 +8.274988012e+00 -9.917250120e+02 -9.917250120e+02 +0.0000e+00 +0.0000e+00
4 +4.476010876e+00 +4.476010876e+00 -9.955239891e+02 -9.955239891e+02 +1.2783e-01 -2.1864e-01
46 +3.622103141e+00 +3.622103141e+00 -9.963778969e+02 -9.963778969e+02 -9.3504e-01 +4.0680e-01
111 +3.263088157e+00 +3.263088157e+00 -9.967369118e+02 -9.967369118e+02 -4.6843e-01 -1.5360e+00
814 +1.179006359e+00 +1.179006359e+00 -9.988209936e+02 -9.988209936e+02 -4.0264e+00 -5.3042e-02
% function evaluation | noise-free fitness - Fopt (4.819000000000e+01) | best noise-free fitness - Fopt | measured fitness | best measured fitness | x1 | x2...
1 +3.295493552e+01 +3.295493552e+01 +8.114493552e+01 +8.114493552e+01 +0.0000e+00 +0.0000e+00
4 +7.009870209e+00 +7.009870209e+00 +5.519987021e+01 +5.519987021e+01 +8.9427e-02 +5.2109e-02
45 +6.863796856e+00 +6.863796856e+00 +5.505379686e+01 +5.505379686e+01 +3.8792e-01 -2.2647e-02
51 +5.277579481e+00 +5.277579481e+00 +5.346757948e+01 +5.346757948e+01 +2.7036e-01 -9.3845e-02
118 +4.099832580e+00 +4.099832580e+00 +5.228983258e+01 +5.228983258e+01 +5.2976e-01 +3.6433e-01
140 +3.690820018e+00 +3.690820018e+00 +5.188082002e+01 +5.188082002e+01 +5.9902e-01 +1.7066e-01
357 +2.132127798e+00 +2.132127798e+00 +5.032212780e+01 +5.032212780e+01 +5.1145e-01 +2.5510e-02
406 +1.818556036e+00 +1.818556036e+00 +5.000855604e+01 +5.000855604e+01 +5.1368e-01 +2.2027e-02
520 +1.601124716e+00 +1.601124716e+00 +4.979112472e+01 +4.979112472e+01 +5.7752e-01 -1.6293e-01
522 +1.442193773e+00 +1.442193773e+00 +4.963219377e+01 +4.963219377e+01 +5.7434e-01 -1.5615e-01
532 +1.189210458e+00 +1.189210458e+00 +4.937921046e+01 +4.937921046e+01 +5.7745e-01 -1.5872e-01
546 +8.348530558e-01 +8.348530558e-01 +4.902485306e+01 +4.902485306e+01 +5.7886e-01 -1.6203e-01
559 +7.234833832e-01 +7.234833832e-01 +4.891348338e+01 +4.891348338e+01 +5.7786e-01 -1.6227e-01
569 +5.741001900e-01 +5.741001900e-01 +4.876410019e+01 +4.876410019e+01 +5.7941e-01 -1.6341e-01
612 +3.699763291e-01 +3.699763291e-01 +4.855997633e+01 +4.855997633e+01 +5.7902e-01 -1.6344e-01
706 +3.188828405e-01 +3.188828405e-01 +4.850888284e+01 +4.850888284e+01 +5.7884e-01 -1.6326e-01
749 +2.088320149e-01 +2.088320149e-01 +4.839883201e+01 +4.839883201e+01 +5.7863e-01 -1.6280e-01
755 +1.528555866e-01 +1.528555866e-01 +4.834285559e+01 +4.834285559e+01 +5.7850e-01 -1.6266e-01
773 +6.120870137e-02 +6.120870137e-02 +4.825120870e+01 +4.825120870e+01 +5.7823e-01 -1.6204e-01
778 +5.720490707e-02 +5.720490707e-02 +4.824720491e+01 +4.824720491e+01 +5.7833e-01 -1.6222e-01
941 +5.582414652e-02 +5.582414652e-02 +4.824582415e+01 +4.824582415e+01 +5.7841e-01 -1.6227e-01
950 +5.328915595e-02 +5.328915595e-02 +4.824328916e+01 +4.824328916e+01 +5.7836e-01 -1.6227e-01
960 +3.869278773e-02 +3.869278773e-02 +4.822869279e+01 +4.822869279e+01 +5.7823e-01 -1.6200e-01
1045 +3.127323533e-02 +3.127323533e-02 +4.822127324e+01 +4.822127324e+01 +5.7825e-01 -1.6203e-01
1057 +2.418175997e-02 +2.418175997e-02 +4.821418176e+01 +4.821418176e+01 +5.7827e-01 -1.6205e-01
1068 +1.796915147e-02 +1.796915147e-02 +4.820796915e+01 +4.820796915e+01 +5.7827e-01 -1.6207e-01
1098 +1.643961059e-02 +1.643961059e-02 +4.820643961e+01 +4.820643961e+01 +5.7829e-01 -1.6207e-01
1110 +1.620776575e-02 +1.620776575e-02 +4.820620777e+01 +4.820620777e+01 +5.7830e-01 -1.6209e-01
1122 +1.398932603e-02 +1.398932603e-02 +4.820398933e+01 +4.820398933e+01 +5.7828e-01 -1.6207e-01
1128 +6.088544340e-03 +6.088544340e-03 +4.819608854e+01 +4.819608854e+01 +5.7830e-01 -1.6211e-01
1142 +3.412181635e-03 +3.412181635e-03 +4.819341218e+01 +4.819341218e+01 +5.7830e-01 -1.6210e-01
1184 +2.273732104e-03 +2.273732104e-03 +4.819227373e+01 +4.819227373e+01 +5.7830e-01 -1.6211e-01
1212 +2.017736308e-03 +2.017736308e-03 +4.819201774e+01 +4.819201774e+01 +5.7830e-01 -1.6211e-01
1254 +1.909258273e-03 +1.909258273e-03 +4.819190926e+01 +4.819190926e+01 +5.7830e-01 -1.6211e-01
1261 +1.437934831e-03 +1.437934831e-03 +4.819143793e+01 +4.819143793e+01 +5.7830e-01 -1.6211e-01
1269 +1.263982044e-03 +1.263982044e-03 +4.819126398e+01 +4.819126398e+01 +5.7830e-01 -1.6211e-01
1304 +5.584489259e-04 +5.584489259e-04 +4.819055845e+01 +4.819055845e+01 +5.7830e-01 -1.6211e-01
1322 +3.804951988e-04 +3.804951988e-04 +4.819038050e+01 +4.819038050e+01 +5.7830e-01 -1.6211e-01
1328 +3.076323015e-04 +3.076323015e-04 +4.819030763e+01 +4.819030763e+01 +5.7830e-01 -1.6211e-01
1364 +2.873243021e-04 +2.873243021e-04 +4.819028732e+01 +4.819028732e+01 +5.7830e-01 -1.6211e-01
1398 +2.180879348e-04 +2.180879348e-04 +4.819021809e+01 +4.819021809e+01 +5.7830e-01 -1.6211e-01
1423 +1.107052277e-04 +1.107052277e-04 +4.819011071e+01 +4.819011071e+01 +5.7830e-01 -1.6211e-01
1463 +1.062263295e-04 +1.062263295e-04 +4.819010623e+01 +4.819010623e+01 +5.7830e-01 -1.6211e-01
1492 +1.046300481e-04 +1.046300481e-04 +4.819010463e+01 +4.819010463e+01 +5.7830e-01 -1.6211e-01
1504 +1.021059609e-04 +1.021059609e-04 +4.819010211e+01 +4.819010211e+01 +5.7830e-01 -1.6211e-01
1508 +9.717414346e-05 +9.717414346e-05 +4.819009717e+01 +4.819009717e+01 +5.7830e-01 -1.6211e-01
1514 +8.054880079e-05 +8.054880079e-05 +4.819008055e+01 +4.819008055e+01 +5.7830e-01 -1.6211e-01
1549 +7.558975592e-05 +7.558975592e-05 +4.819007559e+01 +4.819007559e+01 +5.7830e-01 -1.6211e-01
1550 +6.228567168e-05 +6.228567168e-05 +4.819006229e+01 +4.819006229e+01 +5.7830e-01 -1.6211e-01
1604 +4.329102651e-05 +4.329102651e-05 +4.819004329e+01 +4.819004329e+01 +5.7830e-01 -1.6211e-01
1608 +4.096854283e-05 +4.096854283e-05 +4.819004097e+01 +4.819004097e+01 +5.7830e-01 -1.6211e-01
1615 +1.069704530e-05 +1.069704530e-05 +4.819001070e+01 +4.819001070e+01 +5.7830e-01 -1.6211e-01
1693 +6.318365379e-06 +6.318365379e-06 +4.819000632e+01 +4.819000632e+01 +5.7830e-01 -1.6211e-01
1694 +2.593971615e-06 +2.593971615e-06 +4.819000259e+01 +4.819000259e+01 +5.7830e-01 -1.6211e-01
1775 +1.439937172e-06 +1.439937172e-06 +4.819000144e+01 +4.819000144e+01 +5.7830e-01 -1.6211e-01
1820 +8.128460394e-07 +8.128460394e-07 +4.819000081e+01 +4.819000081e+01 +5.7830e-01 -1.6211e-01
1854 +6.650351949e-07 +6.650351949e-07 +4.819000067e+01 +4.819000067e+01 +5.7830e-01 -1.6211e-01
1857 +3.271878839e-07 +3.271878839e-07 +4.819000033e+01 +4.819000033e+01 +5.7830e-01 -1.6211e-01
1904 +3.095894385e-07 +3.095894385e-07 +4.819000031e+01 +4.819000031e+01 +5.7830e-01 -1.6211e-01
1907 +9.447380478e-08 +9.447380478e-08 +4.819000009e+01 +4.819000009e+01 +5.7830e-01 -1.6211e-01
1981 +8.682248165e-08 +8.682248165e-08 +4.819000009e+01 +4.819000009e+01 +5.7830e-01 -1.6211e-01
1996 +6.824238596e-08 +6.824238596e-08 +4.819000007e+01 +4.819000007e+01 +5.7830e-01 -1.6211e-01
2027 +2.639286123e-08 +2.639286123e-08 +4.819000003e+01 +4.819000003e+01 +5.7830e-01 -1.6211e-01
2134 +2.519037423e-08 +2.519037423e-08 +4.819000003e+01 +4.819000003e+01 +5.7830e-01 -1.6211e-01
2139 +2.398294185e-08 +2.398294185e-08 +4.819000002e+01 +4.819000002e+01 +5.7830e-01 -1.6211e-01
2140 +1.964309604e-08 +1.964309604e-08 +4.819000002e+01 +4.819000002e+01 +5.7830e-01 -1.6211e-01
2142 +1.430613139e-08 +1.430613139e-08 +4.819000001e+01 +4.819000001e+01 +5.7830e-01 -1.6211e-01
2158 +9.690417357e-09 +9.690417357e-09 +4.819000001e+01 +4.819000001e+01 +5.7830e-01 -1.6211e-01
2855 +0.000000000e+00 +0.000000000e+00 +4.819000000e+01 +4.819000000e+01 +5.7830e-01 -1.6211e-01
% function evaluation | noise-free fitness - Fopt (-1.071000000000e+01) | best noise-free fitness - Fopt | measured fitness | best measured fitness | x1 | x2...
1 +4.685281813e+01 +4.685281813e+01 +3.614281813e+01 +3.614281813e+01 +0.0000e+00 +0.0000e+00
2 +1.156288269e+01 +1.156288269e+01 +8.528826857e-01 +8.528826857e-01 -3.9103e-02 -8.2077e-02
4 +2.970016205e+00 +2.970016205e+00 -7.739983795e+00 -7.739983795e+00 +1.0238e-01 +1.6240e-02
96 +1.592682412e+00 +1.592682412e+00 -9.117317588e+00 -9.117317588e+00 +6.0367e-01 +9.4710e-02
% function evaluation | noise-free fitness - Fopt (3.425000000000e+01) | best noise-free fitness - Fopt | measured fitness | best measured fitness | x1 | x2...
1 +3.335956780e+01 +3.335956780e+01 +6.760956780e+01 +6.760956780e+01 +0.0000e+00 +0.0000e+00
3 +3.128092607e+01 +3.128092607e+01 +6.553092607e+01 +6.553092607e+01 -3.5886e-03 +1.2032e-01
4 +1.982947161e+01 +1.982947161e+01 +5.407947161e+01 +5.407947161e+01 +1.7324e-01 -2.6774e-01
5 +1.897562362e+01 +1.897562362e+01 +5.322562362e+01 +5.322562362e+01 -2.1539e-01 -1.9198e-01
7 +6.198473697e+00 +6.198473697e+00 +4.044847370e+01 +4.044847370e+01 -1.2326e-01 +1.1900e-01
17 +5.742340138e+00 +5.742340138e+00 +3.999234014e+01 +3.999234014e+01 -3.4889e-01 +1.5890e-01
31 +6.856531647e-01 +6.856531647e-01 +3.493565316e+01 +3.493565316e+01 -6.9506e-02 -3.8786e-01
773 +5.903297527e-01 +5.903297527e-01 +3.484032975e+01 +3.484032975e+01 +1.8108e-03 -2.7083e+00
801 +4.692423936e-01 +4.692423936e-01 +3.471924239e+01 +3.471924239e+01 +1.7709e-03 -2.7095e+00
807 +4.571498723e-01 +4.571498723e-01 +3.470714987e+01 +3.470714987e+01 +1.1860e-03 -2.7061e+00
816 +3.907803645e-01 +3.907803645e-01 +3.464078036e+01 +3.464078036e+01 +1.6928e-03 -2.7085e+00
822 +2.800299428e-01 +2.800299428e-01 +3.453002994e+01 +3.453002994e+01 +1.6172e-03 -2.7079e+00
840 +2.664733803e-01 +2.664733803e-01 +3.451647338e+01 +3.451647338e+01 +1.6429e-03 -2.7091e+00
841 +2.562100595e-01 +2.562100595e-01 +3.450621006e+01 +3.450621006e+01 +1.4281e-03 -2.7089e+00
849 +2.211261665e-01 +2.211261665e-01 +3.447112617e+01 +3.447112617e+01 +1.5834e-03 -2.7077e+00
857 +8.158394597e-02 +8.158394597e-02 +3.433158395e+01 +3.433158395e+01 +1.4437e-03 -2.7081e+00
889 +6.497181443e-02 +6.497181443e-02 +3.431497181e+01 +3.431497181e+01 +1.4487e-03 -2.7078e+00
902 +4.848030131e-02 +4.848030131e-02 +3.429848030e+01 +3.429848030e+01 +1.4953e-03 -2.7078e+00
907 +4.480272031e-02 +4.480272031e-02 +3.429480272e+01 +3.429480272e+01 +1.4585e-03 -2.7079e+00
914 +2.669920512e-02 +2.669920512e-02 +3.427669921e+01 +3.427669921e+01 +1.4659e-03 -2.7077e+00
935 +1.809730783e-02 +1.809730783e-02 +3.426809731e+01 +3.426809731e+01 +1.4829e-03 -2.7079e+00
938 +1.613378505e-02 +1.613378505e-02 +3.426613379e+01 +3.426613379e+01 +1.4819e-03 -2.7078e+00
946 +1.476240857e-02 +1.476240857e-02 +3.426476241e+01 +3.426476241e+01 +1.4759e-03 -2.7079e+00
958 +6.054792173e-03 +6.054792173e-03 +3.425605479e+01 +3.425605479e+01 +1.4771e-03 -2.7079e+00
1058 +1.864612442e-03 +1.864612442e-03 +3.425186461e+01 +3.425186461e+01 +1.4759e-03 -2.7078e+00
1113 +1.567962892e-03 +1.567962892e-03 +3.425156796e+01 +3.425156796e+01 +1.4767e-03 -2.7078e+00
1144 +1.900822253e-04 +1.900822253e-04 +3.425019008e+01 +3.425019008e+01 +1.4762e-03 -2.7078e+00
1198 +1.257081742e-04 +1.257081742e-04 +3.425012571e+01 +3.425012571e+01 +1.4762e-03 -2.7078e+00
1322 +8.353611422e-05 +8.353611422e-05 +3.425008354e+01 +3.425008354e+01 +1.4762e-03 -2.7078e+00
1341 +7.521681475e-05 +7.521681475e-05 +3.425007522e+01 +3.425007522e+01 +1.4762e-03 -2.7078e+00
1364 +1.210742148e-05 +1.210742148e-05 +3.425001211e+01 +3.425001211e+01 +1.4762e-03 -2.7078e+00
1417 +2.937401462e-06 +2.937401462e-06 +3.425000294e+01 +3.425000294e+01 +1.4762e-03 -2.7078e+00
1462 +2.050916251e-06 +2.050916251e-06 +3.425000205e+01 +3.425000205e+01 +1.4762e-03 -2.7078e+00
1467 +1.582158525e-06 +1.582158525e-06 +3.425000158e+01 +3.425000158e+01 +1.4762e-03 -2.7078e+00
1489 +1.213191453e-06 +1.213191453e-06 +3.425000121e+01 +3.425000121e+01 +1.4762e-03 -2.7078e+00
1501 +8.604427393e-07 +8.604427393e-07 +3.425000086e+01 +3.425000086e+01 +1.4762e-03 -2.7078e+00
1519 +7.647835005e-07 +7.647835005e-07 +3.425000076e+01 +3.425000076e+01 +1.4762e-03 -2.7078e+00
1524 +2.669385637e-07 +2.669385637e-07 +3.425000027e+01 +3.425000027e+01 +1.4762e-03 -2.7078e+00
1541 +2.210031127e-07 +2.210031127e-07 +3.425000022e+01 +3.425000022e+01 +1.4762e-03 -2.7078e+00
1546 +1.946240360e-07 +1.946240360e-07 +3.425000019e+01 +3.425000019e+01 +1.4762e-03 -2.7078e+00
1555 +1.519718609e-07 +1.519718609e-07 +3.425000015e+01 +3.425000015e+01 +1.4762e-03 -2.7078e+00
1566 +1.108485890e-07 +1.108485890e-07 +3.425000011e+01 +3.425000011e+01 +1.4762e-03 -2.7078e+00
1580 +6.217797477e-08 +6.217797477e-08 +3.425000006e+01 +3.425000006e+01 +1.4762e-03 -2.7078e+00
1586 +4.369098860e-08 +4.369098860e-08 +3.425000004e+01 +3.425000004e+01 +1.4762e-03 -2.7078e+00
1604 +3.385366654e-08 +3.385366654e-08 +3.425000003e+01 +3.425000003e+01 +1.4762e-03 -2.7078e+00
1608 +2.378406805e-08 +2.378406805e-08 +3.425000002e+01 +3.425000002e+01 +1.4762e-03 -2.7078e+00
1666 +9.516583077e-10 +9.516583077e-10 +3.425000000e+01 +3.425000000e+01 +1.4762e-03 -2.7078e+00
1976 +0.000000000e+00 +0.000000000e+00 +3.425000000e+01 +3.425000000e+01 +1.4762e-03 -2.7078e+00
% function evaluation | noise-free fitness - Fopt (1.134700000000e+02) | best noise-free fitness - Fopt | measured fitness | best measured fitness | x1 | x2...
1 +3.134962723e+01 +3.134962723e+01 +1.448196272e+02 +1.448196272e+02 +0.0000e+00 +0.0000e+00
9 +1.814837160e+01 +1.814837160e+01 +1.316183716e+02 +1.316183716e+02 -1.5732e-01 +6.2236e-03
14 +7.700029910e+00 +7.700029910e+00 +1.211700299e+02 +1.211700299e+02 -1.1898e-01 -1.0657e-01
34 +5.685842483e+00 +5.685842483e+00 +1.191558425e+02 +1.191558425e+02 -3.2660e-01 +8.0403e-04
50 +2.646583955e+00 +2.646583955e+00 +1.161165840e+02 +1.161165840e+02 -4.5286e-01 +3.6309e-02
89 +2.092056428e+00 +2.092056428e+00 +1.155620564e+02 +1.155620564e+02 -3.4935e-01 -1.2218e-02
99 +1.284763491e+00 +1.284763491e+00 +1.147547635e+02 +1.147547635e+02 -3.4091e-01 -9.1053e-03
108 +8.597513889e-01 +8.597513889e-01 +1.143297514e+02 +1.143297514e+02 -3.4287e-01 -9.8419e-03
127 +4.556219753e-01 +4.556219753e-01 +1.139256220e+02 +1.139256220e+02 -3.4217e-01 -7.9925e-03
162 +3.440016921e-01 +3.440016921e-01 +1.138140017e+02 +1.138140017e+02 -3.4391e-01 -9.6366e-03
178 +2.503763211e-01 +2.503763211e-01 +1.137203763e+02 +1.137203763e+02 -3.4421e-01 -9.6939e-03
182 +2.428935159e-01 +2.428935159e-01 +1.137128935e+02 +1.137128935e+02 -3.4383e-01 -9.2015e-03
264 +2.232472023e-01 +2.232472023e-01 +1.136932472e+02 +1.136932472e+02 -3.4405e-01 -9.5800e-03
266 +2.132278618e-01 +2.132278618e-01 +1.136832279e+02 +1.136832279e+02 -3.4399e-01 -9.4447e-03
304 +1.818817544e-01 +1.818817544e-01 +1.136518818e+02 +1.136518818e+02 -3.4396e-01 -9.4942e-03
336 +1.724781890e-01 +1.724781890e-01 +1.136424782e+02 +1.136424782e+02 -3.4384e-01 -9.4205e-03
366 +1.308363305e-01 +1.308363305e-01 +1.136008363e+02 +1.136008363e+02 -3.4379e-01 -9.3520e-03
385 +1.200510780e-01 +1.200510780e-01 +1.135900511e+02 +1.135900511e+02 -3.4363e-01 -9.2666e-03
395 +1.079514252e-01 +1.079514252e-01 +1.135779514e+02 +1.135779514e+02 -3.4371e-01 -9.2853e-03
411 +9.124940045e-02 +9.124940045e-02 +1.135612494e+02 +1.135612494e+02 -3.4365e-01 -9.2536e-03
436 +6.730269582e-02 +6.730269582e-02 +1.135373027e+02 +1.135373027e+02 -3.4356e-01 -9.1854e-03
464 +6.340863904e-02 +6.340863904e-02 +1.135334086e+02 +1.135334086e+02 -3.4355e-01 -9.1697e-03
468 +4.468520916e-02 +4.468520916e-02 +1.135146852e+02 +1.135146852e+02 -3.4343e-01 -9.0991e-03
474 +2.941957850e-02 +2.941957850e-02 +1.134994196e+02 +1.134994196e+02 -3.4343e-01 -9.0863e-03
496 +2.198369202e-02 +2.198369202e-02 +1.134919837e+02 +1.134919837e+02 -3.4339e-01 -9.0640e-03
509 +1.666643451e-02 +1.666643451e-02 +1.134866664e+02 +1.134866664e+02 -3.4331e-01 -8.9963e-03
521 +4.560340921e-03 +4.560340921e-03 +1.134745603e+02 +1.134745603e+02 -3.4335e-01 -9.0236e-03
586 +4.021321681e-03 +4.021321681e-03 +1.134740213e+02 +1.134740213e+02 -3.4335e-01 -9.0242e-03
604 +3.280565786e-03 +3.280565786e-03 +1.134732806e+02 +1.134732806e+02 -3.4335e-01 -9.0230e-03
608 +2.818009021e-03 +2.818009021e-03 +1.134728180e+02 +1.134728180e+02 -3.4335e-01 -9.0262e-03
622 +1.667895751e-03 +1.667895751e-03 +1.134716679e+02 +1.134716679e+02 -3.4335e-01 -9.0265e-03
668 +8.698175144e-04 +8.698175144e-04 +1.134708698e+02 +1.134708698e+02 -3.4335e-01 -9.0276e-03
675 +7.950913459e-04 +7.950913459e-04 +1.134707951e+02 +1.134707951e+02 -3.4335e-01 -9.0283e-03
690 +7.196520054e-04 +7.196520054e-04 +1.134707197e+02 +1.134707197e+02 -3.4335e-01 -9.0280e-03
700 +6.203638009e-04 +6.203638009e-04 +1.134706204e+02 +1.134706204e+02 -3.4335e-01 -9.0278e-03
722 +2.495150653e-04 +2.495150653e-04 +1.134702495e+02 +1.134702495e+02 -3.4335e-01 -9.0282e-03
739 +2.135577066e-04 +2.135577066e-04 +1.134702136e+02 +1.134702136e+02 -3.4335e-01 -9.0282e-03
785 +1.880694084e-04 +1.880694084e-04 +1.134701881e+02 +1.134701881e+02 -3.4335e-01 -9.0283e-03
792 +1.501691791e-04 +1.501691791e-04 +1.134701502e+02 +1.134701502e+02 -3.4335e-01 -9.0283e-03
793 +1.016401244e-04 +1.016401244e-04 +1.134701016e+02 +1.134701016e+02 -3.4335e-01 -9.0284e-03
859 +7.468130840e-05 +7.468130840e-05 +1.134700747e+02 +1.134700747e+02 -3.4335e-01 -9.0284e-03
874 +2.281054175e-05 +2.281054175e-05 +1.134700228e+02 +1.134700228e+02 -3.4335e-01 -9.0284e-03
945 +9.447779462e-06 +9.447779462e-06 +1.134700094e+02 +1.134700094e+02 -3.4335e-01 -9.0285e-03
966 +7.791238460e-06 +7.791238460e-06 +1.134700078e+02 +1.134700078e+02 -3.4335e-01 -9.0284e-03
974 +7.250623995e-06 +7.250623995e-06 +1.134700073e+02 +1.134700073e+02 -3.4335e-01 -9.0284e-03
980 +7.141193819e-06 +7.141193819e-06 +1.134700071e+02 +1.134700071e+02 -3.4335e-01 -9.0284e-03
988 +6.908947114e-06 +6.908947114e-06 +1.134700069e+02 +1.134700069e+02 -3.4335e-01 -9.0284e-03
994 +5.209011263e-06 +5.209011263e-06 +1.134700052e+02 +1.134700052e+02 -3.4335e-01 -9.0284e-03
1079 +4.977526629e-06 +4.977526629e-06 +1.134700050e+02 +1.134700050e+02 -3.4335e-01 -9.0284e-03
1100 +4.887097290e-06 +4.887097290e-06 +1.134700049e+02 +1.134700049e+02 -3.4335e-01 -9.0284e-03
1120 +4.756699724e-06 +4.756699724e-06 +1.134700048e+02 +1.134700048e+02 -3.4335e-01 -9.0284e-03
1199 +4.666426122e-06 +4.666426122e-06 +1.134700047e+02 +1.134700047e+02 -3.4335e-01 -9.0284e-03
1249 +4.542349927e-06 +4.542349927e-06 +1.134700045e+02 +1.134700045e+02 -3.4335e-01 -9.0284e-03
1282 +4.414907991e-06 +4.414907991e-06 +1.134700044e+02 +1.134700044e+02 -3.4335e-01 -9.0284e-03
1293 +4.281573680e-06 +4.281573680e-06 +1.134700043e+02 +1.134700043e+02 -3.4335e-01 -9.0284e-03
1314 +4.152878418e-06 +4.152878418e-06 +1.134700042e+02 +1.134700042e+02 -3.4335e-01 -9.0284e-03
1354 +4.049934716e-06 +4.049934716e-06 +1.134700040e+02 +1.134700040e+02 -3.4335e-01 -9.0284e-03
1355 +3.926049189e-06 +3.926049189e-06 +1.134700039e+02 +1.134700039e+02 -3.4335e-01 -9.0284e-03
1376 +3.537628160e-06 +3.537628160e-06 +1.134700035e+02 +1.134700035e+02 -3.4335e-01 -9.0284e-03
1447 +3.300641794e-06 +3.300641794e-06 +1.134700033e+02 +1.134700033e+02 -3.4335e-01 -9.0285e-03
1483 +3.217211272e-06 +3.217211272e-06 +1.134700032e+02 +1.134700032e+02 -3.4335e-01 -9.0285e-03
1497 +3.125695258e-06 +3.125695258e-06 +1.134700031e+02 +1.134700031e+02 -3.4335e-01 -9.0285e-03
