% function evaluation | noise-free fitness - Fopt (6.870000000000e+00) | best noise-free fitness - Fopt | measured fitness | best measured fitness | x1 | x2...
1 +1.054960818e+01 +1.054960818e+01 +1.741960818e+01 +1.741960818e+01
6 +7.420585659e+00 +7.420585659e+00 +1.429058566e+01 +1.429058566e+01
28 +6.156604318e+00 +6.156604318e+00 +1.302660432e+01 +1.302660432e+01
661 +5.927034557e+00 +5.927034557e+00 +1.279703456e+01 +1.279703456e+01
921 +5.663663898e+00 +5.663663898e+00 +1.253366390e+01 +1.253366390e+01
1374 +5.033825738e+00 +5.033825738e+00 +1.190382574e+01 +1.190382574e+01
1814 +4.969477555e+00 +4.969477555e+00 +1.183947755e+01 +1.183947755e+01
2339 +4.664621448e+00 +4.664621448e+00 +1.153462145e+01 +1.153462145e+01
4415 +4.512359963e+00 +4.512359963e+00 +1.138235996e+01 +1.138235996e+01
23527 +4.151205200e+00 +4.151205200e+00 +1.102120520e+01 +1.102120520e+01
23826 +4.057461260e+00 +4.057461260e+00 +1.092746126e+01 +1.092746126e+01
24838 +3.959558101e+00 +3.959558101e+00 +1.082955810e+01 +1.082955810e+01
24877 +3.826613670e+00 +3.826613670e+00 +1.069661367e+01 +1.069661367e+01
24978 +3.767103971e+00 +3.767103971e+00 +1.063710397e+01 +1.063710397e+01
25055 +3.696120248e+00 +3.696120248e+00 +1.056612025e+01 +1.056612025e+01
25154 +3.581151333e+00 +3.581151333e+00 +1.045115133e+01 +1.045115133e+01
25219 +3.545435516e+00 +3.545435516e+00 +1.041543552e+01 +1.041543552e+01
25648 +3.459964422e+00 +3.459964422e+00 +1.032996442e+01 +1.032996442e+01
25703 +3.362444797e+00 +3.362444797e+00 +1.023244480e+01 +1.023244480e+01
26350 +3.305421134e+00 +3.305421134e+00 +1.017542113e+01 +1.017542113e+01
27689 +3.234641659e+00 +3.234641659e+00 +1.010464166e+01 +1.010464166e+01
% function evaluation | noise-free fitness - Fopt (1.000000000000e-02) | best noise-free fitness - Fopt | measured fitness | best measured fitness | x1 | x2...
1 +1.185308916e+01 +1.185308916e+01 +1.186308916e+01 +1.186308916e+01
17 +1.157349579e+01 +1.157349579e+01 +1.158349579e+01 +1.158349579e+01
18 +1.041872545e+01 +1.041872545e+01 +1.042872545e+01 +1.042872545e+01
19 +9.174376639e+00 +9.174376639e+00 +9.184376639e+00 +9.184376639e+00
28 +9.001968454e+00 +9.001968454e+00 +9.011968454e+00 +9.011968454e+00
82 +7.287718951e+00 +7.287718951e+00 +7.297718951e+00 +7.297718951e+00
111 +7.079043633e+00 +7.079043633e+00 +7.089043633e+00 +7.089043633e+00
117 +6.541619975e+00 +6.541619975e+00 +6.551619975e+00 +6.551619975e+00
169 +6.151068084e+00 +6.151068084e+00 +6.161068084e+00 +6.161068084e+00
196 +5.939638254e+00 +5.939638254e+00 +5.949638254e+00 +5.949638254e+00
521 +5.589873000e+00 +5.589873000e+00 +5.599873000e+00 +5.599873000e+00
548 +5.017277293e+00 +5.017277293e+00 +5.027277293e+00 +5.027277293e+00
653 +3.761373945e+00 +3.761373945e+00 +3.771373945e+00 +3.771373945e+00
19072 +3.305058287e+00 +3.305058287e+00 +3.315058287e+00 +3.315058287e+00
19195 +2.885967010e+00 +2.885967010e+00 +2.895967010e+00 +2.895967010e+00
19258 +2.651428205e+00 +2.651428205e+00 +2.661428205e+00 +2.661428205e+00
19269 +2.620680093e+00 +2.620680093e+00 +2.630680093e+00 +2.630680093e+00
19277 +2.320584898e+00 +2.320584898e+00 +2.330584898e+00 +2.330584898e+00
19993 +2.239822149e+00 +2.239822149e+00 +2.249822149e+00 +2.249822149e+00
20050 +2.144706877e+00 +2.144706877e+00 +2.154706877e+00 +2.154706877e+00
20071 +1.713097289e+00 +1.713097289e+00 +1.723097289e+00 +1.723097289e+00
20306 +1.649630825e+00 +1.649630825e+00 +1.659630825e+00 +1.659630825e+00
20372 +1.438399362e+00 +1.438399362e+00 +1.448399362e+00 +1.448399362e+00
20508 +1.320329655e+00 +1.320329655e+00 +1.330329655e+00 +1.330329655e+00
20577 +1.261754538e+00 +1.261754538e+00 +1.271754538e+00 +1.271754538e+00
20706 +1.258911724e+00 +1.258911724e+00 +1.268911724e+00 +1.268911724e+00
20747 +1.183057785e+00 +1.183057785e+00 +1.193057785e+00 +1.193057785e+00
21309 +1.158103755e+00 +1.158103755e+00 +1.168103755e+00 +1.168103755e+00
21313 +1.144894287e+00 +1.144894287e+00 +1.154894287e+00 +1.154894287e+00
21318 +1.114751099e+00 +1.114751099e+00 +1.124751099e+00 +1.124751099e+00
21341 +1.084628259e+00 +1.084628259e+00 +1.094628259e+00 +1.094628259e+00
21426 +1.049942705e+00 +1.049942705e+00 +1.059942705e+00 +1.059942705e+00
21447 +1.031082878e+00 +1.031082878e+00 +1.041082878e+00 +1.041082878e+00
21479 +1.015385324e+00 +1.015385324e+00 +1.025385324e+00 +1.025385324e+00
21491 +9.964151494e-01 +9.964151494e-01 +1.006415149e+00 +1.006415149e+00
21551 +9.753912601e-01 +9.753912601e-01 +9.853912601e-01 +9.853912601e-01
21690 +9.475587013e-01 +9.475587013e-01 +9.575587013e-01 +9.575587013e-01
21713 +9.265754900e-01 +9.265754900e-01 +9.365754900e-01 +9.365754900e-01
21853 +8.993358514e-01 +8.993358514e-01 +9.093358514e-01 +9.093358514e-01
21920 +8.850083523e-01 +8.850083523e-01 +8.950083523e-01 +8.950083523e-01
22219 +8.680347179e-01 +8.680347179e-01 +8.780347179e-01 +8.780347179e-01
22572 +8.482680203e-01 +8.482680203e-01 +8.582680203e-01 +8.582680203e-01
23080 +8.309067164e-01 +8.309067164e-01 +8.409067164e-01 +8.409067164e-01
% function evaluation | noise-free fitness - Fopt (-1.306100000000e+02) | best noise-free fitness - Fopt | measured fitness | best measured fitness | x1 | x2...
1 +1.451380668e+01 +1.451380668e+01 -1.160961933e+02 -1.160961933e+02
5 +1.110309651e+01 +1.110309651e+01 -1.195069035e+02 -1.195069035e+02
7 +1.045169742e+01 +1.045169742e+01 -1.201583026e+02 -1.201583026e+02
10 +9.015844524e+00 +9.015844524e+00 -1.215941555e+02 -1.215941555e+02
11 +8.031958127e+00 +8.031958127e+00 -1.225780419e+02 -1.225780419e+02
63 +7.468494446e+00 +7.468494446e+00 -1.231415056e+02 -1.231415056e+02
94 +6.376279183e+00 +6.376279183e+00 -1.242337208e+02 -1.242337208e+02
125 +5.485214199e+00 +5.485214199e+00 -1.251247858e+02 -1.251247858e+02
615 +4.942734614e+00 +4.942734614e+00 -1.256672654e+02 -1.256672654e+02
2018 +4.885014052e+00 +4.885014052e+00 -1.257249859e+02 -1.257249859e+02
2955 +4.154695316e+00 +4.154695316e+00 -1.264553047e+02 -1.264553047e+02
9734 +4.050392929e+00 +4.050392929e+00 -1.265596071e+02 -1.265596071e+02
9782 +3.733521194e+00 +3.733521194e+00 -1.268764788e+02 -1.268764788e+02
9787 +3.643706481e+00 +3.643706481e+00 -1.269662935e+02 -1.269662935e+02
9860 +3.436360327e+00 +3.436360327e+00 -1.271736397e+02 -1.271736397e+02
9942 +3.251495359e+00 +3.251495359e+00 -1.273585046e+02 -1.273585046e+02
9975 +3.024866587e+00 +3.024866587e+00 -1.275851334e+02 -1.275851334e+02
9976 +2.978168678e+00 +2.978168678e+00 -1.276318313e+02 -1.276318313e+02
10025 +2.638649857e+00 +2.638649857e+00 -1.279713501e+02 -1.279713501e+02
10026 +2.271287941e+00 +2.271287941e+00 -1.283387121e+02 -1.283387121e+02
10028 +2.123362659e+00 +2.123362659e+00 -1.284866373e+02 -1.284866373e+02
10043 +1.998484044e+00 +1.998484044e+00 -1.286115160e+02 -1.286115160e+02
10241 +1.839963755e+00 +1.839963755e+00 -1.287700362e+02 -1.287700362e+02
10243 +1.762380537e+00 +1.762380537e+00 -1.288476195e+02 -1.288476195e+02
10257 +1.736271176e+00 +1.736271176e+00 -1.288737288e+02 -1.288737288e+02
10398 +1.659988162e+00 +1.659988162e+00 -1.289500118e+02 -1.289500118e+02
10403 +1.611157755e+00 +1.611157755e+00 -1.289988422e+02 -1.289988422e+02
10414 +1.346532036e+00 +1.346532036e+00 -1.292634680e+02 -1.292634680e+02
10547 +1.302280042e+00 +1.302280042e+00 -1.293077200e+02 -1.293077200e+02
10653 +1.192358403e+00 +1.192358403e+00 -1.294176416e+02 -1.294176416e+02
10665 +1.170281432e+00 +1.170281432e+00 -1.294397186e+02 -1.294397186e+02
10687 +1.143545328e+00 +1.143545328e+00 -1.294664547e+02 -1.294664547e+02
10741 +1.093942868e+00 +1.093942868e+00 -1.295160571e+02 -1.295160571e+02
10759 +1.005968214e+00 +1.005968214e+00 -1.296040318e+02 -1.296040318e+02
10920 +9.556918908e-01 +9.556918908e-01 -1.296543081e+02 -1.296543081e+02
10936 +9.523560744e-01 +9.523560744e-01 -1.296576439e+02 -1.296576439e+02
10988 +8.854718216e-01 +8.854718216e-01 -1.297245282e+02 -1.297245282e+02
11019 +8.579044946e-01 +8.579044946e-01 -1.297520955e+02 -1.297520955e+02
11075 +8.462264309e-01 +8.462264309e-01 -1.297637736e+02 -1.297637736e+02
11135 +8.212183329e-01 +8.212183329e-01 -1.297887817e+02 -1.297887817e+02
11373 +7.964363079e-01 +7.964363079e-01 -1.298135637e+02 -1.298135637e+02
11375 +7.901276598e-01 +7.901276598e-01 -1.298198723e+02 -1.298198723e+02
11506 +7.722137587e-01 +7.722137587e-01 -1.298377862e+02 -1.298377862e+02
11536 +7.505088036e-01 +7.505088036e-01 -1.298594912e+02 -1.298594912e+02
11634 +7.334946663e-01 +7.334946663e-01 -1.298765053e+02 -1.298765053e+02
11760 +7.171767892e-01 +7.171767892e-01 -1.298928232e+02 -1.298928232e+02
12055 +7.022905332e-01 +7.022905332e-01 -1.299077095e+02 -1.299077095e+02
12652 +6.904690694e-01 +6.904690694e-01 -1.299195309e+02 -1.299195309e+02
13046 +6.751497790e-01 +6.751497790e-01 -1.299348502e+02 -1.299348502e+02
% function evaluation | noise-free fitness - Fopt (-2.231200000000e+02) | best noise-free fitness - Fopt | measured fitness | best measured fitness | x1 | x2...
1 +1.305576870e+01 +1.305576870e+01 -2.100642313e+02 -2.100642313e+02
7 +1.153257842e+01 +1.153257842e+01 -2.115874216e+02 -2.115874216e+02
10 +1.081596133e+01 +1.081596133e+01 -2.123040387e+02 -2.123040387e+02
13 +8.697639141e+00 +8.697639141e+00 -2.144223609e+02 -2.144223609e+02
33 +8.244703860e+00 +8.244703860e+00 -2.148752961e+02 -2.148752961e+02
34 +5.970701025e+00 +5.970701025e+00 -2.171492990e+02 -2.171492990e+02
271 +5.807088547e+00 +5.807088547e+00 -2.173129115e+02 -2.173129115e+02
844 +5.420880560e+00 +5.420880560e+00 -2.176991194e+02 -2.176991194e+02
1306 +4.952035013e+00 +4.952035013e+00 -2.181679650e+02 -2.181679650e+02
7513 +3.995334627e+00 +3.995334627e+00 -2.191246654e+02 -2.191246654e+02
12179 +3.920016159e+00 +3.920016159e+00 -2.191999838e+02 -2.191999838e+02
12258 +3.838520180e+00 +3.838520180e+00 -2.192814798e+02 -2.192814798e+02
12276 +3.637894014e+00 +3.637894014e+00 -2.194821060e+02 -2.194821060e+02
12295 +3.252556757e+00 +3.252556757e+00 -2.198674432e+02 -2.198674432e+02
12513 +3.204860931e+00 +3.204860931e+00 -2.199151391e+02 -2.199151391e+02
12689 +2.666013345e+00 +2.666013345e+00 -2.204539867e+02 -2.204539867e+02
12903 +2.606597986e+00 +2.606597986e+00 -2.205134020e+02 -2.205134020e+02
12921 +2.553964239e+00 +2.553964239e+00 -2.205660358e+02 -2.205660358e+02
13178 +2.481176030e+00 +2.481176030e+00 -2.206388240e+02 -2.206388240e+02
13184 +2.382163057e+00 +2.382163057e+00 -2.207378369e+02 -2.207378369e+02
13198 +2.272153798e+00 +2.272153798e+00 -2.208478462e+02 -2.208478462e+02
13326 +2.137430459e+00 +2.137430459e+00 -2.209825695e+02 -2.209825695e+02
13888 +2.082074205e+00 +2.082074205e+00 -2.210379258e+02 -2.210379258e+02
14107 +1.996544239e+00 +1.996544239e+00 -2.211234558e+02 -2.211234558e+02
14191 +1.990420920e+00 +1.990420920e+00 -2.211295791e+02 -2.211295791e+02
14729 +1.946225233e+00 +1.946225233e+00 -2.211737748e+02 -2.211737748e+02
14861 +1.899991244e+00 +1.899991244e+00 -2.212200088e+02 -2.212200088e+02
15464 +1.857545156e+00 +1.857545156e+00 -2.212624548e+02 -2.212624548e+02
15763 +1.818489977e+00 +1.818489977e+00 -2.213015100e+02 -2.213015100e+02
% function evaluation | noise-free fitness - Fopt (-4.443000000000e+01) | best noise-free fitness - Fopt | measured fitness | best measured fitness | x1 | x2...
1 +1.214614794e+01 +1.214614794e+01 -3.228385206e+01 -3.228385206e+01
2 +7.870346404e+00 +7.870346404e+00 -3.655965360e+01 -3.655965360e+01
80 +7.183557416e+00 +7.183557416e+00 -3.724644258e+01 -3.724644258e+01
152 +7.054200356e+00 +7.054200356e+00 -3.737579964e+01 -3.737579964e+01
199 +6.315129122e+00 +6.315129122e+00 -3.811487088e+01 -3.811487088e+01
310 +5.045919291e+00 +5.045919291e+00 -3.938408071e+01 -3.938408071e+01
2258 +4.794764858e+00 +4.794764858e+00 -3.963523514e+01 -3.963523514e+01
11892 +4.222065876e+00 +4.222065876e+00 -4.020793412e+01 -4.020793412e+01
12303 +4.080130015e+00 +4.080130015e+00 -4.034986998e+01 -4.034986998e+01
13142 +3.921194556e+00 +3.921194556e+00 -4.050880544e+01 -4.050880544e+01
13163 +3.642646105e+00 +3.642646105e+00 -4.078735390e+01 -4.078735390e+01
13173 +3.496878663e+00 +3.496878663e+00 -4.093312134e+01 -4.093312134e+01
13184 +2.832614098e+00 +2.832614098e+00 -4.159738590e+01 -4.159738590e+01
13274 +2.734882851e+00 +2.734882851e+00 -4.169511715e+01 -4.169511715e+01
13276 +2.613782799e+00 +2.613782799e+00 -4.181621720e+01 -4.181621720e+01
13294 +2.417223480e+00 +2.417223480e+00 -4.201277652e+01 -4.201277652e+01
13412 +2.341422449e+00 +2.341422449e+00 -4.208857755e+01 -4.208857755e+01
13450 +2.266244065e+00 +2.266244065e+00 -4.216375594e+01 -4.216375594e+01
13599 +2.221541809e+00 +2.221541809e+00 -4.220845819e+01 -4.220845819e+01
13609 +2.129437158e+00 +2.129437158e+00 -4.230056284e+01 -4.230056284e+01
13661 +2.086715667e+00 +2.086715667e+00 -4.234328433e+01 -4.234328433e+01
14167 +2.002742138e+00 +2.002742138e+00 -4.242725786e+01 -4.242725786e+01
14172 +1.991911090e+00 +1.991911090e+00 -4.243808891e+01 -4.243808891e+01
14184 +1.897075263e+00 +1.897075263e+00 -4.253292474e+01 -4.253292474e+01
14270 +1.855073011e+00 +1.855073011e+00 -4.257492699e+01 -4.257492699e+01
14294 +1.765022296e+00 +1.765022296e+00 -4.266497770e+01 -4.266497770e+01
14401 +1.733989147e+00 +1.733989147e+00 -4.269601085e+01 -4.269601085e+01
14781 +1.689890038e+00 +1.689890038e+00 -4.274010996e+01 -4.274010996e+01
14799 +1.649930917e+00 +1.649930917e+00 -4.278006908e+01 -4.278006908e+01
14914 +1.608824201e+00 +1.608824201e+00 -4.282117580e+01 -4.282117580e+01
14966 +1.584889231e+00 +1.584889231e+00 -4.284511077e+01 -4.284511077e+01
15628 +1.542828649e+00 +1.542828649e+00 -4.288717135e+01 -4.288717135e+01
15691 +1.500930575e+00 +1.500930575e+00 -4.292906943e+01 -4.292906943e+01
16181 +1.470417552e+00 +1.470417552e+00 -4.295958245e+01 -4.295958245e+01
16874 +1.445347401e+00 +1.445347401e+00 -4.298465260e+01 -4.298465260e+01
% function evaluation | noise-free fitness - Fopt (-7.728000000000e+01) | best noise-free fitness - Fopt | measured fitness | best measured fitness | x1 | x2...
1 +1.107713571e+01 +1.107713571e+01 -6.620286429e+01 -6.620286429e+01
6 +1.039079801e+01 +1.039079801e+01 -6.688920199e+01 -6.688920199e+01
11 +8.720539652e+00 +8.720539652e+00 -6.855946035e+01 -6.855946035e+01
30 +8.263978101e+00 +8.263978101e+00 -6.901602190e+01 -6.901602190e+01
99 +7.980765445e+00 +7.980765445e+00 -6.929923455e+01 -6.929923455e+01
133 +7.464160685e+00 +7.464160685e+00 -6.981583932e+01 -6.981583932e+01
139 +5.833319738e+00 +5.833319738e+00 -7.144668026e+01 -7.144668026e+01
287 +5.691973846e+00 +5.691973846e+00 -7.158802615e+01 -7.158802615e+01
882 +5.207138116e+00 +5.207138116e+00 -7.207286188e+01 -7.207286188e+01
1893 +4.702052211e+00 +4.702052211e+00 -7.257794779e+01 -7.257794779e+01
24401 +4.605639624e+00 +4.605639624e+00 -7.267436038e+01 -7.267436038e+01
24449 +4.562598299e+00 +4.562598299e+00 -7.271740170e+01 -7.271740170e+01
24502 +4.349718603e+00 +4.349718603e+00 -7.293028140e+01 -7.293028140e+01
24524 +3.833816163e+00 +3.833816163e+00 -7.344618384e+01 -7.344618384e+01
25100 +3.791385679e+00 +3.791385679e+00 -7.348861432e+01 -7.348861432e+01
25130 +3.687963080e+00 +3.687963080e+00 -7.359203692e+01 -7.359203692e+01
25186 +3.606707357e+00 +3.606707357e+00 -7.367329264e+01 -7.367329264e+01
25365 +3.505364776e+00 +3.505364776e+00 -7.377463522e+01 -7.377463522e+01
25491 +3.461351438e+00 +3.461351438e+00 -7.381864856e+01 -7.381864856e+01
26036 +3.370894407e+00 +3.370894407e+00 -7.390910559e+01 -7.390910559e+01
26295 +3.306461411e+00 +3.306461411e+00 -7.397353859e+01 -7.397353859e+01
26400 +3.228755798e+00 +3.228755798e+00 -7.405124420e+01 -7.405124420e+01
27264 +3.160109973e+00 +3.160109973e+00 -7.411989003e+01 -7.411989003e+01
% function evaluation | noise-free fitness - Fopt (-8.121000000000e+01) | best noise-free fitness - Fopt | measured fitness | best measured fitness | x1 | x2...
1 +1.952039969e+01 +1.952039969e+01 -6.168960031e+01 -6.168960031e+01
2 +9.783517539e+00 +9.783517539e+00 -7.142648246e+01 -7.142648246e+01
12 +9.414978636e+00 +9.414978636e+00 -7.179502136e+01 -7.179502136e+01
31 +8.641367453e+00 +8.641367453e+00 -7.256863255e+01 -7.256863255e+01
36 +8.451180188e+00 +8.451180188e+00 -7.275881981e+01 -7.275881981e+01
59 +6.911341358e+00 +6.911341358e+00 -7.429865864e+01 -7.429865864e+01
125 +6.577836808e+00 +6.577836808e+00 -7.463216319e+01 -7.463216319e+01
372 +5.102343106e+00 +5.102343106e+00 -7.610765689e+01 -7.610765689e+01
1256 +4.324015142e+00 +4.324015142e+00 -7.688598486e+01 -7.688598486e+01
15533 +4.249511397e+00 +4.249511397e+00 -7.696048860e+01 -7.696048860e+01
15803 +3.796703543e+00 +3.796703543e+00 -7.741329646e+01 -7.741329646e+01
16064 +3.661817431e+00 +3.661817431e+00 -7.754818257e+01 -7.754818257e+01
16324 +3.558307224e+00 +3.558307224e+00 -7.765169278e+01 -7.765169278e+01
16342 +3.545392335e+00 +3.545392335e+00 -7.766460767e+01 -7.766460767e+01
16698 +3.451392280e+00 +3.451392280e+00 -7.775860772e+01 -7.775860772e+01
16768 +3.363535039e+00 +3.363535039e+00 -7.784646496e+01 -7.784646496e+01
16772 +3.291443097e+00 +3.291443097e+00 -7.791855690e+01 -7.791855690e+01
16782 +3.161574899e+00 +3.161574899e+00 -7.804842510e+01 -7.804842510e+01
16852 +3.076500669e+00 +3.076500669e+00 -7.813349933e+01 -7.813349933e+01
16972 +3.008619935e+00 +3.008619935e+00 -7.820138006e+01 -7.820138006e+01
17004 +2.899579484e+00 +2.899579484e+00 -7.831042052e+01 -7.831042052e+01
17061 +2.882678950e+00 +2.882678950e+00 -7.832732105e+01 -7.832732105e+01
17276 +2.815836940e+00 +2.815836940e+00 -7.839416306e+01 -7.839416306e+01
17848 +2.746516957e+00 +2.746516957e+00 -7.846348304e+01 -7.846348304e+01
18130 +2.687254303e+00 +2.687254303e+00 -7.852274570e+01 -7.852274570e+01
% function evaluation | noise-free fitness - Fopt (6.822800000000e+02) | best noise-free fitness - Fopt | measured fitness | best measured fitness | x1 | x2...
1 +1.658256699e+01 +1.658256699e+01 +6.988625670e+02 +6.988625670e+02
2 +1.348051936e+01 +1.348051936e+01 +6.957605194e+02 +6.957605194e+02
4 +1.290122919e+01 +1.290122919e+01 +6.951812292e+02 +6.951812292e+02
11 +1.285239800e+01 +1.285239800e+01 +6.951323980e+02 +6.951323980e+02
13 +1.257381008e+01 +1.257381008e+01 +6.948538101e+02 +6.948538101e+02
20 +9.402646209e+00 +9.402646209e+00 +6.916826462e+02 +6.916826462e+02
33 +7.605781845e+00 +7.605781845e+00 +6.898857818e+02 +6.898857818e+02
123 +6.072311430e+00 +6.072311430e+00 +6.883523114e+02 +6.883523114e+02
282 +4.383891848e+00 +4.383891848e+00 +6.866638918e+02 +6.866638918e+02
14305 +4.359109191e+00 +4.359109191e+00 +6.866391092e+02 +6.866391092e+02
14367 +4.026302008e+00 +4.026302008e+00 +6.863063020e+02 +6.863063020e+02
14537 +3.424791800e+00 +3.424791800e+00 +6.857047918e+02 +6.857047918e+02
14566 +3.063569674e+00 +3.063569674e+00 +6.853435697e+02 +6.853435697e+02
14989 +2.979144806e+00 +2.979144806e+00 +6.852591448e+02 +6.852591448e+02
14995 +2.768343317e+00 +2.768343317e+00 +6.850483433e+02 +6.850483433e+02
15208 +2.622535550e+00 +2.622535550e+00 +6.849025356e+02 +6.849025356e+02
15321 +2.475364492e+00 +2.475364492e+00 +6.847553645e+02 +6.847553645e+02
15322 +2.432160341e+00 +2.432160341e+00 +6.847121603e+02 +6.847121603e+02
15511 +2.361138318e+00 +2.361138318e+00 +6.846411383e+02 +6.846411383e+02
15595 +2.325159351e+00 +2.325159351e+00 +6.846051594e+02 +6.846051594e+02
15604 +2.263406737e+00 +2.263406737e+00 +6.845434067e+02 +6.845434067e+02
15657 +2.187770988e+00 +2.187770988e+00 +6.844677710e+02 +6.844677710e+02
15813 +2.176814222e+00 +2.176814222e+00 +6.844568142e+02 +6.844568142e+02
15840 +2.073597169e+00 +2.073597169e+00 +6.843535972e+02 +6.843535972e+02
15900 +2.040335823e+00 +2.040335823e+00 +6.843203358e+02 +6.843203358e+02
15943 +1.991340334e+00 +1.991340334e+00 +6.842713403e+02 +6.842713403e+02
16087 +1.929647027e+00 +1.929647027e+00 +6.842096470e+02 +6.842096470e+02
16178 +1.900224329e+00 +1.900224329e+00 +6.841802243e+02 +6.841802243e+02
16397 +1.856435391e+00 +1.856435391e+00 +6.841364354e+02 +6.841364354e+02
16530 +1.813618679e+00 +1.813618679e+00 +6.840936187e+02 +6.840936187e+02
16638 +1.773058068e+00 +1.773058068e+00 +6.840530581e+02 +6.840530581e+02
16870 +1.729194340e+00 +1.729194340e+00 +6.840091943e+02 +6.840091943e+02
17239 +1.695342595e+00 +1.695342595e+00 +6.839753426e+02 +6.839753426e+02
17517 +1.659581599e+00 +1.659581599e+00 +6.839395816e+02 +6.839395816e+02
% function evaluation | noise-free fitness - Fopt (-7.168200000000e+02) | best noise-free fitness - Fopt | measured fitness | best measured fitness | x1 | x2...
1 +1.952069511e+01 +1.952069511e+01 -6.972993049e+02 -6.972993049e+02
2 +1.120893396e+01 +1.120893396e+01 -7.056110660e+02 -7.056110660e+02
9 +1.023208545e+01 +1.023208545e+01 -7.065879145e+02 -7.065879145e+02
30 +9.019690692e+00 +9.019690692e+00 -7.078003093e+02 -7.078003093e+02
39 +6.908308911e+00 +6.908308911e+00 -7.099116911e+02 -7.099116911e+02
46 +5.306532440e+00 +5.306532440e+00 -7.115134676e+02 -7.115134676e+02
130 +4.835721858e+00 +4.835721858e+00 -7.119842781e+02 -7.119842781e+02
2494 +4.053749240e+00 +4.053749240e+00 -7.127662508e+02 -7.127662508e+02
14699 +2.780292741e+00 +2.780292741e+00 -7.140397073e+02 -7.140397073e+02
15390 +2.625627504e+00 +2.625627504e+00 -7.141943725e+02 -7.141943725e+02
15392 +2.306995946e+00 +2.306995946e+00 -7.145130041e+02 -7.145130041e+02
15449 +2.240005790e+00 +2.240005790e+00 -7.145799942e+02 -7.145799942e+02
15456 +2.159010810e+00 +2.159010810e+00 -7.146609892e+02 -7.146609892e+02
15487 +2.012070271e+00 +2.012070271e+00 -7.148079297e+02 -7.148079297e+02
15555 +1.712295468e+00 +1.712295468e+00 -7.151077045e+02 -7.151077045e+02
15659 +1.634704531e+00 +1.634704531e+00 -7.151852955e+02 -7.151852955e+02
15964 +1.542158876e+00 +1.542158876e+00 -7.152778411e+02 -7.152778411e+02
16569 +1.475717455e+00 +1.475717455e+00 -7.153442825e+02 -7.153442825e+02
16586 +1.330564565e+00 +1.330564565e+00 -7.154894354e+02 -7.154894354e+02
16674 +1.104568165e+00 +1.104568165e+00 -7.157154318e+02 -7.157154318e+02
16731 +1.079008038e+00 +1.079008038e+00 -7.157409920e+02 -7.157409920e+02
16783 +1.064090888e+00 +1.064090888e+00 -7.157559091e+02 -7.157559091e+02
16796 +1.037901795e+00 +1.037901795e+00 -7.157820982e+02 -7.157820982e+02
16800 +9.926006108e-01 +9.926006108e-01 -7.158273994e+02 -7.158273994e+02
16801 +9.668092218e-01 +9.668092218e-01 -7.158531908e+02 -7.158531908e+02
16802 +7.930193021e-01 +7.930193021e-01 -7.160269807e+02 -7.160269807e+02
17066 +7.321832287e-01 +7.321832287e-01 -7.160878168e+02 -7.160878168e+02
17200 +7.081351419e-01 +7.081351419e-01 -7.161118649e+02 -7.161118649e+02
17201 +6.785267151e-01 +6.785267151e-01 -7.161414733e+02 -7.161414733e+02
17224 +6.382507231e-01 +6.382507231e-01 -7.161817493e+02 -7.161817493e+02
17236 +6.076072501e-01 +6.076072501e-01 -7.162123927e+02 -7.162123927e+02
17240 +5.893434917e-01 +5.893434917e-01 -7.162306565e+02 -7.162306565e+02
17243 +5.738224611e-01 +5.738224611e-01 -7.162461775e+02 -7.162461775e+02
17516 +5.421639631e-01 +5.421639631e-01 -7.162778360e+02 -7.162778360e+02
17687 +4.975706099e-01 +4.975706099e-01 -7.163224294e+02 -7.163224294e+02
17883 +4.616346167e-01 +4.616346167e-01 -7.163583654e+02 -7.163583654e+02
17919 +4.550519219e-01 +4.550519219e-01 -7.163649481e+02 -7.163649481e+02
18054 +4.383964847e-01 +4.383964847e-01 -7.163816035e+02 -7.163816035e+02
18104 +4.258039361e-01 +4.258039361e-01 -7.163941961e+02 -7.163941961e+02
18198 +4.149651458e-01 +4.149651458e-01 -7.164050349e+02 -7.164050349e+02
18274 +4.070567377e-01 +4.070567377e-01 -7.164129433e+02 -7.164129433e+02
18315 +3.899598673e-01 +3.899598673e-01 -7.164300401e+02 -7.164300401e+02
18359 +3.882580622e-01 +3.882580622e-01 -7.164317419e+02 -7.164317419e+02
18475 +3.774345249e-01 +3.774345249e-01 -7.164425655e+02 -7.164425655e+02
18599 +3.701984456e-01 +3.701984456e-01 -7.164498016e+02 -7.164498016e+02
18633 +3.623883352e-01 +3.623883352e-01 -7.164576117e+02 -7.164576117e+02
18783 +3.546754896e-01 +3.546754896e-01 -7.164653245e+02 -7.164653245e+02
18858 +3.463737428e-01 +3.463737428e-01 -7.164736263e+02 -7.164736263e+02
19319 +3.349141185e-01 +3.349141185e-01 -7.164850859e+02 -7.164850859e+02
19638 +3.307901684e-01 +3.307901684e-01 -7.164892098e+02 -7.164892098e+02
22269 +3.235903733e-01 +3.235903733e-01 -7.164964096e+02 -7.164964096e+02
% function evaluation | noise-free fitness - Fopt (-1.000000000000e+03) | best noise-free fitness - Fopt | measured fitness | best measured fitness | x1 | x2...
1 +1.116842570e+01 +1.116842570e+01 -9.888315743e+02 -9.888315743e+02
9 +9.833946327e+00 +9.833946327e+00 -9.901660537e+02 -9.901660537e+02
12 +8.770861649e+00 +8.770861649e+00 -9.912291384e+02 -9.912291384e+02
20 +8.154740621e+00 +8.154740621e+00 -9.918452594e+02 -9.918452594e+02
35 +7.261339159e+00 +7.261339159e+00 -9.927386608e+02 -9.927386608e+02
40 +6.019040871e+00 +6.019040871e+00 -9.939809591e+02 -9.939809591e+02
933 +5.279473718e+00 +5.279473718e+00 -9.947205263e+02 -9.947205263e+02
1748 +5.065885582e+00 +5.065885582e+00 -9.949341144e+02 -9.949341144e+02
3011 +3.669953436e+00 +3.669953436e+00 -9.963300466e+02 -9.963300466e+02
15313 +3.485536267e+00 +3.485536267e+00 -9.965144637e+02 -9.965144637e+02
15316 +3.030100090e+00 +3.030100090e+00 -9.969698999e+02 -9.969698999e+02
15354 +2.955767972e+00 +2.955767972e+00 -9.970442320e+02 -9.970442320e+02
15559 +2.908892889e+00 +2.908892889e+00 -9.970911071e+02 -9.970911071e+02
15560 +2.876887030e+00 +2.876887030e+00 -9.971231130e+02 -9.971231130e+02
15582 +2.665459716e+00 +2.665459716e+00 -9.973345403e+02 -9.973345403e+02
15816 +2.600835652e+00 +2.600835652e+00 -9.973991643e+02 -9.973991643e+02
15957 +2.518229418e+00 +2.518229418e+00 -9.974817706e+02 -9.974817706e+02
15966 +2.296259467e+00 +2.296259467e+00 -9.977037405e+02 -9.977037405e+02
16153 +2.266543053e+00 +2.266543053e+00 -9.977334569e+02 -9.977334569e+02
16159 +2.222547147e+00 +2.222547147e+00 -9.977774529e+02 -9.977774529e+02
16295 +2.187241139e+00 +2.187241139e+00 -9.978127589e+02 -9.978127589e+02
16328 +2.127356697e+00 +2.127356697e+00 -9.978726433e+02 -9.978726433e+02
16372 +2.053790037e+00 +2.053790037e+00 -9.979462100e+02 -9.979462100e+02
16423 +1.954754706e+00 +1.954754706e+00 -9.980452453e+02 -9.980452453e+02
16634 +1.944347605e+00 +1.944347605e+00 -9.980556524e+02 -9.980556524e+02
16702 +1.870832196e+00 +1.870832196e+00 -9.981291678e+02 -9.981291678e+02
17000 +1.850521433e+00 +1.850521433e+00 -9.981494786e+02 -9.981494786e+02
17255 +1.817400019e+00 +1.817400019e+00 -9.981826000e+02 -9.981826000e+02
18362 +1.777770472e+00 +1.777770472e+00 -9.982222295e+02 -9.982222295e+02
% function evaluation | noise-free fitness - Fopt (-1.000000000000e+03) | best noise-free fitness - Fopt | measured fitness | best measured fitness | x1 | x2...
1 +1.479288626e+01 +1.479288626e+01 -9.852071137e+02 -9.852071137e+02
3 +1.183507664e+01 +1.183507664e+01 -9.881649234e+02 -9.881649234e+02
4 +9.355541967e+00 +9.355541967e+00 -9.906444580e+02 -9.906444580e+02
8 +5.967122269e+00 +5.967122269e+00 -9.940328777e+02 -9.940328777e+02
197 +5.306475265e+00 +5.306475265e+00 -9.946935247e+02 -9.946935247e+02
1738 +5.172481935e+00 +5.172481935e+00 -9.948275181e+02 -9.948275181e+02
3843 +4.581721699e+00 +4.581721699e+00 -9.954182783e+02 -9.954182783e+02
5581 +4.166124440e+00 +4.166124440e+00 -9.958338756e+02 -9.958338756e+02
11919 +3.655846592e+00 +3.655846592e+00 -9.963441534e+02 -9.963441534e+02
12358 +3.537377089e+00 +3.537377089e+00 -9.964626229e+02 -9.964626229e+02
12372 +3.106539375e+00 +3.106539375e+00 -9.968934606e+02 -9.968934606e+02
12401 +2.925360293e+00 +2.925360293e+00 -9.970746397e+02 -9.970746397e+02
12410 +2.414424450e+00 +2.414424450e+00 -9.975855756e+02 -9.975855756e+02
12435 +2.347835546e+00 +2.347835546e+00 -9.976521645e+02 -9.976521645e+02
12464 +2.218951185e+00 +2.218951185e+00 -9.977810488e+02 -9.977810488e+02
12839 +2.001835172e+00 +2.001835172e+00 -9.979981648e+02 -9.979981648e+02
12957 +1.897072785e+00 +1.897072785e+00 -9.981029272e+02 -9.981029272e+02
13077 +1.777868636e+00 +1.777868636e+00 -9.982221314e+02 -9.982221314e+02
13094 +1.667171840e+00 +1.667171840e+00 -9.983328282e+02 -9.983328282e+02
13193 +1.610421000e+00 +1.610421000e+00 -9.983895790e+02 -9.983895790e+02
13387 +1.583296443e+00 +1.583296443e+00 -9.984167036e+02 -9.984167036e+02
13396 +1.516379565e+00 +1.516379565e+00 -9.984836204e+02 -9.984836204e+02
13413 +1.493650677e+00 +1.493650677e+00 -9.985063493e+02 -9.985063493e+02
13487 +1.478975939e+00 +1.478975939e+00 -9.985210241e+02 -9.985210241e+02
13500 +1.441685503e+00 +1.441685503e+00 -9.985583145e+02 -9.985583145e+02
13583 +1.404234525e+00 +1.404234525e+00 -9.985957655e+02 -9.985957655e+02
13774 +1.378944825e+00 +1.378944825e+00 -9.986210552e+02 -9.986210552e+02
13886 +1.338856582e+00 +1.338856582e+00 -9.986611434e+02 -9.986611434e+02
14090 +1.312269472e+00 +1.312269472e+00 -9.986877305e+02 -9.986877305e+02
14552 +1.286840100e+00 +1.286840100e+00 -9.987131599e+02 -9.987131599e+02
15160 +1.258699701e+00 +1.258699701e+00 -9.987413003e+02 -9.987413003e+02
16357 +1.229639112e+00 +1.229639112e+00 -9.987703609e+02 -9.987703609e+02
% function evaluation | noise-free fitness - Fopt (4.819000000000e+01) | best noise-free fitness - Fopt | measured fitness | best measured fitness | x1 | x2...
1 +1.773964985e+01 +1.773964985e+01 +6.592964985e+01 +6.592964985e+01
2 +1.670837485e+01 +1.670837485e+01 +6.489837485e+01 +6.489837485e+01
3 +1.367783672e+01 +1.367783672e+01 +6.186783672e+01 +6.186783672e+01
4 +1.277088419e+01 +1.277088419e+01 +6.096088419e+01 +6.096088419e+01
5 +8.488244030e+00 +8.488244030e+00 +5.667824403e+01 +5.667824403e+01
14 +8.219268439e+00 +8.219268439e+00 +5.640926844e+01 +5.640926844e+01
61 +7.555560569e+00 +7.555560569e+00 +5.574556057e+01 +5.574556057e+01
75 +5.442538736e+00 +5.442538736e+00 +5.363253874e+01 +5.363253874e+01
493 +4.755876038e+00 +4.755876038e+00 +5.294587604e+01 +5.294587604e+01
2221 +4.621708890e+00 +4.621708890e+00 +5.281170889e+01 +5.281170889e+01
35168 +3.995647208e+00 +3.995647208e+00 +5.218564721e+01 +5.218564721e+01
35733 +3.807305039e+00 +3.807305039e+00 +5.199730504e+01 +5.199730504e+01
35891 +3.523098186e+00 +3.523098186e+00 +5.171309819e+01 +5.171309819e+01
35907 +3.134335581e+00 +3.134335581e+00 +5.132433558e+01 +5.132433558e+01
35937 +2.566738602e+00 +2.566738602e+00 +5.075673860e+01 +5.075673860e+01
36106 +2.487481058e+00 +2.487481058e+00 +5.067748106e+01 +5.067748106e+01
36135 +2.196996476e+00 +2.196996476e+00 +5.038699648e+01 +5.038699648e+01
36220 +2.128767931e+00 +2.128767931e+00 +5.031876793e+01 +5.031876793e+01
36326 +2.087923762e+00 +2.087923762e+00 +5.027792376e+01 +5.027792376e+01
36485 +1.950382030e+00 +1.950382030e+00 +5.014038203e+01 +5.014038203e+01
36600 +1.900627722e+00 +1.900627722e+00 +5.009062772e+01 +5.009062772e+01
36645 +1.838067718e+00 +1.838067718e+00 +5.002806772e+01 +5.002806772e+01
36693 +1.783506676e+00 +1.783506676e+00 +4.997350668e+01 +4.997350668e+01
36696 +1.660534113e+00 +1.660534113e+00 +4.985053411e+01 +4.985053411e+01
36788 +1.515265139e+00 +1.515265139e+00 +4.970526514e+01 +4.970526514e+01
36846 +1.510997390e+00 +1.510997390e+00 +4.970099739e+01 +4.970099739e+01
36856 +1.401998179e+00 +1.401998179e+00 +4.959199818e+01 +4.959199818e+01
36990 +1.372631045e+00 +1.372631045e+00 +4.956263105e+01 +4.956263105e+01
36996 +1.258752852e+00 +1.258752852e+00 +4.944875285e+01 +4.944875285e+01
37081 +1.205625693e+00 +1.205625693e+00 +4.939562569e+01 +4.939562569e+01
37187 +1.193375518e+00 +1.193375518e+00 +4.938337552e+01 +4.938337552e+01
37195 +1.166733935e+00 +1.166733935e+00 +4.935673393e+01 +4.935673393e+01
37228 +1.119040947e+00 +1.119040947e+00 +4.930904095e+01 +4.930904095e+01
37247 +1.069908242e+00 +1.069908242e+00 +4.925990824e+01 +4.925990824e+01
37280 +1.021697393e+00 +1.021697393e+00 +4.921169739e+01 +4.921169739e+01
37347 +9.808262833e-01 +9.808262833e-01 +4.917082628e+01 +4.917082628e+01
37481 +9.434769576e-01 +9.434769576e-01 +4.913347696e+01 +4.913347696e+01
37593 +9.331068867e-01 +9.331068867e-01 +4.912310689e+01 +4.912310689e+01
37750 +9.041181823e-01 +9.041181823e-01 +4.909411818e+01 +4.909411818e+01
37885 +8.894776141e-01 +8.894776141e-01 +4.907947761e+01 +4.907947761e+01
38018 +8.664527565e-01 +8.664527565e-01 +4.905645276e+01 +4.905645276e+01
38175 +8.411359282e-01 +8.411359282e-01 +4.903113593e+01 +4.903113593e+01
38216 +8.317083679e-01 +8.317083679e-01 +4.902170837e+01 +4.902170837e+01
38411 +8.073425526e-01 +8.073425526e-01 +4.899734255e+01 +4.899734255e+01
38867 +7.911619922e-01 +7.911619922e-01 +4.898116199e+01 +4.898116199e+01
39801 +7.755714699e-01 +7.755714699e-01 +4.896557147e+01 +4.896557147e+01
% function evaluation | noise-free fitness - Fopt (-1.071000000000e+01) | best noise-free fitness - Fopt | measured fitness | best measured fitness | x1 | x2...
1 +2.279474274e+01 +2.279474274e+01 +1.208474274e+01 +1.208474274e+01
2 +1.846366049e+01 +1.846366049e+01 +7.753660495e+00 +7.753660495e+00
3 +1.441355640e+01 +1.441355640e+01 +3.703556397e+00 +3.703556397e+00
4 +1.241184497e+01 +1.241184497e+01 +1.701844971e+00 +1.701844971e+00
5 +1.014966588e+01 +1.014966588e+01 -5.603341219e-01 -5.603341219e-01
6 +8.393945243e+00 +8.393945243e+00 -2.316054757e+00 -2.316054757e+00
34 +7.572771951e+00 +7.572771951e+00 -3.137228049e+00 -3.137228049e+00
70 +6.243707170e+00 +6.243707170e+00 -4.466292830e+00 -4.466292830e+00
2329 +6.072434557e+00 +6.072434557e+00 -4.637565443e+00 -4.637565443e+00
2641 +4.586617239e+00 +4.586617239e+00 -6.123382761e+00 -6.123382761e+00
3506 +4.485183567e+00 +4.485183567e+00 -6.224816433e+00 -6.224816433e+00
3529 +3.796182259e+00 +3.796182259e+00 -6.913817741e+00 -6.913817741e+00
3544 +3.468850128e+00 +3.468850128e+00 -7.241149872e+00 -7.241149872e+00
3964 +2.460126293e+00 +2.460126293e+00 -8.249873707e+00 -8.249873707e+00
4126 +1.520422470e+00 +1.520422470e+00 -9.189577530e+00 -9.189577530e+00
4844 +1.114114273e+00 +1.114114273e+00 -9.595885727e+00 -9.595885727e+00
4863 +9.518050109e-01 +9.518050109e-01 -9.758194989e+00 -9.758194989e+00
5133 +8.294854319e-01 +8.294854319e-01 -9.880514568e+00 -9.880514568e+00
5144 +7.893650351e-01 +7.893650351e-01 -9.920634965e+00 -9.920634965e+00
5320 +7.387051714e-01 +7.387051714e-01 -9.971294829e+00 -9.971294829e+00
5665 +7.045223725e-01 +7.045223725e-01 -1.000547763e+01 -1.000547763e+01
5692 +6.527882658e-01 +6.527882658e-01 -1.005721173e+01 -1.005721173e+01
5697 +5.778319223e-01 +5.778319223e-01 -1.013216808e+01 -1.013216808e+01
5834 +5.661700632e-01 +5.661700632e-01 -1.014382994e+01 -1.014382994e+01
5837 +5.194335776e-01 +5.194335776e-01 -1.019056642e+01 -1.019056642e+01
5920 +4.949579403e-01 +4.949579403e-01 -1.021504206e+01 -1.021504206e+01
6036 +4.452930659e-01 +4.452930659e-01 -1.026470693e+01 -1.026470693e+01
6120 +4.243532263e-01 +4.243532263e-01 -1.028564677e+01 -1.028564677e+01
6234 +4.130381998e-01 +4.130381998e-01 -1.029696180e+01 -1.029696180e+01
6250 +3.809307324e-01 +3.809307324e-01 -1.032906927e+01 -1.032906927e+01
6392 +3.651710686e-01 +3.651710686e-01 -1.034482893e+01 -1.034482893e+01
6426 +3.535469428e-01 +3.535469428e-01 -1.035645306e+01 -1.035645306e+01
6522 +3.326592775e-01 +3.326592775e-01 -1.037734072e+01 -1.037734072e+01
6562 +3.209294519e-01 +3.209294519e-01 -1.038907055e+01 -1.038907055e+01
6573 +3.089215961e-01 +3.089215961e-01 -1.040107840e+01 -1.040107840e+01
6685 +2.865673288e-01 +2.865673288e-01 -1.042343267e+01 -1.042343267e+01
6970 +2.709337014e-01 +2.709337014e-01 -1.043906630e+01 -1.043906630e+01
7045 +2.678957577e-01 +2.678957577e-01 -1.044210424e+01 -1.044210424e+01
7133 +2.630092110e-01 +2.630092110e-01 -1.044699079e+01 -1.044699079e+01
7160 +2.561149045e-01 +2.561149045e-01 -1.045388510e+01 -1.045388510e+01
7275 +2.501116533e-01 +2.501116533e-01 -1.045988835e+01 -1.045988835e+01
7308 +2.417957729e-01 +2.417957729e-01 -1.046820423e+01 -1.046820423e+01
7329 +2.356147197e-01 +2.356147197e-01 -1.047438528e+01 -1.047438528e+01
7344 +2.335067545e-01 +2.335067545e-01 -1.047649325e+01 -1.047649325e+01
7841 +2.275178826e-01 +2.275178826e-01 -1.048248212e+01 -1.048248212e+01
8078 +2.231596941e-01 +2.231596941e-01 -1.048684031e+01 -1.048684031e+01
8089 +2.177720036e-01 +2.177720036e-01 -1.049222800e+01 -1.049222800e+01
8147 +2.121276485e-01 +2.121276485e-01 -1.049787235e+01 -1.049787235e+01
8215 +2.083403700e-01 +2.083403700e-01 -1.050165963e+01 -1.050165963e+01
8293 +2.006477537e-01 +2.006477537e-01 -1.050935225e+01 -1.050935225e+01
8324 +1.992669121e-01 +1.992669121e-01 -1.051073309e+01 -1.051073309e+01
8453 +1.942852156e-01 +1.942852156e-01 -1.051571478e+01 -1.051571478e+01
8653 +1.900562974e-01 +1.900562974e-01 -1.051994370e+01 -1.051994370e+01
8726 +1.861901001e-01 +1.861901001e-01 -1.052380990e+01 -1.052380990e+01
9282 +1.818207470e-01 +1.818207470e-01 -1.052817925e+01 -1.052817925e+01
10718 +1.778267956e-01 +1.778267956e-01 -1.053217320e+01 -1.053217320e+01
% function evaluation | noise-free fitness - Fopt (3.425000000000e+01) | best noise-free fitness - Fopt | measured fitness | best measured fitness | x1 | x2...
1 +7.568936666e+00 +7.568936666e+00 +4.181893667e+01 +4.181893667e+01
133 +6.943164852e+00 +6.943164852e+00 +4.119316485e+01 +4.119316485e+01
213 +6.015764308e+00 +6.015764308e+00 +4.026576431e+01 +4.026576431e+01
1190 +5.568109426e+00 +5.568109426e+00 +3.981810943e+01 +3.981810943e+01
1306 +4.656392144e+00 +4.656392144e+00 +3.890639214e+01 +3.890639214e+01
42587 +4.096173069e+00 +4.096173069e+00 +3.834617307e+01 +3.834617307e+01
43096 +3.598690179e+00 +3.598690179e+00 +3.784869018e+01 +3.784869018e+01
43412 +3.104602745e+00 +3.104602745e+00 +3.735460274e+01 +3.735460274e+01
43916 +2.842269287e+00 +2.842269287e+00 +3.709226929e+01 +3.709226929e+01
43961 +2.805344354e+00 +2.805344354e+00 +3.705534435e+01 +3.705534435e+01
44115 +2.690144606e+00 +2.690144606e+00 +3.694014461e+01 +3.694014461e+01
44173 +2.617270497e+00 +2.617270497e+00 +3.686727050e+01 +3.686727050e+01
44191 +2.478800210e+00 +2.478800210e+00 +3.672880021e+01 +3.672880021e+01
44299 +2.348389951e+00 +2.348389951e+00 +3.659838995e+01 +3.659838995e+01
44326 +2.339976325e+00 +2.339976325e+00 +3.658997633e+01 +3.658997633e+01
44337 +2.253208339e+00 +2.253208339e+00 +3.650320834e+01 +3.650320834e+01
44547 +2.227773953e+00 +2.227773953e+00 +3.647777395e+01 +3.647777395e+01
44558 +2.121893288e+00 +2.121893288e+00 +3.637189329e+01 +3.637189329e+01
44645 +2.019831966e+00 +2.019831966e+00 +3.626983197e+01 +3.626983197e+01
44777 +1.958380528e+00 +1.958380528e+00 +3.620838053e+01 +3.620838053e+01
44804 +1.939993681e+00 +1.939993681e+00 +3.618999368e+01 +3.618999368e+01
44863 +1.871865136e+00 +1.871865136e+00 +3.612186514e+01 +3.612186514e+01
44938 +1.858786806e+00 +1.858786806e+00 +3.610878681e+01 +3.610878681e+01
45092 +1.815480386e+00 +1.815480386e+00 +3.606548039e+01 +3.606548039e+01
45136 +1.764035880e+00 +1.764035880e+00 +3.601403588e+01 +3.601403588e+01
45216 +1.730572078e+00 +1.730572078e+00 +3.598057208e+01 +3.598057208e+01
45403 +1.687794298e+00 +1.687794298e+00 +3.593779430e+01 +3.593779430e+01
45442 +1.657198956e+00 +1.657198956e+00 +3.590719896e+01 +3.590719896e+01
45610 +1.614021293e+00 +1.614021293e+00 +3.586402129e+01 +3.586402129e+01
45769 +1.579389491e+00 +1.579389491e+00 +3.582938949e+01 +3.582938949e+01
46310 +1.547683857e+00 +1.547683857e+00 +3.579768386e+01 +3.579768386e+01
% function evaluation | noise-free fitness - Fopt (1.134700000000e+02) | best noise-free fitness - Fopt | measured fitness | best measured fitness | x1 | x2...
1 +1.307677826e+01 +1.307677826e+01 +1.265467783e+02 +1.265467783e+02
6 +1.028724346e+01 +1.028724346e+01 +1.237572435e+02 +1.237572435e+02
10 +8.393208227e+00 +8.393208227e+00 +1.218632082e+02 +1.218632082e+02
88 +8.185984891e+00 +8.185984891e+00 +1.216559849e+02 +1.216559849e+02
91 +6.319042525e+00 +6.319042525e+00 +1.197890425e+02 +1.197890425e+02
174 +4.642973433e+00 +4.642973433e+00 +1.181129734e+02 +1.181129734e+02
1214 +4.358655087e+00 +4.358655087e+00 +1.178286551e+02 +1.178286551e+02
9752 +3.347897816e+00 +3.347897816e+00 +1.168178978e+02 +1.168178978e+02
9815 +2.831740950e+00 +2.831740950e+00 +1.163017410e+02 +1.163017410e+02
9981 +2.787921877e+00 +2.787921877e+00 +1.162579219e+02 +1.162579219e+02
10079 +1.956585400e+00 +1.956585400e+00 +1.154265854e+02 +1.154265854e+02
10189 +1.716211321e+00 +1.716211321e+00 +1.151862113e+02 +1.151862113e+02
10477 +1.671504390e+00 +1.671504390e+00 +1.151415044e+02 +1.151415044e+02
10489 +1.396014381e+00 +1.396014381e+00 +1.148660144e+02 +1.148660144e+02
10498 +1.309505368e+00 +1.309505368e+00 +1.147795054e+02 +1.147795054e+02
10527 +9.650808604e-01 +9.650808604e-01 +1.144350809e+02 +1.144350809e+02
10704 +8.934299070e-01 +8.934299070e-01 +1.143634299e+02 +1.143634299e+02
10849 +8.718069867e-01 +8.718069867e-01 +1.143418070e+02 +1.143418070e+02
10896 +8.341367838e-01 +8.341367838e-01 +1.143041368e+02 +1.143041368e+02
10991 +6.074479212e-01 +6.074479212e-01 +1.140774479e+02 +1.140774479e+02
11675 +5.610212908e-01 +5.610212908e-01 +1.140310213e+02 +1.140310213e+02
11739 +5.080194604e-01 +5.080194604e-01 +1.139780195e+02 +1.139780195e+02
11783 +4.434619253e-01 +4.434619253e-01 +1.139134619e+02 +1.139134619e+02
11787 +4.135596739e-01 +4.135596739e-01 +1.138835597e+02 +1.138835597e+02
12255 +4.035576025e-01 +4.035576025e-01 +1.138735576e+02 +1.138735576e+02
12298 +3.862265219e-01 +3.862265219e-01 +1.138562265e+02 +1.138562265e+02
12306 +3.600000287e-01 +3.600000287e-01 +1.138300000e+02 +1.138300000e+02
12404 +3.356480298e-01 +3.356480298e-01 +1.138056480e+02 +1.138056480e+02
12417 +3.279847894e-01 +3.279847894e-01 +1.137979848e+02 +1.137979848e+02
12486 +3.191200155e-01 +3.191200155e-01 +1.137891200e+02 +1.137891200e+02
12492 +3.152378938e-01 +3.152378938e-01 +1.137852379e+02 +1.137852379e+02
12497 +2.863180181e-01 +2.863180181e-01 +1.137563180e+02 +1.137563180e+02
12578 +2.744803507e-01 +2.744803507e-01 +1.137444804e+02 +1.137444804e+02
12693 +2.685295686e-01 +2.685295686e-01 +1.137385296e+02 +1.137385296e+02
12811 +2.489756972e-01 +2.489756972e-01 +1.137189757e+02 +1.137189757e+02
12953 +2.409344305e-01 +2.409344305e-01 +1.137109344e+02 +1.137109344e+02
12972 +2.398606945e-01 +2.398606945e-01 +1.137098607e+02 +1.137098607e+02
13000 +2.278060145e-01 +2.278060145e-01 +1.136978060e+02 +1.136978060e+02
13181 +2.238446924e-01 +2.238446924e-01 +1.136938447e+02 +1.136938447e+02
13452 +2.173541334e-01 +2.173541334e-01 +1.136873541e+02 +1.136873541e+02
13820 +2.131642242e-01 +2.131642242e-01 +1.136831642e+02 +1.136831642e+02
13839 +2.080893588e-01 +2.080893588e-01 +1.136780894e+02 +1.136780894e+02
14354 +2.025765477e-01 +2.025765477e-01 +1.136725765e+02 +1.136725765e+02
14611 +1.993828358e-01 +1.993828358e-01 +1.136693828e+02 +1.136693828e+02
15166 +1.946490075e-01 +1.946490075e-01 +1.136646490e+02 +1.136646490e+02
