% function evaluation | noise-free fitness - Fopt (-1.694000000000e+01) | best noise-free fitness - Fopt | measured fitness | best measured fitness | x1 | x2...
1 +9.470123986e+01 +9.470123986e+01 +7.776123986e+01 +7.776123986e+01 +0.0000e+00 +0.0000e+00 +0.0000e+00 +0.0000e+00 +0.0000e+00
3 +5.711398984e+01 +5.711398984e+01 +4.017398984e+01 +4.017398984e+01 +7.6068e-03 -2.7079e-01 +2.6994e-01 +3.0826e-02 -8.6263e-02
7 +5.217135315e+01 +5.217135315e+01 +3.523135315e+01 +3.523135315e+01 -1.1350e-01 -2.4243e-01 -1.5385e-01 -2.9704e-02 -6.6404e-03
13 +4.454331525e+01 +4.454331525e+01 +2.760331525e+01 +2.760331525e+01 -1.0572e-01 -2.8354e-01 -1.0902e-01 -2.0672e-02 +1.1052e-01
90 +3.826585894e+01 +3.826585894e+01 +2.132585894e+01 +2.132585894e+01 +9.2443e-02 -3.5659e-01 -2.1789e-01 -5.0389e-02 +5.2376e-02
218 +3.656958451e+01 +3.656958451e+01 +1.962958451e+01 +1.962958451e+01 -4.8244e-02 -4.0499e-01 +2.6130e-01 +1.7498e-01 +1.9385e-02
246 +3.616020947e+01 +3.616020947e+01 +1.922020947e+01 +1.922020947e+01 -3.2904e-02 -3.7262e-01 +3.1188e-01 +1.7080e-01 -4.4525e-02
319 +3.517442558e+01 +3.517442558e+01 +1.823442558e+01 +1.823442558e+01 -3.8292e-02 -3.8716e-01 +2.9346e-01 +1.8931e-01 -1.7268e-02
% function evaluation | noise-free fitness - Fopt (1.881000000000e+01) | best noise-free fitness - Fopt | measured fitness | best measured fitness | x1 | x2...
1 +3.169183622e+01 +3.169183622e+01 +5.050183622e+01 +5.050183622e+01 +0.0000e+00 +0.0000e+00 +0.0000e+00 +0.0000e+00 +0.0000e+00
2 +2.588523889e+01 +2.588523889e+01 +4.469523889e+01 +4.469523889e+01 +9.6900e-02 +4.8892e-02 -1.3217e-02 +1.7418e-02 -6.4353e-02
3 +2.174002377e+01 +2.174002377e+01 +4.055002377e+01 +4.055002377e+01 -3.8261e-02 +5.2657e-02 -2.1298e-02 -1.3781e-01 -2.7969e-01
4 +2.052398788e+01 +2.052398788e+01 +3.933398788e+01 +3.933398788e+01 +1.8950e-01 -3.4072e-02 -4.2921e-02 +4.8146e-01 -1.6592e-01
5 +1.894024028e+01 +1.894024028e+01 +3.775024028e+01 +3.775024028e+01 -1.7879e-01 -6.7975e-02 -5.6472e-02 -3.1059e-01 -3.0532e-01
6 +1.787934133e+01 +1.787934133e+01 +3.668934133e+01 +3.668934133e+01 -1.8681e-01 -3.9175e-03 -1.9053e-01 +3.3158e-01 -1.3548e-01
11 +1.257745320e+01 +1.257745320e+01 +3.138745320e+01 +3.138745320e+01 -2.4547e-01 +4.0514e-01 -2.8201e-01 -2.2296e-01 +8.4438e-02
35 +1.135556688e+01 +1.135556688e+01 +3.016556688e+01 +3.016556688e+01 -6.2869e-01 +3.2863e-01 -8.3940e-01 -3.3880e-01 -1.4029e-01
54 +1.003861339e+01 +1.003861339e+01 +2.884861339e+01 +2.884861339e+01 -8.2494e-01 -6.5476e-01 -1.0009e+00 -4.1483e-03 +5.3585e-01
60 +9.632738054e+00 +9.632738054e+00 +2.844273805e+01 +2.844273805e+01 -7.2207e-01 +2.6091e-01 -7.6523e-01 -1.0665e-01 +4.5300e-01
70 +7.604124150e+00 +7.604124150e+00 +2.641412415e+01 +2.641412415e+01 -9.5595e-01 -3.0231e-01 -8.4098e-01 +1.3709e-01 +9.2929e-02
117 +7.577214753e+00 +7.577214753e+00 +2.638721475e+01 +2.638721475e+01 -6.6859e-01 -1.4063e-02 -1.0952e+00 +9.1641e-02 +6.1405e-01
121 +4.332242871e+00 +4.332242871e+00 +2.314224287e+01 +2.314224287e+01 -1.0258e+00 -4.7993e-01 -1.3138e+00 +3.7787e-01 +7.1158e-01
178 +4.107887598e+00 +4.107887598e+00 +2.291788760e+01 +2.291788760e+01 -7.2700e-01 -1.7390e-01 -1.0971e+00 -1.5508e-01 +1.0750e+00
202 +4.062878601e+00 +4.062878601e+00 +2.287287860e+01 +2.287287860e+01 -6.8153e-01 -2.6003e-01 -1.1083e+00 +9.8296e-02 +1.2538e+00
224 +3.775560383e+00 +3.775560383e+00 +2.258556038e+01 +2.258556038e+01 -8.1107e-01 -1.7963e-01 -1.0921e+00 +8.3296e-02 +1.2902e+00
250 +2.688920356e+00 +2.688920356e+00 +2.149892036e+01 +2.149892036e+01 -7.4679e-01 -2.7238e-01 -1.1090e+00 +1.0879e-03 +1.2356e+00
330 +2.520535050e+00 +2.520535050e+00 +2.133053505e+01 +2.133053505e+01 -6.9774e-01 -3.7421e-01 -1.1118e+00 -1.5323e-01 +1.4088e+00
373 +2.104315702e+00 +2.104315702e+00 +2.091431570e+01 +2.091431570e+01 -7.0151e-01 -3.5868e-01 -1.1007e+00 -2.1514e-01 +1.4986e+00
485 +1.816698209e+00 +1.816698209e+00 +2.062669821e+01 +2.062669821e+01 -7.1338e-01 -3.2909e-01 -1.1016e+00 -1.5819e-01 +1.4012e+00
653 +1.709681850e+00 +1.709681850e+00 +2.051968185e+01 +2.051968185e+01 -7.1576e-01 -3.3101e-01 -1.0979e+00 -1.6447e-01 +1.4046e+00
723 +1.671221653e+00 +1.671221653e+00 +2.048122165e+01 +2.048122165e+01 -7.1712e-01 -3.3028e-01 -1.0995e+00 -1.6101e-01 +1.4026e+00
769 +1.653792130e+00 +1.653792130e+00 +2.046379213e+01 +2.046379213e+01 -7.1601e-01 -3.2962e-01 -1.0986e+00 -1.6272e-01 +1.4036e+00
% function evaluation | noise-free fitness - Fopt (2.731500000000e+02) | best noise-free fitness - Fopt | measured fitness | best measured fitness | x1 | x2...
1 +8.700664503e+01 +8.700664503e+01 +3.601566450e+02 +3.601566450e+02 +0.0000e+00 +0.0000e+00 +0.0000e+00 +0.0000e+00 +0.0000e+00
2 +4.685235386e+01 +4.685235386e+01 +3.200023539e+02 +3.200023539e+02 -5.4450e-01 -1.0814e-01 +1.0896e-01 +2.8332e-01 -2.1011e-01
9 +4.652542544e+01 +4.652542544e+01 +3.196754254e+02 +3.196754254e+02 -2.5974e-02 -2.4552e-01 +8.1351e-02 +1.7800e-01 +2.7725e-01
21 +4.021466320e+01 +4.021466320e+01 +3.133646632e+02 +3.133646632e+02 -5.6166e-01 -1.9880e-01 -1.8523e-01 +1.0124e+00 -4.2651e-01
31 +3.470989261e+01 +3.470989261e+01 +3.078598926e+02 +3.078598926e+02 -4.4174e-01 -1.2774e-01 +1.7026e-01 +5.8326e-01 +6.2032e-01
41 +3.248954830e+01 +3.248954830e+01 +3.056395483e+02 +3.056395483e+02 -7.8663e-01 -3.8696e-02 +2.6747e-01 +8.1621e-01 -1.5538e-01
92 +2.686152311e+01 +2.686152311e+01 +3.000115231e+02 +3.000115231e+02 -4.6614e-01 +9.5886e-01 +7.6577e-01 +1.0931e+00 +4.7702e-02
138 +1.726294552e+01 +1.726294552e+01 +2.904129455e+02 +2.904129455e+02 -1.4443e+00 +4.4566e+00 +7.6178e-01 +1.0798e+00 +1.0678e+00
150 +1.313474655e+01 +1.313474655e+01 +2.862847466e+02 +2.862847466e+02 -1.7507e-01 +3.4150e+00 +5.9131e-01 +6.4061e-01 +1.2710e+00
156 +8.752674956e+00 +8.752674956e+00 +2.819026750e+02 +2.819026750e+02 -7.9110e-01 +4.6120e+00 +4.5720e-01 +1.5020e+00 +8.2546e-01
212 +7.250430847e+00 +7.250430847e+00 +2.804004308e+02 +2.804004308e+02 -8.2284e-01 +4.0313e+00 +4.4048e-01 +2.1258e+00 +1.6357e+00
218 +6.884271441e+00 +6.884271441e+00 +2.800342714e+02 +2.800342714e+02 -9.9386e-01 +4.3735e+00 +4.4829e-01 +2.1103e+00 +1.1947e+00
220 +6.656385097e+00 +6.656385097e+00 +2.798063851e+02 +2.798063851e+02 -9.1148e-01 +3.2874e+00 +2.6042e-01 +2.1846e+00 +1.5842e+00
221 +5.994053295e+00 +5.994053295e+00 +2.791440533e+02 +2.791440533e+02 -1.4581e+00 +3.7530e+00 +4.9084e-01 +2.6793e+00 +1.4941e+00
279 +4.499026435e+00 +4.499026435e+00 +2.776490264e+02 +2.776490264e+02 -3.0937e+00 +3.3326e+00 +1.0700e+00 +3.2147e+00 +2.2173e+00
343 +3.849747733e+00 +3.849747733e+00 +2.769997477e+02 +2.769997477e+02 -3.4153e+00 +3.4913e+00 +8.2298e-01 +3.1321e+00 +2.0034e+00
388 +3.794332788e+00 +3.794332788e+00 +2.769443328e+02 +2.769443328e+02 -3.1201e+00 +3.3843e+00 +9.8237e-01 +3.1501e+00 +2.1042e+00
390 +3.635490588e+00 +3.635490588e+00 +2.767854906e+02 +2.767854906e+02 -3.3302e+00 +3.5767e+00 +6.6182e-01 +3.1429e+00 +2.0141e+00
399 +2.622978336e+00 +2.622978336e+00 +2.757729783e+02 +2.757729783e+02 -3.5872e+00 +3.6782e+00 +7.1671e-01 +3.1316e+00 +2.0873e+00
471 +2.260157065e+00 +2.260157065e+00 +2.754101571e+02 +2.754101571e+02 -3.5464e+00 +3.4676e+00 +1.0007e+00 +3.2225e+00 +2.0948e+00
483 +1.975912248e+00 +1.975912248e+00 +2.751259122e+02 +2.751259122e+02 -3.5251e+00 +3.4253e+00 +1.0910e+00 +3.2505e+00 +2.0963e+00
557 +1.721723459e+00 +1.721723459e+00 +2.748717235e+02 +2.748717235e+02 -3.7593e+00 +3.4185e+00 +1.0250e+00 +3.2773e+00 +2.1473e+00
629 +1.523463178e+00 +1.523463178e+00 +2.746734632e+02 +2.746734632e+02 -3.5822e+00 +3.4312e+00 +1.0570e+00 +3.2599e+00 +2.1141e+00
771 +1.407953862e+00 +1.407953862e+00 +2.745579539e+02 +2.745579539e+02 -3.6416e+00 +3.4430e+00 +1.0586e+00 +3.2604e+00 +2.1075e+00
810 +1.368563036e+00 +1.368563036e+00 +2.745185630e+02 +2.745185630e+02 -3.6410e+00 +3.4477e+00 +1.0512e+00 +3.2532e+00 +2.0986e+00
836 +1.308997686e+00 +1.308997686e+00 +2.744589977e+02 +2.744589977e+02 -3.6558e+00 +3.4636e+00 +1.0675e+00 +3.2608e+00 +2.0931e+00
837 +1.274067154e+00 +1.274067154e+00 +2.744240672e+02 +2.744240672e+02 -3.6413e+00 +3.4540e+00 +1.0619e+00 +3.2618e+00 +2.1003e+00
967 +1.195128232e+00 +1.195128232e+00 +2.743451282e+02 +2.743451282e+02 -3.6576e+00 +3.4512e+00 +1.0602e+00 +3.2613e+00 +2.1037e+00
1003 +1.174668708e+00 +1.174668708e+00 +2.743246687e+02 +2.743246687e+02 -3.6610e+00 +3.4488e+00 +1.0525e+00 +3.2587e+00 +2.1031e+00
1068 +1.128244572e+00 +1.128244572e+00 +2.742782446e+02 +2.742782446e+02 -3.6497e+00 +3.4509e+00 +1.0484e+00 +3.2560e+00 +2.1010e+00
1076 +1.098343383e+00 +1.098343383e+00 +2.742483434e+02 +2.742483434e+02 -3.6484e+00 +3.4538e+00 +1.0490e+00 +3.2551e+00 +2.1001e+00
1268 +1.093239781e+00 +1.093239781e+00 +2.742432398e+02 +2.742432398e+02 -3.6431e+00 +3.4548e+00 +1.0397e+00 +3.2509e+00 +2.0991e+00
1376 +1.069451630e+00 +1.069451630e+00 +2.742194516e+02 +2.742194516e+02 -3.6381e+00 +3.4552e+00 +1.0403e+00 +3.2501e+00 +2.0984e+00
1547 +1.032200552e+00 +1.032200552e+00 +2.741822006e+02 +2.741822006e+02 -3.6378e+00 +3.4548e+00 +1.0403e+00 +3.2502e+00 +2.0987e+00
2321 +1.019166966e+00 +1.019166966e+00 +2.741691670e+02 +2.741691670e+02 -3.6363e+00 +3.4549e+00 +1.0402e+00 +3.2500e+00 +2.0985e+00
% function evaluation | noise-free fitness - Fopt (3.718000000000e+01) | best noise-free fitness - Fopt | measured fitness | best measured fitness | x1 | x2...
1 +1.334312491e+02 +1.334312491e+02 +1.706112491e+02 +1.706112491e+02 +0.0000e+00 +0.0000e+00 +0.0000e+00 +0.0000e+00 +0.0000e+00
3 +7.586892578e+01 +7.586892578e+01 +1.130489258e+02 +1.130489258e+02 +5.2752e-01 -3.0742e-01 -5.9426e-02 -4.9408e-02 +4.5936e-01
31 +6.358986894e+01 +6.358986894e+01 +1.007698689e+02 +1.007698689e+02 +2.4513e-01 -2.9624e-01 -1.0698e-02 +3.6526e-01 -2.8156e-01
61 +6.118315410e+01 +6.118315410e+01 +9.836315410e+01 +9.836315410e+01 +8.6425e-02 -3.5817e-01 +6.7132e-02 +1.7040e-01 -2.3811e-01
121 +6.006050804e+01 +6.006050804e+01 +9.724050804e+01 +9.724050804e+01 +3.5739e-02 -5.4946e-01 -1.4363e-02 +1.6514e-01 -3.8631e-01
139 +4.747790716e+01 +4.747790716e+01 +8.465790716e+01 +8.465790716e+01 +1.1019e-01 -5.7387e-01 +1.0388e+00 +1.2327e-01 +2.9653e-02
146 +4.257779671e+01 +4.257779671e+01 +7.975779671e+01 +7.975779671e+01 +2.5292e-01 -7.3809e-01 +1.1406e+00 +6.9657e-01 -3.9060e-01
148 +3.968422733e+01 +3.968422733e+01 +7.686422733e+01 +7.686422733e+01 +3.4229e-01 -5.9548e-01 +1.7424e+00 +3.9525e-01 +1.0684e-02
156 +3.239511659e+01 +3.239511659e+01 +6.957511659e+01 +6.957511659e+01 +4.3021e-01 -7.2418e-01 +1.6149e+00 +5.0081e-01 -3.7990e-02
162 +2.210047983e+01 +2.210047983e+01 +5.928047983e+01 +5.928047983e+01 +6.0355e-01 -1.1302e+00 +3.0892e+00 +8.0549e-01 -6.4483e-01
174 +2.170375493e+01 +2.170375493e+01 +5.888375493e+01 +5.888375493e+01 +2.8241e-01 -1.1506e+00 +4.2465e+00 +1.1018e+00 -4.6720e-01
180 +1.409148179e+01 +1.409148179e+01 +5.127148179e+01 +5.127148179e+01 -3.3090e-01 -9.9392e-01 +3.9398e+00 +1.3198e+00 -7.4682e-01
243 +1.109322373e+01 +1.109322373e+01 +4.827322373e+01 +4.827322373e+01 -3.8121e-01 -5.4617e-01 +5.0181e+00 +9.1121e-01 -1.8648e+00
277 +1.050242644e+01 +1.050242644e+01 +4.768242644e+01 +4.768242644e+01 +2.4534e-01 -9.1126e-01 +4.3017e+00 +9.3331e-01 -1.0182e+00
298 +9.917263662e+00 +9.917263662e+00 +4.709726366e+01 +4.709726366e+01 +2.5976e-01 -8.2889e-01 +4.7104e+00 +9.6826e-01 -1.7339e+00
320 +7.172977364e+00 +7.172977364e+00 +4.435297736e+01 +4.435297736e+01 +4.4007e-01 -1.0477e+00 +5.3165e+00 +1.0605e+00 -1.4597e+00
332 +6.331669342e+00 +6.331669342e+00 +4.351166934e+01 +4.351166934e+01 +2.3648e-01 -1.1182e+00 +4.6207e+00 +9.9473e-01 -1.9287e+00
340 +5.542420688e+00 +5.542420688e+00 +4.272242069e+01 +4.272242069e+01 +1.1679e-01 -1.1244e+00 +4.4795e+00 +1.0906e+00 -1.8578e+00
379 +4.463549117e+00 +4.463549117e+00 +4.164354912e+01 +4.164354912e+01 +4.4168e-01 -1.0518e+00 +4.8353e+00 +1.0221e+00 -1.7623e+00
433 +3.750605632e+00 +3.750605632e+00 +4.093060563e+01 +4.093060563e+01 +2.0415e-01 -1.0382e+00 +4.5687e+00 +1.0983e+00 -1.7955e+00
466 +3.540584821e+00 +3.540584821e+00 +4.072058482e+01 +4.072058482e+01 +2.6848e-01 -9.7518e-01 +4.8012e+00 +1.0521e+00 -1.7872e+00
496 +3.288982412e+00 +3.288982412e+00 +4.046898241e+01 +4.046898241e+01 +3.7765e-01 -9.9615e-01 +4.8710e+00 +1.0188e+00 -1.7519e+00
520 +2.678810451e+00 +2.678810451e+00 +3.985881045e+01 +3.985881045e+01 +3.2611e-01 -1.0065e+00 +4.8226e+00 +1.0467e+00 -1.7459e+00
901 +2.628416714e+00 +2.628416714e+00 +3.980841671e+01 +3.980841671e+01 +3.2202e-01 -1.0097e+00 +4.8027e+00 +1.0488e+00 -1.7307e+00
% function evaluation | noise-free fitness - Fopt (-1.479000000000e+02) | best noise-free fitness - Fopt | measured fitness | best measured fitness | x1 | x2...
1 +6.898756762e+01 +6.898756762e+01 -7.891243238e+01 -7.891243238e+01 +0.0000e+00 +0.0000e+00 +0.0000e+00 +0.0000e+00 +0.0000e+00
2 +3.390157502e+01 +3.390157502e+01 -1.139984250e+02 -1.139984250e+02 -4.0368e-01 -6.8822e-02 -3.0578e-01 +7.3055e-02 -2.2065e-01
7 +3.151294321e+01 +3.151294321e+01 -1.163870568e+02 -1.163870568e+02 -1.9208e-01 -1.1452e-01 -1.2463e-01 -1.2500e-01 -1.7731e-02
14 +2.964827330e+01 +2.964827330e+01 -1.182517267e+02 -1.182517267e+02 -2.5809e-01 +7.9200e-02 -4.5110e-02 +1.2526e-01 +8.5295e-02
28 +2.664466714e+01 +2.664466714e+01 -1.212553329e+02 -1.212553329e+02 -4.9299e-01 -3.7906e-01 -2.1934e-01 +4.3709e-02 -8.8465e-02
49 +2.156868277e+01 +2.156868277e+01 -1.263313172e+02 -1.263313172e+02 -7.5789e-01 -2.1580e-01 -6.1740e-02 +1.4110e-01 -6.8766e-01
59 +2.123315044e+01 +2.123315044e+01 -1.266668496e+02 -1.266668496e+02 -4.8693e-01 -2.6167e-01 -1.8562e-01 -3.1368e-01 -9.6081e-01
98 +1.778504450e+01 +1.778504450e+01 -1.301149555e+02 -1.301149555e+02 -5.3881e-01 -2.0807e-01 -5.9592e-01 -1.6728e-01 -1.2525e+00
218 +1.736110247e+01 +1.736110247e+01 -1.305388975e+02 -1.305388975e+02 -2.8373e+00 -5.8800e-01 -1.7848e-01 -3.8486e-01 -1.6923e-01
220 +1.579548497e+01 +1.579548497e+01 -1.321045150e+02 -1.321045150e+02 -2.1643e+00 -3.2156e-01 +2.2379e-01 -5.1870e-01 -5.9896e-01
251 +1.456059768e+01 +1.456059768e+01 -1.333394023e+02 -1.333394023e+02 -2.3017e+00 +5.4199e-01 -8.1116e-01 -4.5412e-01 -1.6923e+00
253 +1.202973621e+01 +1.202973621e+01 -1.358702638e+02 -1.358702638e+02 -3.2764e+00 +5.6835e-02 -5.0530e-01 -7.8396e-01 -1.6401e+00
255 +1.048997989e+01 +1.048997989e+01 -1.374100201e+02 -1.374100201e+02 -3.2749e+00 +3.2928e-02 +2.0245e-01 -6.5939e-01 -1.0904e+00
262 +1.039477224e+01 +1.039477224e+01 -1.375052278e+02 -1.375052278e+02 -3.1248e+00 +4.7794e-02 +1.0980e+00 -4.2085e-01 -1.8451e+00
269 +8.695212235e+00 +8.695212235e+00 -1.392047878e+02 -1.392047878e+02 -2.2230e+00 -4.5399e-01 +1.1135e+00 -1.0867e+00 -1.8610e+00
285 +4.971997221e+00 +4.971997221e+00 -1.429280028e+02 -1.429280028e+02 -2.9542e+00 +2.5727e-01 +2.4548e-01 -1.1988e+00 -1.9293e+00
353 +4.760421648e+00 +4.760421648e+00 -1.431395784e+02 -1.431395784e+02 -2.6387e+00 +5.5682e-02 +1.0748e+00 -1.1532e+00 -1.8989e+00
357 +4.069560180e+00 +4.069560180e+00 -1.438304398e+02 -1.438304398e+02 -1.9880e+00 -3.7108e-02 +1.0403e+00 -1.4493e+00 -2.9133e+00
362 +2.507389569e+00 +2.507389569e+00 -1.453926104e+02 -1.453926104e+02 -2.1932e+00 +4.2660e-02 +1.1473e+00 -1.6953e+00 -2.7338e+00
394 +2.306873741e+00 +2.306873741e+00 -1.455931263e+02 -1.455931263e+02 -1.8090e+00 -1.1279e-01 +1.2210e+00 -1.8089e+00 -2.9907e+00
399 +2.235676068e+00 +2.235676068e+00 -1.456643239e+02 -1.456643239e+02 -1.8239e+00 -1.8618e-01 +1.1066e+00 -1.8847e+00 -2.8243e+00
487 +2.003694725e+00 +2.003694725e+00 -1.458963053e+02 -1.458963053e+02 -1.7526e+00 -2.1906e-01 +1.3792e+00 -2.1550e+00 -2.9593e+00
528 +1.378483309e+00 +1.378483309e+00 -1.465215167e+02 -1.465215167e+02 -1.7892e+00 -2.8152e-01 +1.8099e+00 -1.7505e+00 -2.9245e+00
569 +1.309774969e+00 +1.309774969e+00 -1.465902250e+02 -1.465902250e+02 -1.4549e+00 -4.5961e-01 +2.1579e+00 -1.8170e+00 -2.7833e+00
617 +8.992326308e-01 +8.992326308e-01 -1.470007674e+02 -1.470007674e+02 -1.4524e+00 -4.1348e-01 +2.1467e+00 -1.8817e+00 -2.8934e+00
732 +7.716073775e-01 +7.716073775e-01 -1.471283926e+02 -1.471283926e+02 -1.5041e+00 -3.8990e-01 +2.1968e+00 -1.8005e+00 -2.8457e+00
803 +6.804516151e-01 +6.804516151e-01 -1.472195484e+02 -1.472195484e+02 -1.5875e+00 -3.3865e-01 +2.0034e+00 -1.7890e+00 -2.8234e+00
829 +5.724420777e-01 +5.724420777e-01 -1.473275579e+02 -1.473275579e+02 -1.5958e+00 -3.1431e-01 +1.9882e+00 -1.7995e+00 -2.8127e+00
890 +4.736787329e-01 +4.736787329e-01 -1.474263213e+02 -1.474263213e+02 -1.5844e+00 -3.1414e-01 +1.9967e+00 -1.7961e+00 -2.8350e+00
912 +4.265383827e-01 +4.265383827e-01 -1.474734616e+02 -1.474734616e+02 -1.5862e+00 -3.0523e-01 +1.9910e+00 -1.7887e+00 -2.8320e+00
932 +3.819956836e-01 +3.819956836e-01 -1.475180043e+02 -1.475180043e+02 -1.5911e+00 -3.1431e-01 +2.0085e+00 -1.7871e+00 -2.8309e+00
935 +3.273272687e-01 +3.273272687e-01 -1.475726727e+02 -1.475726727e+02 -1.5968e+00 -3.0775e-01 +1.9849e+00 -1.7865e+00 -2.8288e+00
943 +2.996089958e-01 +2.996089958e-01 -1.476003910e+02 -1.476003910e+02 -1.5948e+00 -3.1353e-01 +1.9926e+00 -1.7922e+00 -2.8278e+00
1003 +2.542217405e-01 +2.542217405e-01 -1.476457783e+02 -1.476457783e+02 -1.5973e+00 -3.1789e-01 +1.9842e+00 -1.8053e+00 -2.8293e+00
1149 +2.489596498e-01 +2.489596498e-01 -1.476510404e+02 -1.476510404e+02 -1.5954e+00 -3.2021e-01 +2.0014e+00 -1.7934e+00 -2.8237e+00
1177 +2.436123603e-01 +2.436123603e-01 -1.476563876e+02 -1.476563876e+02 -1.6001e+00 -3.2099e-01 +1.9928e+00 -1.7964e+00 -2.8206e+00
1198 +2.151914141e-01 +2.151914141e-01 -1.476848086e+02 -1.476848086e+02 -1.6000e+00 -3.2213e-01 +1.9960e+00 -1.7957e+00 -2.8195e+00
1249 +2.023926412e-01 +2.023926412e-01 -1.476976074e+02 -1.476976074e+02 -1.5996e+00 -3.2242e-01 +1.9959e+00 -1.7964e+00 -2.8209e+00
1262 +1.981127953e-01 +1.981127953e-01 -1.477018872e+02 -1.477018872e+02 -1.5992e+00 -3.2250e-01 +1.9974e+00 -1.7952e+00 -2.8203e+00
1297 +1.925894717e-01 +1.925894717e-01 -1.477074105e+02 -1.477074105e+02 -1.6000e+00 -3.2236e-01 +1.9957e+00 -1.7958e+00 -2.8201e+00
1315 +1.839989922e-01 +1.839989922e-01 -1.477160010e+02 -1.477160010e+02 -1.5994e+00 -3.2216e-01 +1.9972e+00 -1.7951e+00 -2.8206e+00
1417 +1.808917366e-01 +1.808917366e-01 -1.477191083e+02 -1.477191083e+02 -1.5996e+00 -3.2279e-01 +1.9983e+00 -1.7945e+00 -2.8197e+00
1616 +1.775141981e-01 +1.775141981e-01 -1.477224858e+02 -1.477224858e+02 -1.6000e+00 -3.2220e-01 +1.9975e+00 -1.7942e+00 -2.8197e+00
2243 +1.737229530e-01 +1.737229530e-01 -1.477262770e+02 -1.477262770e+02 -1.6000e+00 -3.2221e-01 +1.9976e+00 -1.7943e+00 -2.8197e+00
% function evaluation | noise-free fitness - Fopt (2.173800000000e+02) | best noise-free fitness - Fopt | measured fitness | best measured fitness | x1 | x2...
1 +1.561535702e+02 +1.561535702e+02 +3.735335702e+02 +3.735335702e+02 +0.0000e+00 +0.0000e+00 +0.0000e+00 +0.0000e+00 +0.0000e+00
2 +1.452149773e+02 +1.452149773e+02 +3.625949773e+02 +3.625949773e+02 +1.8901e-02 +3.2418e-01 +1.9420e-01 -4.2391e-01 -1.4245e-01
5 +9.761711255e+01 +9.761711255e+01 +3.149971126e+02 +3.149971126e+02 +1.9366e-01 -6.1505e-02 +3.1382e-01 -1.7095e-01 -3.3074e-01
17 +7.853013517e+01 +7.853013517e+01 +2.959101352e+02 +2.959101352e+02 -1.0763e-01 -1.1139e-01 +2.6699e-01 +1.8179e-01 -1.6826e-01
61 +5.652225741e+01 +5.652225741e+01 +2.739022574e+02 +2.739022574e+02 +2.6184e-01 +3.7858e-01 -6.5184e-02 +1.9292e+00 +3.7619e-01
93 +5.199730222e+01 +5.199730222e+01 +2.693773022e+02 +2.693773022e+02 +7.9570e-01 -1.9244e-01 +9.5698e-02 +1.5098e+00 -6.4002e-01
120 +4.947962367e+01 +4.947962367e+01 +2.668596237e+02 +2.668596237e+02 +1.3807e+00 -1.1650e+00 -1.1113e-01 +1.6250e+00 +3.4192e-02
130 +4.792976813e+01 +4.792976813e+01 +2.653097681e+02 +2.653097681e+02 +2.1351e+00 -1.9425e+00 -4.3793e-02 +2.0425e+00 +1.0104e+00
131 +3.643746484e+01 +3.643746484e+01 +2.538174648e+02 +2.538174648e+02 +8.2108e-01 -1.7829e+00 -5.0619e-01 +2.5066e+00 -2.4620e-01
150 +2.399449774e+01 +2.399449774e+01 +2.413744977e+02 +2.413744977e+02 +1.7543e+00 -3.0242e+00 -1.3260e+00 +1.5063e+00 +9.2636e-02
163 +2.330050718e+01 +2.330050718e+01 +2.406805072e+02 +2.406805072e+02 +1.8534e+00 -3.7195e+00 -5.7735e-01 +3.8814e+00 -9.0678e-01
172 +2.175677183e+01 +2.175677183e+01 +2.391367718e+02 +2.391367718e+02 +2.2119e+00 -3.7024e+00 -2.0188e+00 +3.3257e+00 +5.4614e-03
184 +1.870568906e+01 +1.870568906e+01 +2.360856891e+02 +2.360856891e+02 +2.5309e+00 -2.3683e+00 -2.4077e+00 +2.6147e+00 +7.1311e-01
186 +1.633646559e+01 +1.633646559e+01 +2.337164656e+02 +2.337164656e+02 +1.7906e+00 -3.9101e+00 -2.0009e+00 +3.2184e+00 -1.1694e+00
194 +1.566884977e+01 +1.566884977e+01 +2.330488498e+02 +2.330488498e+02 +2.1627e+00 -4.2352e+00 -3.1994e+00 +2.3729e+00 -1.3115e+00
197 +1.159594744e+01 +1.159594744e+01 +2.289759474e+02 +2.289759474e+02 +2.3583e+00 -2.8776e+00 -2.9371e+00 +2.8086e+00 -1.8913e+00
198 +1.147869893e+01 +1.147869893e+01 +2.288586989e+02 +2.288586989e+02 +1.9823e+00 -2.4947e+00 -4.6496e+00 +2.4136e+00 -1.0765e+00
200 +1.043161268e+01 +1.043161268e+01 +2.278116127e+02 +2.278116127e+02 +1.8365e+00 -2.7703e+00 -3.6378e+00 +3.3321e+00 -7.0447e-01
235 +7.488948787e+00 +7.488948787e+00 +2.248689488e+02 +2.248689488e+02 +2.7330e+00 -3.0210e+00 -3.7138e+00 +2.8711e+00 -1.3253e+00
244 +6.280928206e+00 +6.280928206e+00 +2.236609282e+02 +2.236609282e+02 +1.6411e+00 -2.6331e+00 -3.1699e+00 +3.5603e+00 -1.2928e+00
256 +5.581404672e+00 +5.581404672e+00 +2.229614047e+02 +2.229614047e+02 +1.8904e+00 -3.6081e+00 -3.1327e+00 +2.7027e+00 -1.8846e+00
261 +5.331752376e+00 +5.331752376e+00 +2.227117524e+02 +2.227117524e+02 +2.0682e+00 -3.2475e+00 -3.8100e+00 +3.0098e+00 -1.7153e+00
270 +5.246036602e+00 +5.246036602e+00 +2.226260366e+02 +2.226260366e+02 +2.1999e+00 -3.5537e+00 -3.4825e+00 +3.0558e+00 -1.7184e+00
306 +3.681282842e+00 +3.681282842e+00 +2.210612828e+02 +2.210612828e+02 +1.2830e+00 -3.4636e+00 -3.4355e+00 +2.7420e+00 -1.5954e+00
312 +3.205919807e+00 +3.205919807e+00 +2.205859198e+02 +2.205859198e+02 +1.8732e+00 -3.3233e+00 -3.2698e+00 +3.1387e+00 -1.4358e+00
322 +3.069467443e+00 +3.069467443e+00 +2.204494674e+02 +2.204494674e+02 +1.6194e+00 -3.3251e+00 -3.2117e+00 +2.8924e+00 -1.4750e+00
326 +2.607603956e+00 +2.607603956e+00 +2.199876040e+02 +2.199876040e+02 +1.5594e+00 -2.9477e+00 -3.0056e+00 +2.8941e+00 -1.7017e+00
447 +9.096466626e-01 +9.096466626e-01 +2.182896467e+02 +2.182896467e+02 +1.4932e+00 -3.3116e+00 -3.1007e+00 +2.7950e+00 -1.7527e+00
553 +5.146130035e-01 +5.146130035e-01 +2.178946130e+02 +2.178946130e+02 +1.4860e+00 -3.2881e+00 -3.1610e+00 +2.7662e+00 -1.7066e+00
626 +5.030495290e-01 +5.030495290e-01 +2.178830495e+02 +2.178830495e+02 +1.4813e+00 -3.2844e+00 -3.1678e+00 +2.7581e+00 -1.7031e+00
650 +4.259972696e-01 +4.259972696e-01 +2.178059973e+02 +2.178059973e+02 +1.4879e+00 -3.2949e+00 -3.1655e+00 +2.7543e+00 -1.7042e+00
655 +3.683037481e-01 +3.683037481e-01 +2.177483037e+02 +2.177483037e+02 +1.4915e+00 -3.2830e+00 -3.1736e+00 +2.7631e+00 -1.7042e+00
675 +3.170390072e-01 +3.170390072e-01 +2.176970390e+02 +2.176970390e+02 +1.4813e+00 -3.2939e+00 -3.1784e+00 +2.7462e+00 -1.7082e+00
697 +2.915984436e-01 +2.915984436e-01 +2.176715984e+02 +2.176715984e+02 +1.4884e+00 -3.3010e+00 -3.1768e+00 +2.7500e+00 -1.7076e+00
789 +2.868896968e-01 +2.868896968e-01 +2.176668897e+02 +2.176668897e+02 +1.4811e+00 -3.2979e+00 -3.1862e+00 +2.7432e+00 -1.7049e+00
792 +2.810263273e-01 +2.810263273e-01 +2.176610263e+02 +2.176610263e+02 +1.4804e+00 -3.2983e+00 -3.1862e+00 +2.7439e+00 -1.7043e+00
795 +2.648325323e-01 +2.648325323e-01 +2.176448325e+02 +2.176448325e+02 +1.4810e+00 -3.2985e+00 -3.1879e+00 +2.7430e+00 -1.7032e+00
821 +2.572534438e-01 +2.572534438e-01 +2.176372534e+02 +2.176372534e+02 +1.4802e+00 -3.2983e+00 -3.1875e+00 +2.7426e+00 -1.7037e+00
836 +2.260320719e-01 +2.260320719e-01 +2.176060321e+02 +2.176060321e+02 +1.4817e+00 -3.3004e+00 -3.1882e+00 +2.7420e+00 -1.7034e+00
1346 +2.238347908e-01 +2.238347908e-01 +2.176038348e+02 +2.176038348e+02 +1.4810e+00 -3.2992e+00 -3.1877e+00 +2.7424e+00 -1.7037e+00
% function evaluation | noise-free fitness - Fopt (1.946900000000e+02) | best noise-free fitness - Fopt | measured fitness | best measured fitness | x1 | x2...
1 +6.404966691e+01 +6.404966691e+01 +2.587396669e+02 +2.587396669e+02 +0.0000e+00 +0.0000e+00 +0.0000e+00 +0.0000e+00 +0.0000e+00
5 +5.260076306e+01 +5.260076306e+01 +2.472907631e+02 +2.472907631e+02 -6.9518e-02 +1.5269e-01 +7.0155e-02 -2.1887e-01 -3.4998e-02
8 +3.625867060e+01 +3.625867060e+01 +2.309486706e+02 +2.309486706e+02 -5.5723e-01 -3.9533e-01 +3.5352e-02 +7.0935e-01 +1.6063e-01
13 +3.353284388e+01 +3.353284388e+01 +2.282228439e+02 +2.282228439e+02 -6.7699e-01 +2.0765e-02 +8.5187e-02 +2.0998e-01 -1.2353e-01
25 +2.054742908e+01 +2.054742908e+01 +2.152374291e+02 +2.152374291e+02 -8.3930e-01 -4.7046e-01 +5.1720e-02 +7.0382e-01 +1.9364e-01
39 +1.913932278e+01 +1.913932278e+01 +2.138293228e+02 +2.138293228e+02 -9.3885e-01 -1.0029e+00 +1.2724e-01 +3.8959e-01 +1.7839e-01
101 +1.756048478e+01 +1.756048478e+01 +2.122504848e+02 +2.122504848e+02 -2.1164e+00 -7.2784e-01 -4.1493e-01 +5.3244e-01 +5.5256e-01
221 +1.679452370e+01 +1.679452370e+01 +2.114845237e+02 +2.114845237e+02 -2.1985e+00 -1.0661e-01 +2.2751e-02 +4.2255e-01 +5.5041e-01
226 +1.642723890e+01 +1.642723890e+01 +2.111172389e+02 +2.111172389e+02 -2.1663e+00 -2.2619e-02 +9.2463e-02 +3.9258e-01 +5.4700e-01
234 +1.619136447e+01 +1.619136447e+01 +2.108813645e+02 +2.108813645e+02 -2.1654e+00 -4.9105e-02 +1.2436e-01 +3.8723e-01 +7.2378e-01
389 +1.563706656e+01 +1.563706656e+01 +2.103270666e+02 +2.103270666e+02 -2.1785e+00 -1.3573e-03 +9.2106e-02 +4.6096e-01 +5.1071e-01
% function evaluation | noise-free fitness - Fopt (-9.443000000000e+01) | best noise-free fitness - Fopt | measured fitness | best measured fitness | x1 | x2...
1 +2.711557653e+01 +2.711557653e+01 -6.731442347e+01 -6.731442347e+01 +0.0000e+00 +0.0000e+00 +0.0000e+00 +0.0000e+00 +0.0000e+00
7 +1.940972529e+01 +1.940972529e+01 -7.502027471e+01 -7.502027471e+01 -2.4720e-02 -3.8250e-01 +3.5375e-01 +1.7980e-01 -2.7538e-03
13 +1.647446705e+01 +1.647446705e+01 -7.795553295e+01 -7.795553295e+01 -1.8839e-01 -1.5058e-02 +3.6426e-01 +1.3946e-01 +1.0733e-01
39 +1.598821512e+01 +1.598821512e+01 -7.844178488e+01 -7.844178488e+01 -9.5436e-02 -5.6565e-01 +9.0159e-01 +4.9529e-01 -3.3154e-02
43 +1.009455544e+01 +1.009455544e+01 -8.433544456e+01 -8.433544456e+01 +3.3244e-01 -4.6150e-01 +1.6549e+00 +6.5866e-01 +7.9600e-03
60 +7.324125478e+00 +7.324125478e+00 -8.710587452e+01 -8.710587452e+01 +2.6199e-01 -1.3079e-02 +8.9594e-01 +1.9292e+00 -2.6792e-02
72 +5.501668401e+00 +5.501668401e+00 -8.892833160e+01 -8.892833160e+01 -1.1426e-01 +4.4411e-01 +5.3154e-01 +2.0355e+00 -4.3934e-01
94 +5.195238864e+00 +5.195238864e+00 -8.923476114e+01 -8.923476114e+01 +1.8903e-01 -3.1484e-01 +1.2539e+00 +1.7640e+00 -6.6637e-01
104 +3.932316738e+00 +3.932316738e+00 -9.049768326e+01 -9.049768326e+01 -1.8296e-02 -2.8544e-02 +1.6220e+00 +1.7532e+00 -2.2133e-01
106 +3.440017278e+00 +3.440017278e+00 -9.098998272e+01 -9.098998272e+01 +1.0530e-01 -1.4858e-01 +1.5471e+00 +1.9116e+00 -3.4779e-01
123 +3.006045140e+00 +3.006045140e+00 -9.142395486e+01 -9.142395486e+01 +1.8048e-01 -7.6922e-02 +2.0276e+00 +1.8811e+00 -1.8055e-01
126 +1.592477681e+00 +1.592477681e+00 -9.283752232e+01 -9.283752232e+01 -5.9946e-03 -6.5219e-03 +1.7541e+00 +1.9867e+00 -3.5867e-01
143 +1.273565680e+00 +1.273565680e+00 -9.315643432e+01 -9.315643432e+01 +1.0496e-01 -3.5727e-01 +2.6765e+00 +1.9412e+00 -3.4455e-01
212 +1.030038321e+00 +1.030038321e+00 -9.339996168e+01 -9.339996168e+01 -2.7409e-03 -1.2272e-01 +2.5271e+00 +1.8755e+00 +4.0878e-02
216 +7.769487337e-01 +7.769487337e-01 -9.365305127e+01 -9.365305127e+01 -4.3482e-03 +6.3445e-03 +2.5422e+00 +1.8549e+00 -3.3315e-02
243 +7.719835149e-01 +7.719835149e-01 -9.365801649e+01 -9.365801649e+01 +3.6338e-02 -1.3380e-01 +2.5375e+00 +1.8842e+00 -6.9746e-02
244 +5.332645554e-01 +5.332645554e-01 -9.389673544e+01 -9.389673544e+01 +2.8522e-04 -8.2112e-02 +2.5676e+00 +1.8837e+00 +3.2508e-02
260 +2.764642063e-01 +2.764642063e-01 -9.415353579e+01 -9.415353579e+01 +1.0497e-02 -1.0159e-01 +2.5086e+00 +1.8706e+00 -6.2104e-03
283 +1.601794728e-01 +1.601794728e-01 -9.426982053e+01 -9.426982053e+01 -1.3273e-02 -6.3114e-02 +2.4538e+00 +1.8779e+00 -3.0104e-02
477 +1.193986375e-01 +1.193986375e-01 -9.431060136e+01 -9.431060136e+01 +2.8316e-04 -7.4999e-02 +2.4652e+00 +1.8771e+00 -4.3692e-02
499 +1.114409853e-01 +1.114409853e-01 -9.431855901e+01 -9.431855901e+01 +3.3738e-04 -7.1125e-02 +2.4679e+00 +1.8755e+00 -3.4640e-02
525 +9.120217987e-02 +9.120217987e-02 -9.433879782e+01 -9.433879782e+01 +1.8171e-04 -7.6987e-02 +2.4729e+00 +1.8761e+00 -4.0045e-02
543 +8.925247488e-02 +8.925247488e-02 -9.434074753e+01 -9.434074753e+01 +9.3857e-04 -7.7260e-02 +2.4670e+00 +1.8762e+00 -3.9433e-02
554 +8.350872141e-02 +8.350872141e-02 -9.434649128e+01 -9.434649128e+01 -6.3878e-04 -7.4103e-02 +2.4746e+00 +1.8789e+00 -3.4477e-02
557 +7.785231240e-02 +7.785231240e-02 -9.435214769e+01 -9.435214769e+01 -4.6618e-04 -7.6231e-02 +2.4706e+00 +1.8785e+00 -3.8711e-02
562 +7.654201256e-02 +7.654201256e-02 -9.435345799e+01 -9.435345799e+01 -7.4571e-04 -7.4803e-02 +2.4764e+00 +1.8793e+00 -3.4537e-02
574 +6.084513838e-02 +6.084513838e-02 -9.436915486e+01 -9.436915486e+01 -5.3104e-04 -7.5789e-02 +2.4734e+00 +1.8769e+00 -3.3779e-02
589 +5.983031205e-02 +5.983031205e-02 -9.437016969e+01 -9.437016969e+01 -7.1361e-04 -7.7349e-02 +2.4733e+00 +1.8772e+00 -3.5051e-02
619 +5.531179386e-02 +5.531179386e-02 -9.437468821e+01 -9.437468821e+01 -4.2143e-04 -7.7032e-02 +2.4741e+00 +1.8778e+00 -3.5580e-02
651 +5.437122899e-02 +5.437122899e-02 -9.437562877e+01 -9.437562877e+01 -2.7035e-04 -7.6657e-02 +2.4730e+00 +1.8769e+00 -3.5183e-02
670 +5.363431761e-02 +5.363431761e-02 -9.437636568e+01 -9.437636568e+01 -3.0760e-04 -7.6196e-02 +2.4727e+00 +1.8775e+00 -3.4711e-02
684 +5.156506417e-02 +5.156506417e-02 -9.437843494e+01 -9.437843494e+01 -5.0127e-04 -7.6391e-02 +2.4728e+00 +1.8772e+00 -3.4726e-02
744 +4.965096211e-02 +4.965096211e-02 -9.438034904e+01 -9.438034904e+01 -1.6162e-04 -7.7163e-02 +2.4737e+00 +1.8770e+00 -3.4672e-02
797 +4.831375239e-02 +4.831375239e-02 -9.438168625e+01 -9.438168625e+01 -1.3106e-04 -7.6855e-02 +2.4736e+00 +1.8772e+00 -3.4562e-02
804 +4.756551776e-02 +4.756551776e-02 -9.438243448e+01 -9.438243448e+01 -1.2427e-04 -7.6898e-02 +2.4733e+00 +1.8771e+00 -3.4709e-02
852 +4.520539048e-02 +4.520539048e-02 -9.438479461e+01 -9.438479461e+01 -9.3882e-05 -7.6844e-02 +2.4733e+00 +1.8772e+00 -3.4679e-02
1064 +4.464496810e-02 +4.464496810e-02 -9.438535503e+01 -9.438535503e+01 -1.0728e-04 -7.6830e-02 +2.4733e+00 +1.8772e+00 -3.4700e-02
% function evaluation | noise-free fitness - Fopt (-1.213000000000e+02) | best noise-free fitness - Fopt | measured fitness | best measured fitness | x1 | x2...
1 +4.533259609e+01 +4.533259609e+01 -7.596740391e+01 -7.596740391e+01 +0.0000e+00 +0.0000e+00 +0.0000e+00 +0.0000e+00 +0.0000e+00
3 +4.149598313e+01 +4.149598313e+01 -7.980401687e+01 -7.980401687e+01 +3.1039e-01 -8.5081e-02 -1.3090e-01 +3.2299e-01 +2.4615e-02
4 +3.746146236e+01 +3.746146236e+01 -8.383853764e+01 -8.383853764e+01 +6.2440e-02 +1.6793e-01 -2.9283e-02 +1.7030e-01 +2.3409e-01
9 +3.327796805e+01 +3.327796805e+01 -8.802203195e+01 -8.802203195e+01 +4.6584e-02 +6.6366e-02 -1.7965e-01 -7.5626e-02 +5.5880e-01
18 +3.131135231e+01 +3.131135231e+01 -8.998864769e+01 -8.998864769e+01 -5.1481e-02 -1.8197e-01 -2.6602e-01 -1.0341e-01 -2.2373e-01
64 +2.991601173e+01 +2.991601173e+01 -9.138398827e+01 -9.138398827e+01 -8.2567e-01 -4.3570e-01 -5.4123e-01 +4.7312e-02 +4.6822e-01
65 +2.751050005e+01 +2.751050005e+01 -9.378949995e+01 -9.378949995e+01 -1.5543e-01 -1.7978e-01 -3.4658e-01 +4.6632e-01 +7.1326e-01
% function evaluation | noise-free fitness - Fopt (-1.000000000000e+03) | best noise-free fitness - Fopt | measured fitness | best measured fitness | x1 | x2...
1 +3.116839010e+01 +3.116839010e+01 -9.688316099e+02 -9.688316099e+02 +0.0000e+00 +0.0000e+00 +0.0000e+00 +0.0000e+00 +0.0000e+00
3 +2.207330328e+01 +2.207330328e+01 -9.779266967e+02 -9.779266967e+02 +1.2600e-02 +5.5839e-02 +2.7641e-01 +3.2234e-01 +6.2817e-03
6 +1.724326901e+01 +1.724326901e+01 -9.827567310e+02 -9.827567310e+02 -1.4990e-01 +2.1930e-01 +3.0953e-01 -3.8333e-02 -2.5711e-01
17 +1.694996570e+01 +1.694996570e+01 -9.830500343e+02 -9.830500343e+02 -2.3276e-02 -2.2155e-01 +2.8567e-01 -1.9775e-01 -1.2755e-01
113 +1.289172613e+01 +1.289172613e+01 -9.871082739e+02 -9.871082739e+02 +1.7723e-01 +1.9767e-02 +6.4587e-01 -9.7666e-01 -1.1672e-01
154 +1.101540866e+01 +1.101540866e+01 -9.889845913e+02 -9.889845913e+02 +2.2826e-01 -5.1557e-01 +5.9082e-01 -3.3514e-01 -5.7526e-01
216 +9.655539204e+00 +9.655539204e+00 -9.903444608e+02 -9.903444608e+02 +3.9972e-01 -4.2895e-01 +6.9582e-01 -6.1236e-01 -6.3925e-01
258 +9.336653830e+00 +9.336653830e+00 -9.906633462e+02 -9.906633462e+02 +3.7943e-01 -6.4247e-01 +6.4449e-01 -7.6415e-01 -5.0463e-01
280 +9.085259421e+00 +9.085259421e+00 -9.909147406e+02 -9.909147406e+02 +3.1231e-01 -2.5092e-01 +7.0721e-01 -9.0828e-01 -6.5201e-01
281 +8.522650263e+00 +8.522650263e+00 -9.914773497e+02 -9.914773497e+02 +4.9012e-01 -4.5896e-01 +4.4193e-01 -1.0567e+00 -5.3592e-01
339 +7.995389453e+00 +7.995389453e+00 -9.920046105e+02 -9.920046105e+02 +5.8161e-01 -7.3707e-01 +1.2517e+00 -1.1091e+00 -1.6865e-01
382 +6.971850127e+00 +6.971850127e+00 -9.930281499e+02 -9.930281499e+02 +5.4107e-01 -6.2587e-01 +1.2402e+00 -9.9901e-01 -2.9993e-01
391 +6.368574757e+00 +6.368574757e+00 -9.936314252e+02 -9.936314252e+02 +4.9317e-01 -6.0133e-01 +1.3587e+00 -1.1745e+00 -2.6362e-01
404 +6.180871157e+00 +6.180871157e+00 -9.938191288e+02 -9.938191288e+02 +4.8317e-01 -5.1423e-01 +1.2618e+00 -1.0601e+00 -3.4429e-01
425 +4.860018068e+00 +4.860018068e+00 -9.951399819e+02 -9.951399819e+02 +5.0753e-01 -4.6416e-01 +1.3054e+00 -1.0431e+00 -3.0879e-01
520 +4.587906465e+00 +4.587906465e+00 -9.954120935e+02 -9.954120935e+02 +4.6224e-01 -4.1609e-01 +1.2835e+00 -1.0946e+00 -3.2902e-01
523 +4.255977630e+00 +4.255977630e+00 -9.957440224e+02 -9.957440224e+02 +4.8421e-01 -4.1789e-01 +1.3006e+00 -1.0850e+00 -2.9330e-01
575 +4.062210657e+00 +4.062210657e+00 -9.959377893e+02 -9.959377893e+02 +4.7042e-01 -4.3403e-01 +1.2908e+00 -1.0841e+00 -3.1824e-01
615 +3.958852437e+00 +3.958852437e+00 -9.960411476e+02 -9.960411476e+02 +4.7845e-01 -4.5154e-01 +1.2665e+00 -1.0765e+00 -3.2095e-01
640 +3.734795510e+00 +3.734795510e+00 -9.962652045e+02 -9.962652045e+02 +4.7049e-01 -4.4584e-01 +1.2728e+00 -1.0848e+00 -3.1966e-01
668 +3.660436118e+00 +3.660436118e+00 -9.963395639e+02 -9.963395639e+02 +4.6844e-01 -4.4412e-01 +1.2853e+00 -1.0815e+00 -3.1893e-01
697 +3.497639041e+00 +3.497639041e+00 -9.965023610e+02 -9.965023610e+02 +4.7708e-01 -4.3636e-01 +1.2912e+00 -1.0787e+00 -3.1563e-01
787 +3.466257298e+00 +3.466257298e+00 -9.965337427e+02 -9.965337427e+02 +4.7284e-01 -4.4215e-01 +1.2803e+00 -1.0794e+00 -3.1955e-01
% function evaluation | noise-free fitness - Fopt (-2.787500000000e+02) | best noise-free fitness - Fopt | measured fitness | best measured fitness | x1 | x2...
1 +9.413703807e+01 +9.413703807e+01 -1.846129619e+02 -1.846129619e+02 +0.0000e+00 +0.0000e+00 +0.0000e+00 +0.0000e+00 +0.0000e+00
2 +8.302498780e+01 +8.302498780e+01 -1.957250122e+02 -1.957250122e+02 +5.3026e-01 +9.6622e-02 +1.6620e-01 +1.9436e-01 +3.6546e-01
3 +5.044585736e+01 +5.044585736e+01 -2.283041426e+02 -2.283041426e+02 -6.5015e-02 -8.7660e-02 -1.4001e-01 -7.7032e-02 +3.4688e-03
73 +4.565108155e+01 +4.565108155e+01 -2.330989185e+02 -2.330989185e+02 +2.1740e-01 -5.3217e-01 +4.6033e-01 +3.2288e-01 -1.7515e-01
84 +4.349071797e+01 +4.349071797e+01 -2.352592820e+02 -2.352592820e+02 +1.4830e-01 -5.5896e-01 +4.3091e-01 +2.0625e-01 -1.5769e-01
115 +4.166766264e+01 +4.166766264e+01 -2.370823374e+02 -2.370823374e+02 +4.2792e-01 -2.8505e-01 +5.6473e-01 +2.7516e-02 -1.3401e-01
196 +4.021199158e+01 +4.021199158e+01 -2.385380084e+02 -2.385380084e+02 +3.3360e-01 -1.3334e-01 +6.0707e-01 +1.0507e-01 +1.6043e-02
247 +3.954811182e+01 +3.954811182e+01 -2.392018882e+02 -2.392018882e+02 +2.1371e-01 -2.7907e-01 +5.9273e-01 -3.5245e-01 +4.2685e-02
283 +3.214025318e+01 +3.214025318e+01 -2.466097468e+02 -2.466097468e+02 -4.2955e-02 -3.1605e-01 +8.7889e-01 +6.3484e-01 -5.6481e-02
377 +3.008582003e+01 +3.008582003e+01 -2.486641800e+02 -2.486641800e+02 -2.1790e-02 -3.9773e-01 +1.3771e+00 +7.6138e-01 -4.4276e-01
450 +2.847874235e+01 +2.847874235e+01 -2.502712577e+02 -2.502712577e+02 -2.9146e-01 -5.5153e-02 +1.8488e+00 +6.3137e-01 -6.7732e-01
471 +2.568259964e+01 +2.568259964e+01 -2.530674004e+02 -2.530674004e+02 -5.7275e-01 +1.1596e-01 +2.0521e+00 -2.3459e-01 -4.3477e-01
583 +2.400575536e+01 +2.400575536e+01 -2.547442446e+02 -2.547442446e+02 -4.5435e-01 -2.8550e-01 +2.4685e+00 -7.9571e-01 +2.6519e-01
666 +2.199085773e+01 +2.199085773e+01 -2.567591423e+02 -2.567591423e+02 -8.6106e-01 +4.1889e-01 +2.6144e+00 -7.7002e-01 +5.5453e-01
688 +1.984940074e+01 +1.984940074e+01 -2.589005993e+02 -2.589005993e+02 -6.6590e-01 +7.4090e-01 +2.0914e+00 -8.3500e-01 +4.5546e-01
777 +1.756297893e+01 +1.756297893e+01 -2.611870211e+02 -2.611870211e+02 -1.2580e+00 +1.0627e+00 +2.6424e+00 -9.6743e-01 +9.5980e-01
817 +1.563545850e+01 +1.563545850e+01 -2.631145415e+02 -2.631145415e+02 -1.5386e+00 +1.6954e+00 +3.0594e+00 -1.2240e+00 +3.8126e-01
858 +1.321160761e+01 +1.321160761e+01 -2.655383924e+02 -2.655383924e+02 -1.2876e+00 +2.1437e+00 +3.1872e+00 -1.4816e+00 +1.0619e+00
% function evaluation | noise-free fitness - Fopt (-1.677000000000e+01) | best noise-free fitness - Fopt | measured fitness | best measured fitness | x1 | x2...
1 +1.622620738e+02 +1.622620738e+02 +1.454920738e+02 +1.454920738e+02 +0.0000e+00 +0.0000e+00 +0.0000e+00 +0.0000e+00 +0.0000e+00
4 +1.382352979e+02 +1.382352979e+02 +1.214652979e+02 +1.214652979e+02 -2.6487e-01 +2.7063e-02 +9.5787e-02 +7.9025e-02 -1.3474e-01
6 +1.365684271e+02 +1.365684271e+02 +1.197984271e+02 +1.197984271e+02 +2.8538e-02 -1.0377e-02 -1.9362e-01 -3.4381e-01 -2.1083e-01
9 +8.879857431e+01 +8.879857431e+01 +7.202857431e+01 +7.202857431e+01 +8.0802e-02 -5.4718e-01 -9.2985e-03 -1.1736e-01 -1.1775e-01
12 +8.129962086e+01 +8.129962086e+01 +6.452962086e+01 +6.452962086e+01 -1.2498e-02 -4.1811e-01 -8.8231e-02 -4.9436e-01 +2.5579e-02
45 +7.517587510e+01 +7.517587510e+01 +5.840587510e+01 +5.840587510e+01 +4.3686e-01 -8.4032e-02 +2.2736e-01 +1.4089e-01 +3.9545e-01
48 +5.740126347e+01 +5.740126347e+01 +4.063126347e+01 +4.063126347e+01 +3.5645e-01 -8.3753e-01 +3.2343e-01 +1.6667e-03 +6.2166e-02
98 +5.437267262e+01 +5.437267262e+01 +3.760267262e+01 +3.760267262e+01 -2.7661e-01 -6.2688e-01 +7.5637e-01 +2.7565e-01 +2.2731e-01
104 +4.843488497e+01 +4.843488497e+01 +3.166488497e+01 +3.166488497e+01 +1.2688e-01 -4.1279e-01 +9.8583e-01 +1.2936e-01 -1.7531e-01
116 +4.279443316e+01 +4.279443316e+01 +2.602443316e+01 +2.602443316e+01 -1.0495e-01 -7.5265e-01 +1.1144e+00 -2.3089e-01 +1.3211e-01
118 +3.859770560e+01 +3.859770560e+01 +2.182770560e+01 +2.182770560e+01 -3.9352e-01 -7.0317e-01 +9.6463e-01 -1.7503e-01 +4.4215e-02
138 +3.646633074e+01 +3.646633074e+01 +1.969633074e+01 +1.969633074e+01 -1.2486e-01 -1.1398e+00 +2.3588e+00 -2.2245e-01 -6.8895e-02
140 +3.343296801e+01 +3.343296801e+01 +1.666296801e+01 +1.666296801e+01 -6.9923e-02 -1.2057e+00 +1.8702e+00 -6.8033e-01 -1.1509e-01
143 +2.652161663e+01 +2.652161663e+01 +9.751616634e+00 +9.751616634e+00 -2.8153e-01 -6.8395e-01 +2.6024e+00 -4.4225e-01 -4.6857e-01
147 +2.514404733e+01 +2.514404733e+01 +8.374047331e+00 +8.374047331e+00 +2.4215e-02 -4.9898e-01 +2.6390e+00 +2.8503e-01 -6.2676e-01
149 +2.494078277e+01 +2.494078277e+01 +8.170782773e+00 +8.170782773e+00 -1.9533e-01 -7.6707e-01 +1.8500e+00 -9.0627e-01 -1.3285e-01
160 +1.867437408e+01 +1.867437408e+01 +1.904374080e+00 +1.904374080e+00 +2.1441e-01 -6.9475e-01 +2.1893e+00 +4.0670e-01 -3.2234e-01
169 +1.750585425e+01 +1.750585425e+01 +7.358542469e-01 +7.358542469e-01 +1.7172e-01 -2.2184e-01 +2.1366e+00 +1.0891e+00 -4.9655e-01
175 +1.261631823e+01 +1.261631823e+01 -4.153681775e+00 -4.153681775e+00 +8.2200e-03 -1.2408e-01 +2.8800e+00 +1.3449e+00 -6.3073e-01
199 +8.237792830e+00 +8.237792830e+00 -8.532207170e+00 -8.532207170e+00 +4.2464e-01 +4.7000e-01 +2.9586e+00 +1.9746e+00 -1.0381e+00
270 +4.238746997e+00 +4.238746997e+00 -1.253125300e+01 -1.253125300e+01 +5.1433e-01 +1.5147e+00 +3.1842e+00 +2.8856e+00 -1.4184e+00
294 +4.077957441e+00 +4.077957441e+00 -1.269204256e+01 -1.269204256e+01 +7.0848e-01 +1.5017e+00 +3.7898e+00 +3.7425e+00 -1.3784e+00
322 +2.740019811e+00 +2.740019811e+00 -1.402998019e+01 -1.402998019e+01 +1.1309e+00 +1.8648e+00 +3.3579e+00 +3.4714e+00 -2.0621e+00
415 +2.644183062e+00 +2.644183062e+00 -1.412581694e+01 -1.412581694e+01 +9.9154e-01 +1.5082e+00 +3.1380e+00 +3.1831e+00 -2.4126e+00
421 +1.994036444e+00 +1.994036444e+00 -1.477596356e+01 -1.477596356e+01 +8.7509e-01 +1.7437e+00 +3.0713e+00 +3.3183e+00 -2.5040e+00
424 +1.637690806e+00 +1.637690806e+00 -1.513230919e+01 -1.513230919e+01 +9.4007e-01 +1.5752e+00 +3.1269e+00 +3.3285e+00 -2.3505e+00
450 +1.475336437e+00 +1.475336437e+00 -1.529466356e+01 -1.529466356e+01 +8.2909e-01 +1.5688e+00 +3.4264e+00 +3.2686e+00 -2.1610e+00
460 +6.256718381e-01 +6.256718381e-01 -1.614432816e+01 -1.614432816e+01 +7.9527e-01 +1.6740e+00 +3.3555e+00 +3.4284e+00 -2.2352e+00
466 +6.030620530e-01 +6.030620530e-01 -1.616693795e+01 -1.616693795e+01 +6.6289e-01 +1.6013e+00 +3.3496e+00 +3.3272e+00 -2.2546e+00
469 +4.400982343e-01 +4.400982343e-01 -1.632990177e+01 -1.632990177e+01 +7.5702e-01 +1.6370e+00 +3.3761e+00 +3.2598e+00 -2.2617e+00
584 +2.247140078e-01 +2.247140078e-01 -1.654528599e+01 -1.654528599e+01 +7.7702e-01 +1.5930e+00 +3.3238e+00 +3.2544e+00 -2.2168e+00
694 +1.400286938e-01 +1.400286938e-01 -1.662997131e+01 -1.662997131e+01 +7.5986e-01 +1.6076e+00 +3.3414e+00 +3.3104e+00 -2.2569e+00
699 +1.071560310e-01 +1.071560310e-01 -1.666284397e+01 -1.666284397e+01 +7.6848e-01 +1.6160e+00 +3.3360e+00 +3.3020e+00 -2.2458e+00
706 +8.168986488e-02 +8.168986488e-02 -1.668831014e+01 -1.668831014e+01 +7.6071e-01 +1.6049e+00 +3.3430e+00 +3.3058e+00 -2.2402e+00
709 +8.022696733e-02 +8.022696733e-02 -1.668977303e+01 -1.668977303e+01 +7.6924e-01 +1.6044e+00 +3.3416e+00 +3.2899e+00 -2.2353e+00
807 +7.781649848e-02 +7.781649848e-02 -1.669218350e+01 -1.669218350e+01 +7.6734e-01 +1.5976e+00 +3.3486e+00 +3.2892e+00 -2.2002e+00
825 +5.617899783e-02 +5.617899783e-02 -1.671382100e+01 -1.671382100e+01 +7.6622e-01 +1.5931e+00 +3.3422e+00 +3.2894e+00 -2.2137e+00
847 +4.796706503e-02 +4.796706503e-02 -1.672203293e+01 -1.672203293e+01 +7.6558e-01 +1.5910e+00 +3.3431e+00 +3.2849e+00 -2.2097e+00
849 +2.863954530e-02 +2.863954530e-02 -1.674136045e+01 -1.674136045e+01 +7.6495e-01 +1.5923e+00 +3.3452e+00 +3.2867e+00 -2.2084e+00
907 +2.461173431e-02 +2.461173431e-02 -1.674538827e+01 -1.674538827e+01 +7.6595e-01 +1.5945e+00 +3.3449e+00 +3.2900e+00 -2.2087e+00
910 +2.399933881e-02 +2.399933881e-02 -1.674600066e+01 -1.674600066e+01 +7.6490e-01 +1.5952e+00 +3.3424e+00 +3.2898e+00 -2.2163e+00
913 +1.914958286e-02 +1.914958286e-02 -1.675085042e+01 -1.675085042e+01 +7.6431e-01 +1.5946e+00 +3.3424e+00 +3.2872e+00 -2.2129e+00
961 +1.494149955e-02 +1.494149955e-02 -1.675505850e+01 -1.675505850e+01 +7.6528e-01 +1.5933e+00 +3.3433e+00 +3.2872e+00 -2.2097e+00
971 +1.320743715e-02 +1.320743715e-02 -1.675679256e+01 -1.675679256e+01 +7.6530e-01 +1.5941e+00 +3.3433e+00 +3.2885e+00 -2.2114e+00
975 +1.228725230e-02 +1.228725230e-02 -1.675771275e+01 -1.675771275e+01 +7.6484e-01 +1.5936e+00 +3.3439e+00 +3.2881e+00 -2.2104e+00
1007 +8.773919744e-03 +8.773919744e-03 -1.676122608e+01 -1.676122608e+01 +7.6494e-01 +1.5933e+00 +3.3436e+00 +3.2877e+00 -2.2101e+00
1034 +8.643955704e-03 +8.643955704e-03 -1.676135604e+01 -1.676135604e+01 +7.6521e-01 +1.5935e+00 +3.3433e+00 +3.2877e+00 -2.2110e+00
1046 +7.132593006e-03 +7.132593006e-03 -1.676286741e+01 -1.676286741e+01 +7.6515e-01 +1.5937e+00 +3.3434e+00 +3.2879e+00 -2.2112e+00
1366 +6.773803005e-03 +6.773803005e-03 -1.676322620e+01 -1.676322620e+01 +7.6500e-01 +1.5932e+00 +3.3433e+00 +3.2874e+00 -2.2109e+00
1375 +6.636094737e-03 +6.636094737e-03 -1.676336391e+01 -1.676336391e+01 +7.6507e-01 +1.5933e+00 +3.3434e+00 +3.2875e+00 -2.2108e+00
1396 +6.131186663e-03 +6.131186663e-03 -1.676386881e+01 -1.676386881e+01 +7.6502e-01 +1.5933e+00 +3.3433e+00 +3.2875e+00 -2.2109e+00
1415 +5.762767616e-03 +5.762767616e-03 -1.676423723e+01 -1.676423723e+01 +7.6495e-01 +1.5932e+00 +3.3433e+00 +3.2874e+00 -2.2108e+00
1418 +5.699148545e-03 +5.699148545e-03 -1.676430085e+01 -1.676430085e+01 +7.6498e-01 +1.5933e+00 +3.3433e+00 +3.2874e+00 -2.2109e+00
1454 +5.461146197e-03 +5.461146197e-03 -1.676453885e+01 -1.676453885e+01 +7.6498e-01 +1.5933e+00 +3.3433e+00 +3.2875e+00 -2.2110e+00
1470 +5.284737409e-03 +5.284737409e-03 -1.676471526e+01 -1.676471526e+01 +7.6495e-01 +1.5933e+00 +3.3432e+00 +3.2875e+00 -2.2111e+00
1485 +5.122023854e-03 +5.122023854e-03 -1.676487798e+01 -1.676487798e+01 +7.6498e-01 +1.5933e+00 +3.3432e+00 +3.2875e+00 -2.2111e+00
1487 +4.999111639e-03 +4.999111639e-03 -1.676500089e+01 -1.676500089e+01 +7.6495e-01 +1.5933e+00 +3.3433e+00 +3.2875e+00 -2.2111e+00
1543 +4.894868969e-03 +4.894868969e-03 -1.676510513e+01 -1.676510513e+01 +7.6497e-01 +1.5933e+00 +3.3433e+00 +3.2875e+00 -2.2111e+00
1645 +4.747586303e-03 +4.747586303e-03 -1.676525241e+01 -1.676525241e+01 +7.6498e-01 +1.5933e+00 +3.3433e+00 +3.2875e+00 -2.2110e+00
1649 +4.598325660e-03 +4.598325660e-03 -1.676540167e+01 -1.676540167e+01 +7.6497e-01 +1.5933e+00 +3.3433e+00 +3.2875e+00 -2.2110e+00
1657 +4.505285880e-03 +4.505285880e-03 -1.676549471e+01 -1.676549471e+01 +7.6497e-01 +1.5933e+00 +3.3433e+00 +3.2875e+00 -2.2110e+00
1891 +4.460845281e-03 +4.460845281e-03 -1.676553915e+01 -1.676553915e+01 +7.6497e-01 +1.5933e+00 +3.3433e+00 +3.2875e+00 -2.2110e+00
2052 +4.348469016e-03 +4.348469016e-03 -1.676565153e+01 -1.676565153e+01 +7.6497e-01 +1.5933e+00 +3.3433e+00 +3.2875e+00 -2.2110e+00
% function evaluation | noise-free fitness - Fopt (-8.593000000000e+01) | best noise-free fitness - Fopt | measured fitness | best measured fitness | x1 | x2...
1 +6.180061407e+01 +6.180061407e+01 -2.412938593e+01 -2.412938593e+01 +0.0000e+00 +0.0000e+00 +0.0000e+00 +0.0000e+00 +0.0000e+00
2 +5.235004143e+01 +5.235004143e+01 -3.357995857e+01 -3.357995857e+01 -3.9832e-01 -2.0494e-04 +3.0179e-01 +2.6886e-01 +4.7904e-02
5 +5.086221990e+01 +5.086221990e+01 -3.506778010e+01 -3.506778010e+01 +1.3899e-01 +2.0489e-01 +5.5064e-02 -2.2225e-01 -1.2681e-01
6 +4.758848528e+01 +4.758848528e+01 -3.834151472e+01 -3.834151472e+01 +7.8526e-02 +2.2036e-01 +3.4166e-02 -1.1490e-01 +4.7424e-01
8 +4.451850605e+01 +4.451850605e+01 -4.141149395e+01 -4.141149395e+01 +1.5034e-01 +3.7428e-02 +2.0745e-01 +2.0515e-01 +3.5894e-01
11 +2.686490515e+01 +2.686490515e+01 -5.906509485e+01 -5.906509485e+01 -1.1428e-01 +3.0572e-01 +1.0066e-01 -1.1515e-01 +1.1784e-02
135 +2.475189214e+01 +2.475189214e+01 -6.117810786e+01 -6.117810786e+01 -4.2703e-01 +7.3368e-01 -3.9112e-02 -4.7833e-01 +1.2371e-01
153 +2.045253789e+01 +2.045253789e+01 -6.547746211e+01 -6.547746211e+01 -6.1316e-01 +8.1520e-01 -8.5181e-02 -7.7382e-01 +4.7057e-01
332 +1.796342031e+01 +1.796342031e+01 -6.796657969e+01 -6.796657969e+01 -8.3337e-01 +5.5391e-01 +1.0672e-01 -9.7806e-01 +2.2003e-01
420 +1.749961404e+01 +1.749961404e+01 -6.843038596e+01 -6.843038596e+01 -9.7291e-01 +6.2413e-01 +1.5859e-01 -9.7718e-01 +2.6115e-01
538 +1.711968256e+01 +1.711968256e+01 -6.881031744e+01 -6.881031744e+01 -9.8177e-01 +6.4671e-01 +1.5828e-01 -9.5834e-01 +2.4005e-01
565 +1.690357753e+01 +1.690357753e+01 -6.902642247e+01 -6.902642247e+01 -9.6536e-01 +6.7796e-01 +1.6354e-01 -9.3879e-01 +2.3261e-01
654 +1.657513939e+01 +1.657513939e+01 -6.935486061e+01 -6.935486061e+01 -9.4251e-01 +6.8685e-01 +1.4720e-01 -9.2000e-01 +2.3941e-01
677 +1.607332335e+01 +1.607332335e+01 -6.985667665e+01 -6.985667665e+01 -9.4998e-01 +7.0321e-01 +1.5230e-01 -8.9445e-01 +2.3668e-01
782 +1.584655746e+01 +1.584655746e+01 -7.008344254e+01 -7.008344254e+01 -9.4648e-01 +7.3506e-01 +1.5692e-01 -8.8503e-01 +2.1562e-01
1203 +1.548400536e+01 +1.548400536e+01 -7.044599464e+01 -7.044599464e+01 -9.5190e-01 +7.1987e-01 +1.5450e-01 -8.8839e-01 +2.2611e-01
% function evaluation | noise-free fitness - Fopt (4.966000000000e+01) | best noise-free fitness - Fopt | measured fitness | best measured fitness | x1 | x2...
1 +3.106975201e+01 +3.106975201e+01 +8.072975201e+01 +8.072975201e+01 +0.0000e+00 +0.0000e+00 +0.0000e+00 +0.0000e+00 +0.0000e+00
12 +2.497609750e+01 +2.497609750e+01 +7.463609750e+01 +7.463609750e+01 -4.2077e-01 -1.4509e-01 +1.5299e-02 -2.6886e-01 +1.4318e-01
26 +2.275612233e+01 +2.275612233e+01 +7.241612233e+01 +7.241612233e+01 -7.3047e-01 -4.6206e-01 -1.4191e-01 -1.4971e-01 +4.8882e-01
35 +2.161735664e+01 +2.161735664e+01 +7.127735664e+01 +7.127735664e+01 -8.5201e-01 -1.7483e-01 -2.4504e-01 -4.9196e-01 +1.7718e-01
53 +2.122271906e+01 +2.122271906e+01 +7.088271906e+01 +7.088271906e+01 -6.0192e-01 -6.6727e-01 -8.1243e-01 -1.5052e-03 -1.5112e-01
59 +1.999180263e+01 +1.999180263e+01 +6.965180263e+01 +6.965180263e+01 -1.2606e+00 -4.1105e-01 -3.2850e-02 -1.5027e-01 -1.3004e-01
111 +1.946849699e+01 +1.946849699e+01 +6.912849699e+01 +6.912849699e+01 -1.0389e+00 -5.8279e-01 -3.3922e-01 -1.3842e-01 +1.9023e-01
140 +1.761281473e+01 +1.761281473e+01 +6.727281473e+01 +6.727281473e+01 -2.0416e+00 -7.1729e-01 +8.4724e-02 -2.5126e-02 +9.0252e-03
153 +1.442012960e+01 +1.442012960e+01 +6.408012960e+01 +6.408012960e+01 -1.9121e+00 -1.0108e+00 -1.2918e-01 -1.7785e-02 +1.3960e-01
158 +1.220331780e+01 +1.220331780e+01 +6.186331780e+01 +6.186331780e+01 -1.8311e+00 -1.2270e+00 -2.0122e-01 +4.9725e-02 +2.3311e-01
174 +1.081082100e+01 +1.081082100e+01 +6.047082100e+01 +6.047082100e+01 -2.0063e+00 -1.5036e+00 +1.7510e-01 -2.1576e-02 -1.8423e-01
187 +7.701731408e+00 +7.701731408e+00 +5.736173141e+01 +5.736173141e+01 -2.0423e+00 -1.4465e+00 +2.4222e-01 -2.3673e-01 -2.2807e-01
200 +6.476034366e+00 +6.476034366e+00 +5.613603437e+01 +5.613603437e+01 -2.0230e+00 -1.8104e+00 +8.1862e-02 -3.8392e-01 -2.7867e-01
322 +5.815833743e+00 +5.815833743e+00 +5.547583374e+01 +5.547583374e+01 -1.8716e+00 -1.3543e+00 +3.8214e-01 -2.6181e-01 -3.7357e-01
388 +5.438372605e+00 +5.438372605e+00 +5.509837260e+01 +5.509837260e+01 -2.0868e+00 -1.6388e+00 +5.5525e-02 -2.7983e-01 -4.5806e-01
466 +5.125165408e+00 +5.125165408e+00 +5.478516541e+01 +5.478516541e+01 -2.1468e+00 -1.5565e+00 -1.5287e-01 -2.9673e-01 -3.6095e-01
489 +4.822078573e+00 +4.822078573e+00 +5.448207857e+01 +5.448207857e+01 -2.1639e+00 -1.5864e+00 -6.9756e-02 -2.6965e-01 -3.9775e-01
500 +4.695599391e+00 +4.695599391e+00 +5.435559939e+01 +5.435559939e+01 -2.1436e+00 -1.6279e+00 -4.2435e-02 -2.6125e-01 -3.8815e-01
590 +4.615661094e+00 +4.615661094e+00 +5.427566109e+01 +5.427566109e+01 -2.1550e+00 -1.7082e+00 -7.4523e-02 -2.1318e-01 -4.0711e-01
599 +4.469190917e+00 +4.469190917e+00 +5.412919092e+01 +5.412919092e+01 -2.1293e+00 -1.6717e+00 -2.9223e-02 -2.4377e-01 -4.1083e-01
601 +4.379679577e+00 +4.379679577e+00 +5.403967958e+01 +5.403967958e+01 -2.1448e+00 -1.7022e+00 -7.3007e-02 -2.0731e-01 -4.0006e-01
605 +4.165947703e+00 +4.165947703e+00 +5.382594770e+01 +5.382594770e+01 -2.1277e+00 -1.6856e+00 -5.7517e-02 -2.2219e-01 -4.0320e-01
606 +3.894475437e+00 +3.894475437e+00 +5.355447544e+01 +5.355447544e+01 -2.1315e+00 -1.6626e+00 -5.1167e-02 -2.3239e-01 -4.0048e-01
650 +3.880661855e+00 +3.880661855e+00 +5.354066185e+01 +5.354066185e+01 -2.1393e+00 -1.6526e+00 -4.3530e-02 -2.5941e-01 -4.1143e-01
673 +3.633347186e+00 +3.633347186e+00 +5.329334719e+01 +5.329334719e+01 -2.1342e+00 -1.6432e+00 -3.7416e-02 -2.4392e-01 -4.0852e-01
676 +3.565165914e+00 +3.565165914e+00 +5.322516591e+01 +5.322516591e+01 -2.1357e+00 -1.6461e+00 -4.5753e-02 -2.4062e-01 -4.1240e-01
695 +3.484653002e+00 +3.484653002e+00 +5.314465300e+01 +5.314465300e+01 -2.1386e+00 -1.6371e+00 -4.9860e-02 -2.3440e-01 -4.2101e-01
1199 +3.460293060e+00 +3.460293060e+00 +5.312029306e+01 +5.312029306e+01 -2.1274e+00 -1.6309e+00 -2.8119e-02 -2.4807e-01 -4.2072e-01
% function evaluation | noise-free fitness - Fopt (2.652800000000e+02) | best noise-free fitness - Fopt | measured fitness | best measured fitness | x1 | x2...
1 +1.065431151e+02 +1.065431151e+02 +3.718231151e+02 +3.718231151e+02 +0.0000e+00 +0.0000e+00 +0.0000e+00 +0.0000e+00 +0.0000e+00
2 +5.899466448e+01 +5.899466448e+01 +3.242746645e+02 +3.242746645e+02 -3.1608e-01 -2.7550e-01 -7.6292e-03 +2.6265e-01 -1.8430e-01
14 +4.577356155e+01 +4.577356155e+01 +3.110535615e+02 +3.110535615e+02 -1.0873e-02 -4.8698e-01 -8.0851e-02 +8.3223e-02 +9.3563e-02
17 +4.267821039e+01 +4.267821039e+01 +3.079582104e+02 +3.079582104e+02 -3.4079e-01 -8.3457e-02 -5.8925e-02 -4.7738e-02 +3.3244e-03
135 +4.090150922e+01 +4.090150922e+01 +3.061815092e+02 +3.061815092e+02 -4.8051e-02 -3.6856e-01 -6.0796e-02 +5.4135e-02 +7.5446e-02
196 +4.057619119e+01 +4.057619119e+01 +3.058561912e+02 +3.058561912e+02 -3.5129e-02 -4.3268e-01 -9.3959e-02 +7.7031e-02 +5.9269e-02
201 +3.952235562e+01 +3.952235562e+01 +3.048023556e+02 +3.048023556e+02 -4.0913e-02 -3.8590e-01 -8.9791e-02 +9.3192e-02 +6.0383e-02
212 +3.884861956e+01 +3.884861956e+01 +3.041286196e+02 +3.041286196e+02 -5.0021e-02 -3.8504e-01 -6.3174e-02 +7.3910e-02 +8.1626e-02
