% function evaluation | noise-free fitness - Fopt (-1.694000000000e+01) | best noise-free fitness - Fopt | measured fitness | best measured fitness | x1 | x2...
1 +3.696355518e+01 +3.696355518e+01 +2.002355518e+01 +2.002355518e+01 +0.0000e+00 +0.0000e+00 +0.0000e+00
6 +2.837629293e+01 +2.837629293e+01 +1.143629293e+01 +1.143629293e+01 +2.0221e-02 -1.3389e-01 +1.7033e-01
18 +1.984737216e+01 +1.984737216e+01 +2.907372160e+00 +2.907372160e+00 +3.4628e-01 -4.7499e-01 -2.0865e-02
26 +1.918277567e+01 +1.918277567e+01 +2.242775669e+00 +2.242775669e+00 +7.3783e-01 -3.4010e-01 +2.3802e-01
36 +1.824766452e+01 +1.824766452e+01 +1.307664516e+00 +1.307664516e+00 +5.6125e-01 -3.4467e-01 +8.0652e-01
38 +1.338973843e+01 +1.338973843e+01 -3.550261566e+00 -3.550261566e+00 +1.3299e+00 -2.1825e-01 +9.1635e-02
49 +1.247923629e+01 +1.247923629e+01 -4.460763708e+00 -4.460763708e+00 +2.0344e+00 +1.5369e-01 -2.0961e-01
53 +8.600183573e+00 +8.600183573e+00 -8.339816427e+00 -8.339816427e+00 +1.5401e+00 +8.5711e-01 +8.6305e-03
75 +4.297721614e+00 +4.297721614e+00 -1.264227839e+01 -1.264227839e+01 +1.9984e+00 +9.6557e-01 +2.0082e-02
132 +4.185734038e+00 +4.185734038e+00 -1.275426596e+01 -1.275426596e+01 +1.7610e+00 +6.2848e-01 +2.0115e-01
136 +3.234459099e+00 +3.234459099e+00 -1.370554090e+01 -1.370554090e+01 +1.9471e+00 +9.7708e-01 +2.9203e-02
169 +3.052054036e+00 +3.052054036e+00 -1.388794596e+01 -1.388794596e+01 +1.7125e+00 +6.2009e-01 +1.9632e-01
190 +2.482488064e+00 +2.482488064e+00 -1.445751194e+01 -1.445751194e+01 +1.7030e+00 +6.3870e-01 +2.2820e-01
% function evaluation | noise-free fitness - Fopt (1.881000000000e+01) | best noise-free fitness - Fopt | measured fitness | best measured fitness | x1 | x2...
1 +4.772316610e+01 +4.772316610e+01 +6.653316610e+01 +6.653316610e+01 +0.0000e+00 +0.0000e+00 +0.0000e+00
2 +3.403987337e+01 +3.403987337e+01 +5.284987337e+01 +5.284987337e+01 +5.1232e-01 +7.9340e-02 -2.6932e-02
5 +3.148720005e+01 +3.148720005e+01 +5.029720005e+01 +5.029720005e+01 +1.6781e-01 -1.5264e-01 -2.8601e-01
8 +2.990970793e+01 +2.990970793e+01 +4.871970793e+01 +4.871970793e+01 -2.7555e-01 +1.2772e-01 +2.6030e-01
9 +2.217461606e+01 +2.217461606e+01 +4.098461606e+01 +4.098461606e+01 -3.2373e-01 +1.4461e-01 -1.5569e-01
13 +1.689449128e+01 +1.689449128e+01 +3.570449128e+01 +3.570449128e+01 -4.9276e-01 +4.9313e-02 +6.1154e-02
18 +9.418371605e+00 +9.418371605e+00 +2.822837161e+01 +2.822837161e+01 -9.4502e-01 +4.4000e-01 -1.3119e-01
31 +7.314058203e+00 +7.314058203e+00 +2.612405820e+01 +2.612405820e+01 -1.6732e+00 +2.0221e-01 -8.4648e-02
40 +7.130086735e+00 +7.130086735e+00 +2.594008674e+01 +2.594008674e+01 -1.1425e+00 +3.9112e-01 -4.4912e-01
45 +1.876434829e+00 +1.876434829e+00 +2.068643483e+01 +2.068643483e+01 -1.5791e+00 +9.4925e-01 -5.1197e-02
90 +1.781009422e+00 +1.781009422e+00 +2.059100942e+01 +2.059100942e+01 -1.7991e+00 +5.9354e-01 -2.0534e-02
112 +1.237594606e+00 +1.237594606e+00 +2.004759461e+01 +2.004759461e+01 -1.8544e+00 +7.0576e-01 -1.3149e-02
272 +1.174289340e+00 +1.174289340e+00 +1.998428934e+01 +1.998428934e+01 -1.9208e+00 +6.3124e-01 +4.4102e-03
296 +1.121047573e+00 +1.121047573e+00 +1.993104757e+01 +1.993104757e+01 -1.9067e+00 +6.2625e-01 -2.2988e-03
319 +1.040445475e+00 +1.040445475e+00 +1.985044547e+01 +1.985044547e+01 -1.9181e+00 +6.3442e-01 +8.6101e-04
385 +9.952491564e-01 +9.952491564e-01 +1.980524916e+01 +1.980524916e+01 -1.9164e+00 +6.3792e-01 +8.6040e-04
881 +9.761772792e-01 +9.761772792e-01 +1.978617728e+01 +1.978617728e+01 -1.9118e+00 +6.4004e-01 -2.5519e-04
1338 +9.549140500e-01 +9.549140500e-01 +1.976491405e+01 +1.976491405e+01 -1.9009e+00 +6.4912e-01 -1.5667e-03
% function evaluation | noise-free fitness - Fopt (2.731500000000e+02) | best noise-free fitness - Fopt | measured fitness | best measured fitness | x1 | x2...
1 +4.208329392e+02 +4.208329392e+02 +6.939829392e+02 +6.939829392e+02 +0.0000e+00 +0.0000e+00 +0.0000e+00
2 +2.195691025e+02 +2.195691025e+02 +4.927191025e+02 +4.927191025e+02 +9.9683e-02 +3.3409e-01 +1.4535e-01
5 +1.722359292e+02 +1.722359292e+02 +4.453859292e+02 +4.453859292e+02 +6.8378e-02 -2.7521e-01 +3.7444e-01
9 +1.376132962e+02 +1.376132962e+02 +4.107632962e+02 +4.107632962e+02 -1.1976e-01 +9.5206e-02 +1.6666e-01
35 +1.325571763e+02 +1.325571763e+02 +4.057071763e+02 +4.057071763e+02 +1.4296e-01 +1.7564e-01 -5.2629e-02
39 +1.288999777e+02 +1.288999777e+02 +4.020499777e+02 +4.020499777e+02 +1.3301e-01 +1.6770e-01 -6.9037e-02
80 +1.044908761e+02 +1.044908761e+02 +3.776408761e+02 +3.776408761e+02 -1.7129e-01 +7.8816e-01 -3.8154e-01
100 +7.754686464e+01 +7.754686464e+01 +3.506968646e+02 +3.506968646e+02 -1.0896e+00 +7.6905e-01 -3.3513e-01
130 +6.053834390e+01 +6.053834390e+01 +3.336883439e+02 +3.336883439e+02 -2.1050e+00 +1.0514e+00 -5.4772e-01
139 +5.360489561e+01 +5.360489561e+01 +3.267548956e+02 +3.267548956e+02 -2.3415e+00 +1.6259e+00 +9.7084e-02
143 +4.781186362e+01 +4.781186362e+01 +3.209618636e+02 +3.209618636e+02 -3.0751e+00 +1.8726e+00 -1.3871e+00
146 +5.237034489e+00 +5.237034489e+00 +2.783870345e+02 +2.783870345e+02 -3.2397e+00 +3.3229e+00 -2.1995e-01
183 +1.117827356e+00 +1.117827356e+00 +2.742678274e+02 +2.742678274e+02 -3.2340e+00 +4.2409e+00 -4.8838e-01
359 +7.527031727e-01 +7.527031727e-01 +2.739027032e+02 +2.739027032e+02 -3.3809e+00 +4.0120e+00 -5.2285e-01
448 +7.250901656e-01 +7.250901656e-01 +2.738750902e+02 +2.738750902e+02 -3.0494e+00 +4.5785e+00 -4.2469e-01
572 +6.081477670e-01 +6.081477670e-01 +2.737581478e+02 +2.737581478e+02 -3.2928e+00 +4.2138e+00 -4.4124e-01
658 +4.425810084e-01 +4.425810084e-01 +2.735925810e+02 +2.735925810e+02 -3.4277e+00 +4.0315e+00 -4.2802e-01
690 +2.790898057e-01 +2.790898057e-01 +2.734290898e+02 +2.734290898e+02 -3.4765e+00 +3.9386e+00 -4.4770e-01
708 +2.489120344e-01 +2.489120344e-01 +2.733989120e+02 +2.733989120e+02 -3.4529e+00 +3.9517e+00 -4.5428e-01
750 +2.195471461e-01 +2.195471461e-01 +2.733695471e+02 +2.733695471e+02 -3.4539e+00 +3.9579e+00 -4.5139e-01
756 +1.474452991e-01 +1.474452991e-01 +2.732974453e+02 +2.732974453e+02 -3.4591e+00 +3.9510e+00 -4.5837e-01
781 +1.140205247e-01 +1.140205247e-01 +2.732640205e+02 +2.732640205e+02 -3.4505e+00 +3.9653e+00 -4.5321e-01
808 +9.879021134e-02 +9.879021134e-02 +2.732487902e+02 +2.732487902e+02 -3.4541e+00 +3.9615e+00 -4.5080e-01
837 +8.281304756e-02 +8.281304756e-02 +2.732328130e+02 +2.732328130e+02 -3.4553e+00 +3.9597e+00 -4.5156e-01
974 +7.625577866e-02 +7.625577866e-02 +2.732262558e+02 +2.732262558e+02 -3.4547e+00 +3.9602e+00 -4.5205e-01
1206 +6.966523033e-02 +6.966523033e-02 +2.732196652e+02 +2.732196652e+02 -3.4549e+00 +3.9603e+00 -4.5186e-01
1307 +6.903442741e-02 +6.903442741e-02 +2.732190344e+02 +2.732190344e+02 -3.4552e+00 +3.9599e+00 -4.5168e-01
% function evaluation | noise-free fitness - Fopt (3.718000000000e+01) | best noise-free fitness - Fopt | measured fitness | best measured fitness | x1 | x2...
1 +4.216787575e+01 +4.216787575e+01 +7.934787575e+01 +7.934787575e+01 +0.0000e+00 +0.0000e+00 +0.0000e+00
30 +3.512076887e+01 +3.512076887e+01 +7.230076887e+01 +7.230076887e+01 -2.7858e-02 +6.1812e-03 +7.6186e-02
137 +2.887995247e+01 +2.887995247e+01 +6.605995247e+01 +6.605995247e+01 -2.6273e-01 +5.8046e-01 +3.3266e-01
142 +2.813014731e+01 +2.813014731e+01 +6.531014731e+01 +6.531014731e+01 -2.9187e-01 +5.9092e-01 +3.2951e-01
308 +2.600346897e+01 +2.600346897e+01 +6.318346897e+01 +6.318346897e+01 +2.7546e-01 +1.3597e+00 +5.5622e-01
317 +2.121051200e+01 +2.121051200e+01 +5.839051200e+01 +5.839051200e+01 +3.7084e-01 +1.6584e+00 +4.7419e-01
321 +1.875702341e+01 +1.875702341e+01 +5.593702341e+01 +5.593702341e+01 +6.8382e-01 +1.7026e+00 +6.1965e-01
324 +1.483218226e+01 +1.483218226e+01 +5.201218226e+01 +5.201218226e+01 +7.6314e-01 +2.0589e+00 +5.1003e-01
330 +1.368277538e+01 +1.368277538e+01 +5.086277538e+01 +5.086277538e+01 +1.9573e-01 +2.0782e+00 +4.1252e-01
361 +1.305559955e+01 +1.305559955e+01 +5.023559955e+01 +5.023559955e+01 +6.0252e-01 +2.3347e+00 +7.4695e-01
366 +1.169156452e+01 +1.169156452e+01 +4.887156452e+01 +4.887156452e+01 +2.4573e-01 +2.8018e+00 +1.4523e+00
391 +8.927725221e+00 +8.927725221e+00 +4.610772522e+01 +4.610772522e+01 +6.5575e-01 +2.7104e+00 +1.6261e+00
430 +7.469442402e+00 +7.469442402e+00 +4.464944240e+01 +4.464944240e+01 +9.2557e-03 +2.6373e+00 +2.3587e+00
439 +6.500328464e+00 +6.500328464e+00 +4.368032846e+01 +4.368032846e+01 +3.3749e-01 +2.6890e+00 +2.1995e+00
455 +5.662771686e+00 +5.662771686e+00 +4.284277169e+01 +4.284277169e+01 +6.5261e-01 +2.5798e+00 +1.9480e+00
460 +4.582313761e+00 +4.582313761e+00 +4.176231376e+01 +4.176231376e+01 +7.9964e-01 +2.5397e+00 +1.7572e+00
501 +4.009835719e+00 +4.009835719e+00 +4.118983572e+01 +4.118983572e+01 -3.5645e-01 +2.6240e+00 +2.0323e+00
516 +3.661840498e+00 +3.661840498e+00 +4.084184050e+01 +4.084184050e+01 -3.9402e-01 +2.6858e+00 +2.1581e+00
566 +3.243489063e+00 +3.243489063e+00 +4.042348906e+01 +4.042348906e+01 -3.0159e-01 +2.6236e+00 +1.7940e+00
575 +3.078557600e+00 +3.078557600e+00 +4.025855760e+01 +4.025855760e+01 -1.8770e-01 +2.6265e+00 +1.9856e+00
586 +1.908959534e+00 +1.908959534e+00 +3.908895953e+01 +3.908895953e+01 -8.2842e-02 +2.6204e+00 +2.0540e+00
632 +1.860408227e+00 +1.860408227e+00 +3.904040823e+01 +3.904040823e+01 -1.3855e-01 +2.6182e+00 +1.9446e+00
646 +1.421828995e+00 +1.421828995e+00 +3.860182900e+01 +3.860182900e+01 -2.7299e-02 +2.6186e+00 +1.9556e+00
702 +1.213546885e+00 +1.213546885e+00 +3.839354689e+01 +3.839354689e+01 -7.1191e-02 +2.6180e+00 +1.9750e+00
749 +1.193502834e+00 +1.193502834e+00 +3.837350283e+01 +3.837350283e+01 -4.4519e-02 +2.6183e+00 +1.9697e+00
789 +1.105192521e+00 +1.105192521e+00 +3.828519252e+01 +3.828519252e+01 -7.1439e-02 +2.6177e+00 +1.9728e+00
838 +1.056195119e+00 +1.056195119e+00 +3.823619512e+01 +3.823619512e+01 -5.6521e-02 +2.6180e+00 +1.9727e+00
979 +1.044796854e+00 +1.044796854e+00 +3.822479685e+01 +3.822479685e+01 -5.5058e-02 +2.6180e+00 +1.9723e+00
1073 +1.022857424e+00 +1.022857424e+00 +3.820285742e+01 +3.820285742e+01 -5.6437e-02 +2.6180e+00 +1.9725e+00
% function evaluation | noise-free fitness - Fopt (-1.479000000000e+02) | best noise-free fitness - Fopt | measured fitness | best measured fitness | x1 | x2...
1 +2.344305408e+01 +2.344305408e+01 -1.244569459e+02 -1.244569459e+02 +0.0000e+00 +0.0000e+00 +0.0000e+00
3 +2.206582516e+01 +2.206582516e+01 -1.258341748e+02 -1.258341748e+02 -4.4122e-02 -3.4855e-01 -2.8207e-02
4 +1.389487007e+01 +1.389487007e+01 -1.340051299e+02 -1.340051299e+02 -9.8275e-02 +2.0534e-02 +3.3356e-01
42 +1.041805720e+01 +1.041805720e+01 -1.374819428e+02 -1.374819428e+02 -9.4232e-02 -1.6530e-01 +7.5792e-03
60 +1.011588565e+01 +1.011588565e+01 -1.377841144e+02 -1.377841144e+02 -4.8989e-02 -2.1634e-01 -2.3460e-03
70 +9.564354390e+00 +9.564354390e+00 -1.383356456e+02 -1.383356456e+02 -7.4385e-02 -1.6702e-01 -1.4218e-02
% function evaluation | noise-free fitness - Fopt (2.173800000000e+02) | best noise-free fitness - Fopt | measured fitness | best measured fitness | x1 | x2...
1 +6.195963375e+01 +6.195963375e+01 +2.793396337e+02 +2.793396337e+02 +0.0000e+00 +0.0000e+00 +0.0000e+00
3 +2.816693973e+01 +2.816693973e+01 +2.455469397e+02 +2.455469397e+02 +5.5748e-02 -3.9469e-01 +1.1856e-01
4 +2.514649732e+01 +2.514649732e+01 +2.425264973e+02 +2.425264973e+02 +1.5970e-01 -1.6562e-01 +7.8665e-02
77 +2.333829315e+01 +2.333829315e+01 +2.407182931e+02 +2.407182931e+02 +5.7389e-01 -8.1060e-01 +1.3571e+00
81 +1.846546373e+01 +1.846546373e+01 +2.358454637e+02 +2.358454637e+02 -1.2491e-01 -8.3278e-01 +5.0202e-01
85 +1.623684331e+01 +1.623684331e+01 +2.336168433e+02 +2.336168433e+02 +8.4347e-02 -1.1890e+00 +1.7461e+00
88 +1.531152632e+01 +1.531152632e+01 +2.326915263e+02 +2.326915263e+02 -2.5579e-01 -1.5926e+00 +7.9777e-01
100 +1.431638057e+01 +1.431638057e+01 +2.316963806e+02 +2.316963806e+02 +2.6353e-01 -2.4921e+00 -9.8052e-02
109 +9.384481797e+00 +9.384481797e+00 +2.267644818e+02 +2.267644818e+02 +5.9333e-01 -2.2214e+00 +4.2803e-01
118 +8.259062597e+00 +8.259062597e+00 +2.256390626e+02 +2.256390626e+02 +1.0585e+00 -2.2183e+00 -4.2898e-01
127 +7.394148015e+00 +7.394148015e+00 +2.247741480e+02 +2.247741480e+02 +3.9758e-01 -2.4091e+00 -4.0205e-01
140 +5.449616775e+00 +5.449616775e+00 +2.228296168e+02 +2.228296168e+02 +7.2363e-01 -1.8065e+00 +4.7583e-01
142 +3.665693590e+00 +3.665693590e+00 +2.210456936e+02 +2.210456936e+02 +1.0313e+00 -2.1027e+00 -1.7399e-01
196 +3.516392859e+00 +3.516392859e+00 +2.208963929e+02 +2.208963929e+02 +7.1616e-01 -2.0995e+00 -1.7482e-01
273 +2.151270332e+00 +2.151270332e+00 +2.195312703e+02 +2.195312703e+02 +8.5818e-01 -2.2317e+00 -2.8131e-01
302 +1.764837508e+00 +1.764837508e+00 +2.191448375e+02 +2.191448375e+02 +8.6766e-01 -2.4162e+00 -5.2539e-01
315 +1.358010345e+00 +1.358010345e+00 +2.187380103e+02 +2.187380103e+02 +9.1151e-01 -2.5296e+00 -7.4670e-01
368 +1.259333426e+00 +1.259333426e+00 +2.186393334e+02 +2.186393334e+02 +9.2926e-01 -2.3897e+00 -5.5914e-01
385 +1.148343501e+00 +1.148343501e+00 +2.185283435e+02 +2.185283435e+02 +9.3503e-01 -2.3792e+00 -5.3196e-01
387 +1.047527491e+00 +1.047527491e+00 +2.184275275e+02 +2.184275275e+02 +9.3354e-01 -2.4102e+00 -5.9476e-01
432 +1.013535803e+00 +1.013535803e+00 +2.183935358e+02 +2.183935358e+02 +9.2394e-01 -2.4038e+00 -5.8559e-01
504 +9.936499910e-01 +9.936499910e-01 +2.183736500e+02 +2.183736500e+02 +9.1920e-01 -2.4053e+00 -5.8164e-01
512 +9.260168296e-01 +9.260168296e-01 +2.183060168e+02 +2.183060168e+02 +9.2804e-01 -2.4224e+00 -5.9742e-01
522 +8.089963772e-01 +8.089963772e-01 +2.181889964e+02 +2.181889964e+02 +9.1734e-01 -2.4213e+00 -6.0073e-01
535 +7.630181777e-01 +7.630181777e-01 +2.181430182e+02 +2.181430182e+02 +9.1390e-01 -2.4101e+00 -5.8472e-01
637 +6.759832394e-01 +6.759832394e-01 +2.180559832e+02 +2.180559832e+02 +9.0384e-01 -2.4134e+00 -5.8736e-01
724 +6.137692611e-01 +6.137692611e-01 +2.179937693e+02 +2.179937693e+02 +8.9657e-01 -2.4148e+00 -5.8849e-01
739 +5.899319884e-01 +5.899319884e-01 +2.179699320e+02 +2.179699320e+02 +8.9587e-01 -2.4132e+00 -5.8415e-01
743 +5.553815885e-01 +5.553815885e-01 +2.179353816e+02 +2.179353816e+02 +8.9607e-01 -2.4127e+00 -5.8353e-01
773 +5.334972985e-01 +5.334972985e-01 +2.179134973e+02 +2.179134973e+02 +8.9483e-01 -2.4134e+00 -5.8469e-01
889 +5.242161835e-01 +5.242161835e-01 +2.179042162e+02 +2.179042162e+02 +8.9425e-01 -2.4133e+00 -5.8432e-01
1011 +5.103533364e-01 +5.103533364e-01 +2.178903533e+02 +2.178903533e+02 +8.9535e-01 -2.4129e+00 -5.8376e-01
1050 +4.976839000e-01 +4.976839000e-01 +2.178776839e+02 +2.178776839e+02 +8.9526e-01 -2.4129e+00 -5.8370e-01
% function evaluation | noise-free fitness - Fopt (1.946900000000e+02) | best noise-free fitness - Fopt | measured fitness | best measured fitness | x1 | x2...
1 +4.452051091e+01 +4.452051091e+01 +2.392105109e+02 +2.392105109e+02 +0.0000e+00 +0.0000e+00 +0.0000e+00
52 +4.329647797e+01 +4.329647797e+01 +2.379864780e+02 +2.379864780e+02 -3.3878e-02 -1.6061e-01 +7.9074e-02
73 +4.089219981e+01 +4.089219981e+01 +2.355821998e+02 +2.355821998e+02 -5.1395e-01 -6.5687e-02 +1.2624e-01
116 +3.281283891e+01 +3.281283891e+01 +2.275028389e+02 +2.275028389e+02 -9.2056e-01 +3.0156e-01 +8.6520e-03
147 +3.160045202e+01 +3.160045202e+01 +2.262904520e+02 +2.262904520e+02 -1.0344e+00 +5.8141e-01 +7.1925e-02
154 +3.021005739e+01 +3.021005739e+01 +2.249000574e+02 +2.249000574e+02 -1.5846e+00 +5.1598e-01 +7.1546e-02
160 +1.781073560e+01 +1.781073560e+01 +2.125007356e+02 +2.125007356e+02 -2.1559e+00 +6.5771e-01 +1.4131e-01
179 +1.534270445e+01 +1.534270445e+01 +2.100327045e+02 +2.100327045e+02 -2.2228e+00 +6.3927e-01 +2.9803e-01
192 +1.110802507e+01 +1.110802507e+01 +2.057980251e+02 +2.057980251e+02 -2.3086e+00 +8.7212e-02 +3.7172e-02
202 +1.000535204e+01 +1.000535204e+01 +2.046953520e+02 +2.046953520e+02 -2.0632e+00 +3.2682e-02 +3.5550e-01
237 +9.518461202e+00 +9.518461202e+00 +2.042084612e+02 +2.042084612e+02 -2.3981e+00 +3.5207e-01 +1.4612e-01
250 +8.761081836e+00 +8.761081836e+00 +2.034510818e+02 +2.034510818e+02 -2.3730e+00 -2.2621e-01 +4.1894e-01
259 +6.104260734e+00 +6.104260734e+00 +2.007942607e+02 +2.007942607e+02 -2.1843e+00 -9.2946e-01 +4.5844e-01
289 +4.362083032e+00 +4.362083032e+00 +1.990520830e+02 +1.990520830e+02 -2.2873e+00 -4.6145e-01 +5.0661e-01
364 +3.828311432e+00 +3.828311432e+00 +1.985183114e+02 +1.985183114e+02 -2.2471e+00 -1.0479e+00 +3.7251e-01
465 +3.685928352e+00 +3.685928352e+00 +1.983759284e+02 +1.983759284e+02 -2.3318e+00 -8.4089e-01 +2.2889e-01
480 +2.833264650e+00 +2.833264650e+00 +1.975232646e+02 +1.975232646e+02 -2.2988e+00 -8.6800e-01 +2.0175e-01
490 +2.264535760e+00 +2.264535760e+00 +1.969545358e+02 +1.969545358e+02 -2.2922e+00 -8.2030e-01 +1.7079e-01
563 +2.029331031e+00 +2.029331031e+00 +1.967193310e+02 +1.967193310e+02 -2.2978e+00 -7.6925e-01 +1.4012e-01
813 +1.954027776e+00 +1.954027776e+00 +1.966440278e+02 +1.966440278e+02 -2.2973e+00 -7.6709e-01 +1.4334e-01
917 +1.837343931e+00 +1.837343931e+00 +1.965273439e+02 +1.965273439e+02 -2.3002e+00 -7.6408e-01 +1.3311e-01
935 +1.715209321e+00 +1.715209321e+00 +1.964052093e+02 +1.964052093e+02 -2.2980e+00 -7.4212e-01 +1.2100e-01
1095 +1.686665425e+00 +1.686665425e+00 +1.963766654e+02 +1.963766654e+02 -2.3001e+00 -7.1233e-01 +1.3883e-01
1151 +1.548849654e+00 +1.548849654e+00 +1.962388497e+02 +1.962388497e+02 -2.3009e+00 -7.1108e-01 +1.3408e-01
1189 +1.483425947e+00 +1.483425947e+00 +1.961734259e+02 +1.961734259e+02 -2.3001e+00 -7.0934e-01 +1.2683e-01
1207 +1.424631505e+00 +1.424631505e+00 +1.961146315e+02 +1.961146315e+02 -2.3011e+00 -7.1011e-01 +1.2181e-01
1219 +1.331549909e+00 +1.331549909e+00 +1.960215499e+02 +1.960215499e+02 -2.3007e+00 -7.1023e-01 +1.2367e-01
1338 +1.305905726e+00 +1.305905726e+00 +1.959959057e+02 +1.959959057e+02 -2.3005e+00 -7.1098e-01 +1.2446e-01
1363 +1.271122606e+00 +1.271122606e+00 +1.959611226e+02 +1.959611226e+02 -2.3006e+00 -7.1061e-01 +1.2394e-01
1508 +1.247338909e+00 +1.247338909e+00 +1.959373389e+02 +1.959373389e+02 -2.3006e+00 -7.1023e-01 +1.2261e-01
1723 +1.227104655e+00 +1.227104655e+00 +1.959171047e+02 +1.959171047e+02 -2.3006e+00 -7.1023e-01 +1.2270e-01
% function evaluation | noise-free fitness - Fopt (-9.443000000000e+01) | best noise-free fitness - Fopt | measured fitness | best measured fitness | x1 | x2...
1 +2.801990873e+01 +2.801990873e+01 -6.641009127e+01 -6.641009127e+01 +0.0000e+00 +0.0000e+00 +0.0000e+00
3 +2.595033274e+01 +2.595033274e+01 -6.847966726e+01 -6.847966726e+01 +8.0783e-02 +4.1667e-01 +1.3981e-01
4 +2.538619065e+01 +2.538619065e+01 -6.904380935e+01 -6.904380935e+01 +1.2925e-01 -1.7284e-01 -2.0151e-01
13 +2.506099597e+01 +2.506099597e+01 -6.936900403e+01 -6.936900403e+01 +4.1799e-02 -2.3302e-01 +1.9725e-01
32 +2.453426953e+01 +2.453426953e+01 -6.989573047e+01 -6.989573047e+01 -2.6462e-01 -1.3447e-01 +2.2483e-01
43 +2.397376246e+01 +2.397376246e+01 -7.045623754e+01 -7.045623754e+01 +1.2777e-01 +1.4032e-01 +3.4803e-01
47 +2.172102712e+01 +2.172102712e+01 -7.270897288e+01 -7.270897288e+01 +5.0794e-02 -6.1417e-02 +7.2970e-02
49 +1.843267799e+01 +1.843267799e+01 -7.599732201e+01 -7.599732201e+01 -1.0348e-01 -1.0825e-01 +3.1742e-01
75 +1.585553391e+01 +1.585553391e+01 -7.857446609e+01 -7.857446609e+01 +1.2206e-02 +1.0141e-01 +8.5657e-01
117 +1.411788196e+01 +1.411788196e+01 -8.031211804e+01 -8.031211804e+01 -2.2675e-01 +1.6807e-01 +1.0675e+00
137 +1.029556496e+01 +1.029556496e+01 -8.413443504e+01 -8.413443504e+01 -1.7558e-01 +4.7062e-02 +2.0280e+00
140 +9.871186172e+00 +9.871186172e+00 -8.455881383e+01 -8.455881383e+01 -2.3142e-01 -2.8266e-01 +2.5734e+00
142 +6.157132822e+00 +6.157132822e+00 -8.827286718e+01 -8.827286718e+01 -4.9554e-01 +2.7389e-01 +1.5295e+00
156 +5.168429736e+00 +5.168429736e+00 -8.926157026e+01 -8.926157026e+01 -6.1416e-01 +9.7108e-02 +2.4122e+00
162 +5.111334078e+00 +5.111334078e+00 -8.931866592e+01 -8.931866592e+01 -5.3177e-01 +1.1290e-01 +2.4307e+00
165 +2.967626006e+00 +2.967626006e+00 -9.146237399e+01 -9.146237399e+01 -3.7850e-01 +2.4522e-01 +1.9788e+00
168 +2.283646794e+00 +2.283646794e+00 -9.214635321e+01 -9.214635321e+01 -1.9522e-01 +2.4819e-01 +2.5282e+00
197 +1.737888279e+00 +1.737888279e+00 -9.269211172e+01 -9.269211172e+01 -3.8765e-01 +1.1762e-02 +2.3390e+00
211 +1.008380817e+00 +1.008380817e+00 -9.342161918e+01 -9.342161918e+01 -5.6786e-01 +2.7368e-01 +2.0744e+00
229 +9.092246741e-01 +9.092246741e-01 -9.352077533e+01 -9.352077533e+01 -4.4737e-01 +3.0955e-01 +2.0996e+00
235 +4.877911241e-01 +4.877911241e-01 -9.394220888e+01 -9.394220888e+01 -4.4472e-01 +2.3087e-01 +2.1629e+00
459 +3.371636702e-01 +3.371636702e-01 -9.409283633e+01 -9.409283633e+01 -1.8869e-01 +1.9010e-01 +2.4377e+00
465 +1.925746839e-01 +1.925746839e-01 -9.423742532e+01 -9.423742532e+01 -1.5312e-01 +2.0357e-01 +2.4633e+00
512 +1.555496713e-01 +1.555496713e-01 -9.427445033e+01 -9.427445033e+01 -1.3933e-01 +1.9845e-01 +2.4659e+00
516 +1.008325956e-01 +1.008325956e-01 -9.432916740e+01 -9.432916740e+01 -1.3989e-01 +2.0091e-01 +2.4661e+00
522 +5.739859493e-02 +5.739859493e-02 -9.437260141e+01 -9.437260141e+01 -1.3828e-01 +2.0580e-01 +2.4654e+00
627 +1.721739083e-02 +1.721739083e-02 -9.441278261e+01 -9.441278261e+01 -1.3155e-01 +2.0394e-01 +2.4711e+00
% function evaluation | noise-free fitness - Fopt (-1.213000000000e+02) | best noise-free fitness - Fopt | measured fitness | best measured fitness | x1 | x2...
1 +5.993141968e+01 +5.993141968e+01 -6.136858032e+01 -6.136858032e+01 +0.0000e+00 +0.0000e+00 +0.0000e+00
2 +3.528123085e+01 +3.528123085e+01 -8.601876915e+01 -8.601876915e+01 -1.9373e-01 -1.3243e-02 +8.8259e-02
7 +2.153086964e+01 +2.153086964e+01 -9.976913036e+01 -9.976913036e+01 -3.1602e-01 -1.5845e-02 +3.2294e-01
8 +1.390686091e+01 +1.390686091e+01 -1.073931391e+02 -1.073931391e+02 -1.2931e-01 +2.2295e-01 -8.7447e-02
28 +7.901410246e+00 +7.901410246e+00 -1.133985898e+02 -1.133985898e+02 -5.8740e-01 +1.7552e-01 -1.0297e-01
61 +7.127599129e+00 +7.127599129e+00 -1.141724009e+02 -1.141724009e+02 -5.6706e-01 +2.9951e-01 +2.2287e-02
71 +5.874324773e+00 +5.874324773e+00 -1.154256752e+02 -1.154256752e+02 -7.2812e-01 -1.7549e-02 -2.2718e-03
99 +5.414673462e+00 +5.414673462e+00 -1.158853265e+02 -1.158853265e+02 -7.7219e-01 +4.0717e-01 -1.7487e-01
116 +5.076976556e+00 +5.076976556e+00 -1.162230234e+02 -1.162230234e+02 -7.1415e-01 +5.2232e-01 -2.3737e-01
143 +3.806420002e+00 +3.806420002e+00 -1.174935800e+02 -1.174935800e+02 -7.0698e-01 +5.5169e-01 -2.1788e-01
198 +3.151418411e+00 +3.151418411e+00 -1.181485816e+02 -1.181485816e+02 -8.8076e-01 +2.9908e-01 -2.1811e-01
237 +2.162774876e+00 +2.162774876e+00 -1.191372251e+02 -1.191372251e+02 -9.8643e-01 +1.6850e-01 -2.9345e-01
281 +2.103599755e+00 +2.103599755e+00 -1.191964002e+02 -1.191964002e+02 -1.0468e+00 +1.2208e-01 -3.2752e-01
387 +1.748031945e+00 +1.748031945e+00 -1.195519681e+02 -1.195519681e+02 -1.0446e+00 +6.0411e-02 -2.9511e-01
388 +1.656851177e+00 +1.656851177e+00 -1.196431488e+02 -1.196431488e+02 -1.0395e+00 +7.1205e-02 -2.9826e-01
627 +1.561010201e+00 +1.561010201e+00 -1.197389898e+02 -1.197389898e+02 -1.0399e+00 +1.1202e-01 -3.2737e-01
751 +1.527581943e+00 +1.527581943e+00 -1.197724181e+02 -1.197724181e+02 -1.0365e+00 +1.0950e-01 -3.1968e-01
754 +1.485766003e+00 +1.485766003e+00 -1.198142340e+02 -1.198142340e+02 -1.0376e+00 +1.0942e-01 -3.2313e-01
761 +1.433653889e+00 +1.433653889e+00 -1.198663461e+02 -1.198663461e+02 -1.0350e+00 +1.1544e-01 -3.2340e-01
827 +1.362917350e+00 +1.362917350e+00 -1.199370827e+02 -1.199370827e+02 -1.0346e+00 +1.1258e-01 -3.2061e-01
911 +1.339443559e+00 +1.339443559e+00 -1.199605564e+02 -1.199605564e+02 -1.0343e+00 +1.1188e-01 -3.1981e-01
914 +1.306057876e+00 +1.306057876e+00 -1.199939421e+02 -1.199939421e+02 -1.0339e+00 +1.1162e-01 -3.1925e-01
982 +1.279895207e+00 +1.279895207e+00 -1.200201048e+02 -1.200201048e+02 -1.0341e+00 +1.1095e-01 -3.1903e-01
% function evaluation | noise-free fitness - Fopt (-1.000000000000e+03) | best noise-free fitness - Fopt | measured fitness | best measured fitness | x1 | x2...
1 +4.416344789e+01 +4.416344789e+01 -9.558365521e+02 -9.558365521e+02 +0.0000e+00 +0.0000e+00 +0.0000e+00
2 +3.616406879e+01 +3.616406879e+01 -9.638359312e+02 -9.638359312e+02 +1.5361e-03 +3.6505e-01 +2.7527e-01
3 +3.164473679e+01 +3.164473679e+01 -9.683552632e+02 -9.683552632e+02 -7.6522e-02 -7.8469e-02 +4.7775e-02
4 +2.223362662e+01 +2.223362662e+01 -9.777663734e+02 -9.777663734e+02 -1.3044e-01 +1.3151e-02 -4.3242e-01
23 +1.737363237e+01 +1.737363237e+01 -9.826263676e+02 -9.826263676e+02 -5.7733e-01 -1.4936e-01 -1.9209e-03
% function evaluation | noise-free fitness - Fopt (-2.787500000000e+02) | best noise-free fitness - Fopt | measured fitness | best measured fitness | x1 | x2...
1 +9.219658375e+01 +9.219658375e+01 -1.865534162e+02 -1.865534162e+02 +0.0000e+00 +0.0000e+00 +0.0000e+00
3 +7.943526325e+01 +7.943526325e+01 -1.993147367e+02 -1.993147367e+02 +5.4721e-01 -1.1605e-01 +1.6952e-02
6 +7.474516617e+01 +7.474516617e+01 -2.040048338e+02 -2.040048338e+02 -1.5378e-02 +6.1705e-02 +7.4538e-03
17 +7.213168042e+01 +7.213168042e+01 -2.066183196e+02 -2.066183196e+02 -1.3736e-02 +2.4755e-01 -3.5162e-02
23 +5.976556467e+01 +5.976556467e+01 -2.189844353e+02 -2.189844353e+02 -6.9847e-02 -4.0911e-02 +2.8439e-01
64 +5.475450305e+01 +5.475450305e+01 -2.239954969e+02 -2.239954969e+02 -5.4275e-01 -8.7973e-01 -4.7361e-01
69 +5.202382555e+01 +5.202382555e+01 -2.267261744e+02 -2.267261744e+02 -5.6270e-01 -1.0469e+00 -3.0471e-01
114 +5.123226148e+01 +5.123226148e+01 -2.275177385e+02 -2.275177385e+02 -7.7072e-01 -2.5508e-01 -3.2108e-01
205 +4.996347064e+01 +4.996347064e+01 -2.287865294e+02 -2.287865294e+02 -7.2103e-01 -1.7256e-01 -2.5642e-01
% function evaluation | noise-free fitness - Fopt (-1.677000000000e+01) | best noise-free fitness - Fopt | measured fitness | best measured fitness | x1 | x2...
1 +5.104973728e+01 +5.104973728e+01 +3.427973728e+01 +3.427973728e+01 +0.0000e+00 +0.0000e+00 +0.0000e+00
2 +2.992372152e+01 +2.992372152e+01 +1.315372152e+01 +1.315372152e+01 -5.0159e-01 +3.6069e-01 -3.9504e-01
3 +1.790463543e+01 +1.790463543e+01 +1.134635426e+00 +1.134635426e+00 -5.9994e-02 -2.2259e-01 +6.2547e-02
13 +1.749206496e+01 +1.749206496e+01 +7.220649649e-01 +7.220649649e-01 +1.1236e-02 -3.4376e-01 +1.0007e-01
19 +1.537669021e+01 +1.537669021e+01 -1.393309791e+00 -1.393309791e+00 -1.7863e-01 -6.2685e-01 +1.6203e-01
31 +1.322984743e+01 +1.322984743e+01 -3.540152566e+00 -3.540152566e+00 -1.3354e-02 -4.3054e-01 +4.6178e-01
39 +1.022217621e+01 +1.022217621e+01 -6.547823794e+00 -6.547823794e+00 +1.5789e-02 -4.4986e-01 +7.9492e-01
65 +9.746135456e+00 +9.746135456e+00 -7.023864544e+00 -7.023864544e+00 -1.0303e-01 -1.2013e+00 +1.0500e+00
77 +7.902832877e+00 +7.902832877e+00 -8.867167123e+00 -8.867167123e+00 +9.0284e-02 -7.0295e-01 +1.3167e+00
78 +6.289643407e+00 +6.289643407e+00 -1.048035659e+01 -1.048035659e+01 +4.2651e-02 -1.2165e+00 +1.8159e+00
84 +5.626449087e+00 +5.626449087e+00 -1.114355091e+01 -1.114355091e+01 +1.7473e-03 -1.0238e+00 +1.5267e+00
87 +4.857741258e+00 +4.857741258e+00 -1.191225874e+01 -1.191225874e+01 +1.4099e-01 -6.8738e-01 +2.1338e+00
107 +4.297735146e+00 +4.297735146e+00 -1.247226485e+01 -1.247226485e+01 +1.3749e-01 -9.6249e-01 +1.9358e+00
116 +4.113129423e+00 +4.113129423e+00 -1.265687058e+01 -1.265687058e+01 +1.3465e-01 -8.2721e-01 +2.2111e+00
117 +3.716874303e+00 +3.716874303e+00 -1.305312570e+01 -1.305312570e+01 +1.2455e-01 -1.1949e+00 +1.7057e+00
126 +1.370342669e+00 +1.370342669e+00 -1.539965733e+01 -1.539965733e+01 +1.2487e-01 -1.0393e+00 +2.0962e+00
156 +1.306405062e+00 +1.306405062e+00 -1.546359494e+01 -1.546359494e+01 +1.2555e-01 -1.0118e+00 +2.0739e+00
201 +1.187580507e+00 +1.187580507e+00 -1.558241949e+01 -1.558241949e+01 +1.3060e-01 -9.9624e-01 +2.1302e+00
289 +9.497276333e-01 +9.497276333e-01 -1.582027237e+01 -1.582027237e+01 +1.2357e-01 -1.0184e+00 +2.0951e+00
347 +9.014907249e-01 +9.014907249e-01 -1.586850928e+01 -1.586850928e+01 +1.2436e-01 -1.0066e+00 +2.0985e+00
448 +8.769992157e-01 +8.769992157e-01 -1.589300078e+01 -1.589300078e+01 +1.2398e-01 -1.0204e+00 +2.0947e+00
506 +8.652313691e-01 +8.652313691e-01 -1.590476863e+01 -1.590476863e+01 +1.2459e-01 -1.0104e+00 +2.0969e+00
539 +8.373669424e-01 +8.373669424e-01 -1.593263306e+01 -1.593263306e+01 +1.2474e-01 -1.0094e+00 +2.0985e+00
559 +8.257927959e-01 +8.257927959e-01 -1.594420720e+01 -1.594420720e+01 +1.2481e-01 -1.0070e+00 +2.0989e+00
661 +8.006401356e-01 +8.006401356e-01 -1.596935986e+01 -1.596935986e+01 +1.2499e-01 -1.0051e+00 +2.0998e+00
906 +7.940190496e-01 +7.940190496e-01 -1.597598095e+01 -1.597598095e+01 +1.2488e-01 -1.0063e+00 +2.0992e+00
% function evaluation | noise-free fitness - Fopt (-8.593000000000e+01) | best noise-free fitness - Fopt | measured fitness | best measured fitness | x1 | x2...
1 +8.694017219e+01 +8.694017219e+01 +1.010172190e+00 +1.010172190e+00 +0.0000e+00 +0.0000e+00 +0.0000e+00
2 +8.332722834e+01 +8.332722834e+01 -2.602771658e+00 -2.602771658e+00 +1.1650e-01 +3.7742e-01 +1.7125e-01
3 +4.203888173e+01 +4.203888173e+01 -4.389111827e+01 -4.389111827e+01 +1.2685e-01 -6.0935e-03 +6.7297e-02
7 +2.972247660e+01 +2.972247660e+01 -5.620752340e+01 -5.620752340e+01 +1.7970e-01 -7.6548e-02 -1.0945e-01
14 +2.918248946e+01 +2.918248946e+01 -5.674751054e+01 -5.674751054e+01 +1.2690e-01 +1.0672e-02 -4.4888e-02
15 +2.732593772e+01 +2.732593772e+01 -5.860406228e+01 -5.860406228e+01 +3.0893e-02 +1.5916e-01 -4.8257e-02
155 +2.589443577e+01 +2.589443577e+01 -6.003556423e+01 -6.003556423e+01 +4.1881e-01 +2.5010e-01 +3.8789e-01
169 +2.517097701e+01 +2.517097701e+01 -6.075902299e+01 -6.075902299e+01 +4.2800e-01 +3.1650e-01 +4.5283e-01
194 +2.360761392e+01 +2.360761392e+01 -6.232238608e+01 -6.232238608e+01 +3.9929e-01 +2.2962e-01 +1.0364e-01
224 +2.118182410e+01 +2.118182410e+01 -6.474817590e+01 -6.474817590e+01 +6.0730e-01 +4.1575e-01 +4.8221e-02
239 +2.081139669e+01 +2.081139669e+01 -6.511860331e+01 -6.511860331e+01 +1.1238e+00 +7.0279e-01 -3.1772e-01
242 +1.808572251e+01 +1.808572251e+01 -6.784427749e+01 -6.784427749e+01 +1.0032e+00 +8.3858e-01 -4.9329e-01
252 +1.463903216e+01 +1.463903216e+01 -7.129096784e+01 -7.129096784e+01 +1.2044e+00 +1.2432e+00 -7.1205e-01
258 +8.857256609e+00 +8.857256609e+00 -7.707274339e+01 -7.707274339e+01 +2.0220e+00 +1.3753e+00 -1.5397e+00
265 +4.803489321e+00 +4.803489321e+00 -8.112651068e+01 -8.112651068e+01 +2.4230e+00 +1.3122e+00 -5.2158e-01
295 +3.739408913e+00 +3.739408913e+00 -8.219059109e+01 -8.219059109e+01 +1.4163e+00 +2.4516e+00 +3.3536e-02
310 +3.526397315e+00 +3.526397315e+00 -8.240360269e+01 -8.240360269e+01 +1.7304e+00 +2.0538e+00 -3.3590e-01
312 +1.566484397e+00 +1.566484397e+00 -8.436351560e+01 -8.436351560e+01 +1.5343e+00 +2.3274e+00 +1.7978e-01
550 +1.047859010e+00 +1.047859010e+00 -8.488214099e+01 -8.488214099e+01 +2.0718e+00 +1.5613e+00 -1.9558e-01
657 +1.019047071e+00 +1.019047071e+00 -8.491095293e+01 -8.491095293e+01 +2.1266e+00 +1.4911e+00 -2.2249e-01
663 +8.821553935e-01 +8.821553935e-01 -8.504784461e+01 -8.504784461e+01 +2.0865e+00 +1.5183e+00 -2.1945e-01
669 +7.346629877e-01 +7.346629877e-01 -8.519533701e+01 -8.519533701e+01 +2.0880e+00 +1.5146e+00 -2.6487e-01
706 +7.035623129e-01 +7.035623129e-01 -8.522643769e+01 -8.522643769e+01 +2.0868e+00 +1.5190e+00 -2.4523e-01
722 +6.195360014e-01 +6.195360014e-01 -8.531046400e+01 -8.531046400e+01 +2.0953e+00 +1.5151e+00 -2.3939e-01
892 +5.973914923e-01 +5.973914923e-01 -8.533260851e+01 -8.533260851e+01 +2.0693e+00 +1.5466e+00 -2.2690e-01
906 +5.758021336e-01 +5.758021336e-01 -8.535419787e+01 -8.535419787e+01 +2.0700e+00 +1.5460e+00 -2.2561e-01
1034 +5.520462490e-01 +5.520462490e-01 -8.537795375e+01 -8.537795375e+01 +2.0707e+00 +1.5448e+00 -2.2693e-01
% function evaluation | noise-free fitness - Fopt (4.966000000000e+01) | best noise-free fitness - Fopt | measured fitness | best measured fitness | x1 | x2...
1 +1.268069931e+02 +1.268069931e+02 +1.764669931e+02 +1.764669931e+02 +0.0000e+00 +0.0000e+00 +0.0000e+00
2 +1.077750855e+02 +1.077750855e+02 +1.574350855e+02 +1.574350855e+02 +1.6410e-01 +1.2957e-01 +1.3064e-01
13 +8.721139410e+01 +8.721139410e+01 +1.368713941e+02 +1.368713941e+02 -2.8965e-01 -3.9071e-02 +4.9435e-02
47 +7.653509286e+01 +7.653509286e+01 +1.261950929e+02 +1.261950929e+02 -3.7462e-01 -1.7039e-01 -1.7390e-01
48 +6.321444949e+01 +6.321444949e+01 +1.128744495e+02 +1.128744495e+02 -1.6242e-01 -6.4632e-01 +3.7167e-02
59 +5.853121731e+01 +5.853121731e+01 +1.081912173e+02 +1.081912173e+02 -7.1420e-01 -5.8967e-01 +2.4168e-01
60 +4.228343873e+01 +4.228343873e+01 +9.194343873e+01 +9.194343873e+01 -1.2185e+00 -8.4400e-01 -6.1595e-02
83 +3.946641560e+01 +3.946641560e+01 +8.912641560e+01 +8.912641560e+01 -7.8909e-01 -1.5338e+00 -1.0527e+00
97 +3.863730259e+01 +3.863730259e+01 +8.829730259e+01 +8.829730259e+01 -7.2328e-01 -2.0328e+00 -3.4494e-01
102 +2.288177701e+01 +2.288177701e+01 +7.254177701e+01 +7.254177701e+01 -9.5824e-01 -2.3380e+00 -1.7290e+00
108 +1.760069594e+01 +1.760069594e+01 +6.726069594e+01 +6.726069594e+01 -1.0292e+00 -2.8391e+00 -1.8037e+00
109 +1.296993629e+01 +1.296993629e+01 +6.262993629e+01 +6.262993629e+01 -1.5655e+00 -2.9493e+00 -1.8704e+00
137 +8.771050026e+00 +8.771050026e+00 +5.843105003e+01 +5.843105003e+01 -2.6211e+00 -2.9672e+00 -1.2871e+00
163 +8.586163877e+00 +8.586163877e+00 +5.824616388e+01 +5.824616388e+01 -2.3958e+00 -2.6059e+00 -1.6278e+00
166 +6.137409653e+00 +6.137409653e+00 +5.579740965e+01 +5.579740965e+01 -2.2522e+00 -3.3370e+00 -1.6116e+00
171 +4.789620638e+00 +4.789620638e+00 +5.444962064e+01 +5.444962064e+01 -2.8357e+00 -2.5797e+00 -1.9755e+00
189 +4.055833272e+00 +4.055833272e+00 +5.371583327e+01 +5.371583327e+01 -1.5092e+00 -3.1827e+00 -2.9918e+00
240 +2.431704939e+00 +2.431704939e+00 +5.209170494e+01 +5.209170494e+01 -1.6209e+00 -3.1430e+00 -2.8896e+00
347 +1.901359250e+00 +1.901359250e+00 +5.156135925e+01 +5.156135925e+01 -1.4301e+00 -3.2707e+00 -2.9885e+00
462 +1.664346545e+00 +1.664346545e+00 +5.132434654e+01 +5.132434654e+01 -2.0818e+00 -3.0154e+00 -2.2518e+00
463 +1.507190490e+00 +1.507190490e+00 +5.116719049e+01 +5.116719049e+01 -2.3344e+00 -2.8580e+00 -1.9393e+00
464 +5.435592629e-01 +5.435592629e-01 +5.020355926e+01 +5.020355926e+01 -2.4533e+00 -2.7978e+00 -1.8427e+00
497 +4.053257499e-01 +4.053257499e-01 +5.006532575e+01 +5.006532575e+01 -2.5760e+00 -2.7130e+00 -1.7382e+00
862 +3.452729327e-01 +3.452729327e-01 +5.000527293e+01 +5.000527293e+01 -2.4295e+00 -2.8183e+00 -1.8661e+00
892 +3.144292217e-01 +3.144292217e-01 +4.997442922e+01 +4.997442922e+01 -2.4278e+00 -2.8233e+00 -1.8576e+00
910 +2.797980239e-01 +2.797980239e-01 +4.993979802e+01 +4.993979802e+01 -2.4290e+00 -2.8219e+00 -1.8592e+00
921 +2.424701623e-01 +2.424701623e-01 +4.990247016e+01 +4.990247016e+01 -2.4274e+00 -2.8191e+00 -1.8622e+00
1048 +2.278479300e-01 +2.278479300e-01 +4.988784793e+01 +4.988784793e+01 -2.4272e+00 -2.8198e+00 -1.8625e+00
1103 +2.130190258e-01 +2.130190258e-01 +4.987301903e+01 +4.987301903e+01 -2.4298e+00 -2.8180e+00 -1.8599e+00
1254 +2.063429861e-01 +2.063429861e-01 +4.986634299e+01 +4.986634299e+01 -2.4280e+00 -2.8186e+00 -1.8619e+00
1301 +2.009381855e-01 +2.009381855e-01 +4.986093819e+01 +4.986093819e+01 -2.4277e+00 -2.8190e+00 -1.8621e+00
1356 +1.941387588e-01 +1.941387588e-01 +4.985413876e+01 +4.985413876e+01 -2.4277e+00 -2.8189e+00 -1.8622e+00
1441 +1.892718520e-01 +1.892718520e-01 +4.984927185e+01 +4.984927185e+01 -2.4278e+00 -2.8188e+00 -1.8622e+00
% function evaluation | noise-free fitness - Fopt (2.652800000000e+02) | best noise-free fitness - Fopt | measured fitness | best measured fitness | x1 | x2...
1 +1.118658551e+02 +1.118658551e+02 +3.771458551e+02 +3.771458551e+02 +0.0000e+00 +0.0000e+00 +0.0000e+00
2 +7.629398383e+01 +7.629398383e+01 +3.415739838e+02 +3.415739838e+02 -7.5632e-02 +3.1703e-01 +1.2292e-01
3 +5.967985602e+01 +5.967985602e+01 +3.249598560e+02 +3.249598560e+02 +1.3688e-01 -4.6654e-02 +1.4822e-01
7 +3.824186769e+01 +3.824186769e+01 +3.035218677e+02 +3.035218677e+02 +4.9149e-01 -1.5924e-01 +2.4382e-01
16 +3.740042700e+01 +3.740042700e+01 +3.026804270e+02 +3.026804270e+02 +5.5660e-01 +1.3775e-02 +2.5651e-01
28 +3.346293022e+01 +3.346293022e+01 +2.987429302e+02 +2.987429302e+02 +3.5511e-01 -2.4087e-01 +7.3269e-01
29 +2.742941539e+01 +2.742941539e+01 +2.927094154e+02 +2.927094154e+02 -8.0560e-02 +2.1128e-01 +1.5721e+00
45 +7.152264667e+00 +7.152264667e+00 +2.724322647e+02 +2.724322647e+02 +1.6723e-01 -4.9294e-01 +2.6910e+00
55 +2.804785085e+00 +2.804785085e+00 +2.680847851e+02 +2.680847851e+02 +4.2246e-01 -2.4907e-01 +3.3304e+00
57 +1.601171000e+00 +1.601171000e+00 +2.668811710e+02 +2.668811710e+02 +4.2870e-01 -4.7691e-01 +3.1703e+00
256 +1.539779720e+00 +1.539779720e+00 +2.668197797e+02 +2.668197797e+02 +4.2882e-01 -3.8157e-02 +3.2090e+00
290 +1.376886262e+00 +1.376886262e+00 +2.666568863e+02 +2.666568863e+02 +3.2745e-01 -3.6982e-01 +3.2913e+00
292 +1.061608418e+00 +1.061608418e+00 +2.663416084e+02 +2.663416084e+02 +3.0954e-01 -3.0879e-01 +3.3100e+00
307 +8.583174249e-01 +8.583174249e-01 +2.661383174e+02 +2.661383174e+02 +3.2290e-01 -3.6788e-01 +3.2845e+00
322 +7.319786664e-01 +7.319786664e-01 +2.660119787e+02 +2.660119787e+02 +3.2497e-01 -3.6513e-01 +3.2523e+00
323 +4.247209082e-01 +4.247209082e-01 +2.657047209e+02 +2.657047209e+02 +2.9890e-01 -4.0415e-01 +3.2765e+00
