% function evaluation | noise-free fitness - Fopt (7.948000000000e+01) | best noise-free fitness - Fopt | measured fitness | best measured fitness | x1 | x2...
1 +1.926270080e+00 +1.926270080e+00 +8.140627008e+01 +8.140627008e+01 +0.0000e+00 +0.0000e+00 +0.0000e+00
2 +1.085083996e+00 +1.085083996e+00 +8.056508400e+01 +8.056508400e+01 +3.4414e-01 -3.8257e-01 -3.3125e-02
10 +8.242055397e-01 +8.242055397e-01 +8.030420554e+01 +8.030420554e+01 +3.3468e-01 -5.3170e-01 -7.0740e-02
13 +6.222142060e-01 +6.222142060e-01 +8.010221421e+01 +8.010221421e+01 -2.1163e-01 -8.2671e-01 -1.7851e-01
14 +3.856081503e-01 +3.856081503e-01 +7.986560815e+01 +7.986560815e+01 +6.8640e-01 -9.7343e-01 -3.1907e-01
21 +8.708289739e-02 +8.708289739e-02 +7.956708290e+01 +7.956708290e+01 +2.4446e-01 -1.0984e+00 -4.3486e-01
27 +4.268014572e-02 +4.268014572e-02 +7.952268015e+01 +7.952268015e+01 +4.4752e-01 -1.1053e+00 -6.7806e-01
40 +1.036718577e-02 +1.036718577e-02 +7.949036719e+01 +7.949036719e+01 +2.7609e-01 -1.0626e+00 -7.5489e-01
86 +3.978423812e-03 +3.978423812e-03 +7.948397842e+01 +7.948397842e+01 +3.0218e-01 -1.1471e+00 -6.8598e-01
117 +7.805168653e-04 +7.805168653e-04 +7.948078052e+01 +7.948078052e+01 +2.5784e-01 -1.1810e+00 -7.1089e-01
140 +3.154138225e-04 +3.154138225e-04 +7.948031541e+01 +7.948031541e+01 +2.6805e-01 -1.1619e+00 -7.1646e-01
176 +2.101121119e-04 +2.101121119e-04 +7.948021011e+01 +7.948021011e+01 +2.5305e-01 -1.1649e+00 -7.1195e-01
185 +1.863622773e-04 +1.863622773e-04 +7.948018636e+01 +7.948018636e+01 +2.5831e-01 -1.1658e+00 -7.3267e-01
193 +1.593833548e-04 +1.593833548e-04 +7.948015938e+01 +7.948015938e+01 +2.5979e-01 -1.1587e+00 -7.3435e-01
203 +3.917995795e-05 +3.917995795e-05 +7.948003918e+01 +7.948003918e+01 +2.4881e-01 -1.1526e+00 -7.2642e-01
250 +3.037033873e-05 +3.037033873e-05 +7.948003037e+01 +7.948003037e+01 +2.5686e-01 -1.1537e+00 -7.2609e-01
255 +1.807680235e-05 +1.807680235e-05 +7.948001808e+01 +7.948001808e+01 +2.5248e-01 -1.1547e+00 -7.2034e-01
261 +1.088742395e-05 +1.088742395e-05 +7.948001089e+01 +7.948001089e+01 +2.5369e-01 -1.1573e+00 -7.2086e-01
276 +8.996105095e-06 +8.996105095e-06 +7.948000900e+01 +7.948000900e+01 +2.5273e-01 -1.1587e+00 -7.2170e-01
325 +6.868798707e-06 +6.868798707e-06 +7.948000687e+01 +7.948000687e+01 +2.5291e-01 -1.1589e+00 -7.2250e-01
330 +2.011926469e-06 +2.011926469e-06 +7.948000201e+01 +7.948000201e+01 +2.5279e-01 -1.1555e+00 -7.2346e-01
336 +8.443087722e-07 +8.443087722e-07 +7.948000084e+01 +7.948000084e+01 +2.5295e-01 -1.1561e+00 -7.2455e-01
381 +2.148889848e-07 +2.148889848e-07 +7.948000021e+01 +7.948000021e+01 +2.5234e-01 -1.1568e+00 -7.2401e-01
395 +1.573341279e-07 +1.573341279e-07 +7.948000016e+01 +7.948000016e+01 +2.5300e-01 -1.1571e+00 -7.2396e-01
405 +1.187658540e-07 +1.187658540e-07 +7.948000012e+01 +7.948000012e+01 +2.5314e-01 -1.1568e+00 -7.2396e-01
420 +1.174214503e-07 +1.174214503e-07 +7.948000012e+01 +7.948000012e+01 +2.5282e-01 -1.1571e+00 -7.2395e-01
430 +1.649415537e-08 +1.649415537e-08 +7.948000002e+01 +7.948000002e+01 +2.5269e-01 -1.1567e+00 -7.2401e-01
477 +1.101912517e-08 +1.101912517e-08 +7.948000001e+01 +7.948000001e+01 +2.5273e-01 -1.1568e+00 -7.2392e-01
513 +4.778357265e-09 +4.778357265e-09 +7.948000000e+01 +7.948000000e+01 +2.5281e-01 -1.1569e+00 -7.2398e-01
792 +0.000000000e+00 +0.000000000e+00 +7.948000000e+01 +7.948000000e+01 +2.5280e-01 -1.1568e+00 -7.2400e-01
% function evaluation | noise-free fitness - Fopt (3.944800000000e+02) | best noise-free fitness - Fopt | measured fitness | best measured fitness | x1 | x2...
1 +3.801018048e+01 +3.801018048e+01 +4.324901805e+02 +4.324901805e+02 +0.0000e+00 +0.0000e+00 +0.0000e+00
3 +3.713930536e+01 +3.713930536e+01 +4.316193054e+02 +4.316193054e+02 +3.7493e-03 +7.0269e-02 -1.7652e-01
7 +3.607681588e+01 +3.607681588e+01 +4.305568159e+02 +4.305568159e+02 -1.3412e-01 -1.6306e-01 +1.3657e-03
20 +3.533317257e+01 +3.533317257e+01 +4.298131726e+02 +4.298131726e+02 -3.5876e-02 -3.0666e-01 -9.5868e-02
27 +3.348423475e+01 +3.348423475e+01 +4.279642347e+02 +4.279642347e+02 -3.1473e-01 -3.5416e-01 -3.2915e-02
34 +2.996501123e+01 +2.996501123e+01 +4.244450112e+02 +4.244450112e+02 -5.9026e-01 -5.9997e-01 -9.0909e-02
44 +2.914010457e+01 +2.914010457e+01 +4.236201046e+02 +4.236201046e+02 -6.6431e-01 -5.6880e-01 -1.5672e-01
46 +2.836476472e+01 +2.836476472e+01 +4.228447647e+02 +4.228447647e+02 -8.1003e-01 -6.8440e-01 -6.6046e-02
51 +2.565793872e+01 +2.565793872e+01 +4.201379387e+02 +4.201379387e+02 -1.0425e+00 -6.5436e-01 -2.6659e-01
55 +2.017219776e+01 +2.017219776e+01 +4.146521978e+02 +4.146521978e+02 -1.9513e+00 -9.2822e-01 -2.6251e-01
61 +1.638559309e+01 +1.638559309e+01 +4.108655931e+02 +4.108655931e+02 -2.3091e+00 -1.3093e+00 -4.3198e-01
67 +1.209002897e+01 +1.209002897e+01 +4.065700290e+02 +4.065700290e+02 -3.1541e+00 -2.6299e+00 -4.1593e-01
77 +9.320502081e+00 +9.320502081e+00 +4.038005021e+02 +4.038005021e+02 -3.6558e+00 -1.3912e+00 -1.1540e+00
87 +4.785730736e+00 +4.785730736e+00 +3.992657307e+02 +3.992657307e+02 -3.5438e+00 -3.6804e+00 -1.7935e+00
110 +3.464813709e+00 +3.464813709e+00 +3.979448137e+02 +3.979448137e+02 -5.1631e+00 -2.7891e+00 -2.4404e+00
123 +2.739238650e+00 +2.739238650e+00 +3.972192386e+02 +3.972192386e+02 -3.3712e+00 -2.6265e+00 -2.2559e+00
130 +1.529736864e+00 +1.529736864e+00 +3.960097369e+02 +3.960097369e+02 -4.6770e+00 -2.9842e+00 -2.8460e+00
133 +1.488291423e+00 +1.488291423e+00 +3.959682914e+02 +3.959682914e+02 -3.4936e+00 -2.9595e+00 -2.6536e+00
138 +9.758388562e-01 +9.758388562e-01 +3.954558389e+02 +3.954558389e+02 -3.2045e+00 -3.2581e+00 -3.2031e+00
142 +8.410369927e-01 +8.410369927e-01 +3.953210370e+02 +3.953210370e+02 -4.1096e+00 -2.5966e+00 -2.9597e+00
153 +4.383414570e-01 +4.383414570e-01 +3.949183415e+02 +3.949183415e+02 -3.3539e+00 -2.6107e+00 -3.5502e+00
174 +2.318477006e-01 +2.318477006e-01 +3.947118477e+02 +3.947118477e+02 -3.5442e+00 -2.9896e+00 -4.1131e+00
180 +1.787779710e-01 +1.787779710e-01 +3.946587780e+02 +3.946587780e+02 -4.2414e+00 -3.0228e+00 -4.0112e+00
182 +1.520445977e-01 +1.520445977e-01 +3.946320446e+02 +3.946320446e+02 -4.1787e+00 -3.1535e+00 -3.8677e+00
191 +6.915831879e-02 +6.915831879e-02 +3.945491583e+02 +3.945491583e+02 -4.0477e+00 -2.7397e+00 -3.6469e+00
195 +6.272666183e-02 +6.272666183e-02 +3.945427267e+02 +3.945427267e+02 -3.7985e+00 -2.9737e+00 -3.5884e+00
215 +3.802886570e-02 +3.802886570e-02 +3.945180289e+02 +3.945180289e+02 -3.9708e+00 -2.8055e+00 -3.6425e+00
217 +9.889139585e-03 +9.889139585e-03 +3.944898891e+02 +3.944898891e+02 -3.8752e+00 -2.8818e+00 -3.7061e+00
228 +9.135284110e-03 +9.135284110e-03 +3.944891353e+02 +3.944891353e+02 -3.8111e+00 -2.9067e+00 -3.8377e+00
276 +1.137055486e-03 +1.137055486e-03 +3.944811371e+02 +3.944811371e+02 -3.9075e+00 -2.9227e+00 -3.8056e+00
354 +4.853199937e-04 +4.853199937e-04 +3.944804853e+02 +3.944804853e+02 -3.8832e+00 -2.8839e+00 -3.8170e+00
375 +1.631753803e-04 +1.631753803e-04 +3.944801632e+02 +3.944801632e+02 -3.8901e+00 -2.8906e+00 -3.8121e+00
423 +3.175752170e-05 +3.175752170e-05 +3.944800318e+02 +3.944800318e+02 -3.9029e+00 -2.8908e+00 -3.7990e+00
449 +1.774680567e-05 +1.774680567e-05 +3.944800177e+02 +3.944800177e+02 -3.9017e+00 -2.8904e+00 -3.8050e+00
465 +1.067641256e-05 +1.067641256e-05 +3.944800107e+02 +3.944800107e+02 -3.8997e+00 -2.8898e+00 -3.8053e+00
473 +2.623292573e-06 +2.623292573e-06 +3.944800026e+02 +3.944800026e+02 -3.8985e+00 -2.8888e+00 -3.8022e+00
491 +1.334020794e-06 +1.334020794e-06 +3.944800013e+02 +3.944800013e+02 -3.8977e+00 -2.8909e+00 -3.8031e+00
504 +1.036806395e-06 +1.036806395e-06 +3.944800010e+02 +3.944800010e+02 -3.8975e+00 -2.8910e+00 -3.8024e+00
522 +8.984239344e-07 +8.984239344e-07 +3.944800009e+02 +3.944800009e+02 -3.8980e+00 -2.8912e+00 -3.8021e+00
532 +1.804743874e-07 +1.804743874e-07 +3.944800002e+02 +3.944800002e+02 -3.8985e+00 -2.8904e+00 -3.8028e+00
582 +1.705041086e-07 +1.705041086e-07 +3.944800002e+02 +3.944800002e+02 -3.8987e+00 -2.8903e+00 -3.8027e+00
585 +1.617591465e-07 +1.617591465e-07 +3.944800002e+02 +3.944800002e+02 -3.8981e+00 -2.8902e+00 -3.8023e+00
590 +8.993771416e-08 +8.993771416e-08 +3.944800001e+02 +3.944800001e+02 -3.8983e+00 -2.8902e+00 -3.8025e+00
591 +4.234840389e-08 +4.234840389e-08 +3.944800000e+02 +3.944800000e+02 -3.8982e+00 -2.8904e+00 -3.8025e+00
607 +2.487564643e-08 +2.487564643e-08 +3.944800000e+02 +3.944800000e+02 -3.8984e+00 -2.8903e+00 -3.8025e+00
615 +1.934068905e-08 +1.934068905e-08 +3.944800000e+02 +3.944800000e+02 -3.8985e+00 -2.8904e+00 -3.8025e+00
623 +1.443015663e-08 +1.443015663e-08 +3.944800000e+02 +3.944800000e+02 -3.8983e+00 -2.8905e+00 -3.8024e+00
630 +9.767234133e-09 +9.767234133e-09 +3.944800000e+02 +3.944800000e+02 -3.8985e+00 -2.8904e+00 -3.8024e+00
1015 +0.000000000e+00 +0.000000000e+00 +3.944800000e+02 +3.944800000e+02 -3.8984e+00 -2.8904e+00 -3.8024e+00
% function evaluation | noise-free fitness - Fopt (-2.471100000000e+02) | best noise-free fitness - Fopt | measured fitness | best measured fitness | x1 | x2...
1 +1.494689024e+01 +1.494689024e+01 -2.321631098e+02 -2.321631098e+02 +0.0000e+00 +0.0000e+00 +0.0000e+00
6 +1.380635318e+01 +1.380635318e+01 -2.333036468e+02 -2.333036468e+02 -1.8676e-01 +3.7996e-01 +1.6388e-01
8 +1.239759064e+01 +1.239759064e+01 -2.347124094e+02 -2.347124094e+02 -2.9017e-01 +1.6090e-01 -3.9440e-01
12 +1.031778604e+01 +1.031778604e+01 -2.367922140e+02 -2.367922140e+02 -6.3098e-01 +4.0388e-02 -1.8257e-01
18 +8.412460133e+00 +8.412460133e+00 -2.386975399e+02 -2.386975399e+02 -9.2041e-01 +3.1749e-01 -3.4979e-01
19 +7.971855304e+00 +7.971855304e+00 -2.391381447e+02 -2.391381447e+02 -1.1561e+00 +8.2881e-01 +8.2691e-02
28 +7.699953827e+00 +7.699953827e+00 -2.394100462e+02 -2.394100462e+02 -1.3226e+00 +4.0036e-01 +5.4628e-01
29 +4.148645533e+00 +4.148645533e+00 -2.429613545e+02 -2.429613545e+02 -1.9553e+00 +2.8855e-01 +1.7153e-01
34 +1.917585021e+00 +1.917585021e+00 -2.451924150e+02 -2.451924150e+02 -2.8809e+00 +7.7390e-02 +3.3836e-01
37 +1.831918185e+00 +1.831918185e+00 -2.452780818e+02 -2.452780818e+02 -2.8182e+00 +1.0729e+00 -3.5245e-01
42 +4.920219602e-01 +4.920219602e-01 -2.466179780e+02 -2.466179780e+02 -3.1748e+00 +1.2113e-01 -3.8068e-01
61 +3.646613349e-01 +3.646613349e-01 -2.467453387e+02 -2.467453387e+02 -4.3374e+00 +1.5797e-02 -4.9362e-01
106 +1.588571665e-02 +1.588571665e-02 -2.470941143e+02 -2.470941143e+02 -3.8451e+00 +3.1638e-01 -6.6137e-01
146 +1.514148271e-02 +1.514148271e-02 -2.470948585e+02 -2.470948585e+02 -3.7687e+00 +1.8120e-01 -5.7382e-01
149 +1.171816989e-02 +1.171816989e-02 -2.470982818e+02 -2.470982818e+02 -3.8325e+00 +1.0073e-01 -6.8375e-01
186 +6.637210832e-03 +6.637210832e-03 -2.471033628e+02 -2.471033628e+02 -3.8232e+00 +1.4662e-01 -7.4433e-01
192 +2.137828761e-03 +2.137828761e-03 -2.471078622e+02 -2.471078622e+02 -3.8268e+00 +2.3941e-01 -6.8676e-01
198 +2.055785343e-03 +2.055785343e-03 -2.471079442e+02 -2.471079442e+02 -3.7833e+00 +2.3841e-01 -7.1545e-01
207 +1.645825705e-03 +1.645825705e-03 -2.471083542e+02 -2.471083542e+02 -3.7914e+00 +1.6847e-01 -7.1094e-01
232 +5.647907163e-04 +5.647907163e-04 -2.471094352e+02 -2.471094352e+02 -3.8024e+00 +1.8287e-01 -6.7955e-01
235 +1.797231524e-04 +1.797231524e-04 -2.471098203e+02 -2.471098203e+02 -3.7924e+00 +2.1518e-01 -6.9116e-01
265 +1.763049067e-04 +1.763049067e-04 -2.471098237e+02 -2.471098237e+02 -3.7976e+00 +2.0299e-01 -7.0445e-01
281 +1.658886657e-04 +1.658886657e-04 -2.471098341e+02 -2.471098341e+02 -3.7984e+00 +1.9524e-01 -7.0132e-01
284 +1.442298504e-04 +1.442298504e-04 -2.471098558e+02 -2.471098558e+02 -3.7880e+00 +2.0733e-01 -6.9558e-01
294 +9.480322998e-05 +9.480322998e-05 -2.471099052e+02 -2.471099052e+02 -3.8027e+00 +2.0085e-01 -6.9962e-01
302 +7.589614853e-05 +7.589614853e-05 -2.471099241e+02 -2.471099241e+02 -3.7987e+00 +1.9945e-01 -6.9906e-01
305 +1.077448340e-05 +1.077448340e-05 -2.471099892e+02 -2.471099892e+02 -3.7961e+00 +2.0548e-01 -6.9059e-01
345 +5.505223413e-06 +5.505223413e-06 -2.471099945e+02 -2.471099945e+02 -3.7984e+00 +2.0293e-01 -6.9353e-01
367 +5.136598332e-06 +5.136598332e-06 -2.471099949e+02 -2.471099949e+02 -3.8000e+00 +2.0381e-01 -6.9270e-01
370 +3.105547904e-06 +3.105547904e-06 -2.471099969e+02 -2.471099969e+02 -3.7987e+00 +2.0420e-01 -6.9261e-01
380 +5.965887340e-08 +5.965887340e-08 -2.471099999e+02 -2.471099999e+02 -3.7984e+00 +2.0308e-01 -6.9141e-01
472 +1.203326860e-08 +1.203326860e-08 -2.471100000e+02 -2.471100000e+02 -3.7985e+00 +2.0316e-01 -6.9116e-01
493 +4.841638201e-09 +4.841638201e-09 -2.471100000e+02 -2.471100000e+02 -3.7985e+00 +2.0321e-01 -6.9115e-01
828 +0.000000000e+00 +0.000000000e+00 -2.471100000e+02 -2.471100000e+02 -3.7984e+00 +2.0320e-01 -6.9120e-01
% function evaluation | noise-free fitness - Fopt (-1.520400000000e+02) | best noise-free fitness - Fopt | measured fitness | best measured fitness | x1 | x2...
1 +1.750322688e+01 +1.750322688e+01 -1.345367731e+02 -1.345367731e+02 +0.0000e+00 +0.0000e+00 +0.0000e+00
2 +1.687075880e+01 +1.687075880e+01 -1.351692412e+02 -1.351692412e+02 +3.8370e-01 +9.5015e-02 -9.3236e-02
10 +1.424591759e+01 +1.424591759e+01 -1.377940824e+02 -1.377940824e+02 +1.4445e-02 +9.5598e-02 -4.0316e-01
24 +1.408653813e+01 +1.408653813e+01 -1.379534619e+02 -1.379534619e+02 +3.4796e-01 +4.2470e-01 -3.5976e-01
25 +1.324251468e+01 +1.324251468e+01 -1.387974853e+02 -1.387974853e+02 +2.7957e-01 +2.5908e-01 -5.2090e-01
26 +1.154184274e+01 +1.154184274e+01 -1.404981573e+02 -1.404981573e+02 +3.0097e-01 +1.8470e-01 -8.1302e-01
28 +1.075088007e+01 +1.075088007e+01 -1.412891199e+02 -1.412891199e+02 +3.7676e-01 +6.6914e-01 -7.9968e-01
34 +7.435593837e+00 +7.435593837e+00 -1.446044062e+02 -1.446044062e+02 +7.1060e-01 +7.6798e-01 -1.4653e+00
46 +6.869833962e+00 +6.869833962e+00 -1.451701660e+02 -1.451701660e+02 +1.1640e+00 +1.1188e+00 -1.7503e+00
54 +3.056657210e+00 +3.056657210e+00 -1.489833428e+02 -1.489833428e+02 +1.4551e+00 +1.4505e+00 -3.6253e+00
59 +2.758614865e+00 +2.758614865e+00 -1.492813851e+02 -1.492813851e+02 +1.2282e+00 +1.1894e+00 -3.2412e+00
63 +1.127981393e+00 +1.127981393e+00 -1.509120186e+02 -1.509120186e+02 +4.5464e-01 +1.0330e+00 -3.2510e+00
76 +2.982406260e-01 +2.982406260e-01 -1.517417594e+02 -1.517417594e+02 -3.3376e-01 +1.9660e+00 -3.9186e+00
82 +8.649993412e-02 +8.649993412e-02 -1.519535001e+02 -1.519535001e+02 -5.0405e-01 +1.2702e+00 -3.8426e+00
117 +4.997391958e-02 +4.997391958e-02 -1.519900261e+02 -1.519900261e+02 -4.8169e-01 +1.4655e+00 -3.9722e+00
131 +3.802653593e-02 +3.802653593e-02 -1.520019735e+02 -1.520019735e+02 -4.4082e-01 +1.3795e+00 -3.8480e+00
142 +1.244699236e-02 +1.244699236e-02 -1.520275530e+02 -1.520275530e+02 -2.8808e-01 +1.4416e+00 -4.0330e+00
157 +8.911330388e-03 +8.911330388e-03 -1.520310887e+02 -1.520310887e+02 -2.0724e-01 +1.3675e+00 -3.8788e+00
180 +6.464041596e-03 +6.464041596e-03 -1.520335360e+02 -1.520335360e+02 -1.8899e-01 +1.4423e+00 -3.9213e+00
183 +7.464114648e-04 +7.464114648e-04 -1.520392536e+02 -1.520392536e+02 -2.9399e-01 +1.4194e+00 -3.9275e+00
202 +2.606347850e-04 +2.606347850e-04 -1.520397394e+02 -1.520397394e+02 -2.7648e-01 +1.4369e+00 -3.9278e+00
220 +1.676328249e-04 +1.676328249e-04 -1.520398324e+02 -1.520398324e+02 -2.7188e-01 +1.4231e+00 -3.9128e+00
252 +4.069545287e-05 +4.069545287e-05 -1.520399593e+02 -1.520399593e+02 -2.6568e-01 +1.4222e+00 -3.9189e+00
287 +3.474227287e-05 +3.474227287e-05 -1.520399653e+02 -1.520399653e+02 -2.7163e-01 +1.4201e+00 -3.9244e+00
304 +2.739625785e-06 +2.739625785e-06 -1.520399973e+02 -1.520399973e+02 -2.6572e-01 +1.4238e+00 -3.9241e+00
358 +7.372763946e-07 +7.372763946e-07 -1.520399993e+02 -1.520399993e+02 -2.6768e-01 +1.4238e+00 -3.9255e+00
364 +4.080078497e-07 +4.080078497e-07 -1.520399996e+02 -1.520399996e+02 -2.6673e-01 +1.4236e+00 -3.9247e+00
381 +1.096560709e-07 +1.096560709e-07 -1.520399999e+02 -1.520399999e+02 -2.6738e-01 +1.4238e+00 -3.9250e+00
410 +6.306237310e-08 +6.306237310e-08 -1.520399999e+02 -1.520399999e+02 -2.6721e-01 +1.4240e+00 -3.9246e+00
416 +1.981780429e-08 +1.981780429e-08 -1.520400000e+02 -1.520400000e+02 -2.6732e-01 +1.4241e+00 -3.9248e+00
423 +2.440657454e-09 +2.440657454e-09 -1.520400000e+02 -1.520400000e+02 -2.6716e-01 +1.4240e+00 -3.9248e+00
701 +0.000000000e+00 +0.000000000e+00 -1.520400000e+02 -1.520400000e+02 -2.6720e-01 +1.4240e+00 -3.9248e+00
% function evaluation | noise-free fitness - Fopt (-2.525000000000e+01) | best noise-free fitness - Fopt | measured fitness | best measured fitness | x1 | x2...
1 +1.548831296e+01 +1.548831296e+01 -9.761687040e+00 -9.761687040e+00 +0.0000e+00 +0.0000e+00 +0.0000e+00
2 +1.263179716e+01 +1.263179716e+01 -1.261820284e+01 -1.261820284e+01 +3.3678e-01 -4.2822e-02 -2.2607e-01
10 +1.208297727e+01 +1.208297727e+01 -1.316702273e+01 -1.316702273e+01 +3.6053e-01 -1.7993e-01 -5.1007e-01
13 +1.193773348e+01 +1.193773348e+01 -1.331226652e+01 -1.331226652e+01 +5.6621e-01 -2.6252e-01 -6.4998e-02
14 +1.170666716e+01 +1.170666716e+01 -1.354333284e+01 -1.354333284e+01 +4.9955e-01 -2.1857e-01 -2.9226e-01
23 +1.040848543e+01 +1.040848543e+01 -1.484151457e+01 -1.484151457e+01 +8.3545e-01 -5.4310e-01 -2.8250e-01
24 +8.696095626e+00 +8.696095626e+00 -1.655390437e+01 -1.655390437e+01 +1.0662e+00 -1.9552e-01 -1.9171e-01
26 +3.698070258e+00 +3.698070258e+00 -2.155192974e+01 -2.155192974e+01 +2.2636e+00 -1.6654e-01 -3.1229e-01
35 +9.932561520e-01 +9.932561520e-01 -2.425674385e+01 -2.425674385e+01 +3.7100e+00 -6.9156e-02 -7.2304e-01
56 +8.318748775e-01 +8.318748775e-01 -2.441812512e+01 -2.441812512e+01 +2.9454e+00 +4.6807e-01 -8.2467e-01
75 +7.260896902e-01 +7.260896902e-01 -2.452391031e+01 -2.452391031e+01 +4.0824e+00 -6.5005e-02 -1.5511e+00
79 +4.245211460e-01 +4.245211460e-01 -2.482547885e+01 -2.482547885e+01 +3.9080e+00 +5.4368e-02 -1.3909e+00
87 +3.545956063e-02 +3.545956063e-02 -2.521454044e+01 -2.521454044e+01 +3.5016e+00 +5.0713e-01 -1.3420e+00
131 +3.023132649e-02 +3.023132649e-02 -2.521976867e+01 -2.521976867e+01 +3.5654e+00 +8.0192e-01 -1.4156e+00
142 +1.915433375e-02 +1.915433375e-02 -2.523084567e+01 -2.523084567e+01 +3.6426e+00 +5.6104e-01 -1.3082e+00
148 +1.091059446e-02 +1.091059446e-02 -2.523908941e+01 -2.523908941e+01 +3.5430e+00 +5.5919e-01 -1.4272e+00
149 +7.801174187e-03 +7.801174187e-03 -2.524219883e+01 -2.524219883e+01 +3.6719e+00 +6.3686e-01 -1.3546e+00
175 +1.568325554e-03 +1.568325554e-03 -2.524843167e+01 -2.524843167e+01 +3.6000e+00 +6.4277e-01 -1.3855e+00
209 +4.386576512e-04 +4.386576512e-04 -2.524956134e+01 -2.524956134e+01 +3.6156e+00 +6.2191e-01 -1.4055e+00
276 +2.882392779e-04 +2.882392779e-04 -2.524971176e+01 -2.524971176e+01 +3.6153e+00 +6.2219e-01 -1.4325e+00
307 +2.784126599e-04 +2.784126599e-04 -2.524972159e+01 -2.524972159e+01 +3.6276e+00 +6.2520e-01 -1.4235e+00
322 +2.199703725e-04 +2.199703725e-04 -2.524978003e+01 -2.524978003e+01 +3.6246e+00 +6.4430e-01 -1.4159e+00
339 +4.387375968e-05 +4.387375968e-05 -2.524995613e+01 -2.524995613e+01 +3.6187e+00 +6.4023e-01 -1.4214e+00
346 +3.060124406e-05 +3.060124406e-05 -2.524996940e+01 -2.524996940e+01 +3.6145e+00 +6.3079e-01 -1.4183e+00
395 +2.415972780e-05 +2.415972780e-05 -2.524997584e+01 -2.524997584e+01 +3.6154e+00 +6.3985e-01 -1.4204e+00
401 +2.304435109e-05 +2.304435109e-05 -2.524997696e+01 -2.524997696e+01 +3.6158e+00 +6.3881e-01 -1.4188e+00
404 +1.066640619e-05 +1.066640619e-05 -2.524998933e+01 -2.524998933e+01 +3.6137e+00 +6.3836e-01 -1.4221e+00
416 +6.923146394e-06 +6.923146394e-06 -2.524999308e+01 -2.524999308e+01 +3.6155e+00 +6.3719e-01 -1.4229e+00
429 +6.645429561e-06 +6.645429561e-06 -2.524999335e+01 -2.524999335e+01 +3.6165e+00 +6.3636e-01 -1.4226e+00
430 +4.192236698e-06 +4.192236698e-06 -2.524999581e+01 -2.524999581e+01 +3.6162e+00 +6.3610e-01 -1.4214e+00
451 +1.856025477e-06 +1.856025477e-06 -2.524999814e+01 -2.524999814e+01 +3.6157e+00 +6.3542e-01 -1.4215e+00
453 +1.415836248e-06 +1.415836248e-06 -2.524999858e+01 -2.524999858e+01 +3.6144e+00 +6.3451e-01 -1.4206e+00
458 +5.164578418e-07 +5.164578418e-07 -2.524999948e+01 -2.524999948e+01 +3.6145e+00 +6.3467e-01 -1.4221e+00
472 +4.382370733e-07 +4.382370733e-07 -2.524999956e+01 -2.524999956e+01 +3.6142e+00 +6.3577e-01 -1.4213e+00
491 +3.605380101e-07 +3.605380101e-07 -2.524999964e+01 -2.524999964e+01 +3.6144e+00 +6.3482e-01 -1.4221e+00
494 +1.535881395e-07 +1.535881395e-07 -2.524999985e+01 -2.524999985e+01 +3.6144e+00 +6.3505e-01 -1.4212e+00
498 +3.583715724e-08 +3.583715724e-08 -2.524999996e+01 -2.524999996e+01 +3.6146e+00 +6.3511e-01 -1.4216e+00
521 +1.110820236e-08 +1.110820236e-08 -2.524999999e+01 -2.524999999e+01 +3.6144e+00 +6.3518e-01 -1.4215e+00
557 +7.710823979e-09 +7.710823979e-09 -2.524999999e+01 -2.524999999e+01 +3.6144e+00 +6.3522e-01 -1.4217e+00
917 +0.000000000e+00 +0.000000000e+00 -2.525000000e+01 -2.525000000e+01 +3.6144e+00 +6.3520e-01 -1.4216e+00
% function evaluation | noise-free fitness - Fopt (-1.850700000000e+02) | best noise-free fitness - Fopt | measured fitness | best measured fitness | x1 | x2...
1 +1.139693120e+01 +1.139693120e+01 -1.736730688e+02 -1.736730688e+02 +0.0000e+00 +0.0000e+00 +0.0000e+00
2 +1.036892327e+01 +1.036892327e+01 -1.747010767e+02 -1.747010767e+02 +9.8715e-02 +2.0909e-01 -9.1386e-02
5 +9.802442170e+00 +9.802442170e+00 -1.752675578e+02 -1.752675578e+02 +3.2168e-01 +1.5507e-01 +1.0211e-01
14 +9.183887180e+00 +9.183887180e+00 -1.758861128e+02 -1.758861128e+02 +7.6639e-01 +2.1429e-01 +1.2364e-01
20 +7.669889973e+00 +7.669889973e+00 -1.774001100e+02 -1.774001100e+02 +4.6289e-01 +5.6328e-01 +8.2789e-02
29 +6.351407080e+00 +6.351407080e+00 -1.787185929e+02 -1.787185929e+02 +5.5760e-01 +7.5244e-01 +2.3350e-01
38 +5.481517013e+00 +5.481517013e+00 -1.795884830e+02 -1.795884830e+02 +2.9996e-01 +1.0661e+00 +1.6623e-01
40 +4.814972349e+00 +4.814972349e+00 -1.802550277e+02 -1.802550277e+02 +1.4703e+00 +1.2530e+00 +2.3920e-01
44 +2.967381704e+00 +2.967381704e+00 -1.821026183e+02 -1.821026183e+02 +3.9734e-01 +2.7217e+00 -1.2753e-01
45 +2.436709668e+00 +2.436709668e+00 -1.826332903e+02 -1.826332903e+02 +5.3625e-01 +1.7342e+00 +5.2897e-01
50 +1.822409750e+00 +1.822409750e+00 -1.832475902e+02 -1.832475902e+02 +9.3096e-02 +1.9839e+00 +8.4417e-01
72 +1.206873195e+00 +1.206873195e+00 -1.838631268e+02 -1.838631268e+02 +8.8941e-02 +3.3957e+00 +8.7494e-01
84 +4.426034121e-01 +4.426034121e-01 -1.846273966e+02 -1.846273966e+02 +9.2982e-01 +3.4982e+00 +1.2820e+00
107 +2.478322913e-01 +2.478322913e-01 -1.848221677e+02 -1.848221677e+02 +5.6867e-01 +2.8560e+00 +1.1021e+00
128 +3.174106666e-02 +3.174106666e-02 -1.850382589e+02 -1.850382589e+02 +7.6717e-01 +2.8049e+00 +1.6836e+00
159 +1.381910588e-02 +1.381910588e-02 -1.850561809e+02 -1.850561809e+02 +7.1136e-01 +2.8308e+00 +1.5312e+00
175 +1.111720553e-02 +1.111720553e-02 -1.850588828e+02 -1.850588828e+02 +7.8912e-01 +2.9915e+00 +1.5737e+00
190 +5.741727446e-03 +5.741727446e-03 -1.850642583e+02 -1.850642583e+02 +7.6116e-01 +2.9417e+00 +1.5711e+00
212 +4.144606767e-03 +4.144606767e-03 -1.850658554e+02 -1.850658554e+02 +8.6771e-01 +2.9138e+00 +1.5155e+00
217 +4.068362948e-03 +4.068362948e-03 -1.850659316e+02 -1.850659316e+02 +7.8457e-01 +2.9083e+00 +1.4788e+00
227 +5.680749858e-04 +5.680749858e-04 -1.850694319e+02 -1.850694319e+02 +7.8702e-01 +2.8975e+00 +1.5433e+00
253 +5.415909932e-04 +5.415909932e-04 -1.850694584e+02 -1.850694584e+02 +8.1033e-01 +2.9137e+00 +1.5219e+00
255 +4.368446198e-04 +4.368446198e-04 -1.850695632e+02 -1.850695632e+02 +8.1329e-01 +2.9158e+00 +1.5362e+00
261 +1.007877420e-04 +1.007877420e-04 -1.850698992e+02 -1.850698992e+02 +8.1649e-01 +2.8879e+00 +1.5364e+00
302 +9.653296573e-05 +9.653296573e-05 -1.850699035e+02 -1.850699035e+02 +8.0826e-01 +2.8855e+00 +1.5351e+00
317 +9.354330743e-05 +9.354330743e-05 -1.850699065e+02 -1.850699065e+02 +8.1791e-01 +2.8923e+00 +1.5320e+00
318 +4.543552791e-06 +4.543552791e-06 -1.850699955e+02 -1.850699955e+02 +8.0900e-01 +2.8958e+00 +1.5380e+00
372 +4.031991836e-06 +4.031991836e-06 -1.850699960e+02 -1.850699960e+02 +8.1127e-01 +2.8941e+00 +1.5360e+00
382 +2.778015983e-06 +2.778015983e-06 -1.850699972e+02 -1.850699972e+02 +8.1050e-01 +2.8942e+00 +1.5351e+00
389 +2.494444971e-06 +2.494444971e-06 -1.850699975e+02 -1.850699975e+02 +8.0866e-01 +2.8961e+00 +1.5351e+00
404 +1.525658263e-06 +1.525658263e-06 -1.850699985e+02 -1.850699985e+02 +8.1040e-01 +2.8947e+00 +1.5368e+00
405 +1.011557032e-06 +1.011557032e-06 -1.850699990e+02 -1.850699990e+02 +8.0888e-01 +2.8956e+00 +1.5366e+00
450 +8.395299744e-07 +8.395299744e-07 -1.850699992e+02 -1.850699992e+02 +8.0883e-01 +2.8950e+00 +1.5364e+00
486 +2.997986996e-07 +2.997986996e-07 -1.850699997e+02 -1.850699997e+02 +8.0920e-01 +2.8955e+00 +1.5358e+00
487 +1.299437429e-07 +1.299437429e-07 -1.850699999e+02 -1.850699999e+02 +8.0977e-01 +2.8954e+00 +1.5362e+00
492 +2.202287419e-08 +2.202287419e-08 -1.850700000e+02 -1.850700000e+02 +8.0962e-01 +2.8951e+00 +1.5360e+00
532 +7.589676443e-09 +7.589676443e-09 -1.850700000e+02 -1.850700000e+02 +8.0968e-01 +2.8952e+00 +1.5360e+00
955 +0.000000000e+00 +0.000000000e+00 -1.850700000e+02 -1.850700000e+02 +8.0960e-01 +2.8952e+00 +1.5360e+00
% function evaluation | noise-free fitness - Fopt (-1.673500000000e+02) | best noise-free fitness - Fopt | measured fitness | best measured fitness | x1 | x2...
1 +2.519322752e+01 +2.519322752e+01 -1.421567725e+02 -1.421567725e+02 +0.0000e+00 +0.0000e+00 +0.0000e+00
2 +2.214915786e+01 +2.214915786e+01 -1.452008421e+02 -1.452008421e+02 +1.9812e-01 -1.2464e-02 -2.5166e-01
9 +2.065885110e+01 +2.065885110e+01 -1.466911489e+02 -1.466911489e+02 +3.1721e-01 -2.7416e-01 -2.9000e-01
11 +1.883891575e+01 +1.883891575e+01 -1.485110842e+02 -1.485110842e+02 +2.4986e-01 -2.1321e-01 -6.2806e-01
20 +1.750026606e+01 +1.750026606e+01 -1.498497339e+02 -1.498497339e+02 +1.6562e-01 -2.5835e-01 -9.0448e-01
24 +1.634061495e+01 +1.634061495e+01 -1.510093851e+02 -1.510093851e+02 +3.6562e-01 -5.0342e-01 -8.4817e-01
25 +1.613520356e+01 +1.613520356e+01 -1.512147964e+02 -1.512147964e+02 +3.9622e-01 -6.1139e-01 -8.3183e-01
27 +1.411682662e+01 +1.411682662e+01 -1.532331734e+02 -1.532331734e+02 +1.3017e-01 -8.0406e-01 -1.4260e+00
28 +1.325628436e+01 +1.325628436e+01 -1.540937156e+02 -1.540937156e+02 +4.7537e-01 -5.2916e-01 -1.2943e+00
35 +1.257318018e+01 +1.257318018e+01 -1.547768198e+02 -1.547768198e+02 -1.3592e-01 -1.9370e-02 -2.6282e+00
38 +1.007515066e+01 +1.007515066e+01 -1.572748493e+02 -1.572748493e+02 +3.5580e-01 -1.2694e+00 -2.0445e+00
53 +9.945621510e+00 +9.945621510e+00 -1.574043785e+02 -1.574043785e+02 +2.5579e-01 -1.0564e-01 -2.6927e+00
54 +8.658276216e+00 +8.658276216e+00 -1.586917238e+02 -1.586917238e+02 +6.6540e-02 -8.1867e-01 -4.2172e+00
58 +7.452056056e+00 +7.452056056e+00 -1.598979439e+02 -1.598979439e+02 +3.9725e-01 -3.5578e-01 -3.5133e+00
60 +6.844240628e+00 +6.844240628e+00 -1.605057594e+02 -1.605057594e+02 +1.0583e+00 -3.2150e-01 -5.4118e+00
67 +5.662487632e+00 +5.662487632e+00 -1.616875124e+02 -1.616875124e+02 +7.6087e-01 -4.7327e-01 -3.3573e+00
69 +2.650254523e+00 +2.650254523e+00 -1.646997455e+02 -1.646997455e+02 +1.7851e+00 -7.9537e-01 -4.9023e+00
70 +2.282226185e+00 +2.282226185e+00 -1.650677738e+02 -1.650677738e+02 +1.6327e+00 -5.5376e-01 -3.6144e+00
103 +1.591484858e+00 +1.591484858e+00 -1.657585151e+02 -1.657585151e+02 +1.9074e+00 -1.2124e+00 -3.1638e+00
110 +1.038045042e+00 +1.038045042e+00 -1.663119550e+02 -1.663119550e+02 +2.1516e+00 -6.6268e-01 -3.6180e+00
112 +8.772130186e-01 +8.772130186e-01 -1.664727870e+02 -1.664727870e+02 +2.3308e+00 -6.2205e-01 -4.1900e+00
115 +4.781474644e-01 +4.781474644e-01 -1.668718525e+02 -1.668718525e+02 +2.2843e+00 -1.1039e+00 -3.9486e+00
122 +1.937701962e-01 +1.937701962e-01 -1.671562298e+02 -1.671562298e+02 +2.7440e+00 -1.0011e+00 -3.5574e+00
131 +1.247949055e-01 +1.247949055e-01 -1.672252051e+02 -1.672252051e+02 +2.9352e+00 -1.3283e+00 -4.2027e+00
135 +1.466896627e-02 +1.466896627e-02 -1.673353310e+02 -1.673353310e+02 +2.8762e+00 -1.1899e+00 -3.9393e+00
222 +1.244532355e-02 +1.244532355e-02 -1.673375547e+02 -1.673375547e+02 +2.9488e+00 -1.3028e+00 -3.7735e+00
224 +1.059706807e-02 +1.059706807e-02 -1.673394029e+02 -1.673394029e+02 +2.9275e+00 -1.3312e+00 -3.8874e+00
227 +5.923759497e-03 +5.923759497e-03 -1.673440762e+02 -1.673440762e+02 +2.9858e+00 -1.2952e+00 -3.8220e+00
236 +5.806724104e-03 +5.806724104e-03 -1.673441933e+02 -1.673441933e+02 +2.9229e+00 -1.3037e+00 -3.8673e+00
244 +4.185801976e-03 +4.185801976e-03 -1.673458142e+02 -1.673458142e+02 +2.9704e+00 -1.2436e+00 -3.7994e+00
256 +2.012135949e-03 +2.012135949e-03 -1.673479879e+02 -1.673479879e+02 +2.9445e+00 -1.2738e+00 -3.8827e+00
257 +6.468659454e-04 +6.468659454e-04 -1.673493531e+02 -1.673493531e+02 +2.9523e+00 -1.2582e+00 -3.8735e+00
298 +6.397592859e-04 +6.397592859e-04 -1.673493602e+02 -1.673493602e+02 +2.9658e+00 -1.2122e+00 -3.8653e+00
328 +4.278410481e-04 +4.278410481e-04 -1.673495722e+02 -1.673495722e+02 +2.9738e+00 -1.2354e+00 -3.8752e+00
350 +2.122376940e-04 +2.122376940e-04 -1.673497878e+02 -1.673497878e+02 +2.9595e+00 -1.2264e+00 -3.8516e+00
356 +1.981013731e-04 +1.981013731e-04 -1.673498019e+02 -1.673498019e+02 +2.9667e+00 -1.2261e+00 -3.8582e+00
370 +8.605912714e-05 +8.605912714e-05 -1.673499139e+02 -1.673499139e+02 +2.9589e+00 -1.2269e+00 -3.8638e+00
371 +5.755879209e-05 +5.755879209e-05 -1.673499424e+02 -1.673499424e+02 +2.9603e+00 -1.2294e+00 -3.8650e+00
381 +3.280602084e-05 +3.280602084e-05 -1.673499672e+02 -1.673499672e+02 +2.9623e+00 -1.2387e+00 -3.8607e+00
392 +1.331513329e-05 +1.331513329e-05 -1.673499867e+02 -1.673499867e+02 +2.9578e+00 -1.2328e+00 -3.8641e+00
408 +6.028937236e-06 +6.028937236e-06 -1.673499940e+02 -1.673499940e+02 +2.9582e+00 -1.2374e+00 -3.8643e+00
416 +3.045719410e-06 +3.045719410e-06 -1.673499970e+02 -1.673499970e+02 +2.9583e+00 -1.2359e+00 -3.8640e+00
447 +2.179937439e-07 +2.179937439e-07 -1.673499998e+02 -1.673499998e+02 +2.9579e+00 -1.2363e+00 -3.8626e+00
541 +1.099348026e-07 +1.099348026e-07 -1.673499999e+02 -1.673499999e+02 +2.9575e+00 -1.2358e+00 -3.8626e+00
564 +1.051907645e-07 +1.051907645e-07 -1.673499999e+02 -1.673499999e+02 +2.9577e+00 -1.2363e+00 -3.8624e+00
572 +8.014657737e-08 +8.014657737e-08 -1.673499999e+02 -1.673499999e+02 +2.9578e+00 -1.2358e+00 -3.8624e+00
573 +2.194667559e-09 +2.194667559e-09 -1.673500000e+02 -1.673500000e+02 +2.9576e+00 -1.2360e+00 -3.8624e+00
1004 +0.000000000e+00 +0.000000000e+00 -1.673500000e+02 -1.673500000e+02 +2.9576e+00 -1.2360e+00 -3.8624e+00
% function evaluation | noise-free fitness - Fopt (-2.733000000000e+01) | best noise-free fitness - Fopt | measured fitness | best measured fitness | x1 | x2...
1 +2.167297920e+01 +2.167297920e+01 -5.657020800e+00 -5.657020800e+00 +0.0000e+00 +0.0000e+00 +0.0000e+00
3 +2.076479670e+01 +2.076479670e+01 -6.565203301e+00 -6.565203301e+00 +6.2818e-02 -1.2888e-01 +2.8376e-01
6 +2.014995126e+01 +2.014995126e+01 -7.180048743e+00 -7.180048743e+00 +3.6085e-02 +2.6368e-01 -3.4890e-02
11 +1.993216580e+01 +1.993216580e+01 -7.397834204e+00 -7.397834204e+00 +1.2915e-01 +3.5707e-01 -1.6192e-01
15 +1.886098686e+01 +1.886098686e+01 -8.469013144e+00 -8.469013144e+00 +4.0355e-01 +4.6305e-01 -2.6404e-01
19 +1.341903479e+01 +1.341903479e+01 -1.391096521e+01 -1.391096521e+01 +2.8396e-01 +1.1669e+00 +2.4531e-01
30 +9.179165803e+00 +9.179165803e+00 -1.815083420e+01 -1.815083420e+01 +5.7509e-01 +1.1309e+00 +1.0667e+00
38 +8.416555988e+00 +8.416555988e+00 -1.891344401e+01 -1.891344401e+01 +1.0788e+00 +8.8603e-01 +1.1707e+00
47 +7.715894245e+00 +7.715894245e+00 -1.961410575e+01 -1.961410575e+01 +1.6503e+00 +9.7934e-01 +9.4538e-01
49 +2.054044446e+00 +2.054044446e+00 -2.527595555e+01 -2.527595555e+01 +1.1635e+00 +3.6688e+00 +1.9774e+00
55 +6.720368655e-01 +6.720368655e-01 -2.665796313e+01 -2.665796313e+01 +1.6254e+00 +2.7334e+00 +2.2815e+00
61 +4.896305251e-01 +4.896305251e-01 -2.684036947e+01 -2.684036947e+01 +2.6241e+00 +2.4675e+00 +2.6742e+00
102 +3.925697763e-01 +3.925697763e-01 -2.693743022e+01 -2.693743022e+01 +1.9598e+00 +3.6137e+00 +2.6283e+00
105 +1.503567380e-01 +1.503567380e-01 -2.717964326e+01 -2.717964326e+01 +2.3214e+00 +2.6888e+00 +2.6127e+00
110 +1.937475666e-02 +1.937475666e-02 -2.731062524e+01 -2.731062524e+01 +2.2766e+00 +3.2048e+00 +2.6478e+00
157 +9.868864612e-03 +9.868864612e-03 -2.732013114e+01 -2.732013114e+01 +2.1923e+00 +3.1334e+00 +2.6887e+00
186 +5.211631822e-03 +5.211631822e-03 -2.732478837e+01 -2.732478837e+01 +2.2611e+00 +3.1400e+00 +2.6666e+00
190 +3.932667970e-03 +3.932667970e-03 -2.732606733e+01 -2.732606733e+01 +2.2255e+00 +3.0550e+00 +2.7175e+00
218 +1.537519493e-03 +1.537519493e-03 -2.732846248e+01 -2.732846248e+01 +2.2512e+00 +3.0564e+00 +2.6355e+00
244 +1.134542792e-03 +1.134542792e-03 -2.732886546e+01 -2.732886546e+01 +2.2527e+00 +3.0851e+00 +2.6441e+00
269 +1.095665059e-03 +1.095665059e-03 -2.732890433e+01 -2.732890433e+01 +2.2674e+00 +3.0704e+00 +2.6375e+00
273 +4.742478998e-04 +4.742478998e-04 -2.732952575e+01 -2.732952575e+01 +2.2635e+00 +3.0838e+00 +2.6554e+00
274 +2.458388452e-04 +2.458388452e-04 -2.732975416e+01 -2.732975416e+01 +2.2669e+00 +3.0835e+00 +2.6698e+00
308 +9.810743356e-05 +9.810743356e-05 -2.732990189e+01 -2.732990189e+01 +2.2568e+00 +3.0625e+00 +2.6724e+00
314 +7.000140311e-05 +7.000140311e-05 -2.732993000e+01 -2.732993000e+01 +2.2571e+00 +3.0650e+00 +2.6691e+00
316 +5.047586531e-05 +5.047586531e-05 -2.732994952e+01 -2.732994952e+01 +2.2581e+00 +3.0697e+00 +2.6720e+00
338 +2.314778040e-05 +2.314778040e-05 -2.732997685e+01 -2.732997685e+01 +2.2627e+00 +3.0703e+00 +2.6667e+00
343 +1.421133833e-05 +1.421133833e-05 -2.732998579e+01 -2.732998579e+01 +2.2671e+00 +3.0696e+00 +2.6678e+00
348 +1.002858212e-05 +1.002858212e-05 -2.732998997e+01 -2.732998997e+01 +2.2636e+00 +3.0665e+00 +2.6729e+00
367 +7.085612154e-06 +7.085612154e-06 -2.732999291e+01 -2.732999291e+01 +2.2637e+00 +3.0657e+00 +2.6712e+00
379 +5.021378527e-06 +5.021378527e-06 -2.732999498e+01 -2.732999498e+01 +2.2633e+00 +3.0665e+00 +2.6698e+00
398 +1.673263490e-06 +1.673263490e-06 -2.732999833e+01 -2.732999833e+01 +2.2643e+00 +3.0682e+00 +2.6716e+00
404 +1.520894937e-06 +1.520894937e-06 -2.732999848e+01 -2.732999848e+01 +2.2638e+00 +3.0687e+00 +2.6707e+00
418 +5.896558477e-07 +5.896558477e-07 -2.732999941e+01 -2.732999941e+01 +2.2654e+00 +3.0681e+00 +2.6700e+00
441 +5.686038271e-07 +5.686038271e-07 -2.732999943e+01 -2.732999943e+01 +2.2642e+00 +3.0678e+00 +2.6700e+00
450 +3.875066952e-07 +3.875066952e-07 -2.732999961e+01 -2.732999961e+01 +2.2644e+00 +3.0675e+00 +2.6703e+00
458 +2.727872221e-07 +2.727872221e-07 -2.732999973e+01 -2.732999973e+01 +2.2643e+00 +3.0680e+00 +2.6702e+00
460 +6.834179800e-08 +6.834179800e-08 -2.732999993e+01 -2.732999993e+01 +2.2646e+00 +3.0679e+00 +2.6704e+00
478 +2.092481921e-08 +2.092481921e-08 -2.732999998e+01 -2.732999998e+01 +2.2649e+00 +3.0679e+00 +2.6703e+00
498 +3.401957827e-09 +3.401957827e-09 -2.733000000e+01 -2.733000000e+01 +2.2648e+00 +3.0681e+00 +2.6704e+00
925 +0.000000000e+00 +0.000000000e+00 -2.733000000e+01 -2.733000000e+01 +2.2648e+00 +3.0680e+00 +2.6704e+00
% function evaluation | noise-free fitness - Fopt (-2.655800000000e+02) | best noise-free fitness - Fopt | measured fitness | best measured fitness | x1 | x2...
1 +4.919974400e+00 +4.919974400e+00 -2.606600256e+02 -2.606600256e+02 +0.0000e+00 +0.0000e+00 +0.0000e+00
5 +4.863896891e+00 +4.863896891e+00 -2.607161031e+02 -2.607161031e+02 -1.1236e-01 +1.7599e-01 +3.7527e-01
15 +4.505429966e+00 +4.505429966e+00 -2.610745700e+02 -2.610745700e+02 -1.0072e-01 -4.4754e-02 -1.8325e-01
16 +2.895419345e+00 +2.895419345e+00 -2.626845807e+02 -2.626845807e+02 -1.6988e-01 +4.9297e-01 -2.7374e-01
25 +2.177574585e+00 +2.177574585e+00 -2.634024254e+02 -2.634024254e+02 -2.9975e-01 +5.8493e-01 -5.7754e-01
33 +1.806169593e+00 +1.806169593e+00 -2.637738304e+02 -2.637738304e+02 -7.0248e-01 +5.3196e-01 -1.9657e-01
34 +1.574693893e+00 +1.574693893e+00 -2.640053061e+02 -2.640053061e+02 -3.6733e-01 +1.4520e+00 -2.0629e-01
35 +1.089214040e+00 +1.089214040e+00 -2.644907860e+02 -2.644907860e+02 -1.0016e+00 +8.4042e-01 -9.9499e-02
49 +6.548175081e-01 +6.548175081e-01 -2.649251825e+02 -2.649251825e+02 -7.3528e-01 +1.1253e+00 -7.3212e-01
51 +3.660270881e-01 +3.660270881e-01 -2.652139729e+02 -2.652139729e+02 -9.0594e-01 +1.2489e+00 -7.3818e-01
59 +1.278777829e-01 +1.278777829e-01 -2.654521222e+02 -2.654521222e+02 -1.1402e+00 +1.4982e+00 -6.7617e-01
62 +1.031603422e-01 +1.031603422e-01 -2.654768397e+02 -2.654768397e+02 -1.7793e+00 +1.4149e+00 -7.1626e-01
77 +4.353889139e-02 +4.353889139e-02 -2.655364611e+02 -2.655364611e+02 -1.4432e+00 +1.3140e+00 -6.4845e-01
112 +3.954204837e-02 +3.954204837e-02 -2.655404580e+02 -2.655404580e+02 -1.5251e+00 +1.6076e+00 -6.8865e-01
122 +3.155245617e-02 +3.155245617e-02 -2.655484475e+02 -2.655484475e+02 -1.2969e+00 +1.4647e+00 -8.2894e-01
138 +2.279820295e-02 +2.279820295e-02 -2.655572018e+02 -2.655572018e+02 -1.5745e+00 +1.3431e+00 -8.1786e-01
146 +1.596803968e-02 +1.596803968e-02 -2.655640320e+02 -2.655640320e+02 -1.3845e+00 +1.4696e+00 -7.1201e-01
150 +1.399729229e-02 +1.399729229e-02 -2.655660027e+02 -2.655660027e+02 -1.5190e+00 +1.4762e+00 -9.0760e-01
159 +8.770790784e-03 +8.770790784e-03 -2.655712292e+02 -2.655712292e+02 -1.5021e+00 +1.5120e+00 -7.3556e-01
168 +5.544525779e-03 +5.544525779e-03 -2.655744555e+02 -2.655744555e+02 -1.4462e+00 +1.4866e+00 -7.4049e-01
195 +3.051048215e-03 +3.051048215e-03 -2.655769490e+02 -2.655769490e+02 -1.4685e+00 +1.4553e+00 -7.4653e-01
203 +1.646168798e-03 +1.646168798e-03 -2.655783538e+02 -2.655783538e+02 -1.4838e+00 +1.4252e+00 -8.2892e-01
210 +1.541215670e-03 +1.541215670e-03 -2.655784588e+02 -2.655784588e+02 -1.5063e+00 +1.4682e+00 -7.9015e-01
215 +9.380205425e-04 +9.380205425e-04 -2.655790620e+02 -2.655790620e+02 -1.4612e+00 +1.4799e+00 -7.9234e-01
217 +4.132732386e-04 +4.132732386e-04 -2.655795867e+02 -2.655795867e+02 -1.4535e+00 +1.4555e+00 -7.9361e-01
226 +1.555982390e-04 +1.555982390e-04 -2.655798444e+02 -2.655798444e+02 -1.4660e+00 +1.4588e+00 -7.9245e-01
229 +1.048210348e-04 +1.048210348e-04 -2.655798952e+02 -2.655798952e+02 -1.4752e+00 +1.4595e+00 -7.9458e-01
241 +7.735778354e-05 +7.735778354e-05 -2.655799226e+02 -2.655799226e+02 -1.4784e+00 +1.4512e+00 -7.9574e-01
248 +6.728950297e-05 +6.728950297e-05 -2.655799327e+02 -2.655799327e+02 -1.4744e+00 +1.4451e+00 -8.0004e-01
258 +1.675801576e-05 +1.675801576e-05 -2.655799832e+02 -2.655799832e+02 -1.4713e+00 +1.4496e+00 -7.9922e-01
261 +1.447483311e-05 +1.447483311e-05 -2.655799855e+02 -2.655799855e+02 -1.4725e+00 +1.4510e+00 -8.0494e-01
292 +7.661984512e-06 +7.661984512e-06 -2.655799923e+02 -2.655799923e+02 -1.4729e+00 +1.4552e+00 -8.0264e-01
314 +5.919170690e-06 +5.919170690e-06 -2.655799941e+02 -2.655799941e+02 -1.4714e+00 +1.4543e+00 -7.9982e-01
322 +3.015324069e-06 +3.015324069e-06 -2.655799970e+02 -2.655799970e+02 -1.4735e+00 +1.4536e+00 -8.0156e-01
341 +2.225127105e-06 +2.225127105e-06 -2.655799978e+02 -2.655799978e+02 -1.4712e+00 +1.4517e+00 -8.0091e-01
366 +1.951684226e-06 +1.951684226e-06 -2.655799980e+02 -2.655799980e+02 -1.4731e+00 +1.4536e+00 -8.0184e-01
385 +6.714338383e-07 +6.714338383e-07 -2.655799993e+02 -2.655799993e+02 -1.4726e+00 +1.4531e+00 -8.0212e-01
413 +5.170460895e-07 +5.170460895e-07 -2.655799995e+02 -2.655799995e+02 -1.4718e+00 +1.4521e+00 -8.0153e-01
423 +4.042654496e-07 +4.042654496e-07 -2.655799996e+02 -2.655799996e+02 -1.4719e+00 +1.4534e+00 -8.0181e-01
432 +1.349619652e-07 +1.349619652e-07 -2.655799999e+02 -2.655799999e+02 -1.4720e+00 +1.4525e+00 -8.0172e-01
443 +5.172540796e-08 +5.172540796e-08 -2.655799999e+02 -2.655799999e+02 -1.4721e+00 +1.4528e+00 -8.0182e-01
478 +3.799021897e-08 +3.799021897e-08 -2.655800000e+02 -2.655800000e+02 -1.4720e+00 +1.4530e+00 -8.0156e-01
482 +1.663818239e-08 +1.663818239e-08 -2.655800000e+02 -2.655800000e+02 -1.4721e+00 +1.4527e+00 -8.0169e-01
511 +1.389008730e-08 +1.389008730e-08 -2.655800000e+02 -2.655800000e+02 -1.4721e+00 +1.4528e+00 -8.0163e-01
529 +9.307598248e-09 +9.307598248e-09 -2.655800000e+02 -2.655800000e+02 -1.4720e+00 +1.4528e+00 -8.0169e-01
795 +0.000000000e+00 +0.000000000e+00 -2.655800000e+02 -2.655800000e+02 -1.4720e+00 +1.4528e+00 -8.0160e-01
% function evaluation | noise-free fitness - Fopt (-5.595000000000e+01) | best noise-free fitness - Fopt | measured fitness | best measured fitness | x1 | x2...
1 +1.540108800e+00 +1.540108800e+00 -5.440989120e+01 -5.440989120e+01 +0.0000e+00 +0.0000e+00 +0.0000e+00
4 +5.052054226e-01 +5.052054226e-01 -5.544479458e+01 -5.544479458e+01 +5.3091e-01 +2.1745e-02 +6.2522e-02
10 +4.754638383e-01 +4.754638383e-01 -5.547453616e+01 -5.547453616e+01 +8.5508e-01 +5.3756e-01 -2.7725e-01
11 +4.279309477e-01 +4.279309477e-01 -5.552206905e+01 -5.552206905e+01 +5.8298e-01 +1.4928e-01 +3.4451e-01
21 +3.604613807e-01 +3.604613807e-01 -5.558953862e+01 -5.558953862e+01 +1.7943e+00 +2.0016e-01 +2.2352e-02
22 +8.962247263e-02 +8.962247263e-02 -5.586037753e+01 -5.586037753e+01 +9.5033e-01 +4.0081e-02 +1.3319e-01
28 +8.462201075e-02 +8.462201075e-02 -5.586537799e+01 -5.586537799e+01 +1.1757e+00 +4.0240e-01 +1.1096e-02
34 +5.681905635e-02 +5.681905635e-02 -5.589318094e+01 -5.589318094e+01 +1.3648e+00 +3.1149e-01 +3.0141e-01
43 +4.234785842e-02 +4.234785842e-02 -5.590765214e+01 -5.590765214e+01 +1.0358e+00 +7.0765e-02 +1.9096e-01
46 +3.492600857e-02 +3.492600857e-02 -5.591507399e+01 -5.591507399e+01 +1.3611e+00 +2.1216e-01 +2.9063e-01
77 +2.325985570e-02 +2.325985570e-02 -5.592674014e+01 -5.592674014e+01 +1.2040e+00 +1.7950e-01 +2.9087e-02
80 +1.446637845e-02 +1.446637845e-02 -5.593553362e+01 -5.593553362e+01 +1.3352e+00 +1.7242e-01 +1.6495e-01
87 +5.497712111e-03 +5.497712111e-03 -5.594450229e+01 -5.594450229e+01 +1.2658e+00 +1.7478e-01 +1.2608e-01
122 +3.450521313e-03 +3.450521313e-03 -5.594654948e+01 -5.594654948e+01 +1.2731e+00 +1.7677e-01 +1.9251e-01
129 +1.599645676e-03 +1.599645676e-03 -5.594840035e+01 -5.594840035e+01 +1.2197e+00 +1.5215e-01 +2.1660e-01
132 +1.419990533e-03 +1.419990533e-03 -5.594858001e+01 -5.594858001e+01 +1.2523e+00 +1.5996e-01 +1.8350e-01
148 +2.233272164e-04 +2.233272164e-04 -5.594977667e+01 -5.594977667e+01 +1.2225e+00 +1.5651e-01 +1.7764e-01
156 +9.982726570e-05 +9.982726570e-05 -5.594990017e+01 -5.594990017e+01 +1.2064e+00 +1.6770e-01 +1.8279e-01
183 +2.314800344e-05 +2.314800344e-05 -5.594997685e+01 -5.594997685e+01 +1.2204e+00 +1.6855e-01 +1.7922e-01
276 +2.012389782e-05 +2.012389782e-05 -5.594997988e+01 -5.594997988e+01 +1.2185e+00 +1.6623e-01 +1.8245e-01
287 +3.772526931e-06 +3.772526931e-06 -5.594999623e+01 -5.594999623e+01 +1.2177e+00 +1.6868e-01 +1.8123e-01
352 +1.092887793e-06 +1.092887793e-06 -5.594999891e+01 -5.594999891e+01 +1.2168e+00 +1.7033e-01 +1.8077e-01
365 +8.193772274e-07 +8.193772274e-07 -5.594999918e+01 -5.594999918e+01 +1.2162e+00 +1.7025e-01 +1.8022e-01
381 +6.127873604e-07 +6.127873604e-07 -5.594999939e+01 -5.594999939e+01 +1.2158e+00 +1.6887e-01 +1.8097e-01
391 +2.424730638e-07 +2.424730638e-07 -5.594999976e+01 -5.594999976e+01 +1.2160e+00 +1.6943e-01 +1.8034e-01
410 +5.136861603e-08 +5.136861603e-08 -5.594999995e+01 -5.594999995e+01 +1.2160e+00 +1.6962e-01 +1.8057e-01
438 +2.219510264e-08 +2.219510264e-08 -5.594999998e+01 -5.594999998e+01 +1.2161e+00 +1.6950e-01 +1.8089e-01
442 +4.234017581e-09 +4.234017581e-09 -5.595000000e+01 -5.595000000e+01 +1.2160e+00 +1.6963e-01 +1.8075e-01
898 +0.000000000e+00 +0.000000000e+00 -5.595000000e+01 -5.595000000e+01 +1.2160e+00 +1.6960e-01 +1.8080e-01
% function evaluation | noise-free fitness - Fopt (8.746000000000e+01) | best noise-free fitness - Fopt | measured fitness | best measured fitness | x1 | x2...
1 +1.757692608e+01 +1.757692608e+01 +1.050369261e+02 +1.050369261e+02 +0.0000e+00 +0.0000e+00 +0.0000e+00
8 +1.564115230e+01 +1.564115230e+01 +1.031011523e+02 +1.031011523e+02 -1.9686e-01 +2.2871e-02 +1.8476e-01
9 +1.486705574e+01 +1.486705574e+01 +1.023270557e+02 +1.023270557e+02 -3.6785e-01 -1.6367e-02 +2.3653e-01
10 +1.311444075e+01 +1.311444075e+01 +1.005744407e+02 +1.005744407e+02 -5.0886e-01 +2.1415e-02 +4.4214e-01
11 +1.051280670e+01 +1.051280670e+01 +9.797280670e+01 +9.797280670e+01 -6.5793e-01 +1.3104e-01 +8.0041e-01
18 +1.029593644e+01 +1.029593644e+01 +9.775593644e+01 +9.775593644e+01 -4.3724e-01 -2.1799e-01 +8.9507e-01
21 +9.593346561e+00 +9.593346561e+00 +9.705334656e+01 +9.705334656e+01 -1.3505e+00 +3.0326e-01 +8.7474e-01
25 +7.026215816e+00 +7.026215816e+00 +9.448621582e+01 +9.448621582e+01 -3.9567e-01 +7.2351e-01 +1.6243e+00
33 +2.840172333e+00 +2.840172333e+00 +9.030017233e+01 +9.030017233e+01 -2.3588e-02 -2.6073e-01 +3.0026e+00
34 +2.041604525e+00 +2.041604525e+00 +8.950160453e+01 +8.950160453e+01 -1.5187e+00 +8.7296e-02 +2.5341e+00
37 +1.503868874e+00 +1.503868874e+00 +8.896386887e+01 +8.896386887e+01 -1.2019e+00 -1.5161e-01 +2.7452e+00
40 +7.510558259e-01 +7.510558259e-01 +8.821105583e+01 +8.821105583e+01 -1.4190e+00 +4.7030e-01 +3.2599e+00
44 +4.716434021e-01 +4.716434021e-01 +8.793164340e+01 +8.793164340e+01 -1.3930e+00 +1.0389e-01 +3.2824e+00
54 +3.683527360e-01 +3.683527360e-01 +8.782835274e+01 +8.782835274e+01 -1.6124e+00 -3.0705e-01 +4.4596e+00
75 +1.549450599e-01 +1.549450599e-01 +8.761494506e+01 +8.761494506e+01 -1.3897e+00 -3.2507e-01 +4.2345e+00
117 +1.077642937e-01 +1.077642937e-01 +8.756776429e+01 +8.756776429e+01 -1.5952e+00 -6.4296e-02 +3.6870e+00
129 +6.961073300e-02 +6.961073300e-02 +8.752961073e+01 +8.752961073e+01 -1.2789e+00 -1.0023e-01 +4.1802e+00
131 +2.492133243e-02 +2.492133243e-02 +8.748492133e+01 +8.748492133e+01 -1.4994e+00 +5.6710e-02 +3.8931e+00
149 +1.812895266e-02 +1.812895266e-02 +8.747812895e+01 +8.747812895e+01 -1.4931e+00 -1.4679e-01 +3.9263e+00
158 +7.483942589e-03 +7.483942589e-03 +8.746748394e+01 +8.746748394e+01 -1.3925e+00 -1.3767e-01 +3.9425e+00
185 +5.873703787e-03 +5.873703787e-03 +8.746587370e+01 +8.746587370e+01 -1.4017e+00 -8.6525e-02 +3.8828e+00
186 +2.746293074e-03 +2.746293074e-03 +8.746274629e+01 +8.746274629e+01 -1.4318e+00 -7.1933e-02 +3.9140e+00
205 +4.390131363e-04 +4.390131363e-04 +8.746043901e+01 +8.746043901e+01 -1.4176e+00 -6.3573e-02 +3.9465e+00
219 +1.283944817e-04 +1.283944817e-04 +8.746012839e+01 +8.746012839e+01 -1.4085e+00 -5.9951e-02 +3.9488e+00
258 +1.226683929e-04 +1.226683929e-04 +8.746012267e+01 +8.746012267e+01 -1.4069e+00 -5.9029e-02 +3.9452e+00
260 +4.334593299e-05 +4.334593299e-05 +8.746004335e+01 +8.746004335e+01 -1.3992e+00 -5.8378e-02 +3.9514e+00
266 +9.936040144e-06 +9.936040144e-06 +8.746000994e+01 +8.746000994e+01 -1.4009e+00 -5.5072e-02 +3.9519e+00
308 +7.950263765e-06 +7.950263765e-06 +8.746000795e+01 +8.746000795e+01 -1.4031e+00 -5.0657e-02 +3.9504e+00
309 +6.287748803e-06 +6.287748803e-06 +8.746000629e+01 +8.746000629e+01 -1.4005e+00 -5.4265e-02 +3.9502e+00
317 +5.532240081e-06 +5.532240081e-06 +8.746000553e+01 +8.746000553e+01 -1.4024e+00 -5.2919e-02 +3.9498e+00
334 +3.903631523e-06 +3.903631523e-06 +8.746000390e+01 +8.746000390e+01 -1.4010e+00 -5.2475e-02 +3.9531e+00
347 +2.569129450e-06 +2.569129450e-06 +8.746000257e+01 +8.746000257e+01 -1.3995e+00 -5.1751e-02 +3.9521e+00
348 +2.145468770e-06 +2.145468770e-06 +8.746000215e+01 +8.746000215e+01 -1.4022e+00 -5.2298e-02 +3.9510e+00
352 +1.660748552e-07 +1.660748552e-07 +8.746000017e+01 +8.746000017e+01 -1.4005e+00 -5.1719e-02 +3.9512e+00
409 +5.117419732e-08 +5.117419732e-08 +8.746000005e+01 +8.746000005e+01 -1.4007e+00 -5.2039e-02 +3.9514e+00
437 +4.442129864e-08 +4.442129864e-08 +8.746000004e+01 +8.746000004e+01 -1.4010e+00 -5.1921e-02 +3.9512e+00
440 +4.305506707e-08 +4.305506707e-08 +8.746000004e+01 +8.746000004e+01 -1.4009e+00 -5.1804e-02 +3.9512e+00
449 +7.034117289e-09 +7.034117289e-09 +8.746000001e+01 +8.746000001e+01 -1.4008e+00 -5.2009e-02 +3.9513e+00
811 +0.000000000e+00 +0.000000000e+00 +8.746000000e+01 +8.746000000e+01 -1.4008e+00 -5.2000e-02 +3.9512e+00
% function evaluation | noise-free fitness - Fopt (-6.545000000000e+01) | best noise-free fitness - Fopt | measured fitness | best measured fitness | x1 | x2...
1 +7.696979840e+00 +7.696979840e+00 -5.775302016e+01 -5.775302016e+01 +0.0000e+00 +0.0000e+00 +0.0000e+00
2 +7.550562918e+00 +7.550562918e+00 -5.789943708e+01 -5.789943708e+01 +1.8210e-01 +2.6203e-02 -8.6055e-02
5 +6.212828951e+00 +6.212828951e+00 -5.923717105e+01 -5.923717105e+01 -2.1541e-01 +2.0024e-01 -1.8224e-01
16 +5.529372034e+00 +5.529372034e+00 -5.992062797e+01 -5.992062797e+01 +4.5813e-02 +3.7188e-01 -2.3533e-01
20 +3.748264555e+00 +3.748264555e+00 -6.170173544e+01 -6.170173544e+01 -2.0406e-01 +6.3196e-01 -6.1528e-01
26 +3.109827856e+00 +3.109827856e+00 -6.234017214e+01 -6.234017214e+01 -5.1977e-01 +7.4026e-01 -8.4915e-01
27 +1.247767088e+00 +1.247767088e+00 -6.420223291e+01 -6.420223291e+01 -7.3930e-01 +1.8130e+00 -3.6214e-01
40 +4.732662518e-01 +4.732662518e-01 -6.497673375e+01 -6.497673375e+01 -2.8962e-01 +1.8707e+00 -8.8082e-01
41 +3.865661170e-01 +3.865661170e-01 -6.506343388e+01 -6.506343388e+01 -7.2565e-01 +1.9788e+00 -1.4380e+00
64 +1.392082907e-01 +1.392082907e-01 -6.531079171e+01 -6.531079171e+01 -7.3169e-01 +2.6518e+00 -1.1888e+00
134 +3.148853106e-02 +3.148853106e-02 -6.541851147e+01 -6.541851147e+01 -3.8663e-01 +2.5653e+00 -1.0656e+00
162 +1.902373852e-02 +1.902373852e-02 -6.543097626e+01 -6.543097626e+01 -3.2547e-01 +2.5369e+00 -1.2886e+00
176 +6.664936502e-03 +6.664936502e-03 -6.544333506e+01 -6.544333506e+01 -4.1012e-01 +2.5432e+00 -1.2250e+00
216 +4.272852515e-03 +4.272852515e-03 -6.544572715e+01 -6.544572715e+01 -3.5846e-01 +2.5005e+00 -1.2222e+00
238 +1.521341503e-03 +1.521341503e-03 -6.544847866e+01 -6.544847866e+01 -3.9867e-01 +2.4371e+00 -1.1823e+00
250 +3.020403157e-04 +3.020403157e-04 -6.544969796e+01 -6.544969796e+01 -3.9662e-01 +2.4727e+00 -1.2134e+00
258 +9.439860028e-05 +9.439860028e-05 -6.544990560e+01 -6.544990560e+01 -4.0143e-01 +2.4631e+00 -1.2125e+00
337 +9.126812303e-05 +9.126812303e-05 -6.544990873e+01 -6.544990873e+01 -4.1051e-01 +2.4727e+00 -1.2083e+00
342 +5.789965117e-05 +5.789965117e-05 -6.544994210e+01 -6.544994210e+01 -4.1764e-01 +2.4618e+00 -1.2069e+00
348 +3.065328450e-05 +3.065328450e-05 -6.544996935e+01 -6.544996935e+01 -4.1223e-01 +2.4620e+00 -1.2139e+00
360 +1.518916552e-05 +1.518916552e-05 -6.544998481e+01 -6.544998481e+01 -4.0699e-01 +2.4613e+00 -1.2089e+00
362 +2.915957040e-06 +2.915957040e-06 -6.544999708e+01 -6.544999708e+01 -4.1011e-01 +2.4648e+00 -1.2092e+00
399 +1.120836473e-06 +1.120836473e-06 -6.544999888e+01 -6.544999888e+01 -4.1135e-01 +2.4632e+00 -1.2083e+00
400 +6.297311046e-07 +6.297311046e-07 -6.544999937e+01 -6.544999937e+01 -4.1081e-01 +2.4627e+00 -1.2083e+00
425 +3.002876809e-07 +3.002876809e-07 -6.544999970e+01 -6.544999970e+01 -4.1095e-01 +2.4632e+00 -1.2088e+00
433 +1.693802574e-07 +1.693802574e-07 -6.544999983e+01 -6.544999983e+01 -4.1075e-01 +2.4631e+00 -1.2090e+00
443 +8.724840939e-08 +8.724840939e-08 -6.544999991e+01 -6.544999991e+01 -4.1037e-01 +2.4630e+00 -1.2090e+00
451 +8.070844615e-08 +8.070844615e-08 -6.544999992e+01 -6.544999992e+01 -4.1046e-01 +2.4629e+00 -1.2088e+00
457 +3.078416455e-08 +3.078416455e-08 -6.544999997e+01 -6.544999997e+01 -4.1057e-01 +2.4632e+00 -1.2088e+00
475 +2.490197915e-08 +2.490197915e-08 -6.544999998e+01 -6.544999998e+01 -4.1028e-01 +2.4633e+00 -1.2089e+00
479 +5.256424629e-09 +5.256424629e-09 -6.544999999e+01 -6.544999999e+01 -4.1039e-01 +2.4631e+00 -1.2088e+00
836 +0.000000000e+00 +0.000000000e+00 -6.545000000e+01 -6.545000000e+01 -4.1040e-01 +2.4632e+00 -1.2088e+00
% function evaluation | noise-free fitness - Fopt (-5.761000000000e+01) | best noise-free fitness - Fopt | measured fitness | best measured fitness | x1 | x2...
1 +1.834351424e+01 +1.834351424e+01 -3.926648576e+01 -3.926648576e+01 +0.0000e+00 +0.0000e+00 +0.0000e+00
2 +1.630659272e+01 +1.630659272e+01 -4.130340728e+01 -4.130340728e+01 -9.2599e-02 +9.8351e-02 +4.2171e-01
10 +1.266677495e+01 +1.266677495e+01 -4.494322505e+01 -4.494322505e+01 -5.4617e-01 +1.8922e-01 +5.5871e-01
21 +1.232558975e+01 +1.232558975e+01 -4.528441025e+01 -4.528441025e+01 -4.2485e-01 +5.8394e-01 +8.1911e-01
26 +1.186438928e+01 +1.186438928e+01 -4.574561072e+01 -4.574561072e+01 -4.6403e-01 +4.7819e-01 +1.1633e+00
27 +9.544258580e+00 +9.544258580e+00 -4.806574142e+01 -4.806574142e+01 -8.2838e-01 +4.7630e-01 +1.2096e+00
33 +8.063067916e+00 +8.063067916e+00 -4.954693208e+01 -4.954693208e+01 -1.0177e+00 +9.0758e-01 +1.9770e+00
34 +7.574953429e+00 +7.574953429e+00 -5.003504657e+01 -5.003504657e+01 -1.1374e+00 +1.1405e+00 +2.2217e+00
38 +6.991105678e+00 +6.991105678e+00 -5.061889432e+01 -5.061889432e+01 -1.3039e+00 +1.0913e+00 +2.3834e+00
42 +5.664344968e+00 +5.664344968e+00 -5.194565503e+01 -5.194565503e+01 -2.9718e+00 +1.9199e+00 +3.6572e+00
46 +1.514555169e+00 +1.514555169e+00 -5.609544483e+01 -5.609544483e+01 -2.6079e+00 +9.6233e-01 +1.4648e+00
82 +1.157796133e+00 +1.157796133e+00 -5.645220387e+01 -5.645220387e+01 -3.1673e+00 +2.1499e+00 +1.3426e+00
88 +1.789828586e-01 +1.789828586e-01 -5.743101714e+01 -5.743101714e+01 -3.6817e+00 +1.0693e+00 +1.1710e+00
117 +1.510325132e-01 +1.510325132e-01 -5.745896749e+01 -5.745896749e+01 -3.5281e+00 +1.2460e+00 +1.2327e+00
155 +7.954330671e-02 +7.954330671e-02 -5.753045669e+01 -5.753045669e+01 -3.9720e+00 +1.0748e+00 +1.4892e+00
167 +4.433805318e-02 +4.433805318e-02 -5.756566195e+01 -5.756566195e+01 -3.9560e+00 +1.2272e+00 +1.3970e+00
170 +9.163498955e-03 +9.163498955e-03 -5.760083650e+01 -5.760083650e+01 -3.8124e+00 +1.3768e+00 +1.4755e+00
203 +7.258788902e-03 +7.258788902e-03 -5.760274121e+01 -5.760274121e+01 -3.8094e+00 +1.3590e+00 +1.4647e+00
204 +1.805129396e-03 +1.805129396e-03 -5.760819487e+01 -5.760819487e+01 -3.7757e+00 +1.2577e+00 +1.5334e+00
257 +1.597731729e-03 +1.597731729e-03 -5.760840227e+01 -5.760840227e+01 -3.8150e+00 +1.3087e+00 +1.5418e+00
272 +1.255826194e-03 +1.255826194e-03 -5.760874417e+01 -5.760874417e+01 -3.7818e+00 +1.2578e+00 +1.5184e+00
275 +7.599796681e-04 +7.599796681e-04 -5.760924002e+01 -5.760924002e+01 -3.7973e+00 +1.3163e+00 +1.5030e+00
295 +1.322161582e-04 +1.322161582e-04 -5.760986778e+01 -5.760986778e+01 -3.8013e+00 +1.2939e+00 +1.5208e+00
315 +8.035333408e-05 +8.035333408e-05 -5.760991965e+01 -5.760991965e+01 -3.7848e+00 +1.2891e+00 +1.5171e+00
330 +1.024706328e-05 +1.024706328e-05 -5.760998975e+01 -5.760998975e+01 -3.7949e+00 +1.2903e+00 +1.5158e+00
394 +8.663016970e-06 +8.663016970e-06 -5.760999134e+01 -5.760999134e+01 -3.7952e+00 +1.2920e+00 +1.5121e+00
397 +1.216967540e-06 +1.216967540e-06 -5.760999878e+01 -5.760999878e+01 -3.7938e+00 +1.2909e+00 +1.5140e+00
447 +7.319896085e-07 +7.319896085e-07 -5.760999927e+01 -5.760999927e+01 -3.7929e+00 +1.2906e+00 +1.5142e+00
465 +7.200249286e-08 +7.200249286e-08 -5.760999993e+01 -5.760999993e+01 -3.7930e+00 +1.2912e+00 +1.5134e+00
535 +5.472676889e-08 +5.472676889e-08 -5.760999995e+01 -5.760999995e+01 -3.7930e+00 +1.2911e+00 +1.5135e+00
543 +3.458922748e-08 +3.458922748e-08 -5.760999997e+01 -5.760999997e+01 -3.7929e+00 +1.2911e+00 +1.5135e+00
548 +3.146863037e-08 +3.146863037e-08 -5.760999997e+01 -5.760999997e+01 -3.7928e+00 +1.2913e+00 +1.5137e+00
572 +2.861587234e-08 +2.861587234e-08 -5.760999997e+01 -5.760999997e+01 -3.7930e+00 +1.2912e+00 +1.5137e+00
578 +1.598088062e-08 +1.598088062e-08 -5.760999998e+01 -5.760999998e+01 -3.7927e+00 +1.2912e+00 +1.5137e+00
580 +6.424748733e-09 +6.424748733e-09 -5.760999999e+01 -5.760999999e+01 -3.7929e+00 +1.2912e+00 +1.5136e+00
937 +0.000000000e+00 +0.000000000e+00 -5.761000000e+01 -5.761000000e+01 -3.7928e+00 +1.2912e+00 +1.5136e+00
% function evaluation | noise-free fitness - Fopt (-2.116000000000e+02) | best noise-free fitness - Fopt | measured fitness | best measured fitness | x1 | x2...
1 +1.391401280e+01 +1.391401280e+01 -1.976859872e+02 -1.976859872e+02 +0.0000e+00 +0.0000e+00 +0.0000e+00
2 +1.253113907e+01 +1.253113907e+01 -1.990688609e+02 -1.990688609e+02 +2.6035e-01 -1.1028e-01 +7.2657e-02
5 +1.194546387e+01 +1.194546387e+01 -1.996545361e+02 -1.996545361e+02 +2.7896e-02 -7.5370e-02 +3.6222e-01
10 +1.005869769e+01 +1.005869769e+01 -2.015413023e+02 -2.015413023e+02 +4.3608e-01 -6.8384e-03 +3.8361e-01
18 +8.960680877e+00 +8.960680877e+00 -2.026393191e+02 -2.026393191e+02 +2.6594e-01 +2.1274e-01 +7.1097e-01
19 +6.857033698e+00 +6.857033698e+00 -2.047429663e+02 -2.047429663e+02 +1.2305e+00 +8.4543e-02 +5.4287e-01
26 +4.052537331e+00 +4.052537331e+00 -2.075474627e+02 -2.075474627e+02 +1.2981e+00 -5.0059e-02 +1.2656e+00
34 +1.358570153e+00 +1.358570153e+00 -2.102414298e+02 -2.102414298e+02 +2.0526e+00 -2.6706e-02 +1.9512e+00
52 +8.936241504e-01 +8.936241504e-01 -2.107063758e+02 -2.107063758e+02 +1.7283e+00 -7.4262e-02 +3.0730e+00
74 +3.944129671e-01 +3.944129671e-01 -2.112055870e+02 -2.112055870e+02 +1.6849e+00 +6.0590e-01 +3.0033e+00
92 +2.035886281e-01 +2.035886281e-01 -2.113964114e+02 -2.113964114e+02 +2.0733e+00 +5.4416e-01 +3.2435e+00
108 +3.956392240e-02 +3.956392240e-02 -2.115604361e+02 -2.115604361e+02 +2.3840e+00 +5.4985e-01 +2.7207e+00
131 +3.315262496e-02 +3.315262496e-02 -2.115668474e+02 -2.115668474e+02 +2.2893e+00 +4.7086e-01 +2.8645e+00
138 +2.201492607e-02 +2.201492607e-02 -2.115779851e+02 -2.115779851e+02 +2.2138e+00 +6.7610e-01 +2.9877e+00
150 +1.014930999e-02 +1.014930999e-02 -2.115898507e+02 -2.115898507e+02 +2.3631e+00 +5.8848e-01 +2.9053e+00
162 +6.805923455e-03 +6.805923455e-03 -2.115931941e+02 -2.115931941e+02 +2.3472e+00 +5.9628e-01 +2.8350e+00
164 +6.680556943e-03 +6.680556943e-03 -2.115933194e+02 -2.115933194e+02 +2.2426e+00 +6.7080e-01 +2.9256e+00
171 +2.058132601e-03 +2.058132601e-03 -2.115979419e+02 -2.115979419e+02 +2.3385e+00 +6.3982e-01 +2.8573e+00
181 +2.129219743e-04 +2.129219743e-04 -2.115997871e+02 -2.115997871e+02 +2.2901e+00 +6.4593e-01 +2.8550e+00
228 +7.378772949e-05 +7.378772949e-05 -2.115999262e+02 -2.115999262e+02 +2.3044e+00 +6.5436e-01 +2.8667e+00
237 +3.853128334e-05 +3.853128334e-05 -2.115999615e+02 -2.115999615e+02 +2.2906e+00 +6.5102e-01 +2.8689e+00
278 +1.281531212e-05 +1.281531212e-05 -2.115999872e+02 -2.115999872e+02 +2.2928e+00 +6.5358e-01 +2.8651e+00
290 +4.352385162e-06 +4.352385162e-06 -2.115999956e+02 -2.115999956e+02 +2.2972e+00 +6.5437e-01 +2.8671e+00
294 +2.151297053e-06 +2.151297053e-06 -2.115999978e+02 -2.115999978e+02 +2.2963e+00 +6.5383e-01 +2.8654e+00
300 +1.099238204e-06 +1.099238204e-06 -2.115999989e+02 -2.115999989e+02 +2.2957e+00 +6.5271e-01 +2.8654e+00
317 +4.081508109e-07 +4.081508109e-07 -2.115999996e+02 -2.115999996e+02 +2.2964e+00 +6.5277e-01 +2.8669e+00
362 +1.342973235e-07 +1.342973235e-07 -2.115999999e+02 -2.115999999e+02 +2.2958e+00 +6.5298e-01 +2.8666e+00
412 +1.279078106e-07 +1.279078106e-07 -2.115999999e+02 -2.115999999e+02 +2.2959e+00 +6.5276e-01 +2.8667e+00
421 +5.144866577e-08 +5.144866577e-08 -2.115999999e+02 -2.115999999e+02 +2.2962e+00 +6.5269e-01 +2.8665e+00
430 +5.064961783e-08 +5.064961783e-08 -2.115999999e+02 -2.115999999e+02 +2.2960e+00 +6.5273e-01 +2.8662e+00
458 +4.533023912e-08 +4.533023912e-08 -2.116000000e+02 -2.116000000e+02 +2.2961e+00 +6.5294e-01 +2.8665e+00
462 +1.675127237e-08 +1.675127237e-08 -2.116000000e+02 -2.116000000e+02 +2.2960e+00 +6.5285e-01 +2.8663e+00
468 +8.718529898e-09 +8.718529898e-09 -2.116000000e+02 -2.116000000e+02 +2.2960e+00 +6.5286e-01 +2.8665e+00
842 +0.000000000e+00 +0.000000000e+00 -2.116000000e+02 -2.116000000e+02 +2.2960e+00 +6.5280e-01 +2.8664e+00
% function evaluation | noise-free fitness - Fopt (-1.188600000000e+02) | best noise-free fitness - Fopt | measured fitness | best measured fitness | x1 | x2...
1 +1.888659200e+00 +1.888659200e+00 -1.169713408e+02 -1.169713408e+02 +0.0000e+00 +0.0000e+00 +0.0000e+00
4 +1.089086733e+00 +1.089086733e+00 -1.177709133e+02 -1.177709133e+02 +2.0861e-01 +1.0616e-01 +3.5790e-01
10 +4.733508369e-01 +4.733508369e-01 -1.183866492e+02 -1.183866492e+02 +2.9020e-01 -3.7393e-02 +7.0542e-01
11 +1.696258371e-01 +1.696258371e-01 -1.186903742e+02 -1.186903742e+02 +1.4826e-01 -9.4353e-02 +9.5534e-01
18 +8.465273091e-02 +8.465273091e-02 -1.187753473e+02 -1.187753473e+02 +3.1883e-01 -2.2046e-02 +1.2168e+00
28 +7.522445999e-02 +7.522445999e-02 -1.187847755e+02 -1.187847755e+02 +2.4617e-01 -1.0682e-02 +1.1850e+00
40 +6.964644205e-02 +6.964644205e-02 -1.187903536e+02 -1.187903536e+02 +3.2269e-01 -1.9381e-01 +1.1834e+00
44 +6.121359396e-02 +6.121359396e-02 -1.187987864e+02 -1.187987864e+02 +2.4963e-01 -3.9587e-01 +1.3192e+00
55 +3.224485423e-02 +3.224485423e-02 -1.188277551e+02 -1.188277551e+02 +2.7916e-01 -1.0049e-01 +1.3793e+00
58 +1.223003634e-02 +1.223003634e-02 -1.188477700e+02 -1.188477700e+02 +1.9981e-01 -1.2499e-01 +1.4069e+00
92 +6.011921964e-03 +6.011921964e-03 -1.188539881e+02 -1.188539881e+02 +7.1525e-02 -1.4758e-01 +1.3988e+00
99 +2.107617999e-03 +2.107617999e-03 -1.188578924e+02 -1.188578924e+02 +8.5912e-02 -1.9013e-01 +1.3295e+00
111 +1.799598152e-03 +1.799598152e-03 -1.188582004e+02 -1.188582004e+02 +8.9169e-02 -2.0477e-01 +1.3386e+00
122 +1.460921921e-03 +1.460921921e-03 -1.188585391e+02 -1.188585391e+02 +1.2431e-01 -1.7274e-01 +1.3203e+00
130 +7.567464455e-04 +7.567464455e-04 -1.188592433e+02 -1.188592433e+02 +1.2507e-01 -1.8433e-01 +1.3286e+00
131 +3.257386627e-04 +3.257386627e-04 -1.188596743e+02 -1.188596743e+02 +1.1850e-01 -2.0202e-01 +1.3483e+00
140 +2.768782241e-04 +2.768782241e-04 -1.188597231e+02 -1.188597231e+02 +1.1448e-01 -1.9590e-01 +1.3455e+00
168 +1.051168636e-04 +1.051168636e-04 -1.188598949e+02 -1.188598949e+02 +1.2019e-01 -1.9560e-01 +1.3526e+00
183 +8.496529375e-05 +8.496529375e-05 -1.188599150e+02 -1.188599150e+02 +1.2497e-01 -1.9463e-01 +1.3598e+00
205 +1.233412792e-05 +1.233412792e-05 -1.188599877e+02 -1.188599877e+02 +1.2068e-01 -1.8694e-01 +1.3584e+00
222 +6.147652542e-06 +6.147652542e-06 -1.188599939e+02 -1.188599939e+02 +1.2354e-01 -1.8639e-01 +1.3535e+00
270 +3.050086846e-06 +3.050086846e-06 -1.188599969e+02 -1.188599969e+02 +1.2386e-01 -1.8486e-01 +1.3565e+00
273 +2.904604969e-06 +2.904604969e-06 -1.188599971e+02 -1.188599971e+02 +1.2346e-01 -1.8568e-01 +1.3545e+00
285 +2.695746531e-06 +2.695746531e-06 -1.188599973e+02 -1.188599973e+02 +1.2205e-01 -1.8542e-01 +1.3554e+00
291 +3.456773499e-07 +3.456773499e-07 -1.188599997e+02 -1.188599997e+02 +1.2266e-01 -1.8648e-01 +1.3562e+00
355 +1.318466900e-07 +1.318466900e-07 -1.188599999e+02 -1.188599999e+02 +1.2346e-01 -1.8660e-01 +1.3558e+00
359 +1.104190090e-07 +1.104190090e-07 -1.188599999e+02 -1.188599999e+02 +1.2289e-01 -1.8649e-01 +1.3559e+00
368 +5.082968357e-08 +5.082968357e-08 -1.188599999e+02 -1.188599999e+02 +1.2312e-01 -1.8661e-01 +1.3560e+00
392 +2.902041274e-08 +2.902041274e-08 -1.188600000e+02 -1.188600000e+02 +1.2332e-01 -1.8645e-01 +1.3561e+00
415 +2.336999216e-08 +2.336999216e-08 -1.188600000e+02 -1.188600000e+02 +1.2316e-01 -1.8626e-01 +1.3560e+00
417 +5.907423883e-09 +5.907423883e-09 -1.188600000e+02 -1.188600000e+02 +1.2315e-01 -1.8634e-01 +1.3560e+00
755 +0.000000000e+00 +0.000000000e+00 -1.188600000e+02 -1.188600000e+02 +1.2320e-01 -1.8640e-01 +1.3560e+00
