% function evaluation | noise-free fitness - Fopt (7.948000000000e+01) | best noise-free fitness - Fopt | measured fitness | best measured fitness | x1 | x2...
1 +1.402094080e+00 +1.402094080e+00 +8.088209408e+01 +8.088209408e+01 +0.0000e+00 +0.0000e+00
3 +1.376671732e+00 +1.376671732e+00 +8.085667173e+01 +8.085667173e+01 +1.9609e-01 +1.5145e-02
6 +1.161794960e+00 +1.161794960e+00 +8.064179496e+01 +8.064179496e+01 +2.4462e-01 -7.8965e-02
10 +1.037358186e+00 +1.037358186e+00 +8.051735819e+01 +8.051735819e+01 -3.2721e-01 -3.1958e-01
12 +7.621789103e-01 +7.621789103e-01 +8.024217891e+01 +8.024217891e+01 +2.1662e-01 -2.8452e-01
15 +7.207650052e-01 +7.207650052e-01 +8.020076501e+01 +8.020076501e+01 +3.2818e-02 -3.3682e-01
18 +4.608779751e-01 +4.608779751e-01 +7.994087798e+01 +7.994087798e+01 +8.0538e-02 -5.0014e-01
19 +3.271043220e-01 +3.271043220e-01 +7.980710432e+01 +7.980710432e+01 +2.1780e-01 -5.8594e-01
26 +7.076286886e-02 +7.076286886e-02 +7.955076287e+01 +7.955076287e+01 +7.1806e-02 -9.6185e-01
33 +4.172742332e-02 +4.172742332e-02 +7.952172742e+01 +7.952172742e+01 +7.9038e-02 -1.0494e+00
52 +2.867767930e-02 +2.867767930e-02 +7.950867768e+01 +7.950867768e+01 +4.1024e-01 -1.2192e+00
61 +7.135545678e-03 +7.135545678e-03 +7.948713555e+01 +7.948713555e+01 +2.5448e-01 -1.2413e+00
68 +4.669621401e-03 +4.669621401e-03 +7.948466962e+01 +7.948466962e+01 +2.9712e-01 -1.2088e+00
72 +1.029902898e-03 +1.029902898e-03 +7.948102990e+01 +7.948102990e+01 +2.5654e-01 -1.1249e+00
119 +1.956778112e-04 +1.956778112e-04 +7.948019568e+01 +7.948019568e+01 +2.4238e-01 -1.1661e+00
123 +5.161429127e-05 +5.161429127e-05 +7.948005161e+01 +7.948005161e+01 +2.5817e-01 -1.1616e+00
150 +3.288970296e-05 +3.288970296e-05 +7.948003289e+01 +7.948003289e+01 +2.4946e-01 -1.1521e+00
165 +7.354837095e-07 +7.354837095e-07 +7.948000074e+01 +7.948000074e+01 +2.5198e-01 -1.1565e+00
251 +3.877494237e-08 +3.877494237e-08 +7.948000004e+01 +7.948000004e+01 +2.5289e-01 -1.1570e+00
260 +2.626492801e-08 +2.626492801e-08 +7.948000003e+01 +7.948000003e+01 +2.5269e-01 -1.1569e+00
306 +2.225901596e-08 +2.225901596e-08 +7.948000002e+01 +7.948000002e+01 +2.5295e-01 -1.1568e+00
334 +9.949204127e-09 +9.949204127e-09 +7.948000001e+01 +7.948000001e+01 +2.5290e-01 -1.1568e+00
611 +0.000000000e+00 +0.000000000e+00 +7.948000000e+01 +7.948000000e+01 +2.5280e-01 -1.1568e+00
% function evaluation | noise-free fitness - Fopt (3.944800000000e+02) | best noise-free fitness - Fopt | measured fitness | best measured fitness | x1 | x2...
1 +2.355193472e+01 +2.355193472e+01 +4.180319347e+02 +4.180319347e+02 +0.0000e+00 +0.0000e+00
2 +2.185969720e+01 +2.185969720e+01 +4.163396972e+02 +4.163396972e+02 -7.4049e-02 -2.0078e-01
6 +2.032341842e+01 +2.032341842e+01 +4.148034184e+02 +4.148034184e+02 -4.4167e-01 +3.4641e-03
11 +1.763901068e+01 +1.763901068e+01 +4.121190107e+02 +4.121190107e+02 -7.5292e-01 -1.0742e-01
14 +1.435420681e+01 +1.435420681e+01 +4.088342068e+02 +4.088342068e+02 -1.2361e+00 -1.9478e-01
18 +8.914202339e+00 +8.914202339e+00 +4.033942023e+02 +4.033942023e+02 -2.8333e+00 -1.0117e-01
27 +7.218849593e+00 +7.218849593e+00 +4.016988496e+02 +4.016988496e+02 -4.9959e+00 -4.3800e-01
31 +6.108814325e+00 +6.108814325e+00 +4.005888143e+02 +4.005888143e+02 -2.2892e+00 -1.0144e+00
43 +2.927504721e+00 +2.927504721e+00 +3.974075047e+02 +3.974075047e+02 -4.0492e+00 -1.1861e+00
48 +1.034270321e+00 +1.034270321e+00 +3.955142703e+02 +3.955142703e+02 -4.4360e+00 -2.0271e+00
51 +3.826239109e-01 +3.826239109e-01 +3.948626239e+02 +3.948626239e+02 -4.1668e+00 -2.3331e+00
54 +2.962271792e-01 +2.962271792e-01 +3.947762272e+02 +3.947762272e+02 -4.1804e+00 -2.4249e+00
87 +1.836104745e-03 +1.836104745e-03 +3.944818361e+02 +3.944818361e+02 -3.8564e+00 -2.8989e+00
232 +1.812021873e-03 +1.812021873e-03 +3.944818120e+02 +3.944818120e+02 -3.9220e+00 -2.8550e+00
235 +3.111648539e-07 +3.111648539e-07 +3.944800003e+02 +3.944800003e+02 -3.8989e+00 -2.8907e+00
347 +7.353577303e-08 +7.353577303e-08 +3.944800001e+02 +3.944800001e+02 -3.8981e+00 -2.8905e+00
377 +5.157710348e-08 +5.157710348e-08 +3.944800001e+02 +3.944800001e+02 -3.8983e+00 -2.8906e+00
409 +9.429129477e-09 +9.429129477e-09 +3.944800000e+02 +3.944800000e+02 -3.8985e+00 -2.8905e+00
693 +0.000000000e+00 +0.000000000e+00 +3.944800000e+02 +3.944800000e+02 -3.8984e+00 -2.8904e+00
% function evaluation | noise-free fitness - Fopt (-2.471100000000e+02) | best noise-free fitness - Fopt | measured fitness | best measured fitness | x1 | x2...
1 +1.446913280e+01 +1.446913280e+01 -2.326408672e+02 -2.326408672e+02 +0.0000e+00 +0.0000e+00
4 +1.288671341e+01 +1.288671341e+01 -2.342232866e+02 -2.342232866e+02 -2.0961e-01 +1.1791e-01
11 +1.065669594e+01 +1.065669594e+01 -2.364533041e+02 -2.364533041e+02 -5.3407e-01 +2.3193e-01
12 +9.917747026e+00 +9.917747026e+00 -2.371922530e+02 -2.371922530e+02 -6.5241e-01 +5.9958e-02
19 +5.241889924e+00 +5.241889924e+00 -2.418681101e+02 -2.418681101e+02 -1.5618e+00 -2.8617e-01
23 +3.083954965e+00 +3.083954965e+00 -2.440260450e+02 -2.440260450e+02 -2.0672e+00 +4.9792e-01
27 +1.040474160e+00 +1.040474160e+00 -2.460695258e+02 -2.460695258e+02 -2.8255e+00 +5.0956e-01
36 +3.809062132e-01 +3.809062132e-01 -2.467290938e+02 -2.467290938e+02 -3.2661e+00 +5.1558e-01
48 +1.991771854e-01 +1.991771854e-01 -2.469108228e+02 -2.469108228e+02 -3.9989e+00 -1.9553e-01
71 +1.225598504e-01 +1.225598504e-01 -2.469874401e+02 -2.469874401e+02 -3.9798e+00 -9.6226e-02
82 +2.308905916e-02 +2.308905916e-02 -2.470869109e+02 -2.470869109e+02 -3.8001e+00 +5.1258e-02
133 +1.284443078e-02 +1.284443078e-02 -2.470971556e+02 -2.470971556e+02 -3.8773e+00 +1.2185e-01
135 +3.154109879e-03 +3.154109879e-03 -2.471068459e+02 -2.471068459e+02 -3.7427e+00 +1.9570e-01
139 +2.327489285e-03 +2.327489285e-03 -2.471076725e+02 -2.471076725e+02 -3.8105e+00 +1.5650e-01
154 +1.146648440e-03 +1.146648440e-03 -2.471088534e+02 -2.471088534e+02 -3.7668e+00 +1.9112e-01
181 +4.722067991e-04 +4.722067991e-04 -2.471095278e+02 -2.471095278e+02 -3.7776e+00 +1.9697e-01
182 +2.487990957e-04 +2.487990957e-04 -2.471097512e+02 -2.471097512e+02 -3.7975e+00 +2.1894e-01
202 +1.646720713e-05 +1.646720713e-05 -2.471099835e+02 -2.471099835e+02 -3.8011e+00 +2.0619e-01
242 +9.170991547e-06 +9.170991547e-06 -2.471099908e+02 -2.471099908e+02 -3.8010e+00 +2.0482e-01
259 +7.015149890e-06 +7.015149890e-06 -2.471099930e+02 -2.471099930e+02 -3.7998e+00 +2.0543e-01
266 +6.917360110e-06 +6.917360110e-06 -2.471099931e+02 -2.471099931e+02 -3.7973e+00 +2.0083e-01
269 +1.144819890e-06 +1.144819890e-06 -2.471099989e+02 -2.471099989e+02 -3.7983e+00 +2.0214e-01
291 +4.862695278e-07 +4.862695278e-07 -2.471099995e+02 -2.471099995e+02 -3.7982e+00 +2.0386e-01
299 +4.824323696e-08 +4.824323696e-08 -2.471100000e+02 -2.471100000e+02 -3.7985e+00 +2.0339e-01
304 +3.792800385e-08 +3.792800385e-08 -2.471100000e+02 -2.471100000e+02 -3.7982e+00 +2.0312e-01
376 +1.244717396e-08 +1.244717396e-08 -2.471100000e+02 -2.471100000e+02 -3.7983e+00 +2.0312e-01
380 +6.801030850e-09 +6.801030850e-09 -2.471100000e+02 -2.471100000e+02 -3.7985e+00 +2.0315e-01
603 +0.000000000e+00 +0.000000000e+00 -2.471100000e+02 -2.471100000e+02 -3.7984e+00 +2.0320e-01
% function evaluation | noise-free fitness - Fopt (-1.520400000000e+02) | best noise-free fitness - Fopt | measured fitness | best measured fitness | x1 | x2...
1 +2.099171840e+00 +2.099171840e+00 -1.499408282e+02 -1.499408282e+02 +0.0000e+00 +0.0000e+00
3 +1.401872978e+00 +1.401872978e+00 -1.506381270e+02 -1.506381270e+02 +3.8080e-02 +2.8003e-01
11 +8.294084865e-01 +8.294084865e-01 -1.512105915e+02 -1.512105915e+02 +1.1421e-01 +5.9699e-01
12 +7.820392167e-01 +7.820392167e-01 -1.512579608e+02 -1.512579608e+02 -3.5176e-01 +5.4372e-01
13 +5.224696897e-01 +5.224696897e-01 -1.515175303e+02 -1.515175303e+02 +2.2908e-01 +8.9848e-01
21 +1.003094386e-01 +1.003094386e-01 -1.519396906e+02 -1.519396906e+02 -3.7887e-01 +1.7204e+00
22 +3.836096367e-02 +3.836096367e-02 -1.520016390e+02 -1.520016390e+02 -7.3699e-02 +1.3937e+00
44 +3.431037213e-02 +3.431037213e-02 -1.520056896e+02 -1.520056896e+02 -2.7696e-01 +1.2390e+00
46 +4.058658637e-03 +4.058658637e-03 -1.520359413e+02 -1.520359413e+02 -2.0352e-01 +1.4260e+00
73 +1.013872863e-03 +1.013872863e-03 -1.520389861e+02 -1.520389861e+02 -2.8430e-01 +1.3971e+00
126 +4.716908195e-04 +4.716908195e-04 -1.520395283e+02 -1.520395283e+02 -2.6773e-01 +1.4023e+00
163 +2.441518354e-04 +2.441518354e-04 -1.520397558e+02 -1.520397558e+02 -2.5837e-01 +1.4369e+00
173 +2.251479143e-04 +2.251479143e-04 -1.520397749e+02 -1.520397749e+02 -2.7360e-01 +1.4376e+00
184 +2.186490267e-04 +2.186490267e-04 -1.520397814e+02 -1.520397814e+02 -2.7640e-01 +1.4356e+00
185 +6.440537661e-05 +6.440537661e-05 -1.520399356e+02 -1.520399356e+02 -2.6563e-01 +1.4161e+00
190 +4.158148371e-05 +4.158148371e-05 -1.520399584e+02 -1.520399584e+02 -2.7321e-01 +1.4263e+00
197 +1.637886896e-06 +1.637886896e-06 -1.520399984e+02 -1.520399984e+02 -2.6754e-01 +1.4252e+00
291 +1.136516062e-06 +1.136516062e-06 -1.520399989e+02 -1.520399989e+02 -2.6644e-01 +1.4233e+00
297 +1.443660835e-08 +1.443660835e-08 -1.520400000e+02 -1.520400000e+02 -2.6708e-01 +1.4240e+00
330 +4.612843441e-09 +4.612843441e-09 -1.520400000e+02 -1.520400000e+02 -2.6721e-01 +1.4239e+00
674 +0.000000000e+00 +0.000000000e+00 -1.520400000e+02 -1.520400000e+02 -2.6720e-01 +1.4240e+00
% function evaluation | noise-free fitness - Fopt (-2.525000000000e+01) | best noise-free fitness - Fopt | measured fitness | best measured fitness | x1 | x2...
1 +1.346736640e+01 +1.346736640e+01 -1.178263360e+01 -1.178263360e+01 +0.0000e+00 +0.0000e+00
13 +1.249076813e+01 +1.249076813e+01 -1.275923187e+01 -1.275923187e+01 +1.3959e-01 -1.0140e-02
19 +1.068067237e+01 +1.068067237e+01 -1.456932763e+01 -1.456932763e+01 +4.2990e-01 -9.9398e-02
20 +8.660950460e+00 +8.660950460e+00 -1.658904954e+01 -1.658904954e+01 +7.0442e-01 +1.9593e-01
29 +4.820596790e+00 +4.820596790e+00 -2.042940321e+01 -2.042940321e+01 +1.5482e+00 -1.0735e-01
34 +2.061355058e+00 +2.061355058e+00 -2.318864494e+01 -2.318864494e+01 +2.4210e+00 -1.6305e-01
51 +1.216605796e+00 +1.216605796e+00 -2.403339420e+01 -2.403339420e+01 +2.9009e+00 -2.0598e-01
57 +8.494015443e-01 +8.494015443e-01 -2.440059846e+01 -2.440059846e+01 +3.0993e+00 -1.2908e-01
69 +5.682081578e-01 +5.682081578e-01 -2.468179184e+01 -2.468179184e+01 +4.3380e+00 +4.2414e-01
73 +2.452751030e-01 +2.452751030e-01 -2.500472490e+01 -2.500472490e+01 +3.9122e+00 +2.3950e-01
85 +2.164053824e-01 +2.164053824e-01 -2.503359462e+01 -2.503359462e+01 +3.3493e+00 +2.5294e-01
91 +7.324117968e-02 +7.324117968e-02 -2.517675882e+01 -2.517675882e+01 +3.4630e+00 +4.1086e-01
93 +1.255486651e-02 +1.255486651e-02 -2.523744513e+01 -2.523744513e+01 +3.5056e+00 +6.0855e-01
106 +4.473739309e-03 +4.473739309e-03 -2.524552626e+01 -2.524552626e+01 +3.5479e+00 +6.4258e-01
151 +2.730678328e-03 +2.730678328e-03 -2.524726932e+01 -2.524726932e+01 +3.6261e+00 +5.8428e-01
171 +2.471609145e-04 +2.471609145e-04 -2.524975284e+01 -2.524975284e+01 +3.6301e+00 +6.3560e-01
193 +2.024017015e-04 +2.024017015e-04 -2.524979760e+01 -2.524979760e+01 +3.6238e+00 +6.2448e-01
214 +1.113130212e-05 +1.113130212e-05 -2.524998887e+01 -2.524998887e+01 +3.6177e+00 +6.3490e-01
323 +2.008324778e-07 +2.008324778e-07 -2.524999980e+01 -2.524999980e+01 +3.6143e+00 +6.3477e-01
374 +2.252661702e-08 +2.252661702e-08 -2.524999998e+01 -2.524999998e+01 +3.6143e+00 +6.3513e-01
443 +2.102356333e-08 +2.102356333e-08 -2.524999998e+01 -2.524999998e+01 +3.6143e+00 +6.3512e-01
445 +6.363613636e-09 +6.363613636e-09 -2.524999999e+01 -2.524999999e+01 +3.6143e+00 +6.3526e-01
642 +0.000000000e+00 +0.000000000e+00 -2.525000000e+01 -2.525000000e+01 +3.6144e+00 +6.3520e-01
% function evaluation | noise-free fitness - Fopt (-1.850700000000e+02) | best noise-free fitness - Fopt | measured fitness | best measured fitness | x1 | x2...
1 +9.037635200e+00 +9.037635200e+00 -1.760323648e+02 -1.760323648e+02 +0.0000e+00 +0.0000e+00
3 +7.897278284e+00 +7.897278284e+00 -1.771727217e+02 -1.771727217e+02 +2.4204e-01 +1.4290e-01
11 +6.086060024e+00 +6.086060024e+00 -1.789839400e+02 -1.789839400e+02 +2.7979e-01 +4.8577e-01
18 +3.619767294e+00 +3.619767294e+00 -1.814502327e+02 -1.814502327e+02 +4.3764e-01 +1.0293e+00
27 +3.396072936e+00 +3.396072936e+00 -1.816739271e+02 -1.816739271e+02 +2.9660e-01 +1.1252e+00
31 +1.520531021e+00 +1.520531021e+00 -1.835494690e+02 -1.835494690e+02 +4.8229e-01 +1.7063e+00
39 +8.149601045e-01 +8.149601045e-01 -1.842550399e+02 -1.842550399e+02 +7.0269e-01 +1.9988e+00
44 +7.747723919e-01 +7.747723919e-01 -1.842952276e+02 -1.842952276e+02 +1.3988e+00 +3.5492e+00
74 +6.162668550e-01 +6.162668550e-01 -1.844537331e+02 -1.844537331e+02 +1.5946e+00 +2.9033e+00
79 +4.878607387e-01 +4.878607387e-01 -1.845821393e+02 -1.845821393e+02 +1.4738e+00 +2.6789e+00
89 +3.132477964e-01 +3.132477964e-01 -1.847567522e+02 -1.847567522e+02 +1.3691e+00 +2.9079e+00
99 +2.000493384e-01 +2.000493384e-01 -1.848699507e+02 -1.848699507e+02 +1.2140e+00 +3.0863e+00
103 +5.212179332e-02 +5.212179332e-02 -1.850178782e+02 -1.850178782e+02 +9.1637e-01 +2.6934e+00
110 +3.732557891e-02 +3.732557891e-02 -1.850326744e+02 -1.850326744e+02 +9.4862e-01 +3.0294e+00
117 +3.464475171e-02 +3.464475171e-02 -1.850353552e+02 -1.850353552e+02 +9.1167e-01 +2.7396e+00
125 +2.559011191e-02 +2.559011191e-02 -1.850444099e+02 -1.850444099e+02 +7.6522e-01 +2.7415e+00
141 +2.044490029e-02 +2.044490029e-02 -1.850495551e+02 -1.850495551e+02 +9.3598e-01 +2.9621e+00
142 +7.687155668e-03 +7.687155668e-03 -1.850623128e+02 -1.850623128e+02 +7.6109e-01 +2.8222e+00
160 +1.745378854e-03 +1.745378854e-03 -1.850682546e+02 -1.850682546e+02 +7.7850e-01 +2.8673e+00
164 +1.301861537e-03 +1.301861537e-03 -1.850686981e+02 -1.850686981e+02 +7.8899e-01 +2.8656e+00
180 +8.990526366e-04 +8.990526366e-04 -1.850691009e+02 -1.850691009e+02 +8.3044e-01 +2.9168e+00
181 +7.494468193e-04 +7.494468193e-04 -1.850692506e+02 -1.850692506e+02 +8.2525e-01 +2.9177e+00
185 +4.968805712e-04 +4.968805712e-04 -1.850695031e+02 -1.850695031e+02 +8.0739e-01 +2.8730e+00
207 +2.172744011e-04 +2.172744011e-04 -1.850697827e+02 -1.850697827e+02 +7.9594e-01 +2.8896e+00
249 +1.214128254e-04 +1.214128254e-04 -1.850698786e+02 -1.850698786e+02 +7.9911e-01 +2.8918e+00
254 +3.821913953e-05 +3.821913953e-05 -1.850699618e+02 -1.850699618e+02 +8.1578e-01 +2.8951e+00
263 +6.964888541e-07 +6.964888541e-07 -1.850699993e+02 -1.850699993e+02 +8.0901e-01 +2.8946e+00
310 +5.791047499e-07 +5.791047499e-07 -1.850699994e+02 -1.850699994e+02 +8.1036e-01 +2.8951e+00
333 +3.130706148e-07 +3.130706148e-07 -1.850699997e+02 -1.850699997e+02 +8.1015e-01 +2.8951e+00
335 +1.920569730e-07 +1.920569730e-07 -1.850699998e+02 -1.850699998e+02 +8.0917e-01 +2.8953e+00
354 +1.179991500e-07 +1.179991500e-07 -1.850699999e+02 -1.850699999e+02 +8.0950e-01 +2.8949e+00
358 +1.305238584e-09 +1.305238584e-09 -1.850700000e+02 -1.850700000e+02 +8.0962e-01 +2.8952e+00
566 +0.000000000e+00 +0.000000000e+00 -1.850700000e+02 -1.850700000e+02 +8.0960e-01 +2.8952e+00
% function evaluation | noise-free fitness - Fopt (-1.673500000000e+02) | best noise-free fitness - Fopt | measured fitness | best measured fitness | x1 | x2...
1 +1.027509376e+01 +1.027509376e+01 -1.570749062e+02 -1.570749062e+02 +0.0000e+00 +0.0000e+00
2 +8.951654200e+00 +8.951654200e+00 -1.583983458e+02 -1.583983458e+02 +1.4183e-01 -2.2451e-01
12 +7.421019264e+00 +7.421019264e+00 -1.599289807e+02 -1.599289807e+02 +3.9040e-01 -3.2468e-01
18 +4.422465363e+00 +4.422465363e+00 -1.629275346e+02 -1.629275346e+02 +9.9371e-01 -4.8393e-01
29 +6.928598999e-01 +6.928598999e-01 -1.666571401e+02 -1.666571401e+02 +3.2405e+00 -4.5315e-01
37 +1.647419415e-01 +1.647419415e-01 -1.671852581e+02 -1.671852581e+02 +2.8038e+00 -1.6116e+00
66 +1.090781616e-02 +1.090781616e-02 -1.673390922e+02 -1.673390922e+02 +2.8754e+00 -1.3004e+00
87 +6.125630339e-03 +6.125630339e-03 -1.673438744e+02 -1.673438744e+02 +3.0201e+00 -1.1889e+00
124 +2.450401042e-03 +2.450401042e-03 -1.673475496e+02 -1.673475496e+02 +2.9493e+00 -1.1872e+00
173 +3.053836967e-04 +3.053836967e-04 -1.673496946e+02 -1.673496946e+02 +2.9745e+00 -1.2317e+00
197 +1.429503957e-04 +1.429503957e-04 -1.673498570e+02 -1.673498570e+02 +2.9693e+00 -1.2387e+00
202 +5.607948907e-05 +5.607948907e-05 -1.673499439e+02 -1.673499439e+02 +2.9650e+00 -1.2372e+00
228 +2.123619078e-05 +2.123619078e-05 -1.673499788e+02 -1.673499788e+02 +2.9614e+00 -1.2387e+00
242 +1.420417163e-05 +1.420417163e-05 -1.673499858e+02 -1.673499858e+02 +2.9556e+00 -1.2328e+00
247 +1.101996790e-05 +1.101996790e-05 -1.673499890e+02 -1.673499890e+02 +2.9600e+00 -1.2337e+00
259 +8.248339753e-06 +8.248339753e-06 -1.673499918e+02 -1.673499918e+02 +2.9572e+00 -1.2388e+00
265 +6.960108294e-07 +6.960108294e-07 -1.673499993e+02 -1.673499993e+02 +2.9571e+00 -1.2354e+00
274 +1.969879122e-07 +1.969879122e-07 -1.673499998e+02 -1.673499998e+02 +2.9573e+00 -1.2363e+00
299 +3.894956535e-08 +3.894956535e-08 -1.673500000e+02 -1.673500000e+02 +2.9577e+00 -1.2362e+00
306 +1.302902319e-08 +1.302902319e-08 -1.673500000e+02 -1.673500000e+02 +2.9575e+00 -1.2359e+00
348 +3.561126505e-09 +3.561126505e-09 -1.673500000e+02 -1.673500000e+02 +2.9575e+00 -1.2360e+00
606 +0.000000000e+00 +0.000000000e+00 -1.673500000e+02 -1.673500000e+02 +2.9576e+00 -1.2360e+00
% function evaluation | noise-free fitness - Fopt (-2.733000000000e+01) | best noise-free fitness - Fopt | measured fitness | best measured fitness | x1 | x2...
1 +1.454194304e+01 +1.454194304e+01 -1.278805696e+01 -1.278805696e+01 +0.0000e+00 +0.0000e+00
3 +1.366986217e+01 +1.366986217e+01 -1.366013783e+01 -1.366013783e+01 +3.1818e-01 -7.5333e-02
10 +1.203408554e+01 +1.203408554e+01 -1.529591446e+01 -1.529591446e+01 +3.0442e-01 +2.0601e-01
14 +1.119839796e+01 +1.119839796e+01 -1.613160204e+01 -1.613160204e+01 +4.6398e-01 +2.4746e-01
16 +1.091467145e+01 +1.091467145e+01 -1.641532855e+01 -1.641532855e+01 +5.9911e-01 +2.1491e-01
18 +8.598149654e+00 +8.598149654e+00 -1.873185035e+01 -1.873185035e+01 +6.6631e-01 +6.0975e-01
20 +8.119664307e+00 +8.119664307e+00 -1.921033569e+01 -1.921033569e+01 +1.3073e+00 +3.8420e-01
23 +7.390149345e+00 +7.390149345e+00 -1.993985066e+01 -1.993985066e+01 +1.2673e+00 +5.3915e-01
28 +6.891368576e+00 +6.891368576e+00 -2.043863142e+01 -2.043863142e+01 +3.6509e-01 +1.2562e+00
29 +3.169841850e+00 +3.169841850e+00 -2.416015815e+01 -2.416015815e+01 +1.5534e+00 +1.4359e+00
39 +2.152737146e+00 +2.152737146e+00 -2.517726285e+01 -2.517726285e+01 +9.1910e-01 +3.6527e+00
41 +1.511142142e+00 +1.511142142e+00 -2.581885786e+01 -2.581885786e+01 +1.5528e+00 +2.0659e+00
48 +1.202961170e+00 +1.202961170e+00 -2.612703883e+01 -2.612703883e+01 +2.6762e+00 +2.0513e+00
51 +9.008681944e-01 +9.008681944e-01 -2.642913181e+01 -2.642913181e+01 +2.4121e+00 +4.0056e+00
74 +7.031898710e-01 +7.031898710e-01 -2.662681013e+01 -2.662681013e+01 +1.4286e+00 +3.1306e+00
83 +2.021638230e-01 +2.021638230e-01 -2.712783618e+01 -2.712783618e+01 +2.1238e+00 +3.4949e+00
102 +1.182171903e-02 +1.182171903e-02 -2.731817828e+01 -2.731817828e+01 +2.2809e+00 +2.9605e+00
106 +2.503350926e-03 +2.503350926e-03 -2.732749665e+01 -2.732749665e+01 +2.2636e+00 +3.0180e+00
146 +1.614889321e-03 +1.614889321e-03 -2.732838511e+01 -2.732838511e+01 +2.2974e+00 +3.0445e+00
194 +1.689785951e-04 +1.689785951e-04 -2.732983102e+01 -2.732983102e+01 +2.2585e+00 +3.0566e+00
223 +1.070054852e-04 +1.070054852e-04 -2.732989299e+01 -2.732989299e+01 +2.2548e+00 +3.0708e+00
235 +7.632265167e-05 +7.632265167e-05 -2.732992368e+01 -2.732992368e+01 +2.2699e+00 +3.0751e+00
242 +6.920286528e-05 +6.920286528e-05 -2.732993080e+01 -2.732993080e+01 +2.2566e+00 +3.0697e+00
254 +5.094057038e-06 +5.094057038e-06 -2.732999491e+01 -2.732999491e+01 +2.2639e+00 +3.0701e+00
266 +4.394189197e-06 +4.394189197e-06 -2.732999561e+01 -2.732999561e+01 +2.2642e+00 +3.0660e+00
271 +3.432039644e-06 +3.432039644e-06 -2.732999657e+01 -2.732999657e+01 +2.2633e+00 +3.0691e+00
286 +1.508784898e-06 +1.508784898e-06 -2.732999849e+01 -2.732999849e+01 +2.2655e+00 +3.0670e+00
300 +8.963522333e-07 +8.963522333e-07 -2.732999910e+01 -2.732999910e+01 +2.2644e+00 +3.0671e+00
335 +3.089540641e-07 +3.089540641e-07 -2.732999969e+01 -2.732999969e+01 +2.2653e+00 +3.0678e+00
339 +2.506826036e-07 +2.506826036e-07 -2.732999975e+01 -2.732999975e+01 +2.2651e+00 +3.0676e+00
340 +8.128500539e-08 +8.128500539e-08 -2.732999992e+01 -2.732999992e+01 +2.2645e+00 +3.0680e+00
361 +1.612537659e-09 +1.612537659e-09 -2.733000000e+01 -2.733000000e+01 +2.2648e+00 +3.0680e+00
650 +0.000000000e+00 +0.000000000e+00 -2.733000000e+01 -2.733000000e+01 +2.2648e+00 +3.0680e+00
% function evaluation | noise-free fitness - Fopt (-2.655800000000e+02) | best noise-free fitness - Fopt | measured fitness | best measured fitness | x1 | x2...
1 +4.277411840e+00 +4.277411840e+00 -2.613025882e+02 -2.613025882e+02 +0.0000e+00 +0.0000e+00
2 +3.477179410e+00 +3.477179410e+00 -2.621028206e+02 -2.621028206e+02 -1.2982e-01 +1.5830e-01
5 +3.308221436e+00 +3.308221436e+00 -2.622717786e+02 -2.622717786e+02 -9.5612e-02 +2.6378e-01
9 +3.081084153e+00 +3.081084153e+00 -2.624989158e+02 -2.624989158e+02 -1.2094e-01 +3.3221e-01
10 +2.329179500e+00 +2.329179500e+00 -2.632508205e+02 -2.632508205e+02 -1.3814e-01 +7.1119e-01
31 +1.005965135e+00 +1.005965135e+00 -2.645740349e+02 -2.645740349e+02 -6.2306e-01 +9.1869e-01
35 +7.132847878e-01 +7.132847878e-01 -2.648667152e+02 -2.648667152e+02 -6.2784e-01 +1.4790e+00
47 +5.027339277e-01 +5.027339277e-01 -2.650772661e+02 -2.650772661e+02 -8.0620e-01 +1.6966e+00
52 +1.704977307e-01 +1.704977307e-01 -2.654095023e+02 -2.654095023e+02 -1.1374e+00 +1.2108e+00
58 +4.449047684e-02 +4.449047684e-02 -2.655355095e+02 -2.655355095e+02 -1.5229e+00 +1.2481e+00
74 +2.499229799e-03 +2.499229799e-03 -2.655775008e+02 -2.655775008e+02 -1.4982e+00 +1.4954e+00
131 +1.594401334e-03 +1.594401334e-03 -2.655784056e+02 -2.655784056e+02 -1.4328e+00 +1.4602e+00
133 +1.176225540e-03 +1.176225540e-03 -2.655788238e+02 -2.655788238e+02 -1.4726e+00 +1.4871e+00
140 +5.232974420e-04 +5.232974420e-04 -2.655794767e+02 -2.655794767e+02 -1.4858e+00 +1.4711e+00
141 +9.606634774e-05 +9.606634774e-05 -2.655799039e+02 -2.655799039e+02 -1.4818e+00 +1.4537e+00
187 +3.235841109e-05 +3.235841109e-05 -2.655799676e+02 -2.655799676e+02 -1.4724e+00 +1.4585e+00
201 +5.570213318e-06 +5.570213318e-06 -2.655799944e+02 -2.655799944e+02 -1.4742e+00 +1.4521e+00
235 +3.375257961e-06 +3.375257961e-06 -2.655799966e+02 -2.655799966e+02 -1.4731e+00 +1.4514e+00
250 +2.354802234e-06 +2.354802234e-06 -2.655799976e+02 -2.655799976e+02 -1.4708e+00 +1.4538e+00
251 +2.241926268e-06 +2.241926268e-06 -2.655799978e+02 -2.655799978e+02 -1.4729e+00 +1.4516e+00
267 +1.236527453e-06 +1.236527453e-06 -2.655799988e+02 -2.655799988e+02 -1.4713e+00 +1.4536e+00
273 +6.996629622e-07 +6.996629622e-07 -2.655799993e+02 -2.655799993e+02 -1.4712e+00 +1.4528e+00
280 +2.522394311e-07 +2.522394311e-07 -2.655799997e+02 -2.655799997e+02 -1.4723e+00 +1.4532e+00
288 +2.373129746e-07 +2.373129746e-07 -2.655799998e+02 -2.655799998e+02 -1.4723e+00 +1.4532e+00
306 +1.988344138e-07 +1.988344138e-07 -2.655799998e+02 -2.655799998e+02 -1.4718e+00 +1.4524e+00
315 +7.997567764e-08 +7.997567764e-08 -2.655799999e+02 -2.655799999e+02 -1.4719e+00 +1.4525e+00
328 +5.754623089e-08 +5.754623089e-08 -2.655799999e+02 -2.655799999e+02 -1.4718e+00 +1.4527e+00
330 +5.643346412e-08 +5.643346412e-08 -2.655799999e+02 -2.655799999e+02 -1.4719e+00 +1.4530e+00
341 +2.020436796e-08 +2.020436796e-08 -2.655800000e+02 -2.655800000e+02 -1.4721e+00 +1.4528e+00
349 +3.659465619e-09 +3.659465619e-09 -2.655800000e+02 -2.655800000e+02 -1.4720e+00 +1.4528e+00
530 +0.000000000e+00 +0.000000000e+00 -2.655800000e+02 -2.655800000e+02 -1.4720e+00 +1.4528e+00
% function evaluation | noise-free fitness - Fopt (-5.595000000000e+01) | best noise-free fitness - Fopt | measured fitness | best measured fitness | x1 | x2...
1 +1.507420160e+00 +1.507420160e+00 -5.444257984e+01 -5.444257984e+01 +0.0000e+00 +0.0000e+00
2 +8.192932516e-01 +8.192932516e-01 -5.513070675e+01 -5.513070675e+01 +3.1155e-01 +1.3403e-01
9 +6.166673474e-01 +6.166673474e-01 -5.533333265e+01 -5.533333265e+01 +4.3211e-01 +1.2284e-01
12 +4.946700139e-01 +4.946700139e-01 -5.545532999e+01 -5.545532999e+01 +6.2516e-01 -2.1194e-01
16 +4.139388789e-01 +4.139388789e-01 -5.553606112e+01 -5.553606112e+01 +6.4703e-01 -1.3076e-01
17 +2.111792941e-01 +2.111792941e-01 -5.573882071e+01 -5.573882071e+01 +9.6045e-01 +5.5154e-01
19 +1.341013894e-02 +1.341013894e-02 -5.593658986e+01 -5.593658986e+01 +1.2271e+00 +2.8487e-01
38 +8.056876216e-03 +8.056876216e-03 -5.594194312e+01 -5.594194312e+01 +1.1290e+00 +1.9173e-01
106 +7.451306460e-03 +7.451306460e-03 -5.594254869e+01 -5.594254869e+01 +1.2903e+00 +2.1349e-01
112 +5.413968024e-03 +5.413968024e-03 -5.594458603e+01 -5.594458603e+01 +1.2187e+00 +2.4313e-01
114 +2.207827138e-03 +2.207827138e-03 -5.594779217e+01 -5.594779217e+01 +1.2253e+00 +1.2355e-01
157 +3.059628294e-04 +3.059628294e-04 -5.594969404e+01 -5.594969404e+01 +1.2209e+00 +1.8640e-01
182 +2.740854340e-04 +2.740854340e-04 -5.594972591e+01 -5.594972591e+01 +1.2052e+00 +1.5709e-01
189 +1.775333264e-04 +1.775333264e-04 -5.594982247e+01 -5.594982247e+01 +1.2088e+00 +1.5842e-01
191 +8.875191350e-05 +8.875191350e-05 -5.594991125e+01 -5.594991125e+01 +1.2254e+00 +1.6931e-01
198 +5.703786279e-06 +5.703786279e-06 -5.594999430e+01 -5.594999430e+01 +1.2145e+00 +1.6773e-01
239 +8.584373745e-07 +8.584373745e-07 -5.594999914e+01 -5.594999914e+01 +1.2166e+00 +1.6887e-01
260 +6.182875296e-07 +6.182875296e-07 -5.594999938e+01 -5.594999938e+01 +1.2163e+00 +1.7034e-01
290 +4.422527411e-08 +4.422527411e-08 -5.594999996e+01 -5.594999996e+01 +1.2162e+00 +1.6946e-01
300 +5.522473145e-09 +5.522473145e-09 -5.594999999e+01 -5.594999999e+01 +1.2160e+00 +1.6954e-01
611 +0.000000000e+00 +0.000000000e+00 -5.595000000e+01 -5.595000000e+01 +1.2160e+00 +1.6960e-01
% function evaluation | noise-free fitness - Fopt (8.746000000000e+01) | best noise-free fitness - Fopt | measured fitness | best measured fitness | x1 | x2...
1 +1.964944640e+00 +1.964944640e+00 +8.942494464e+01 +8.942494464e+01 +0.0000e+00 +0.0000e+00
2 +1.333424602e+00 +1.333424602e+00 +8.879342460e+01 +8.879342460e+01 -2.5022e-01 -1.4997e-01
8 +1.269546528e+00 +1.269546528e+00 +8.872954653e+01 +8.872954653e+01 -2.9652e-01 -2.7584e-01
13 +1.218639604e+00 +1.218639604e+00 +8.867863960e+01 +8.867863960e+01 -3.0355e-01 -1.7314e-01
14 +9.516794864e-01 +9.516794864e-01 +8.841167949e+01 +8.841167949e+01 -5.4801e-01 -5.2575e-01
15 +6.128451417e-01 +6.128451417e-01 +8.807284514e+01 +8.807284514e+01 -6.4089e-01 +1.3612e-01
20 +1.327329131e-01 +1.327329131e-01 +8.759273291e+01 +8.759273291e+01 -1.1302e+00 -2.9593e-01
24 +2.935305053e-02 +2.935305053e-02 +8.748935305e+01 +8.748935305e+01 -1.3076e+00 +9.1782e-02
36 +1.973126013e-02 +1.973126013e-02 +8.747973126e+01 +8.747973126e+01 -1.3552e+00 -1.8487e-01
52 +6.495235523e-03 +6.495235523e-03 +8.746649524e+01 +8.746649524e+01 -1.4698e+00 -1.0305e-02
119 +3.077399369e-03 +3.077399369e-03 +8.746307740e+01 +8.746307740e+01 -1.3479e+00 -6.8648e-02
124 +1.480795648e-03 +1.480795648e-03 +8.746148080e+01 +8.746148080e+01 -1.3924e+00 -8.9562e-02
128 +1.222108242e-04 +1.222108242e-04 +8.746012221e+01 +8.746012221e+01 -1.3901e+00 -4.9043e-02
135 +9.203870994e-05 +9.203870994e-05 +8.746009204e+01 +8.746009204e+01 -1.3913e+00 -5.3074e-02
185 +2.865753002e-05 +2.865753002e-05 +8.746002866e+01 +8.746002866e+01 -1.4061e+00 -5.1170e-02
208 +1.202176657e-05 +1.202176657e-05 +8.746001202e+01 +8.746001202e+01 -1.4035e+00 -5.4150e-02
212 +8.865066022e-06 +8.865066022e-06 +8.746000887e+01 +8.746000887e+01 -1.4013e+00 -5.4938e-02
216 +5.414818887e-06 +5.414818887e-06 +8.746000541e+01 +8.746000541e+01 -1.3988e+00 -5.0834e-02
221 +2.699972114e-06 +2.699972114e-06 +8.746000270e+01 +8.746000270e+01 -1.4010e+00 -5.3636e-02
235 +1.265658028e-06 +1.265658028e-06 +8.746000127e+01 +8.746000127e+01 -1.3998e+00 -5.2588e-02
239 +1.181491896e-06 +1.181491896e-06 +8.746000118e+01 +8.746000118e+01 -1.4010e+00 -5.3070e-02
243 +5.060003616e-08 +5.060003616e-08 +8.746000005e+01 +8.746000005e+01 -1.4006e+00 -5.2135e-02
290 +2.195470472e-08 +2.195470472e-08 +8.746000002e+01 +8.746000002e+01 -1.4008e+00 -5.2143e-02
308 +2.200366112e-09 +2.200366112e-09 +8.746000000e+01 +8.746000000e+01 -1.4008e+00 -5.2032e-02
528 +0.000000000e+00 +0.000000000e+00 +8.746000000e+01 +8.746000000e+01 -1.4008e+00 -5.2000e-02
% function evaluation | noise-free fitness - Fopt (-6.545000000000e+01) | best noise-free fitness - Fopt | measured fitness | best measured fitness | x1 | x2...
1 +6.235782400e+00 +6.235782400e+00 -5.921421760e+01 -5.921421760e+01 +0.0000e+00 +0.0000e+00
2 +5.614855517e+00 +5.614855517e+00 -5.983514448e+01 -5.983514448e+01 +2.4112e-02 +1.3381e-01
12 +4.141475811e+00 +4.141475811e+00 -6.130852419e+01 -6.130852419e+01 -1.5812e-01 +4.4384e-01
18 +2.348302426e+00 +2.348302426e+00 -6.310169757e+01 -6.310169757e+01 +2.1365e-01 +1.0636e+00
23 +1.712400826e+00 +1.712400826e+00 -6.373759917e+01 -6.373759917e+01 -1.4739e-01 +1.1813e+00
26 +5.526498875e-02 +5.526498875e-02 -6.539473501e+01 -6.539473501e+01 -2.4343e-01 +2.2977e+00
66 +2.242066493e-02 +2.242066493e-02 -6.542757934e+01 -6.542757934e+01 -3.8803e-01 +2.3151e+00
75 +1.098137986e-02 +1.098137986e-02 -6.543901862e+01 -6.543901862e+01 -4.9752e-01 +2.4050e+00
92 +6.864122913e-03 +6.864122913e-03 -6.544313588e+01 -6.544313588e+01 -3.5925e-01 +2.5284e+00
126 +2.644054317e-03 +2.644054317e-03 -6.544735595e+01 -6.544735595e+01 -3.6266e-01 +2.4441e+00
139 +2.021535475e-03 +2.021535475e-03 -6.544797846e+01 -6.544797846e+01 -4.2866e-01 +2.5043e+00
144 +1.690882537e-03 +1.690882537e-03 -6.544830912e+01 -6.544830912e+01 -3.7500e-01 +2.4423e+00
147 +1.740855726e-04 +1.740855726e-04 -6.544982591e+01 -6.544982591e+01 -4.0406e-01 +2.4516e+00
181 +1.697554027e-04 +1.697554027e-04 -6.544983024e+01 -6.544983024e+01 -4.1274e-01 +2.4760e+00
186 +9.098362329e-05 +9.098362329e-05 -6.544990902e+01 -6.544990902e+01 -4.0267e-01 +2.4688e+00
194 +3.842821964e-05 +3.842821964e-05 -6.544996157e+01 -6.544996157e+01 -4.1656e-01 +2.4625e+00
218 +7.462656285e-06 +7.462656285e-06 -6.544999254e+01 -6.544999254e+01 -4.1294e-01 +2.4642e+00
233 +1.164395414e-06 +1.164395414e-06 -6.544999884e+01 -6.544999884e+01 -4.1145e-01 +2.4634e+00
251 +8.274179919e-07 +8.274179919e-07 -6.544999917e+01 -6.544999917e+01 -4.1014e-01 +2.4641e+00
281 +5.485430563e-07 +5.485430563e-07 -6.544999945e+01 -6.544999945e+01 -4.1035e-01 +2.4639e+00
287 +8.545484320e-08 +8.545484320e-08 -6.544999991e+01 -6.544999991e+01 -4.1013e-01 +2.4633e+00
299 +1.413307871e-08 +1.413307871e-08 -6.544999999e+01 -6.544999999e+01 -4.1028e-01 +2.4632e+00
322 +4.490303240e-09 +4.490303240e-09 -6.545000000e+01 -6.545000000e+01 -4.1035e-01 +2.4632e+00
566 +0.000000000e+00 +0.000000000e+00 -6.545000000e+01 -6.545000000e+01 -4.1040e-01 +2.4632e+00
% function evaluation | noise-free fitness - Fopt (-5.761000000000e+01) | best noise-free fitness - Fopt | measured fitness | best measured fitness | x1 | x2...
1 +1.605252928e+01 +1.605252928e+01 -4.155747072e+01 -4.155747072e+01 +0.0000e+00 +0.0000e+00
2 +1.519077814e+01 +1.519077814e+01 -4.241922186e+01 -4.241922186e+01 -5.5345e-02 +1.8566e-01
15 +1.411533526e+01 +1.411533526e+01 -4.349466474e+01 -4.349466474e+01 -1.6552e-01 +3.1235e-01
17 +1.224155087e+01 +1.224155087e+01 -4.536844913e+01 -4.536844913e+01 -4.9346e-01 +1.2677e-01
18 +8.455867357e+00 +8.455867357e+00 -4.915413264e+01 -4.915413264e+01 -1.0359e+00 +3.6643e-01
26 +5.814369529e+00 +5.814369529e+00 -5.179563047e+01 -5.179563047e+01 -1.5253e+00 +4.7090e-01
30 +3.028632828e+00 +3.028632828e+00 -5.458136717e+01 -5.458136717e+01 -2.3900e+00 +2.6121e-01
36 +1.552196605e+00 +1.552196605e+00 -5.605780340e+01 -5.605780340e+01 -3.1078e+00 +2.5053e-01
61 +5.381525513e-01 +5.381525513e-01 -5.707184745e+01 -5.707184745e+01 -4.1642e+00 +6.5858e-01
90 +2.080334330e-01 +2.080334330e-01 -5.740196657e+01 -5.740196657e+01 -3.3878e+00 +1.0815e+00
118 +8.771870427e-02 +8.771870427e-02 -5.752228130e+01 -5.752228130e+01 -3.9202e+00 +1.0238e+00
124 +7.757109894e-02 +7.757109894e-02 -5.753242890e+01 -5.753242890e+01 -3.5144e+00 +1.2821e+00
129 +3.115646577e-03 +3.115646577e-03 -5.760688435e+01 -5.760688435e+01 -3.7612e+00 +1.2452e+00
173 +1.118626954e-03 +1.118626954e-03 -5.760888137e+01 -5.760888137e+01 -3.8236e+00 +1.3042e+00
195 +4.256431633e-04 +4.256431633e-04 -5.760957436e+01 -5.760957436e+01 -3.7916e+00 +1.2706e+00
216 +3.056624090e-04 +3.056624090e-04 -5.760969434e+01 -5.760969434e+01 -3.8005e+00 +1.2755e+00
225 +2.045544668e-04 +2.045544668e-04 -5.760979545e+01 -5.760979545e+01 -3.7806e+00 +1.2837e+00
230 +2.695437892e-05 +2.695437892e-05 -5.760997305e+01 -5.760997305e+01 -3.7974e+00 +1.2888e+00
232 +1.134989723e-05 +1.134989723e-05 -5.760998865e+01 -5.760998865e+01 -3.7908e+00 +1.2885e+00
288 +2.319463967e-06 +2.319463967e-06 -5.760999768e+01 -5.760999768e+01 -3.7940e+00 +1.2921e+00
298 +1.035997762e-06 +1.035997762e-06 -5.760999896e+01 -5.760999896e+01 -3.7918e+00 +1.2914e+00
316 +4.241760294e-07 +4.241760294e-07 -5.760999958e+01 -5.760999958e+01 -3.7934e+00 +1.2915e+00
323 +5.994920826e-08 +5.994920826e-08 -5.760999994e+01 -5.760999994e+01 -3.7928e+00 +1.2914e+00
381 +3.724721864e-08 +3.724721864e-08 -5.760999996e+01 -5.760999996e+01 -3.7930e+00 +1.2913e+00
394 +2.493649731e-10 +2.493649731e-10 -5.761000000e+01 -5.761000000e+01 -3.7928e+00 +1.2912e+00
742 +0.000000000e+00 +0.000000000e+00 -5.761000000e+01 -5.761000000e+01 -3.7928e+00 +1.2912e+00
% function evaluation | noise-free fitness - Fopt (-2.116000000000e+02) | best noise-free fitness - Fopt | measured fitness | best measured fitness | x1 | x2...
1 +5.697763840e+00 +5.697763840e+00 -2.059022362e+02 -2.059022362e+02 +0.0000e+00 +0.0000e+00
3 +4.280122975e+00 +4.280122975e+00 -2.073198770e+02 -2.073198770e+02 +2.4464e-01 +3.8443e-01
5 +2.705105847e+00 +2.705105847e+00 -2.088948942e+02 -2.088948942e+02 +7.6427e-01 +5.3721e-02
11 +1.524170792e+00 +1.524170792e+00 -2.100758292e+02 -2.100758292e+02 +1.0614e+00 +6.5479e-01
18 +1.859889310e-02 +1.859889310e-02 -2.115814011e+02 -2.115814011e+02 +2.2240e+00 +7.6863e-01
52 +1.770565433e-02 +1.770565433e-02 -2.115822943e+02 -2.115822943e+02 +2.3418e+00 +5.2785e-01
74 +1.600246980e-02 +1.600246980e-02 -2.115839975e+02 -2.115839975e+02 +2.4018e+00 +5.8351e-01
99 +1.233829088e-02 +1.233829088e-02 -2.115876617e+02 -2.115876617e+02 +2.3087e+00 +7.6315e-01
101 +1.350275644e-03 +1.350275644e-03 -2.115986497e+02 -2.115986497e+02 +2.2775e+00 +6.2103e-01
142 +7.873124294e-04 +7.873124294e-04 -2.115992127e+02 -2.115992127e+02 +2.3135e+00 +6.3086e-01
147 +4.028560989e-04 +4.028560989e-04 -2.115995971e+02 -2.115995971e+02 +2.3131e+00 +6.6325e-01
152 +1.700267813e-04 +1.700267813e-04 -2.115998300e+02 -2.115998300e+02 +2.2836e+00 +6.5672e-01
169 +9.226104333e-05 +9.226104333e-05 -2.115999077e+02 -2.115999077e+02 +2.3056e+00 +6.5333e-01
194 +3.990454240e-05 +3.990454240e-05 -2.115999601e+02 -2.115999601e+02 +2.3005e+00 +6.5726e-01
220 +6.029772123e-06 +6.029772123e-06 -2.115999940e+02 -2.115999940e+02 +2.2978e+00 +6.5113e-01
253 +1.349526030e-06 +1.349526030e-06 -2.115999987e+02 -2.115999987e+02 +2.2972e+00 +6.5292e-01
274 +7.258129244e-07 +7.258129244e-07 -2.115999993e+02 -2.115999993e+02 +2.2952e+00 +6.5304e-01
283 +4.795234076e-08 +4.795234076e-08 -2.116000000e+02 -2.116000000e+02 +2.2959e+00 +6.5301e-01
305 +4.557958277e-08 +4.557958277e-08 -2.116000000e+02 -2.116000000e+02 +2.2959e+00 +6.5298e-01
321 +3.221504130e-08 +3.221504130e-08 -2.116000000e+02 -2.116000000e+02 +2.2959e+00 +6.5296e-01
327 +1.568116659e-08 +1.568116659e-08 -2.116000000e+02 -2.116000000e+02 +2.2960e+00 +6.5292e-01
333 +3.736090548e-09 +3.736090548e-09 -2.116000000e+02 -2.116000000e+02 +2.2960e+00 +6.5274e-01
576 +0.000000000e+00 +0.000000000e+00 -2.116000000e+02 -2.116000000e+02 +2.2960e+00 +6.5280e-01
% function evaluation | noise-free fitness - Fopt (-1.188600000000e+02) | best noise-free fitness - Fopt | measured fitness | best measured fitness | x1 | x2...
1 +4.992320000e-02 +4.992320000e-02 -1.188100768e+02 -1.188100768e+02 +0.0000e+00 +0.0000e+00
5 +1.784018084e-02 +1.784018084e-02 -1.188421598e+02 -1.188421598e+02 +5.7957e-02 -3.0295e-01
8 +1.465909827e-02 +1.465909827e-02 -1.188453409e+02 -1.188453409e+02 +1.6250e-01 -7.1881e-02
9 +1.381505019e-02 +1.381505019e-02 -1.188461849e+02 -1.188461849e+02 +2.3260e-01 -1.4343e-01
32 +9.301318786e-03 +9.301318786e-03 -1.188506987e+02 -1.188506987e+02 +8.4346e-02 -9.8129e-02
36 +8.165857809e-03 +8.165857809e-03 -1.188518341e+02 -1.188518341e+02 +7.9411e-02 -1.0735e-01
39 +7.757704404e-03 +7.757704404e-03 -1.188522423e+02 -1.188522423e+02 +4.3929e-02 -1.4801e-01
56 +1.561383957e-03 +1.561383957e-03 -1.188584386e+02 -1.188584386e+02 +1.5325e-01 -1.6074e-01
64 +1.058561529e-03 +1.058561529e-03 -1.188589414e+02 -1.188589414e+02 +9.4605e-02 -2.0192e-01
68 +9.059781358e-05 +9.059781358e-05 -1.188599094e+02 -1.188599094e+02 +1.2293e-01 -1.7689e-01
82 +7.841222380e-05 +7.841222380e-05 -1.188599216e+02 -1.188599216e+02 +1.2371e-01 -1.9524e-01
95 +3.128535182e-05 +3.128535182e-05 -1.188599687e+02 -1.188599687e+02 +1.1843e-01 -1.8347e-01
125 +2.617120076e-05 +2.617120076e-05 -1.188599738e+02 -1.188599738e+02 +1.2475e-01 -1.8152e-01
154 +1.767944340e-06 +1.767944340e-06 -1.188599982e+02 -1.188599982e+02 +1.2436e-01 -1.8575e-01
189 +2.357391793e-08 +2.357391793e-08 -1.188600000e+02 -1.188600000e+02 +1.2313e-01 -1.8626e-01
248 +1.694702689e-08 +1.694702689e-08 -1.188600000e+02 -1.188600000e+02 +1.2315e-01 -1.8652e-01
267 +1.287240536e-08 +1.287240536e-08 -1.188600000e+02 -1.188600000e+02 +1.2309e-01 -1.8641e-01
268 +9.961752312e-09 +9.961752312e-09 -1.188600000e+02 -1.188600000e+02 +1.2326e-01 -1.8648e-01
540 +0.000000000e+00 +0.000000000e+00 -1.188600000e+02 -1.188600000e+02 +1.2320e-01 -1.8640e-01
