% function evaluation | noise-free fitness - Fopt (7.627000000000e+01) | best noise-free fitness - Fopt | measured fitness | best measured fitness | x1 | x2...
1 +1.130412458e+07 +1.130412458e+07 +1.130420085e+07 +1.130420085e+07 +0.0000e+00 +0.0000e+00 +0.0000e+00
4 +1.044507898e+07 +1.044507898e+07 +1.044515525e+07 +1.044515525e+07 -1.8954e-01 +2.0523e-02 -2.1534e-01
12 +1.000221612e+07 +1.000221612e+07 +1.000229239e+07 +1.000229239e+07 +5.5113e-02 -5.7151e-02 -2.5166e-01
14 +8.477101341e+06 +8.477101341e+06 +8.477177611e+06 +8.477177611e+06 -1.5888e-02 -3.3179e-01 -2.3614e-01
20 +8.311837086e+06 +8.311837086e+06 +8.311913356e+06 +8.311913356e+06 -2.1995e-01 -1.9029e-01 -4.6874e-01
24 +6.519679038e+06 +6.519679038e+06 +6.519755308e+06 +6.519755308e+06 -8.0975e-02 -5.5021e-01 -5.2659e-01
29 +4.893669113e+06 +4.893669113e+06 +4.893745383e+06 +4.893745383e+06 -4.6801e-01 -6.7179e-01 -9.8424e-01
30 +4.371402423e+06 +4.371402423e+06 +4.371478693e+06 +4.371478693e+06 +1.4949e-02 -9.1019e-01 -9.9132e-01
34 +4.046521332e+06 +4.046521332e+06 +4.046597602e+06 +4.046597602e+06 -2.9222e-01 -1.5264e+00 -1.9000e-01
38 +3.865156556e+06 +3.865156556e+06 +3.865232826e+06 +3.865232826e+06 -1.5969e-01 -7.4932e-01 -1.5317e+00
40 +1.002070923e+06 +1.002070923e+06 +1.002147193e+06 +1.002147193e+06 +4.4144e-01 -2.3492e+00 -8.6501e-01
49 +4.665986404e+04 +4.665986404e+04 +4.673613404e+04 +4.673613404e+04 -3.3332e-01 -2.2843e+00 -2.2875e+00
50 +3.855702939e+04 +3.855702939e+04 +3.863329939e+04 +3.863329939e+04 -6.8295e-01 -2.9458e+00 -1.2496e+00
76 +1.824959456e+03 +1.824959456e+03 +1.901229456e+03 +1.901229456e+03 +5.3569e-01 -2.9253e+00 -1.9191e+00
114 +1.678098980e+01 +1.678098980e+01 +9.305098980e+01 +9.305098980e+01 +7.5213e-01 -2.5902e+00 -2.4014e+00
187 +6.224628428e+00 +6.224628428e+00 +8.249462843e+01 +8.249462843e+01 +1.2175e+00 -2.5771e+00 -2.4935e+00
% function evaluation | noise-free fitness - Fopt (-2.255000000000e+01) | best noise-free fitness - Fopt | measured fitness | best measured fitness | x1 | x2...
1 +6.575630449e+06 +6.575630449e+06 +6.575607899e+06 +6.575607899e+06 +0.0000e+00 +0.0000e+00 +0.0000e+00
2 +5.854603847e+06 +5.854603847e+06 +5.854581297e+06 +5.854581297e+06 +2.0495e-01 -3.7032e-01 -1.9171e-01
5 +5.114510870e+06 +5.114510870e+06 +5.114488320e+06 +5.114488320e+06 +3.0090e-01 +1.1847e-01 -1.4432e-01
11 +4.547214037e+06 +4.547214037e+06 +4.547191487e+06 +4.547191487e+06 +4.0945e-01 +1.5296e-01 -5.1990e-01
13 +3.407146728e+06 +3.407146728e+06 +3.407124178e+06 +3.407124178e+06 +8.8267e-01 +1.6232e-01 -5.3654e-02
18 +1.474714998e+06 +1.474714998e+06 +1.474692448e+06 +1.474692448e+06 +1.4601e+00 +5.3471e-01 +1.5531e-01
29 +1.630460785e+03 +1.630460785e+03 +1.607910785e+03 +1.607910785e+03 +2.7260e+00 +3.0297e-01 +1.0348e-01
91 +5.263007227e+02 +5.263007227e+02 +5.037507227e+02 +5.037507227e+02 +2.5631e+00 +7.9974e-01 -2.0163e-01
173 +1.726130691e+02 +1.726130691e+02 +1.500630691e+02 +1.500630691e+02 +2.6908e+00 +4.4256e-01 +2.6126e-01
175 +8.236662401e+00 +8.236662401e+00 -1.431333760e+01 -1.431333760e+01 +2.5475e+00 +9.3779e-01 +4.4796e-02
4036 +8.128122581e+00 +8.128122581e+00 -1.442187742e+01 -1.442187742e+01 +2.5874e+00 +8.2904e-01 +1.7314e-01
4879 +7.938734718e+00 +7.938734718e+00 -1.461126528e+01 -1.461126528e+01 +2.5874e+00 +8.4724e-01 +1.9879e-01
5178 +7.755307445e+00 +7.755307445e+00 -1.479469255e+01 -1.479469255e+01 +2.5874e+00 +8.6545e-01 +2.2465e-01
5683 +7.580559390e+00 +7.580559390e+00 -1.496944061e+01 -1.496944061e+01 +2.5874e+00 +8.8295e-01 +2.4946e-01
6524 +7.411798277e+00 +7.411798277e+00 -1.513820172e+01 -1.513820172e+01 +2.5874e+00 +9.0003e-01 +2.7349e-01
7111 +7.240166846e+00 +7.240166846e+00 -1.530983315e+01 -1.530983315e+01 +2.5874e+00 +9.1791e-01 +2.9876e-01
% function evaluation | noise-free fitness - Fopt (1.366000000000e+01) | best noise-free fitness - Fopt | measured fitness | best measured fitness | x1 | x2...
1 +1.490355618e+05 +1.490355618e+05 +1.490492218e+05 +1.490492218e+05 +0.0000e+00 +0.0000e+00 +0.0000e+00
2 +1.462278658e+05 +1.462278658e+05 +1.462415258e+05 +1.462415258e+05 +2.8211e-01 -1.2822e-03 -2.3121e-01
4 +8.940940460e+04 +8.940940460e+04 +8.942306460e+04 +8.942306460e+04 -3.8370e-01 -2.6401e-01 +2.4358e-01
11 +1.251834627e+04 +1.251834627e+04 +1.253200627e+04 +1.253200627e+04 -4.2865e-01 -6.8611e-01 +1.5165e-01
12 +6.507015263e+02 +6.507015263e+02 +6.643615263e+02 +6.643615263e+02 +3.6785e-01 -4.7167e-02 +3.6840e-01
33 +1.648309039e+02 +1.648309039e+02 +1.784909039e+02 +1.784909039e+02 +2.1457e-01 -2.4512e-01 +2.6799e-01
38 +8.309771612e+01 +8.309771612e+01 +9.675771612e+01 +9.675771612e+01 +1.9291e-01 -5.1739e-01 -5.3087e-03
68 +2.718611489e+01 +2.718611489e+01 +4.084611489e+01 +4.084611489e+01 +5.7909e-01 -5.3864e-01 -3.7381e-01
134 +1.509647321e+01 +1.509647321e+01 +2.875647321e+01 +2.875647321e+01 +7.0382e-01 -3.2752e-01 -2.5188e-01
221 +1.473399531e+01 +1.473399531e+01 +2.839399531e+01 +2.839399531e+01 +5.0330e-01 -3.4266e-01 -9.8514e-02
7076 +1.445432611e+01 +1.445432611e+01 +2.811432611e+01 +2.811432611e+01 +4.3007e-01 -3.2518e-01 -1.8449e-02
% function evaluation | noise-free fitness - Fopt (9.378400000000e+02) | best noise-free fitness - Fopt | measured fitness | best measured fitness | x1 | x2...
1 +3.788682144e+06 +3.788682144e+06 +3.789619984e+06 +3.789619984e+06 +0.0000e+00 +0.0000e+00 +0.0000e+00
3 +2.943075923e+06 +2.943075923e+06 +2.944013763e+06 +2.944013763e+06 +2.4273e-01 +2.0933e-01 +2.5943e-01
5 +2.709771916e+06 +2.709771916e+06 +2.710709756e+06 +2.710709756e+06 +4.7143e-01 +1.2513e-01 +1.2803e-01
10 +2.571878000e+06 +2.571878000e+06 +2.572815840e+06 +2.572815840e+06 +3.5292e-01 +1.7264e-01 +3.1461e-01
11 +2.317495510e+06 +2.317495510e+06 +2.318433350e+06 +2.318433350e+06 +5.3845e-01 +5.2903e-01 +3.5233e-01
14 +1.860904546e+06 +1.860904546e+06 +1.861842386e+06 +1.861842386e+06 +6.3088e-01 -3.0917e-01 +2.0624e-01
15 +9.090037265e+05 +9.090037265e+05 +9.099415665e+05 +9.099415665e+05 +8.7587e-01 +2.2394e-01 +5.4288e-01
24 +7.114111195e+05 +7.114111195e+05 +7.123489595e+05 +7.123489595e+05 +7.5491e-01 -3.6297e-01 +6.0033e-01
26 +5.972178519e+03 +5.972178519e+03 +6.910018519e+03 +6.910018519e+03 +1.9731e+00 -1.7718e-01 +8.6418e-01
70 +1.864919558e+03 +1.864919558e+03 +2.802759558e+03 +2.802759558e+03 +2.1047e+00 -5.0493e-01 +5.9173e-01
73 +1.348271830e+02 +1.348271830e+02 +1.072667183e+03 +1.072667183e+03 +2.0886e+00 -5.1010e-01 +5.3068e-01
85 +4.429825693e+01 +4.429825693e+01 +9.821382569e+02 +9.821382569e+02 +2.1682e+00 -8.7261e-01 +3.6969e-01
147 +3.726044508e+01 +3.726044508e+01 +9.751004451e+02 +9.751004451e+02 +1.9619e+00 -1.2158e+00 +4.6016e-01
150 +3.632621906e+01 +3.632621906e+01 +9.741662191e+02 +9.741662191e+02 +2.0618e+00 -9.8567e-01 +4.3117e-01
246 +3.452560398e+01 +3.452560398e+01 +9.723656040e+02 +9.723656040e+02 +2.1194e+00 -7.9405e-01 +4.3424e-01
308 +3.379223016e+01 +3.379223016e+01 +9.716322302e+02 +9.716322302e+02 +2.1534e+00 -6.6374e-01 +4.3930e-01
1763 +3.311130871e+01 +3.311130871e+01 +9.709513087e+02 +9.709513087e+02 +2.0643e+00 -6.8980e-01 +5.1618e-01
6592 +3.235930606e+01 +3.235930606e+01 +9.701993061e+02 +9.701993061e+02 +2.0642e+00 -6.0472e-01 +5.4093e-01
% function evaluation | noise-free fitness - Fopt (-7.872000000000e+01) | best noise-free fitness - Fopt | measured fitness | best measured fitness | x1 | x2...
1 +2.260504906e+06 +2.260504906e+06 +2.260426186e+06 +2.260426186e+06 +0.0000e+00 +0.0000e+00 +0.0000e+00
2 +2.024475273e+06 +2.024475273e+06 +2.024396553e+06 +2.024396553e+06 -3.4109e-01 -1.0374e-01 -7.0288e-02
14 +1.146597231e+06 +1.146597231e+06 +1.146518511e+06 +1.146518511e+06 -5.8379e-01 -2.3728e-01 -4.1234e-01
21 +6.699467115e+05 +6.699467115e+05 +6.698679915e+05 +6.698679915e+05 -3.1060e-01 -5.8672e-01 -4.0480e-01
28 +5.178912466e+05 +5.178912466e+05 +5.178125266e+05 +5.178125266e+05 -3.5692e-01 -1.1959e+00 -4.6765e-02
30 +5.042650910e+05 +5.042650910e+05 +5.041863710e+05 +5.041863710e+05 -6.0736e-01 -7.6749e-01 -3.6792e-01
31 +4.182611143e+05 +4.182611143e+05 +4.181823943e+05 +4.181823943e+05 -5.6815e-01 -9.1912e-01 -4.4409e-01
34 +1.225818144e+05 +1.225818144e+05 +1.225030944e+05 +1.225030944e+05 -1.0171e+00 -9.2360e-01 -6.2643e-01
37 +4.841523461e+04 +4.841523461e+04 +4.833651461e+04 +4.833651461e+04 -1.0264e+00 -1.3552e+00 -4.4199e-01
44 +9.224844761e+02 +9.224844761e+02 +8.437644761e+02 +8.437644761e+02 -8.5673e-01 -1.2885e+00 -8.0202e-01
102 +3.695293109e+02 +3.695293109e+02 +2.908093109e+02 +2.908093109e+02 -3.7490e-01 -4.8694e-01 -1.6797e+00
134 +4.895609046e+01 +4.895609046e+01 -2.976390954e+01 -2.976390954e+01 +6.1157e-02 -3.1133e-01 -1.9433e+00
137 +1.701958696e+01 +1.701958696e+01 -6.170041304e+01 -6.170041304e+01 -5.2554e-01 -8.5206e-01 -1.3074e+00
172 +1.406171068e+01 +1.406171068e+01 -6.465828932e+01 -6.465828932e+01 +2.8024e-01 -1.1831e-01 -2.1647e+00
348 +9.997410866e+00 +9.997410866e+00 -6.872258913e+01 -6.872258913e+01 +9.5562e-01 +5.4731e-01 -2.9219e+00
% function evaluation | noise-free fitness - Fopt (-3.233900000000e+02) | best noise-free fitness - Fopt | measured fitness | best measured fitness | x1 | x2...
1 +3.044028365e+07 +3.044028365e+07 +3.043996026e+07 +3.043996026e+07 +0.0000e+00 +0.0000e+00 +0.0000e+00
4 +2.669429716e+07 +2.669429716e+07 +2.669397377e+07 +2.669397377e+07 -4.2353e-01 +1.9920e-01 -2.2968e-02
18 +2.485434907e+07 +2.485434907e+07 +2.485402568e+07 +2.485402568e+07 -4.7615e-01 -8.6558e-03 +2.7189e-01
29 +2.284995926e+07 +2.284995926e+07 +2.284963587e+07 +2.284963587e+07 -1.6978e-01 +1.3827e-01 +8.7712e-01
42 +1.863121587e+07 +1.863121587e+07 +1.863089248e+07 +1.863089248e+07 -7.5715e-01 +2.3231e-01 +9.8856e-01
52 +1.650289901e+07 +1.650289901e+07 +1.650257562e+07 +1.650257562e+07 -1.0915e+00 +4.0064e-01 +9.4769e-01
59 +1.119568635e+07 +1.119568635e+07 +1.119536296e+07 +1.119536296e+07 -1.1426e+00 +2.9574e-01 +1.8599e+00
67 +4.410381350e+06 +4.410381350e+06 +4.410057960e+06 +4.410057960e+06 -3.0997e+00 +1.2141e+00 +1.5397e+00
76 +1.984828196e+06 +1.984828196e+06 +1.984504806e+06 +1.984504806e+06 -2.2719e+00 +4.2963e-01 +3.7175e+00
84 +4.822807541e+05 +4.822807541e+05 +4.819573641e+05 +4.819573641e+05 -1.7763e+00 +1.4417e+00 +4.9198e+00
85 +1.279992593e+05 +1.279992593e+05 +1.276758693e+05 +1.276758693e+05 -3.9980e+00 +1.5271e+00 +3.0245e+00
89 +1.128395325e+03 +1.128395325e+03 +8.050053252e+02 +8.050053252e+02 -4.0046e+00 +3.3377e-01 +3.9090e+00
119 +7.997678666e+02 +7.997678666e+02 +4.763778666e+02 +4.763778666e+02 -4.7609e+00 +2.3969e-01 +3.2499e+00
139 +3.375065155e+02 +3.375065155e+02 +1.411651550e+01 +1.411651550e+01 -4.2107e+00 -3.2752e-01 +4.0006e+00
142 +2.167728661e+02 +2.167728661e+02 -1.066171339e+02 -1.066171339e+02 -6.0533e+00 +3.6076e-01 +1.8435e+00
165 +1.157251448e+01 +1.157251448e+01 -3.118174855e+02 -3.118174855e+02 -3.8746e+00 -2.3419e-01 +4.2959e+00
378 +5.462659825e+00 +5.462659825e+00 -3.179273402e+02 -3.179273402e+02 -3.5007e+00 +2.6751e-01 +4.5129e+00
383 +3.078135603e+00 +3.078135603e+00 -3.203118644e+02 -3.203118644e+02 -3.4942e+00 +2.6830e-01 +4.5158e+00
427 +2.916491654e+00 +2.916491654e+00 -3.204735083e+02 -3.204735083e+02 -3.4999e+00 +2.2377e-01 +4.5264e+00
458 +2.816492613e+00 +2.816492613e+00 -3.205735074e+02 -3.205735074e+02 -3.4987e+00 +2.2630e-01 +4.5265e+00
1951 +2.751330340e+00 +2.751330340e+00 -3.206386697e+02 -3.206386697e+02 -3.4922e+00 +2.4354e-01 +4.5273e+00
3674 +2.690458422e+00 +2.690458422e+00 -3.206995416e+02 -3.206995416e+02 -3.4915e+00 +2.5620e-01 +4.5237e+00
4839 +2.618487977e+00 +2.618487977e+00 -3.207715120e+02 -3.207715120e+02 -3.4915e+00 +2.7162e-01 +4.5185e+00
5072 +2.565206926e+00 +2.565206926e+00 -3.208247931e+02 -3.208247931e+02 -3.4915e+00 +2.8168e-01 +4.5151e+00
5298 +2.511749114e+00 +2.511749114e+00 -3.208782509e+02 -3.208782509e+02 -3.4915e+00 +2.9645e-01 +4.5098e+00
6170 +2.454117692e+00 +2.454117692e+00 -3.209358823e+02 -3.209358823e+02 -3.4915e+00 +3.0463e-01 +4.5073e+00
% function evaluation | noise-free fitness - Fopt (1.621000000000e+01) | best noise-free fitness - Fopt | measured fitness | best measured fitness | x1 | x2...
1 +1.728532194e+07 +1.728532194e+07 +1.728533815e+07 +1.728533815e+07 +0.0000e+00 +0.0000e+00 +0.0000e+00
2 +1.652324456e+07 +1.652324456e+07 +1.652326077e+07 +1.652326077e+07 -1.2229e-01 +2.9662e-02 -1.0053e-01
12 +1.493484886e+07 +1.493484886e+07 +1.493486507e+07 +1.493486507e+07 +2.1558e-02 +1.8339e-01 -2.0217e-01
14 +1.397879859e+07 +1.397879859e+07 +1.397881480e+07 +1.397881480e+07 -3.2351e-02 +4.0407e-01 -2.1544e-01
18 +1.221706661e+07 +1.221706661e+07 +1.221708282e+07 +1.221708282e+07 +4.4130e-02 +9.3061e-01 -1.6190e-01
26 +1.179935116e+07 +1.179935116e+07 +1.179936737e+07 +1.179936737e+07 +1.9818e-01 +1.0267e+00 -1.4941e-01
28 +1.038072409e+07 +1.038072409e+07 +1.038074030e+07 +1.038074030e+07 +3.9251e-01 +1.0053e+00 -3.6179e-01
29 +9.713860207e+06 +9.713860207e+06 +9.713876417e+06 +9.713876417e+06 -3.3482e-01 +5.1513e-01 -8.5349e-01
34 +6.587785127e+06 +6.587785127e+06 +6.587801337e+06 +6.587801337e+06 +3.7123e-01 +1.1564e+00 -1.3081e+00
42 +6.430328210e+06 +6.430328210e+06 +6.430344420e+06 +6.430344420e+06 +2.8865e-01 -4.4982e-01 -2.2147e+00
46 +5.455782594e+06 +5.455782594e+06 +5.455798804e+06 +5.455798804e+06 +1.3272e-01 +1.7117e+00 -1.2714e+00
48 +3.955490347e+06 +3.955490347e+06 +3.955506557e+06 +3.955506557e+06 +5.6773e-01 +2.7629e-01 -2.2311e+00
49 +9.205721001e+05 +9.205721001e+05 +9.205883101e+05 +9.205883101e+05 +7.8157e-01 +2.2286e+00 -2.3252e+00
53 +1.926618566e+05 +1.926618566e+05 +1.926780666e+05 +1.926780666e+05 +8.3477e-01 +4.7830e-01 -4.8603e+00
56 +1.582777282e+05 +1.582777282e+05 +1.582939382e+05 +1.582939382e+05 -2.7944e-01 +1.6557e+00 -4.3386e+00
58 +1.072809158e+03 +1.072809158e+03 +1.089019158e+03 +1.089019158e+03 -1.1825e+00 +5.1255e-02 -4.8430e+00
183 +9.408628183e+02 +9.408628183e+02 +9.570728183e+02 +9.570728183e+02 -2.8105e+00 +3.2419e-01 -4.9306e+00
186 +2.173137154e+02 +2.173137154e+02 +2.335237154e+02 +2.335237154e+02 -2.5987e+00 +1.8165e-01 -4.9974e+00
276 +5.775225858e-01 +5.775225858e-01 +1.678752259e+01 +1.678752259e+01 -2.2141e+00 +1.7704e+00 -4.1113e+00
313 +4.093044441e-01 +4.093044441e-01 +1.661930444e+01 +1.661930444e+01 -2.2417e+00 +1.4402e+00 -4.2906e+00
549 +3.283841514e-01 +3.283841514e-01 +1.653838415e+01 +1.653838415e+01 -2.1971e+00 +1.5057e+00 -4.2499e+00
589 +2.433759133e-01 +2.433759133e-01 +1.645337591e+01 +1.645337591e+01 -2.1699e+00 +1.5208e+00 -4.2377e+00
662 +2.355819638e-01 +2.355819638e-01 +1.644558196e+01 +1.644558196e+01 -2.1654e+00 +1.5286e+00 -4.2327e+00
673 +2.242296411e-01 +2.242296411e-01 +1.643422964e+01 +1.643422964e+01 -2.1629e+00 +1.5313e+00 -4.2311e+00
5574 +2.238619195e-01 +2.238619195e-01 +1.643386192e+01 +1.643386192e+01 -2.1541e+00 +1.5242e+00 -4.2336e+00
% function evaluation | noise-free fitness - Fopt (-5.551000000000e+01) | best noise-free fitness - Fopt | measured fitness | best measured fitness | x1 | x2...
1 +2.706837437e+06 +2.706837437e+06 +2.706781927e+06 +2.706781927e+06 +0.0000e+00 +0.0000e+00 +0.0000e+00
2 +1.890366018e+06 +1.890366018e+06 +1.890310508e+06 +1.890310508e+06 -1.5787e-01 -7.0683e-02 +3.2978e-01
5 +1.642000413e+06 +1.642000413e+06 +1.641944903e+06 +1.641944903e+06 -7.0202e-02 -1.7256e-01 +3.1608e-01
10 +1.515242044e+06 +1.515242044e+06 +1.515186534e+06 +1.515186534e+06 -1.5500e-01 +5.8782e-02 +5.4669e-01
11 +9.723198835e+05 +9.723198835e+05 +9.722643735e+05 +9.722643735e+05 -5.8164e-02 -2.9630e-01 +4.9434e-01
14 +7.454095300e+05 +7.454095300e+05 +7.453540200e+05 +7.453540200e+05 +1.8656e-01 -3.5712e-01 +4.6340e-01
18 +3.600985594e+05 +3.600985594e+05 +3.600430494e+05 +3.600430494e+05 +2.1359e-01 -1.5608e-01 +8.9510e-01
21 +5.542503676e+04 +5.542503676e+04 +5.536952676e+04 +5.536952676e+04 +1.8712e-01 -1.0773e+00 +8.4171e-01
32 +1.839463156e+04 +1.839463156e+04 +1.833912156e+04 +1.833912156e+04 -1.5473e-01 -1.5981e+00 +7.8890e-01
36 +2.853138052e+03 +2.853138052e+03 +2.797628052e+03 +2.797628052e+03 +2.0036e-01 -1.4626e+00 +8.1996e-01
54 +2.740091005e+03 +2.740091005e+03 +2.684581005e+03 +2.684581005e+03 +1.2562e+00 -3.6412e-01 +1.0725e+00
74 +5.364231921e+02 +5.364231921e+02 +4.809131921e+02 +4.809131921e+02 +3.5306e-01 -4.7138e-01 +1.4268e+00
116 +4.144903797e+01 +4.144903797e+01 -1.406096203e+01 -1.406096203e+01 +6.7545e-02 -9.1980e-01 +1.2987e+00
132 +2.562097488e+01 +2.562097488e+01 -2.988902512e+01 -2.988902512e+01 -2.8039e-02 -6.1734e-01 +1.5307e+00
233 +1.921810767e+01 +1.921810767e+01 -3.629189233e+01 -3.629189233e+01 +9.0692e-01 -3.0055e-01 +1.3281e+00
464 +1.834115262e+01 +1.834115262e+01 -3.716884738e+01 -3.716884738e+01 +8.1815e-01 -2.9538e-01 +1.3689e+00
891 +1.816579847e+01 +1.816579847e+01 -3.734420153e+01 -3.734420153e+01 +7.8528e-01 -2.7863e-01 +1.3940e+00
4605 +1.777965213e+01 +1.777965213e+01 -3.773034787e+01 -3.773034787e+01 +7.5198e-01 -3.0074e-01 +1.3939e+00
% function evaluation | noise-free fitness - Fopt (5.610000000000e+00) | best noise-free fitness - Fopt | measured fitness | best measured fitness | x1 | x2...
1 +1.489581345e+07 +1.489581345e+07 +1.489581906e+07 +1.489581906e+07 +0.0000e+00 +0.0000e+00 +0.0000e+00
3 +1.268374281e+07 +1.268374281e+07 +1.268374842e+07 +1.268374842e+07 -1.7581e-01 +1.1995e-01 +2.0449e-01
10 +1.113034957e+07 +1.113034957e+07 +1.113035518e+07 +1.113035518e+07 -1.2775e-01 +5.6435e-01 +2.1634e-01
14 +1.013403102e+07 +1.013403102e+07 +1.013403663e+07 +1.013403663e+07 -6.2100e-02 +4.2423e-01 +4.6192e-01
19 +9.686979076e+06 +9.686979076e+06 +9.686984686e+06 +9.686984686e+06 +1.1156e-01 +9.8080e-01 +2.9668e-01
21 +7.317781973e+06 +7.317781973e+06 +7.317787583e+06 +7.317787583e+06 -2.8431e-01 +4.8469e-01 +1.1666e+00
26 +5.898478585e+06 +5.898478585e+06 +5.898484195e+06 +5.898484195e+06 -6.2972e-02 +1.2752e+00 +1.1475e+00
27 +4.534633192e+06 +4.534633192e+06 +4.534638802e+06 +4.534638802e+06 -3.9529e-01 +1.2231e+00 +1.3617e+00
34 +2.313965591e+06 +2.313965591e+06 +2.313971201e+06 +2.313971201e+06 -1.3413e+00 +1.2414e+00 +1.7149e+00
37 +5.572852414e+05 +5.572852414e+05 +5.572908514e+05 +5.572908514e+05 -2.3487e-01 +2.2457e+00 +2.3003e+00
40 +1.393615985e+05 +1.393615985e+05 +1.393672085e+05 +1.393672085e+05 +4.4766e-01 +1.2737e+00 +3.3509e+00
47 +3.437274902e+04 +3.437274902e+04 +3.437835902e+04 +3.437835902e+04 -8.9205e-01 +2.1657e+00 +3.3728e+00
56 +1.894544139e+03 +1.894544139e+03 +1.900154139e+03 +1.900154139e+03 -5.2925e-01 -6.5222e-01 +4.6551e+00
59 +1.665045876e+03 +1.665045876e+03 +1.670655876e+03 +1.670655876e+03 -5.3081e-01 +3.4835e-01 +4.0701e+00
128 +8.263800983e+01 +8.263800983e+01 +8.824800983e+01 +8.824800983e+01 -3.3594e+00 -1.6929e-01 +4.0037e+00
213 +8.031543663e+01 +8.031543663e+01 +8.592543663e+01 +8.592543663e+01 -2.8338e+00 +2.9303e-01 +3.8466e+00
226 +7.903815969e+01 +7.903815969e+01 +8.464815969e+01 +8.464815969e+01 -2.9524e+00 +3.5344e-02 +3.9572e+00
257 +5.155388279e+01 +5.155388279e+01 +5.716388279e+01 +5.716388279e+01 -2.9184e+00 -2.1639e-01 +4.0785e+00
2181 +5.125523770e+01 +5.125523770e+01 +5.686523770e+01 +5.686523770e+01 -2.9734e+00 -2.8904e-01 +4.1085e+00
2786 +5.011522519e+01 +5.011522519e+01 +5.572522519e+01 +5.572522519e+01 -2.9125e+00 -2.7294e-01 +4.1085e+00
3282 +4.894543783e+01 +4.894543783e+01 +5.455543783e+01 +5.455543783e+01 -2.8504e+00 -2.5593e-01 +4.1085e+00
3840 +4.778474051e+01 +4.778474051e+01 +5.339474051e+01 +5.339474051e+01 -2.7881e+00 -2.3976e-01 +4.1085e+00
3918 +4.652223144e+01 +4.652223144e+01 +5.213223144e+01 +5.213223144e+01 -2.7134e+00 -2.2037e-01 +4.1086e+00
4434 +4.566767735e+01 +4.566767735e+01 +5.127767735e+01 +5.127767735e+01 -2.6746e+00 -2.0902e-01 +4.1085e+00
4743 +4.460826593e+01 +4.460826593e+01 +5.021826593e+01 +5.021826593e+01 -2.6160e+00 -1.9366e-01 +4.1085e+00
5215 +4.362886198e+01 +4.362886198e+01 +4.923886198e+01 +4.923886198e+01 -2.5625e+00 -1.7907e-01 +4.1085e+00
5490 +4.265630553e+01 +4.265630553e+01 +4.826630553e+01 +4.826630553e+01 -2.5078e+00 -1.6446e-01 +4.1085e+00
5853 +4.164445433e+01 +4.164445433e+01 +4.725445433e+01 +4.725445433e+01 -2.4468e+00 -1.4750e-01 +4.1085e+00
6448 +4.073034056e+01 +4.073034056e+01 +4.634034056e+01 +4.634034056e+01 -2.3949e+00 -1.3458e-01 +4.1085e+00
% function evaluation | noise-free fitness - Fopt (-1.197100000000e+02) | best noise-free fitness - Fopt | measured fitness | best measured fitness | x1 | x2...
1 +5.056442512e+06 +5.056442512e+06 +5.056322802e+06 +5.056322802e+06 +0.0000e+00 +0.0000e+00 +0.0000e+00
2 +4.351631086e+06 +4.351631086e+06 +4.351511376e+06 +4.351511376e+06 +1.3365e-01 -3.2045e-01 +9.3633e-02
3 +3.858797390e+06 +3.858797390e+06 +3.858677680e+06 +3.858677680e+06 +3.8774e-01 +3.4212e-01 -6.0683e-01
13 +2.985258682e+06 +2.985258682e+06 +2.985138972e+06 +2.985138972e+06 +5.7458e-01 +3.4449e-01 -1.1971e+00
18 +5.565697759e+05 +5.565697759e+05 +5.564500659e+05 +5.564500659e+05 +1.1451e+00 -2.4171e-01 -1.5097e+00
28 +1.311766155e+05 +1.311766155e+05 +1.310569055e+05 +1.310569055e+05 +1.5554e+00 -7.4418e-01 -1.1334e+00
31 +6.851079320e+04 +6.851079320e+04 +6.839108320e+04 +6.839108320e+04 +1.9976e+00 -5.8641e-01 -2.2077e+00
35 +4.658431391e+04 +4.658431391e+04 +4.646460391e+04 +4.646460391e+04 +1.7763e+00 +4.5677e-01 -2.5865e+00
39 +2.052448504e+04 +2.052448504e+04 +2.040477504e+04 +2.040477504e+04 +1.9629e+00 -1.2779e+00 -9.1168e-01
40 +1.284433225e+04 +1.284433225e+04 +1.272462225e+04 +1.272462225e+04 +2.2165e+00 -1.1499e+00 -6.6161e-03
60 +8.449285403e+02 +8.449285403e+02 +7.252185403e+02 +7.252185403e+02 +1.9778e+00 -1.5741e-01 -1.9561e+00
115 +7.383651762e+02 +7.383651762e+02 +6.186551762e+02 +6.186551762e+02 +1.7492e+00 -5.8078e-02 -2.7040e+00
133 +3.219572341e+01 +3.219572341e+01 -8.751427659e+01 -8.751427659e+01 +2.0459e+00 -6.8745e-01 -8.7380e-01
312 +7.130398614e+00 +7.130398614e+00 -1.125796014e+02 -1.125796014e+02 +2.5583e+00 -8.3327e-01 +1.2090e+00
324 +6.295391477e+00 +6.295391477e+00 -1.134146085e+02 -1.134146085e+02 +2.5769e+00 -7.9318e-01 +1.2090e+00
340 +4.606598857e+00 +4.606598857e+00 -1.151034011e+02 -1.151034011e+02 +2.5499e+00 -7.5396e-01 +1.0592e+00
534 +4.359787738e+00 +4.359787738e+00 -1.153502123e+02 -1.153502123e+02 +2.5424e+00 -7.4060e-01 +1.0147e+00
653 +3.707225821e+00 +3.707225821e+00 -1.160027742e+02 -1.160027742e+02 +2.5901e+00 -5.4195e-01 +9.0613e-01
% function evaluation | noise-free fitness - Fopt (3.017400000000e+02) | best noise-free fitness - Fopt | measured fitness | best measured fitness | x1 | x2...
1 +3.181809809e+05 +3.181809809e+05 +3.184827209e+05 +3.184827209e+05 +0.0000e+00 +0.0000e+00 +0.0000e+00
3 +1.494375789e+05 +1.494375789e+05 +1.497393189e+05 +1.497393189e+05 -4.1175e-01 -6.4647e-02 +1.4354e-01
8 +1.227534487e+05 +1.227534487e+05 +1.230551887e+05 +1.230551887e+05 -3.9066e-01 +1.5241e-01 -1.2601e-01
10 +6.686177573e+03 +6.686177573e+03 +6.987917573e+03 +6.987917573e+03 -1.0035e-01 +5.0353e-01 -6.6663e-03
11 +1.936131219e+02 +1.936131219e+02 +4.953531219e+02 +4.953531219e+02 -2.1530e-01 +4.6513e-01 +1.5094e-01
42 +5.114887602e+01 +5.114887602e+01 +3.528888760e+02 +3.528888760e+02 -7.5520e-01 +1.8431e-01 +3.5452e-01
84 +2.274611840e+01 +2.274611840e+01 +3.244861184e+02 +3.244861184e+02 -4.2505e-01 +2.9965e-01 +3.5800e-01
172 +2.121226003e+01 +2.121226003e+01 +3.229522600e+02 +3.229522600e+02 -4.0769e-01 +2.6966e-01 +4.2923e-01
% function evaluation | noise-free fitness - Fopt (2.247300000000e+02) | best noise-free fitness - Fopt | measured fitness | best measured fitness | x1 | x2...
1 +5.709290220e+05 +5.709290220e+05 +5.711537520e+05 +5.711537520e+05 +0.0000e+00 +0.0000e+00 +0.0000e+00
7 +4.863050241e+05 +4.863050241e+05 +4.865297541e+05 +4.865297541e+05 +1.8771e-02 +5.8097e-03 +2.5656e-01
10 +3.504441583e+05 +3.504441583e+05 +3.506688883e+05 +3.506688883e+05 -6.7452e-02 -2.0418e-02 +3.3827e-01
14 +5.520995904e+04 +5.520995904e+04 +5.543468904e+04 +5.543468904e+04 -3.8563e-01 -3.5971e-01 +4.2806e-01
18 +8.156245080e+03 +8.156245080e+03 +8.380975080e+03 +8.380975080e+03 -4.5470e-01 -2.9081e-01 +5.7833e-01
20 +3.869313973e+03 +3.869313973e+03 +4.094043973e+03 +4.094043973e+03 -6.3778e-01 -2.0413e-01 +6.1732e-01
26 +2.204023133e+03 +2.204023133e+03 +2.428753133e+03 +2.428753133e+03 -6.2995e-01 -1.1832e-02 +6.1069e-01
29 +1.697722951e+03 +1.697722951e+03 +1.922452951e+03 +1.922452951e+03 -3.3361e-01 -1.1751e-01 +9.1847e-01
55 +1.293009672e+03 +1.293009672e+03 +1.517739672e+03 +1.517739672e+03 -6.1018e-01 -4.9435e-01 +4.6052e-01
73 +5.458654125e+02 +5.458654125e+02 +7.705954125e+02 +7.705954125e+02 -7.0137e-01 -4.1415e-01 +3.9208e-01
80 +1.041749130e+01 +1.041749130e+01 +2.351474913e+02 +2.351474913e+02 -7.2880e-01 -8.4339e-01 +3.4920e-01
95 +8.748359599e+00 +8.748359599e+00 +2.334783596e+02 +2.334783596e+02 -7.3014e-01 -8.5709e-01 +3.4720e-01
215 +6.898957587e+00 +6.898957587e+00 +2.316289576e+02 +2.316289576e+02 -6.9567e-01 -1.2019e+00 +3.5299e-01
257 +6.534376629e+00 +6.534376629e+00 +2.312643766e+02 +2.312643766e+02 -6.6684e-01 -1.1109e+00 +3.9285e-01
% function evaluation | noise-free fitness - Fopt (1.222800000000e+02) | best noise-free fitness - Fopt | measured fitness | best measured fitness | x1 | x2...
1 +2.377624544e+05 +2.377624544e+05 +2.378847344e+05 +2.378847344e+05 +0.0000e+00 +0.0000e+00 +0.0000e+00
2 +2.323749713e+05 +2.323749713e+05 +2.324972513e+05 +2.324972513e+05 -1.0620e-01 +2.7378e-02 -8.5531e-02
4 +1.130566755e+05 +1.130566755e+05 +1.131789555e+05 +1.131789555e+05 +1.3544e-02 +2.1846e-02 +2.3345e-01
10 +2.329429011e+04 +2.329429011e+04 +2.341657011e+04 +2.341657011e+04 -2.0891e-01 +8.6834e-02 +3.0282e-01
18 +1.222551042e+04 +1.222551042e+04 +1.234779042e+04 +1.234779042e+04 -3.9037e-02 +2.6309e-01 +3.0775e-01
27 +3.873571326e+03 +3.873571326e+03 +3.995851326e+03 +3.995851326e+03 -2.6160e-01 +1.5118e-01 +3.2413e-01
33 +3.267695977e+03 +3.267695977e+03 +3.389975977e+03 +3.389975977e+03 -2.2738e-01 +2.6009e-01 +2.6040e-01
34 +1.053202595e+03 +1.053202595e+03 +1.175482595e+03 +1.175482595e+03 -2.6555e-01 +3.1471e-01 +2.2736e-01
37 +4.656320978e+02 +4.656320978e+02 +5.879120978e+02 +5.879120978e+02 -2.3330e-01 +1.4540e-01 +4.1810e-01
44 +2.388299137e+02 +2.388299137e+02 +3.611099137e+02 +3.611099137e+02 -3.9609e-01 +2.6236e-01 +2.5612e-01
46 +3.891685563e+01 +3.891685563e+01 +1.611968556e+02 +1.611968556e+02 -3.3075e-01 -1.0732e-01 +6.2275e-01
54 +1.902007303e+01 +1.902007303e+01 +1.413000730e+02 +1.413000730e+02 -3.4474e-01 +1.5339e-01 +3.7111e-01
65 +1.339902567e+01 +1.339902567e+01 +1.356790257e+02 +1.356790257e+02 -2.3650e-01 -2.2631e-02 +5.9923e-01
84 +1.153543115e+01 +1.153543115e+01 +1.338154311e+02 +1.338154311e+02 -2.3194e-01 -1.5073e-02 +5.9814e-01
282 +1.075050725e+01 +1.075050725e+01 +1.330305073e+02 +1.330305073e+02 -5.0613e-01 -5.0769e-02 +4.4349e-01
% function evaluation | noise-free fitness - Fopt (-8.918000000000e+01) | best noise-free fitness - Fopt | measured fitness | best measured fitness | x1 | x2...
1 +1.041497985e+07 +1.041497985e+07 +1.041489067e+07 +1.041489067e+07 +0.0000e+00 +0.0000e+00 +0.0000e+00
2 +9.219344162e+06 +9.219344162e+06 +9.219254982e+06 +9.219254982e+06 -1.8831e-02 -1.7622e-01 -1.7762e-02
9 +8.075725376e+06 +8.075725376e+06 +8.075636196e+06 +8.075636196e+06 +2.0439e-01 -3.2439e-01 +6.6414e-02
13 +7.782107668e+06 +7.782107668e+06 +7.782018488e+06 +7.782018488e+06 +1.7496e-01 -3.7920e-01 +3.3900e-01
14 +7.195832279e+06 +7.195832279e+06 +7.195743099e+06 +7.195743099e+06 +1.2937e-01 -4.8746e-01 -3.3169e-01
18 +5.984084492e+06 +5.984084492e+06 +5.983995312e+06 +5.983995312e+06 +2.4399e-01 -7.1662e-01 +7.7724e-02
21 +5.549875796e+06 +5.549875796e+06 +5.549786616e+06 +5.549786616e+06 +4.6279e-01 -7.8636e-01 +1.6848e-01
23 +5.202358489e+06 +5.202358489e+06 +5.202269309e+06 +5.202269309e+06 +2.3871e-01 -9.0639e-01 -1.7442e-01
28 +5.063818051e+06 +5.063818051e+06 +5.063728871e+06 +5.063728871e+06 +5.3907e-01 -8.9941e-01 -2.8513e-01
29 +4.766226615e+06 +4.766226615e+06 +4.766137435e+06 +4.766137435e+06 +4.2008e-01 -1.0033e+00 +1.6612e-01
30 +2.000667094e+06 +2.000667094e+06 +2.000577914e+06 +2.000577914e+06 +7.0381e-01 -1.8894e+00 +1.7173e-01
36 +1.551475995e+05 +1.551475995e+05 +1.550584195e+05 +1.550584195e+05 +3.6848e-01 -2.8662e+00 -1.7792e-01
49 +1.518203770e+04 +1.518203770e+04 +1.509285770e+04 +1.509285770e+04 +9.7430e-01 -3.2886e+00 -1.7602e-01
72 +1.223392408e+03 +1.223392408e+03 +1.134212408e+03 +1.134212408e+03 -2.1945e-01 -3.3754e+00 -2.0498e-01
75 +9.932136906e+02 +9.932136906e+02 +9.040336906e+02 +9.040336906e+02 -9.0215e-01 -3.4710e+00 -3.1326e-01
101 +8.865785305e+02 +8.865785305e+02 +7.973985305e+02 +7.973985305e+02 -9.3522e-01 -3.4698e+00 -5.0028e-01
135 +3.833802643e+01 +3.833802643e+01 -5.084197357e+01 -5.084197357e+01 -1.2982e+00 -3.4914e+00 -1.3482e-01
189 +3.112879637e+01 +3.112879637e+01 -5.805120363e+01 -5.805120363e+01 -1.0232e+00 -3.4590e+00 -5.2564e-02
238 +2.704455167e+01 +2.704455167e+01 -6.213544833e+01 -6.213544833e+01 -9.8454e-01 -3.4472e+00 +6.4014e-02
246 +2.103084403e+01 +2.103084403e+01 -6.814915597e+01 -6.814915597e+01 -9.4227e-01 -3.4431e+00 +2.1794e-01
252 +1.870813688e+01 +1.870813688e+01 -7.047186312e+01 -7.047186312e+01 -8.9671e-01 -3.4375e+00 +1.8495e-01
335 +1.836094788e+01 +1.836094788e+01 -7.081905212e+01 -7.081905212e+01 -6.2042e-01 -3.3973e+00 +4.0365e-01
383 +1.772182294e+01 +1.772182294e+01 -7.145817706e+01 -7.145817706e+01 -6.2940e-01 -3.3995e+00 +3.6327e-01
724 +1.731832209e+01 +1.731832209e+01 -7.186167791e+01 -7.186167791e+01 -6.6635e-01 -3.4043e+00 +2.4766e-01
740 +1.673302773e+01 +1.673302773e+01 -7.244697227e+01 -7.244697227e+01 -6.7083e-01 -3.4043e+00 +1.2270e-01
744 +1.647986783e+01 +1.647986783e+01 -7.270013217e+01 -7.270013217e+01 -6.6580e-01 -3.4039e+00 +3.5992e-02
756 +1.535279905e+01 +1.535279905e+01 -7.382720095e+01 -7.382720095e+01 -6.6855e-01 -3.4033e+00 -1.6793e-01
773 +1.450200236e+01 +1.450200236e+01 -7.467799764e+01 -7.467799764e+01 -6.7326e-01 -3.4032e+00 -3.5770e-01
785 +1.421378268e+01 +1.421378268e+01 -7.496621732e+01 -7.496621732e+01 -6.8669e-01 -3.4041e+00 -4.9989e-01
794 +1.406221125e+01 +1.406221125e+01 -7.511778875e+01 -7.511778875e+01 -6.9309e-01 -3.4047e+00 -5.7588e-01
796 +1.352085479e+01 +1.352085479e+01 -7.565914521e+01 -7.565914521e+01 -6.8838e-01 -3.4036e+00 -6.9837e-01
797 +1.343433778e+01 +1.343433778e+01 -7.574566222e+01 -7.574566222e+01 -6.7987e-01 -3.4029e+00 -9.7722e-01
805 +1.273006310e+01 +1.273006310e+01 -7.644993690e+01 -7.644993690e+01 -6.8962e-01 -3.4039e+00 -8.3142e-01
809 +1.248476626e+01 +1.248476626e+01 -7.669523374e+01 -7.669523374e+01 -6.8509e-01 -3.4019e+00 -1.0290e+00
813 +1.226089720e+01 +1.226089720e+01 -7.691910280e+01 -7.691910280e+01 -6.8764e-01 -3.4028e+00 -9.9673e-01
837 +1.191038658e+01 +1.191038658e+01 -7.726961342e+01 -7.726961342e+01 -6.9461e-01 -3.4032e+00 -1.2633e+00
1181 +1.174893468e+01 +1.174893468e+01 -7.743106532e+01 -7.743106532e+01 -6.9475e-01 -3.4017e+00 -1.5971e+00
3638 +1.147966734e+01 +1.147966734e+01 -7.770033266e+01 -7.770033266e+01 -6.5231e-01 -3.3959e+00 -1.5091e+00
5205 +1.122007793e+01 +1.122007793e+01 -7.795992207e+01 -7.795992207e+01 -6.1080e-01 -3.3898e+00 -1.5237e+00
6867 +1.096442717e+01 +1.096442717e+01 -7.821557283e+01 -7.821557283e+01 -5.6858e-01 -3.3836e+00 -1.5233e+00
% function evaluation | noise-free fitness - Fopt (8.560000000000e+01) | best noise-free fitness - Fopt | measured fitness | best measured fitness | x1 | x2...
1 +4.122392513e+04 +4.122392513e+04 +4.130952513e+04 +4.130952513e+04 +0.0000e+00 +0.0000e+00 +0.0000e+00
3 +2.955944741e+04 +2.955944741e+04 +2.964504741e+04 +2.964504741e+04 +1.8668e-01 -1.3256e-01 -6.3450e-02
6 +6.675409706e+03 +6.675409706e+03 +6.761009706e+03 +6.761009706e+03 -4.2538e-02 -5.8617e-02 +1.3704e-01
12 +3.025041042e+03 +3.025041042e+03 +3.110641042e+03 +3.110641042e+03 +8.2460e-02 -1.2374e-01 +1.0667e-01
21 +9.734812427e+00 +9.734812427e+00 +9.533481243e+01 +9.533481243e+01 +1.0452e-01 -1.7558e-01 +1.5409e-01
122 +8.214930098e+00 +8.214930098e+00 +9.381493010e+01 +9.381493010e+01 +2.5846e-01 -2.4395e-01 +7.0401e-02
165 +7.990434334e+00 +7.990434334e+00 +9.359043433e+01 +9.359043433e+01 +2.9325e-01 -1.4550e-01 +6.5150e-02
246 +7.763004560e+00 +7.763004560e+00 +9.336300456e+01 +9.336300456e+01 +2.8906e-01 -1.8513e-01 +6.2785e-02
359 +7.661612612e+00 +7.661612612e+00 +9.326161261e+01 +9.326161261e+01 +2.1449e-01 -2.0768e-01 +9.6546e-02
860 +7.562608329e+00 +7.562608329e+00 +9.316260833e+01 +9.316260833e+01 +2.0844e-01 -2.2165e-01 +9.7907e-02
891 +7.263070190e+00 +7.263070190e+00 +9.286307019e+01 +9.286307019e+01 +2.0774e-01 -2.7404e-01 +9.3003e-02
912 +7.112649013e+00 +7.112649013e+00 +9.271264901e+01 +9.271264901e+01 +2.0994e-01 -3.1340e-01 +8.8002e-02
950 +7.015362186e+00 +7.015362186e+00 +9.261536219e+01 +9.261536219e+01 +2.0850e-01 -2.9977e-01 +8.9537e-02
1195 +6.913513706e+00 +6.913513706e+00 +9.251351371e+01 +9.251351371e+01 +2.0483e-01 -3.1414e-01 +8.9940e-02
1543 +6.719870495e+00 +6.719870495e+00 +9.231987050e+01 +9.231987050e+01 +1.9973e-01 -3.4199e-01 +8.9463e-02
1580 +6.531695042e+00 +6.531695042e+00 +9.213169504e+01 +9.213169504e+01 +1.9344e-01 -3.6940e-01 +8.9487e-02
1892 +6.448276505e+00 +6.448276505e+00 +9.204827651e+01 +9.204827651e+01 +1.9239e-01 -3.8128e-01 +8.8846e-02
2450 +6.285086162e+00 +6.285086162e+00 +9.188508616e+01 +9.188508616e+01 +1.9060e-01 -4.0504e-01 +8.7225e-02
2781 +6.160880447e+00 +6.160880447e+00 +9.176088045e+01 +9.176088045e+01 +1.8912e-01 -4.2308e-01 +8.5934e-02
3297 +6.023969243e+00 +6.023969243e+00 +9.162396924e+01 +9.162396924e+01 +1.8934e-01 -4.4329e-01 +8.3783e-02
3622 +5.880045482e+00 +5.880045482e+00 +9.148004548e+01 +9.148004548e+01 +1.8522e-01 -4.6640e-01 +8.3217e-02
4059 +5.752631977e+00 +5.752631977e+00 +9.135263198e+01 +9.135263198e+01 +1.8210e-01 -4.8624e-01 +8.2753e-02
4251 +5.621078186e+00 +5.621078186e+00 +9.122107819e+01 +9.122107819e+01 +1.7674e-01 -5.1003e-01 +8.2663e-02
4911 +5.493226052e+00 +5.493226052e+00 +9.109322605e+01 +9.109322605e+01 +1.7270e-01 -5.3031e-01 +8.2607e-02
5286 +5.370316402e+00 +5.370316402e+00 +9.097031640e+01 +9.097031640e+01 +1.6783e-01 -5.5284e-01 +8.2587e-02
5745 +5.240572504e+00 +5.240572504e+00 +9.084057250e+01 +9.084057250e+01 +1.6225e-01 -5.7923e-01 +8.2565e-02
6725 +5.128383135e+00 +5.128383135e+00 +9.072838313e+01 +9.072838313e+01 +1.5714e-01 -6.0150e-01 +8.2641e-02
