% function evaluation | noise-free fitness - Fopt (7.627000000000e+01) | best noise-free fitness - Fopt | measured fitness | best measured fitness | x1 | x2...
1 +1.019131247e+07 +1.019131247e+07 +1.019138874e+07 +1.019138874e+07 +0.0000e+00 +0.0000e+00
3 +9.254661020e+06 +9.254661020e+06 +9.254737290e+06 +9.254737290e+06 +2.6333e-01 -2.6013e-01
7 +8.921853399e+06 +8.921853399e+06 +8.921929669e+06 +8.921929669e+06 -8.5675e-02 -2.2439e-01
11 +8.902513460e+06 +8.902513460e+06 +8.902589730e+06 +8.902589730e+06 +2.3124e-01 -3.2922e-01
15 +7.813822688e+06 +7.813822688e+06 +7.813898958e+06 +7.813898958e+06 -9.3540e-02 -5.3817e-01
20 +7.550878059e+06 +7.550878059e+06 +7.550954329e+06 +7.550954329e+06 -3.9125e-02 -6.3982e-01
22 +7.278740945e+06 +7.278740945e+06 +7.278817215e+06 +7.278817215e+06 +7.5347e-02 -7.5859e-01
26 +5.938862189e+06 +5.938862189e+06 +5.938938459e+06 +5.938938459e+06 -9.0354e-02 -1.0064e+00
27 +3.668131944e+06 +3.668131944e+06 +3.668208214e+06 +3.668208214e+06 +2.7246e-01 -1.4825e+00
35 +9.465467368e+05 +9.465467368e+05 +9.466230068e+05 +9.466230068e+05 +1.2733e-02 -2.4177e+00
42 +4.609186421e+04 +4.609186421e+04 +4.616813421e+04 +4.616813421e+04 +7.0226e-01 -3.4452e+00
46 +1.607377403e+04 +1.607377403e+04 +1.615004403e+04 +1.615004403e+04 -1.0003e-01 -3.2783e+00
49 +4.203104652e+03 +4.203104652e+03 +4.279374652e+03 +4.279374652e+03 +1.7306e-01 -3.4275e+00
52 +1.491282149e+02 +1.491282149e+02 +2.253982149e+02 +2.253982149e+02 -2.9740e-01 -3.3660e+00
159 +9.076827884e+01 +9.076827884e+01 +1.670382788e+02 +1.670382788e+02 -7.8726e-01 -3.1884e+00
188 +6.965528979e+00 +6.965528979e+00 +8.323552898e+01 +8.323552898e+01 -1.1426e+00 -3.0828e+00
236 +3.272982051e-01 +3.272982051e-01 +7.659729821e+01 +7.659729821e+01 -7.3646e-01 -3.2148e+00
% function evaluation | noise-free fitness - Fopt (-2.255000000000e+01) | best noise-free fitness - Fopt | measured fitness | best measured fitness | x1 | x2...
1 +1.001445220e+07 +1.001445220e+07 +1.001442965e+07 +1.001442965e+07 +0.0000e+00 +0.0000e+00
3 +9.872205400e+06 +9.872205400e+06 +9.872182850e+06 +9.872182850e+06 -6.4337e-02 +2.6539e-01
4 +8.975656695e+06 +8.975656695e+06 +8.975634145e+06 +8.975634145e+06 +1.3348e-01 +2.2517e-01
7 +8.372927309e+06 +8.372927309e+06 +8.372904759e+06 +8.372904759e+06 +4.7776e-01 -3.2816e-01
11 +7.452347967e+06 +7.452347967e+06 +7.452325417e+06 +7.452325417e+06 +6.5146e-01 +1.5475e-02
12 +7.260659428e+06 +7.260659428e+06 +7.260636878e+06 +7.260636878e+06 +7.2509e-01 -3.2207e-02
19 +6.776168026e+06 +6.776168026e+06 +6.776145476e+06 +6.776145476e+06 +6.2224e-01 +6.4620e-01
20 +4.643259686e+06 +4.643259686e+06 +4.643237136e+06 +4.643237136e+06 +1.2503e+00 -8.8852e-02
24 +6.333727924e+05 +6.333727924e+05 +6.333502424e+05 +6.333502424e+05 +2.4961e+00 +6.7174e-02
26 +4.122359480e+04 +4.122359480e+04 +4.120104480e+04 +4.120104480e+04 +3.0279e+00 +5.8909e-01
27 +5.440391412e+03 +5.440391412e+03 +5.417841412e+03 +5.417841412e+03 +3.2531e+00 +3.0538e-01
56 +2.546697555e+03 +2.546697555e+03 +2.524147555e+03 +2.524147555e+03 +2.7414e+00 +2.2126e+00
140 +1.580000526e+03 +1.580000526e+03 +1.557450526e+03 +1.557450526e+03 +3.1974e+00 +5.8680e-01
145 +9.348100812e+01 +9.348100812e+01 +7.093100812e+01 +7.093100812e+01 +3.1696e+00 +8.2796e-01
161 +6.531657348e+00 +6.531657348e+00 -1.601834265e+01 -1.601834265e+01 +3.2784e+00 +4.7089e-01
212 +4.394317814e+00 +4.394317814e+00 -1.815568219e+01 -1.815568219e+01 +3.1462e+00 +8.6864e-01
% function evaluation | noise-free fitness - Fopt (1.366000000000e+01) | best noise-free fitness - Fopt | measured fitness | best measured fitness | x1 | x2...
1 +5.237814535e+05 +5.237814535e+05 +5.237951135e+05 +5.237951135e+05 +0.0000e+00 +0.0000e+00
4 +3.769556651e+05 +3.769556651e+05 +3.769693251e+05 +3.769693251e+05 -2.7447e-01 -4.5207e-02
5 +2.813635661e+05 +2.813635661e+05 +2.813772261e+05 +2.813772261e+05 -2.6175e-01 +7.7503e-02
6 +1.791870051e+05 +1.791870051e+05 +1.792006651e+05 +1.792006651e+05 -1.9406e-01 +3.2620e-01
11 +1.275695781e+04 +1.275695781e+04 +1.277061781e+04 +1.277061781e+04 -5.5313e-01 +3.8968e-01
12 +2.154788998e+03 +2.154788998e+03 +2.168448998e+03 +2.168448998e+03 -5.9097e-01 +4.4539e-01
26 +1.471274894e+03 +1.471274894e+03 +1.484934894e+03 +1.484934894e+03 -9.6412e-01 -1.6615e-01
45 +6.983698277e+00 +6.983698277e+00 +2.064369828e+01 +2.064369828e+01 -8.2076e-01 +1.5224e-01
124 +4.696352101e+00 +4.696352101e+00 +1.835635210e+01 +1.835635210e+01 -1.1360e-01 +1.3290e+00
194 +1.490048619e+00 +1.490048619e+00 +1.515004862e+01 +1.515004862e+01 -9.5499e-02 +1.3566e+00
236 +1.272630202e+00 +1.272630202e+00 +1.493263020e+01 +1.493263020e+01 -7.5964e-02 +1.3888e+00
241 +9.924360303e-01 +9.924360303e-01 +1.465243603e+01 +1.465243603e+01 -7.3764e-02 +1.3919e+00
385 +9.639040422e-01 +9.639040422e-01 +1.462390404e+01 +1.462390404e+01 -7.9128e-02 +1.3827e+00
388 +9.466598599e-01 +9.466598599e-01 +1.460665986e+01 +1.460665986e+01 -7.8504e-02 +1.3835e+00
4548 +9.332114822e-01 +9.332114822e-01 +1.459321148e+01 +1.459321148e+01 -7.5962e-02 +1.3877e+00
% function evaluation | noise-free fitness - Fopt (9.378400000000e+02) | best noise-free fitness - Fopt | measured fitness | best measured fitness | x1 | x2...
1 +4.596821521e+06 +4.596821521e+06 +4.597759361e+06 +4.597759361e+06 +0.0000e+00 +0.0000e+00
2 +4.016429661e+06 +4.016429661e+06 +4.017367501e+06 +4.017367501e+06 -2.3619e-01 -1.5125e-02
7 +3.875556283e+06 +3.875556283e+06 +3.876494123e+06 +3.876494123e+06 -7.0435e-02 +3.3974e-01
11 +3.154295189e+06 +3.154295189e+06 +3.155233029e+06 +3.155233029e+06 -3.7591e-01 +3.4775e-01
18 +2.603517605e+06 +2.603517605e+06 +2.604455445e+06 +2.604455445e+06 -6.4590e-01 +2.6586e-01
26 +1.987408837e+06 +1.987408837e+06 +1.988346677e+06 +1.988346677e+06 -9.8500e-01 +7.2793e-02
28 +1.539363579e+06 +1.539363579e+06 +1.540301419e+06 +1.540301419e+06 -1.2462e+00 -1.0054e-01
35 +8.954266966e+05 +8.954266966e+05 +8.963645366e+05 +8.963645366e+05 -1.1335e+00 +4.6333e-01
36 +4.092688437e+05 +4.092688437e+05 +4.102066837e+05 +4.102066837e+05 -1.9760e+00 -3.7484e-01
38 +2.481143531e+05 +2.481143531e+05 +2.490521931e+05 +2.490521931e+05 -1.9186e+00 +7.8770e-02
44 +1.459364307e+04 +1.459364307e+04 +1.553148307e+04 +1.553148307e+04 -3.1987e+00 -7.7387e-01
47 +1.068413493e+04 +1.068413493e+04 +1.162197493e+04 +1.162197493e+04 -2.5400e+00 -1.5549e-01
55 +5.084464161e+01 +5.084464161e+01 +9.886846416e+02 +9.886846416e+02 -2.5889e+00 -2.4253e-02
121 +3.521828674e+01 +3.521828674e+01 +9.730582867e+02 +9.730582867e+02 -2.4780e+00 +1.3187e-01
147 +1.671133083e+01 +1.671133083e+01 +9.545513308e+02 +9.545513308e+02 -2.4804e+00 +1.3550e-01
1930 +1.659476299e+01 +1.659476299e+01 +9.544347630e+02 +9.544347630e+02 -2.4726e+00 +1.4776e-01
% function evaluation | noise-free fitness - Fopt (-7.872000000000e+01) | best noise-free fitness - Fopt | measured fitness | best measured fitness | x1 | x2...
1 +9.358657819e+06 +9.358657819e+06 +9.358579099e+06 +9.358579099e+06 +0.0000e+00 +0.0000e+00
2 +8.703388103e+06 +8.703388103e+06 +8.703309383e+06 +8.703309383e+06 +1.4102e-01 -7.5215e-02
9 +8.421725607e+06 +8.421725607e+06 +8.421646887e+06 +8.421646887e+06 -3.8675e-02 -2.9209e-01
16 +7.343992760e+06 +7.343992760e+06 +7.343914040e+06 +7.343914040e+06 +1.5872e-01 -5.4338e-01
19 +6.234704345e+06 +6.234704345e+06 +6.234625625e+06 +6.234625625e+06 +5.3110e-01 -5.8786e-01
20 +3.152453230e+06 +3.152453230e+06 +3.152374510e+06 +3.152374510e+06 +7.8283e-01 -1.0046e+00
26 +2.016543081e+06 +2.016543081e+06 +2.016464361e+06 +2.016464361e+06 +1.0103e+00 -1.3932e+00
35 +8.462574803e+05 +8.462574803e+05 +8.461787603e+05 +8.461787603e+05 +8.8858e-01 -2.0477e+00
40 +5.074103737e+04 +5.074103737e+04 +5.066231737e+04 +5.066231737e+04 +1.6937e+00 -2.3707e+00
44 +9.557740442e+02 +9.557740442e+02 +8.770540442e+02 +8.770540442e+02 +7.6795e-01 -3.2680e+00
67 +7.136636583e+01 +7.136636583e+01 -7.353634173e+00 -7.353634173e+00 +1.2967e+00 -2.9212e+00
90 +6.448056992e+01 +6.448056992e+01 -1.423943008e+01 -1.423943008e+01 +1.1021e+00 -3.0799e+00
122 +5.373740869e+01 +5.373740869e+01 -2.498259131e+01 -2.498259131e+01 +9.3537e-01 -3.1804e+00
127 +3.790237697e+01 +3.790237697e+01 -4.081762303e+01 -4.081762303e+01 +1.1796e+00 -3.0073e+00
154 +1.203690474e+01 +1.203690474e+01 -6.668309526e+01 -6.668309526e+01 +1.0228e+00 -3.1290e+00
231 +9.306489021e+00 +9.306489021e+00 -6.941351098e+01 -6.941351098e+01 +1.0761e+00 -3.0899e+00
270 +9.083586482e+00 +9.083586482e+00 -6.963641352e+01 -6.963641352e+01 +9.5205e-01 -3.1777e+00
282 +8.688867717e+00 +8.688867717e+00 -7.003113228e+01 -7.003113228e+01 +1.0023e+00 -3.1403e+00
349 +8.393250915e+00 +8.393250915e+00 -7.032674908e+01 -7.032674908e+01 +9.9505e-01 -3.1464e+00
392 +8.029664184e+00 +8.029664184e+00 -7.069033582e+01 -7.069033582e+01 +1.0446e+00 -3.1111e+00
% function evaluation | noise-free fitness - Fopt (-3.233900000000e+02) | best noise-free fitness - Fopt | measured fitness | best measured fitness | x1 | x2...
1 +1.436003626e+06 +1.436003626e+06 +1.435680236e+06 +1.435680236e+06 +0.0000e+00 +0.0000e+00
2 +9.644549431e+05 +9.644549431e+05 +9.641315531e+05 +9.641315531e+05 -2.1314e-01 +2.3903e-02
6 +3.130869064e+05 +3.130869064e+05 +3.127635164e+05 +3.127635164e+05 -6.1826e-01 -2.3293e-01
10 +5.394198779e+03 +5.394198779e+03 +5.070808779e+03 +5.070808779e+03 -1.4581e+00 -1.2459e-01
26 +9.725104465e+01 +9.725104465e+01 -2.261389553e+02 -2.261389553e+02 -1.5592e+00 -1.2992e-01
68 +6.020118023e+01 +6.020118023e+01 -2.631888198e+02 -2.631888198e+02 -9.1222e-01 -6.7345e-01
123 +1.427200309e+01 +1.427200309e+01 -3.091179969e+02 -3.091179969e+02 -1.2826e+00 -3.7612e-01
284 +9.401590364e+00 +9.401590364e+00 -3.139884096e+02 -3.139884096e+02 -1.3691e+00 -2.9996e-01
% function evaluation | noise-free fitness - Fopt (1.621000000000e+01) | best noise-free fitness - Fopt | measured fitness | best measured fitness | x1 | x2...
1 +4.270240718e+06 +4.270240718e+06 +4.270256928e+06 +4.270256928e+06 +0.0000e+00 +0.0000e+00
3 +3.892532597e+06 +3.892532597e+06 +3.892548807e+06 +3.892548807e+06 -5.6601e-02 -1.3810e-01
4 +3.159986604e+06 +3.159986604e+06 +3.160002814e+06 +3.160002814e+06 -1.7923e-01 -2.5592e-01
8 +2.335379291e+06 +2.335379291e+06 +2.335395501e+06 +2.335395501e+06 -3.8695e-01 +2.6564e-01
10 +2.033523405e+06 +2.033523405e+06 +2.033539615e+06 +2.033539615e+06 -5.9764e-01 -4.0517e-01
17 +1.319857037e+06 +1.319857037e+06 +1.319873247e+06 +1.319873247e+06 -9.6740e-01 -1.4050e-01
19 +6.763678401e+05 +6.763678401e+05 +6.763840501e+05 +6.763840501e+05 -1.1530e+00 -1.1319e+00
21 +1.012430548e+05 +1.012430548e+05 +1.012592648e+05 +1.012592648e+05 -1.7374e+00 -7.0418e-01
25 +8.619263883e+02 +8.619263883e+02 +8.781363883e+02 +8.781363883e+02 -2.0197e+00 +3.9584e-01
44 +6.230085064e+02 +6.230085064e+02 +6.392185064e+02 +6.392185064e+02 -2.0248e+00 +8.7892e-01
138 +3.209508518e+02 +3.209508518e+02 +3.371608518e+02 +3.371608518e+02 -2.0643e+00 -5.5011e-01
155 +3.099636109e+02 +3.099636109e+02 +3.261736109e+02 +3.261736109e+02 -2.0642e+00 -3.1868e-01
157 +1.501111162e+01 +1.501111162e+01 +3.122111162e+01 +3.122111162e+01 -2.0488e+00 -1.0418e+00
182 +1.415939959e+01 +1.415939959e+01 +3.036939959e+01 +3.036939959e+01 -2.0493e+00 -7.3440e-01
230 +1.407471116e+01 +1.407471116e+01 +3.028471116e+01 +3.028471116e+01 -2.0439e+00 -8.9759e-01
237 +7.943742291e+00 +7.943742291e+00 +2.415374229e+01 +2.415374229e+01 -2.0470e+00 -8.8531e-01
255 +7.482625033e+00 +7.482625033e+00 +2.369262503e+01 +2.369262503e+01 -2.0459e+00 -8.3487e-01
277 +7.399571348e+00 +7.399571348e+00 +2.360957135e+01 +2.360957135e+01 -2.0465e+00 -8.5758e-01
441 +7.218283134e+00 +7.218283134e+00 +2.342828313e+01 +2.342828313e+01 -2.0463e+00 -8.2674e-01
459 +6.931254022e+00 +6.931254022e+00 +2.314125402e+01 +2.314125402e+01 -2.0465e+00 -7.7564e-01
466 +6.880640360e+00 +6.880640360e+00 +2.309064036e+01 +2.309064036e+01 -2.0465e+00 -7.6613e-01
474 +6.748001139e+00 +6.748001139e+00 +2.295800114e+01 +2.295800114e+01 -2.0465e+00 -7.4068e-01
484 +6.601290021e+00 +6.601290021e+00 +2.281129002e+01 +2.281129002e+01 -2.0462e+00 -6.8320e-01
485 +6.424532172e+00 +6.424532172e+00 +2.263453217e+01 +2.263453217e+01 -2.0465e+00 -6.7353e-01
491 +6.150218991e+00 +6.150218991e+00 +2.236021899e+01 +2.236021899e+01 -2.0464e+00 -6.0440e-01
494 +5.949220754e+00 +5.949220754e+00 +2.215922075e+01 +2.215922075e+01 -2.0466e+00 -5.7248e-01
510 +5.681053347e+00 +5.681053347e+00 +2.189105335e+01 +2.189105335e+01 -2.0464e+00 -4.7130e-01
511 +5.536064159e+00 +5.536064159e+00 +2.174606416e+01 +2.174606416e+01 -2.0467e+00 -4.7626e-01
518 +5.150507292e+00 +5.150507292e+00 +2.136050729e+01 +2.136050729e+01 -2.0467e+00 -3.6514e-01
522 +4.484360453e+00 +4.484360453e+00 +2.069436045e+01 +2.069436045e+01 -2.0468e+00 -1.2408e-01
533 +4.375720569e+00 +4.375720569e+00 +2.058572057e+01 +2.058572057e+01 -2.0470e+00 -1.4076e-01
535 +3.048699111e+00 +3.048699111e+00 +1.925869911e+01 +1.925869911e+01 -2.0473e+00 +4.1758e-01
546 +9.548703236e-01 +9.548703236e-01 +1.716487032e+01 +1.716487032e+01 -2.0481e+00 +1.1334e+00
557 +7.739762015e-01 +7.739762015e-01 +1.698397620e+01 +1.698397620e+01 -2.0484e+00 +1.0380e+00
575 +3.386547025e-01 +3.386547025e-01 +1.654865470e+01 +1.654865470e+01 -2.0488e+00 +1.3397e+00
586 +1.511910647e-01 +1.511910647e-01 +1.636119106e+01 +1.636119106e+01 -2.0492e+00 +1.9154e+00
614 +1.084033847e-01 +1.084033847e-01 +1.631840338e+01 +1.631840338e+01 -2.0493e+00 +1.6317e+00
617 +5.926831259e-02 +5.926831259e-02 +1.626926831e+01 +1.626926831e+01 -2.0494e+00 +1.7082e+00
636 +5.116544957e-02 +5.116544957e-02 +1.626116545e+01 +1.626116545e+01 -2.0496e+00 +2.1115e+00
637 +1.792629967e-03 +1.792629967e-03 +1.621179263e+01 +1.621179263e+01 -2.0495e+00 +1.9127e+00
687 +3.163492457e-04 +3.163492457e-04 +1.621031635e+01 +1.621031635e+01 -2.0496e+00 +1.9550e+00
726 +3.062431295e-05 +3.062431295e-05 +1.621003062e+01 +1.621003062e+01 -2.0496e+00 +1.9472e+00
736 +1.088429592e-05 +1.088429592e-05 +1.621001088e+01 +1.621001088e+01 -2.0496e+00 +1.9474e+00
739 +3.745115951e-06 +3.745115951e-06 +1.621000375e+01 +1.621000375e+01 -2.0496e+00 +1.9440e+00
766 +6.095801162e-07 +6.095801162e-07 +1.621000061e+01 +1.621000061e+01 -2.0496e+00 +1.9448e+00
800 +5.001784729e-07 +5.001784729e-07 +1.621000050e+01 +1.621000050e+01 -2.0496e+00 +1.9447e+00
803 +4.681325905e-08 +4.681325905e-08 +1.621000005e+01 +1.621000005e+01 -2.0496e+00 +1.9438e+00
840 +3.966567519e-08 +3.966567519e-08 +1.621000004e+01 +1.621000004e+01 -2.0496e+00 +1.9441e+00
849 +2.742288530e-08 +2.742288530e-08 +1.621000003e+01 +1.621000003e+01 -2.0496e+00 +1.9439e+00
880 +2.165816682e-08 +2.165816682e-08 +1.621000002e+01 +1.621000002e+01 -2.0496e+00 +1.9439e+00
883 +2.025675627e-09 +2.025675627e-09 +1.621000000e+01 +1.621000000e+01 -2.0496e+00 +1.9440e+00
1149 +0.000000000e+00 +0.000000000e+00 +1.621000000e+01 +1.621000000e+01 -2.0496e+00 +1.9440e+00
% function evaluation | noise-free fitness - Fopt (-5.551000000000e+01) | best noise-free fitness - Fopt | measured fitness | best measured fitness | x1 | x2...
1 +1.489699470e+07 +1.489699470e+07 +1.489693919e+07 +1.489693919e+07 +0.0000e+00 +0.0000e+00
3 +1.377205237e+07 +1.377205237e+07 +1.377199686e+07 +1.377199686e+07 -1.5191e-01 -1.2031e-02
11 +1.260940336e+07 +1.260940336e+07 +1.260934785e+07 +1.260934785e+07 -6.7324e-02 -3.4605e-01
12 +1.191170097e+07 +1.191170097e+07 +1.191164546e+07 +1.191164546e+07 -3.0628e-01 -1.7836e-01
13 +1.109839741e+07 +1.109839741e+07 +1.109834190e+07 +1.109834190e+07 -5.3826e-01 -5.5251e-02
18 +1.084110344e+07 +1.084110344e+07 +1.084104793e+07 +1.084104793e+07 -3.6869e-01 -3.3514e-01
19 +7.851592316e+06 +7.851592316e+06 +7.851536806e+06 +7.851536806e+06 -1.3031e+00 -1.5307e-01
29 +6.238734808e+06 +6.238734808e+06 +6.238679298e+06 +6.238679298e+06 -1.8084e+00 -1.6007e-01
34 +2.066149687e+06 +2.066149687e+06 +2.066094177e+06 +2.066094177e+06 -2.4511e+00 -7.2943e-01
39 +4.888766475e+05 +4.888766475e+05 +4.888211375e+05 +4.888211375e+05 -3.9293e+00 -1.4687e-01
47 +1.522766923e+05 +1.522766923e+05 +1.522211823e+05 +1.522211823e+05 -3.8929e+00 -6.3159e-01
63 +3.173983669e+04 +3.173983669e+04 +3.168432669e+04 +3.168432669e+04 -4.2731e+00 -5.2601e-01
82 +3.672748269e+03 +3.672748269e+03 +3.617238269e+03 +3.617238269e+03 -4.5599e+00 -5.5056e-01
99 +2.615504575e+03 +2.615504575e+03 +2.559994575e+03 +2.559994575e+03 -4.4417e+00 -6.7864e-01
101 +1.963378839e+03 +1.963378839e+03 +1.907868839e+03 +1.907868839e+03 -4.4846e+00 -6.0948e-01
135 +1.656867334e+01 +1.656867334e+01 -3.894132666e+01 -3.894132666e+01 -4.4940e+00 -5.2434e-01
194 +9.399062430e+00 +9.399062430e+00 -4.611093757e+01 -4.611093757e+01 -4.6008e+00 -3.9309e-01
276 +9.240380403e+00 +9.240380403e+00 -4.626961960e+01 -4.626961960e+01 -4.6338e+00 -3.5004e-01
314 +8.281817767e+00 +8.281817767e+00 -4.722818223e+01 -4.722818223e+01 -4.6385e+00 -3.4193e-01
% function evaluation | noise-free fitness - Fopt (5.610000000000e+00) | best noise-free fitness - Fopt | measured fitness | best measured fitness | x1 | x2...
1 +4.825239266e+06 +4.825239266e+06 +4.825244876e+06 +4.825244876e+06 +0.0000e+00 +0.0000e+00
5 +4.051352086e+06 +4.051352086e+06 +4.051357696e+06 +4.051357696e+06 -1.9691e-01 +2.6840e-01
7 +3.648578311e+06 +3.648578311e+06 +3.648583921e+06 +3.648583921e+06 -3.3345e-02 +3.9739e-01
11 +2.469867148e+06 +2.469867148e+06 +2.469872758e+06 +2.469872758e+06 -2.9034e-01 +8.3085e-01
18 +6.366909925e+04 +6.366909925e+04 +6.367470925e+04 +6.367470925e+04 -4.6855e-01 +2.0401e+00
43 +1.496525932e+04 +1.496525932e+04 +1.497086932e+04 +1.497086932e+04 -7.7362e-01 +2.4489e+00
70 +7.406450334e+03 +7.406450334e+03 +7.412060334e+03 +7.412060334e+03 +1.6025e-01 +2.1378e+00
103 +2.582498819e+03 +2.582498819e+03 +2.588108819e+03 +2.588108819e+03 -2.0021e-01 +2.2179e+00
115 +8.888230457e+02 +8.888230457e+02 +8.944330457e+02 +8.944330457e+02 +4.8394e-02 +2.2708e+00
116 +4.880523331e+02 +4.880523331e+02 +4.936623331e+02 +4.936623331e+02 -4.8528e-01 +2.3177e+00
147 +3.599820404e+02 +3.599820404e+02 +3.655920404e+02 +3.655920404e+02 -3.1433e-02 +2.2313e+00
151 +2.624294063e+02 +2.624294063e+02 +2.680394063e+02 +2.680394063e+02 -1.2651e-01 +2.2441e+00
159 +2.100006936e+01 +2.100006936e+01 +2.661006936e+01 +2.661006936e+01 -1.0469e-01 +2.2546e+00
166 +1.279927433e+01 +1.279927433e+01 +1.840927433e+01 +1.840927433e+01 -3.5339e-03 +2.2474e+00
248 +1.253589634e+01 +1.253589634e+01 +1.814589634e+01 +1.814589634e+01 +2.0749e-02 +2.2443e+00
1380 +1.228139569e+01 +1.228139569e+01 +1.789139569e+01 +1.789139569e+01 +4.3978e-02 +2.2422e+00
1776 +1.202007540e+01 +1.202007540e+01 +1.763007540e+01 +1.763007540e+01 +7.6792e-02 +2.2389e+00
1974 +1.174820446e+01 +1.174820446e+01 +1.735820446e+01 +1.735820446e+01 +1.1280e-01 +2.2353e+00
2273 +1.147778969e+01 +1.147778969e+01 +1.708778969e+01 +1.708778969e+01 +1.5377e-01 +2.2313e+00
2751 +1.121006212e+01 +1.121006212e+01 +1.682006212e+01 +1.682006212e+01 +1.8447e-01 +2.2280e+00
3623 +1.096109341e+01 +1.096109341e+01 +1.657109341e+01 +1.657109341e+01 +2.1755e-01 +2.2246e+00
3969 +1.067537765e+01 +1.067537765e+01 +1.628537765e+01 +1.628537765e+01 +2.5947e-01 +2.2204e+00
4773 +1.047006605e+01 +1.047006605e+01 +1.608006605e+01 +1.608006605e+01 +2.9138e-01 +2.2172e+00
% function evaluation | noise-free fitness - Fopt (-1.197100000000e+02) | best noise-free fitness - Fopt | measured fitness | best measured fitness | x1 | x2...
1 +6.086648692e+06 +6.086648692e+06 +6.086528982e+06 +6.086528982e+06 +0.0000e+00 +0.0000e+00
4 +4.861835106e+06 +4.861835106e+06 +4.861715396e+06 +4.861715396e+06 +1.1249e-01 +3.0222e-01
11 +4.245259908e+06 +4.245259908e+06 +4.245140198e+06 +4.245140198e+06 +5.5770e-01 +1.7724e-01
20 +4.096828282e+06 +4.096828282e+06 +4.096708572e+06 +4.096708572e+06 +6.0187e-01 +2.0611e-01
23 +3.964432642e+06 +3.964432642e+06 +3.964312932e+06 +3.964312932e+06 +2.3535e-01 +5.7554e-01
27 +2.365542731e+06 +2.365542731e+06 +2.365423021e+06 +2.365423021e+06 +9.8280e-01 +6.6637e-01
34 +2.313917422e+06 +2.313917422e+06 +2.313797712e+06 +2.313797712e+06 +1.2748e+00 +4.4045e-01
36 +2.192405571e+06 +2.192405571e+06 +2.192285861e+06 +2.192285861e+06 +9.7709e-01 +7.3794e-01
41 +5.146737195e+05 +5.146737195e+05 +5.145540095e+05 +5.145540095e+05 +1.3263e+00 +1.1975e+00
44 +2.580979875e+05 +2.580979875e+05 +2.579782775e+05 +2.579782775e+05 +1.6057e+00 +1.3016e+00
51 +1.311147669e+05 +1.311147669e+05 +1.309950569e+05 +1.309950569e+05 +1.5280e+00 +2.5325e+00
55 +5.043174215e+03 +5.043174215e+03 +4.923464215e+03 +4.923464215e+03 +2.0902e+00 +1.4702e+00
92 +2.257544296e+02 +2.257544296e+02 +1.060444296e+02 +1.060444296e+02 -7.1920e+00 +9.3872e+00
219 +1.514206388e+02 +1.514206388e+02 +3.171063882e+01 +3.171063882e+01 -4.8734e+00 +7.4303e+00
226 +1.091113409e+02 +1.091113409e+02 -1.059865914e+01 -1.059865914e+01 -4.7646e+00 +7.3456e+00
316 +1.068514800e+02 +1.068514800e+02 -1.285851998e+01 -1.285851998e+01 -4.7262e+00 +7.3158e+00
% function evaluation | noise-free fitness - Fopt (3.017400000000e+02) | best noise-free fitness - Fopt | measured fitness | best measured fitness | x1 | x2...
1 +9.903066950e+04 +9.903066950e+04 +9.933240950e+04 +9.933240950e+04 +0.0000e+00 +0.0000e+00
2 +6.876919176e+04 +6.876919176e+04 +6.907093176e+04 +6.907093176e+04 +2.2969e-01 +6.0628e-02
3 +2.937143929e+04 +2.937143929e+04 +2.967317929e+04 +2.967317929e+04 +5.4128e-01 -2.6990e-01
4 +3.554912181e+03 +3.554912181e+03 +3.856652181e+03 +3.856652181e+03 -2.3052e-02 -2.8634e-01
8 +3.913218847e+02 +3.913218847e+02 +6.930618847e+02 +6.930618847e+02 +1.8648e-01 -2.3204e-01
60 +9.533230260e+01 +9.533230260e+01 +3.970723026e+02 +3.970723026e+02 +4.1503e-01 -1.3034e-01
76 +8.266993887e+01 +8.266993887e+01 +3.844099389e+02 +3.844099389e+02 +3.8346e-01 -1.4671e-01
81 +4.889970504e+01 +4.889970504e+01 +3.506397050e+02 +3.506397050e+02 +4.9587e-01 -9.5282e-02
83 +4.481113200e+01 +4.481113200e+01 +3.465511320e+02 +3.465511320e+02 +4.4325e-01 -1.3231e-01
94 +3.046581671e+01 +3.046581671e+01 +3.322058167e+02 +3.322058167e+02 +4.0495e-01 -1.4213e-01
96 +2.691096500e+01 +2.691096500e+01 +3.286509650e+02 +3.286509650e+02 +3.4683e-01 -1.7120e-01
125 +2.426472209e+01 +2.426472209e+01 +3.260047221e+02 +3.260047221e+02 +4.5675e-01 -1.2249e-01
126 +2.266854849e+01 +2.266854849e+01 +3.244085485e+02 +3.244085485e+02 +4.9675e-01 -1.0244e-01
143 +1.975274398e+01 +1.975274398e+01 +3.214927440e+02 +3.214927440e+02 +4.5013e-01 -1.2425e-01
151 +1.930295741e+01 +1.930295741e+01 +3.210429574e+02 +3.210429574e+02 +4.5114e-01 -1.2300e-01
% function evaluation | noise-free fitness - Fopt (2.247300000000e+02) | best noise-free fitness - Fopt | measured fitness | best measured fitness | x1 | x2...
1 +4.723714650e+04 +4.723714650e+04 +4.746187650e+04 +4.746187650e+04 +0.0000e+00 +0.0000e+00
2 +4.118186832e+03 +4.118186832e+03 +4.342916832e+03 +4.342916832e+03 -1.8546e-01 +5.5127e-02
8 +2.586234167e+01 +2.586234167e+01 +2.505923417e+02 +2.505923417e+02 -3.5112e-01 +2.3842e-01
19 +7.243621824e+00 +7.243621824e+00 +2.319736218e+02 +2.319736218e+02 -1.3702e-01 -2.1628e-01
% function evaluation | noise-free fitness - Fopt (1.222800000000e+02) | best noise-free fitness - Fopt | measured fitness | best measured fitness | x1 | x2...
1 +7.860683492e+06 +7.860683492e+06 +7.860805772e+06 +7.860805772e+06 +0.0000e+00 +0.0000e+00
3 +7.018455729e+06 +7.018455729e+06 +7.018578009e+06 +7.018578009e+06 +6.5141e-02 -1.5822e-01
5 +6.625943900e+06 +6.625943900e+06 +6.626066180e+06 +6.626066180e+06 +2.5416e-01 -2.5798e-01
12 +6.298668322e+06 +6.298668322e+06 +6.298790602e+06 +6.298790602e+06 +2.1706e-01 -3.2024e-01
15 +5.982937925e+06 +5.982937925e+06 +5.983060205e+06 +5.983060205e+06 -1.2706e-01 -3.4510e-01
16 +4.554588103e+06 +4.554588103e+06 +4.554710383e+06 +4.554710383e+06 -1.6855e-01 -7.1522e-01
20 +2.715931816e+06 +2.715931816e+06 +2.716054096e+06 +2.716054096e+06 +3.5132e-01 -1.4250e+00
21 +1.843052464e+06 +1.843052464e+06 +1.843174744e+06 +1.843174744e+06 +1.1421e-01 -1.6569e+00
26 +3.019492487e+05 +3.019492487e+05 +3.020715287e+05 +3.020715287e+05 -3.1407e-01 -2.2821e+00
38 +2.746434991e+05 +2.746434991e+05 +2.747657791e+05 +2.747657791e+05 +7.9332e-01 -2.4604e+00
44 +1.236630136e+05 +1.236630136e+05 +1.237852936e+05 +1.237852936e+05 -1.2622e+00 -3.1047e+00
50 +3.651913291e+04 +3.651913291e+04 +3.664141291e+04 +3.664141291e+04 -5.9788e-01 -2.6465e+00
54 +1.535257887e+04 +1.535257887e+04 +1.547485887e+04 +1.547485887e+04 -1.0556e+00 -2.9015e+00
56 +3.713755629e+03 +3.713755629e+03 +3.836035629e+03 +3.836035629e+03 -5.5866e-01 -2.9015e+00
77 +8.285438263e+02 +8.285438263e+02 +9.508238263e+02 +9.508238263e+02 +1.3117e-01 -2.9516e+00
94 +9.997130821e+01 +9.997130821e+01 +2.222513082e+02 +2.222513082e+02 -7.5335e-01 -2.8227e+00
131 +5.284039599e+01 +5.284039599e+01 +1.751203960e+02 +1.751203960e+02 -6.2452e-01 -2.8210e+00
180 +2.086138688e+00 +2.086138688e+00 +1.243661387e+02 +1.243661387e+02 -9.6739e-02 -2.8959e+00
% function evaluation | noise-free fitness - Fopt (-8.918000000000e+01) | best noise-free fitness - Fopt | measured fitness | best measured fitness | x1 | x2...
1 +1.360055156e+07 +1.360055156e+07 +1.360046238e+07 +1.360046238e+07 +0.0000e+00 +0.0000e+00
3 +1.110145756e+07 +1.110145756e+07 +1.110136838e+07 +1.110136838e+07 +3.1410e-01 -2.0281e-01
12 +1.069425642e+07 +1.069425642e+07 +1.069416724e+07 +1.069416724e+07 +2.7138e-01 -2.8557e-01
18 +9.484066438e+06 +9.484066438e+06 +9.483977258e+06 +9.483977258e+06 +1.0555e-01 -5.7845e-01
27 +8.618125153e+06 +8.618125153e+06 +8.618035973e+06 +8.618035973e+06 +2.5760e-01 -7.1745e-01
32 +7.789514443e+06 +7.789514443e+06 +7.789425263e+06 +7.789425263e+06 +6.1168e-01 -8.2031e-01
34 +6.732710127e+06 +6.732710127e+06 +6.732620947e+06 +6.732620947e+06 +1.0194e+00 -9.5388e-01
37 +4.951560901e+06 +4.951560901e+06 +4.951471721e+06 +4.951471721e+06 +2.3208e-01 -1.6332e+00
44 +2.202803589e+06 +2.202803589e+06 +2.202714409e+06 +2.202714409e+06 -1.3141e+00 -2.9103e+00
52 +1.670722139e+06 +1.670722139e+06 +1.670632959e+06 +1.670632959e+06 +7.5797e-01 -2.4640e+00
59 +1.047115255e+06 +1.047115255e+06 +1.047026075e+06 +1.047026075e+06 +1.0194e+00 -2.5261e+00
61 +6.794335606e+05 +6.794335606e+05 +6.793443806e+05 +6.793443806e+05 +8.2618e-01 -2.7399e+00
67 +4.832232736e+05 +4.832232736e+05 +4.831340936e+05 +4.831340936e+05 +9.5677e-01 -4.4876e+00
68 +1.201361561e+05 +1.201361561e+05 +1.200469761e+05 +1.200469761e+05 +4.5743e-01 -3.5024e+00
73 +3.863228213e+03 +3.863228213e+03 +3.774048213e+03 +3.774048213e+03 +2.0590e-01 -3.9171e+00
82 +2.152272098e+03 +2.152272098e+03 +2.063092098e+03 +2.063092098e+03 -2.0530e-01 -4.2187e+00
114 +2.034945305e+03 +2.034945305e+03 +1.945765305e+03 +1.945765305e+03 -3.0153e-01 -4.2596e+00
122 +1.441111772e+03 +1.441111772e+03 +1.351931772e+03 +1.351931772e+03 -1.9117e-01 -4.2039e+00
124 +1.819489200e+01 +1.819489200e+01 -7.098510800e+01 -7.098510800e+01 -2.1462e-01 -4.1718e+00
274 +1.749892768e+01 +1.749892768e+01 -7.168107232e+01 -7.168107232e+01 -3.5201e-01 -4.2326e+00
332 +1.332957988e+01 +1.332957988e+01 -7.585042012e+01 -7.585042012e+01 -2.7762e-01 -4.2052e+00
344 +1.299983399e+01 +1.299983399e+01 -7.618016601e+01 -7.618016601e+01 -2.8052e-01 -4.2064e+00
347 +1.090882336e+01 +1.090882336e+01 -7.827117664e+01 -7.827117664e+01 -2.6725e-01 -4.1998e+00
361 +9.771702081e+00 +9.771702081e+00 -7.940829792e+01 -7.940829792e+01 -2.7669e-01 -4.2026e+00
% function evaluation | noise-free fitness - Fopt (8.560000000000e+01) | best noise-free fitness - Fopt | measured fitness | best measured fitness | x1 | x2...
1 +2.127752627e+06 +2.127752627e+06 +2.127838227e+06 +2.127838227e+06 +0.0000e+00 +0.0000e+00
2 +1.312987024e+06 +1.312987024e+06 +1.313072624e+06 +1.313072624e+06 +2.3533e-01 +1.2869e-02
12 +5.928247196e+05 +5.928247196e+05 +5.929103196e+05 +5.929103196e+05 +5.0388e-01 -3.5757e-01
15 +5.409560159e+05 +5.409560159e+05 +5.410416159e+05 +5.410416159e+05 +5.4581e-01 +2.3110e-01
18 +2.631970568e+05 +2.631970568e+05 +2.632826568e+05 +2.632826568e+05 +8.0881e-01 -6.1788e-02
22 +2.303163715e+05 +2.303163715e+05 +2.304019715e+05 +2.304019715e+05 +8.6182e-01 +2.1394e-01
29 +1.013217663e+05 +1.013217663e+05 +1.014073663e+05 +1.014073663e+05 +1.6467e+00 +1.9651e-02
30 +8.881152204e+04 +8.881152204e+04 +8.889712204e+04 +8.889712204e+04 +1.6233e+00 -1.9659e-01
40 +3.252052104e+02 +3.252052104e+02 +4.108052104e+02 +4.108052104e+02 +1.3674e+00 +5.9943e-01
92 +1.368945409e+01 +1.368945409e+01 +9.928945409e+01 +9.928945409e+01 +1.3385e+00 -4.1294e-02
173 +9.624099853e+00 +9.624099853e+00 +9.522409985e+01 +9.522409985e+01 +1.3394e+00 +4.7720e-02
180 +9.359534839e+00 +9.359534839e+00 +9.495953484e+01 +9.495953484e+01 +1.3363e+00 +3.7446e-02
185 +8.395745416e+00 +8.395745416e+00 +9.399574542e+01 +9.399574542e+01 +1.3368e+00 +4.2301e-02
197 +8.076520531e+00 +8.076520531e+00 +9.367652053e+01 +9.367652053e+01 +1.3388e+00 +5.5714e-02
204 +7.625225867e+00 +7.625225867e+00 +9.322522587e+01 +9.322522587e+01 +1.3375e+00 +4.2124e-02
219 +7.524307106e+00 +7.524307106e+00 +9.312430711e+01 +9.312430711e+01 +1.3377e+00 +4.1091e-02
437 +7.395330753e+00 +7.395330753e+00 +9.299533075e+01 +9.299533075e+01 +1.3370e+00 +3.3046e-03
490 +7.192209124e+00 +7.192209124e+00 +9.279220912e+01 +9.279220912e+01 +1.3359e+00 -6.2981e-02
514 +6.879030010e+00 +6.879030010e+00 +9.247903001e+01 +9.247903001e+01 +1.3339e+00 -1.4075e-01
663 +6.698370234e+00 +6.698370234e+00 +9.229837023e+01 +9.229837023e+01 +1.3332e+00 -2.0926e-01
689 +6.483253050e+00 +6.483253050e+00 +9.208325305e+01 +9.208325305e+01 +1.3326e+00 -2.2586e-01
704 +6.449927590e+00 +6.449927590e+00 +9.204992759e+01 +9.204992759e+01 +1.3325e+00 -2.2307e-01
709 +6.269810376e+00 +6.269810376e+00 +9.186981038e+01 +9.186981038e+01 +1.3319e+00 -2.6133e-01
727 +6.101800966e+00 +6.101800966e+00 +9.170180097e+01 +9.170180097e+01 +1.3313e+00 -2.9636e-01
749 +5.814534539e+00 +5.814534539e+00 +9.141453454e+01 +9.141453454e+01 +1.3303e+00 -3.4452e-01
773 +5.662478179e+00 +5.662478179e+00 +9.126247818e+01 +9.126247818e+01 +1.3294e+00 -3.6716e-01
815 +5.530999506e+00 +5.530999506e+00 +9.113099951e+01 +9.113099951e+01 +1.3294e+00 -3.9036e-01
827 +5.424853059e+00 +5.424853059e+00 +9.102485306e+01 +9.102485306e+01 +1.3285e+00 -4.5528e-01
832 +4.938365889e+00 +4.938365889e+00 +9.053836589e+01 +9.053836589e+01 +1.3268e+00 -5.4773e-01
845 +4.302711106e+00 +4.302711106e+00 +8.990271111e+01 +8.990271111e+01 +1.3252e+00 -6.2104e-01
903 +4.201413740e+00 +4.201413740e+00 +8.980141374e+01 +8.980141374e+01 +1.3254e+00 -5.7869e-01
939 +4.102958203e+00 +4.102958203e+00 +8.970295820e+01 +8.970295820e+01 +1.3246e+00 -6.0331e-01
960 +4.012537597e+00 +4.012537597e+00 +8.961253760e+01 +8.961253760e+01 +1.3249e+00 -6.0726e-01
967 +3.961722332e+00 +3.961722332e+00 +8.956172233e+01 +8.956172233e+01 +1.3247e+00 -6.3065e-01
985 +3.691726491e+00 +3.691726491e+00 +8.929172649e+01 +8.929172649e+01 +1.3239e+00 -6.6043e-01
991 +3.332976601e+00 +3.332976601e+00 +8.893297660e+01 +8.893297660e+01 +1.3223e+00 -7.2462e-01
1042 +3.248086258e+00 +3.248086258e+00 +8.884808626e+01 +8.884808626e+01 +1.3224e+00 -7.3196e-01
1058 +3.131405106e+00 +3.131405106e+00 +8.873140511e+01 +8.873140511e+01 +1.3218e+00 -7.5411e-01
1066 +3.044328211e+00 +3.044328211e+00 +8.864432821e+01 +8.864432821e+01 +1.3216e+00 -7.8106e-01
1069 +2.962795351e+00 +2.962795351e+00 +8.856279535e+01 +8.856279535e+01 +1.3212e+00 -8.0408e-01
1131 +2.878860798e+00 +2.878860798e+00 +8.847886080e+01 +8.847886080e+01 +1.3210e+00 -8.0540e-01
1195 +2.785206933e+00 +2.785206933e+00 +8.838520693e+01 +8.838520693e+01 +1.3204e+00 -8.2528e-01
1207 +2.688813570e+00 +2.688813570e+00 +8.828881357e+01 +8.828881357e+01 +1.3201e+00 -8.5098e-01
1232 +2.554377567e+00 +2.554377567e+00 +8.815437757e+01 +8.815437757e+01 +1.3193e+00 -8.9393e-01
1244 +2.484530623e+00 +2.484530623e+00 +8.808453062e+01 +8.808453062e+01 +1.3189e+00 -9.1141e-01
1256 +2.450469149e+00 +2.450469149e+00 +8.805046915e+01 +8.805046915e+01 +1.3187e+00 -9.1542e-01
1272 +2.382946527e+00 +2.382946527e+00 +8.798294653e+01 +8.798294653e+01 +1.3182e+00 -9.3783e-01
1273 +2.331425680e+00 +2.331425680e+00 +8.793142568e+01 +8.793142568e+01 +1.3178e+00 -9.5794e-01
1387 +2.267645054e+00 +2.267645054e+00 +8.786764505e+01 +8.786764505e+01 +1.3172e+00 -9.8670e-01
1421 +2.207703636e+00 +2.207703636e+00 +8.780770364e+01 +8.780770364e+01 +1.3167e+00 -1.0121e+00
1453 +2.160222462e+00 +2.160222462e+00 +8.776022246e+01 +8.776022246e+01 +1.3162e+00 -1.0432e+00
1607 +2.132610201e+00 +2.132610201e+00 +8.773261020e+01 +8.773261020e+01 +1.3157e+00 -1.0623e+00
1669 +2.085111101e+00 +2.085111101e+00 +8.768511110e+01 +8.768511110e+01 +1.3149e+00 -1.1072e+00
1957 +2.038443775e+00 +2.038443775e+00 +8.763844377e+01 +8.763844377e+01 +1.3139e+00 -1.1584e+00
3116 +1.994916859e+00 +1.994916859e+00 +8.759491686e+01 +8.759491686e+01 +1.3122e+00 -1.2387e+00
3843 +1.946900066e+00 +1.946900066e+00 +8.754690007e+01 +8.754690007e+01 +1.3110e+00 -1.3031e+00
3969 +1.898724864e+00 +1.898724864e+00 +8.749872486e+01 +8.749872486e+01 +1.3102e+00 -1.3418e+00
4024 +1.849229251e+00 +1.849229251e+00 +8.744922925e+01 +8.744922925e+01 +1.3096e+00 -1.3743e+00
4055 +1.813011364e+00 +1.813011364e+00 +8.741301136e+01 +8.741301136e+01 +1.3093e+00 -1.3892e+00
4070 +1.770115139e+00 +1.770115139e+00 +8.737011514e+01 +8.737011514e+01 +1.3089e+00 -1.4058e+00
4132 +1.712084740e+00 +1.712084740e+00 +8.731208474e+01 +8.731208474e+01 +1.3085e+00 -1.4272e+00
4224 +1.696155019e+00 +1.696155019e+00 +8.729615502e+01 +8.729615502e+01 +1.3084e+00 -1.4342e+00
4286 +1.655070578e+00 +1.655070578e+00 +8.725507058e+01 +8.725507058e+01 +1.3082e+00 -1.4474e+00
4366 +1.618299464e+00 +1.618299464e+00 +8.721829946e+01 +8.721829946e+01 +1.3079e+00 -1.4571e+00
4402 +1.570434217e+00 +1.570434217e+00 +8.717043422e+01 +8.717043422e+01 +1.3077e+00 -1.4747e+00
4424 +1.537897507e+00 +1.537897507e+00 +8.713789751e+01 +8.713789751e+01 +1.3073e+00 -1.4814e+00
4428 +1.470377632e+00 +1.470377632e+00 +8.707037763e+01 +8.707037763e+01 +1.3071e+00 -1.4986e+00
4444 +1.283183723e+00 +1.283183723e+00 +8.688318372e+01 +8.688318372e+01 +1.3062e+00 -1.5471e+00
4450 +1.256718974e+00 +1.256718974e+00 +8.685671897e+01 +8.685671897e+01 +1.3059e+00 -1.5525e+00
4507 +1.198741169e+00 +1.198741169e+00 +8.679874117e+01 +8.679874117e+01 +1.3058e+00 -1.5680e+00
4514 +1.174777864e+00 +1.174777864e+00 +8.677477786e+01 +8.677477786e+01 +1.3057e+00 -1.5739e+00
4524 +1.144686275e+00 +1.144686275e+00 +8.674468627e+01 +8.674468627e+01 +1.3051e+00 -1.6122e+00
4542 +1.014208850e+00 +1.014208850e+00 +8.661420885e+01 +8.661420885e+01 +1.3048e+00 -1.6245e+00
4563 +9.764932544e-01 +9.764932544e-01 +8.657649325e+01 +8.657649325e+01 +1.3046e+00 -1.6239e+00
4575 +9.449634573e-01 +9.449634573e-01 +8.654496346e+01 +8.654496346e+01 +1.3044e+00 -1.6383e+00
4599 +9.271796865e-01 +9.271796865e-01 +8.652717969e+01 +8.652717969e+01 +1.3044e+00 -1.6363e+00
4604 +9.094948380e-01 +9.094948380e-01 +8.650949484e+01 +8.650949484e+01 +1.3043e+00 -1.6406e+00
4606 +8.392687830e-01 +8.392687830e-01 +8.643926878e+01 +8.643926878e+01 +1.3038e+00 -1.6635e+00
4618 +7.893975687e-01 +7.893975687e-01 +8.638939757e+01 +8.638939757e+01 +1.3035e+00 -1.6787e+00
4660 +7.470429286e-01 +7.470429286e-01 +8.634704293e+01 +8.634704293e+01 +1.3032e+00 -1.6979e+00
4662 +7.178084657e-01 +7.178084657e-01 +8.631780847e+01 +8.631780847e+01 +1.3028e+00 -1.7073e+00
4765 +7.039445245e-01 +7.039445245e-01 +8.630394452e+01 +8.630394452e+01 +1.3027e+00 -1.7284e+00
4768 +6.846422682e-01 +6.846422682e-01 +8.628464227e+01 +8.628464227e+01 +1.3027e+00 -1.7212e+00
4775 +6.006339362e-01 +6.006339362e-01 +8.620063394e+01 +8.620063394e+01 +1.3018e+00 -1.7631e+00
