% function evaluation | noise-free fitness - Fopt (7.627000000000e+01) | best noise-free fitness - Fopt | measured fitness | best measured fitness | x1 | x2...
1 +5.445689776e+06 +5.445689776e+06 +5.445766046e+06 +5.445766046e+06 +0.0000e+00 +0.0000e+00 +0.0000e+00 +0.0000e+00 +0.0000e+00
3 +4.818526397e+06 +4.818526397e+06 +4.818602667e+06 +4.818602667e+06 -2.2030e-01 -1.0979e-01 -1.7476e-01 -1.0188e-01 +1.6580e-01
10 +4.766588095e+06 +4.766588095e+06 +4.766664365e+06 +4.766664365e+06 -3.3586e-01 +4.3203e-02 -1.5812e-01 -3.1322e-01 -1.7540e-01
17 +4.599779010e+06 +4.599779010e+06 +4.599855280e+06 +4.599855280e+06 -2.4344e-02 -9.3101e-02 -5.3459e-02 -1.4867e-01 +4.7722e-02
18 +3.952098623e+06 +3.952098623e+06 +3.952174893e+06 +3.952174893e+06 -3.9233e-02 -1.6045e-01 -2.0949e-02 -1.7961e-01 -1.5104e-01
19 +3.511865415e+06 +3.511865415e+06 +3.511941685e+06 +3.511941685e+06 -2.9446e-01 -3.2756e-01 -3.5082e-01 -2.5515e-01 +2.2173e-01
29 +3.244471739e+06 +3.244471739e+06 +3.244548009e+06 +3.244548009e+06 +1.7703e-02 -4.3809e-01 -6.0086e-02 +1.5231e-02 +3.8802e-03
35 +2.202559700e+06 +2.202559700e+06 +2.202635970e+06 +2.202635970e+06 -1.6230e-01 -3.7865e-01 -3.9921e-02 -7.6937e-01 +5.1768e-01
37 +2.071821916e+06 +2.071821916e+06 +2.071898186e+06 +2.071898186e+06 -1.4231e-01 -9.5852e-01 -2.4651e-01 -5.0504e-02 +5.6255e-01
42 +2.009185650e+06 +2.009185650e+06 +2.009261920e+06 +2.009261920e+06 -8.3797e-02 -1.0247e+00 -1.1818e-01 -1.4840e-01 +1.0139e+00
43 +1.974258846e+06 +1.974258846e+06 +1.974335116e+06 +1.974335116e+06 -7.8744e-02 -9.7511e-01 -2.3523e-01 -3.0517e-01 +6.3934e-02
52 +4.376809028e+05 +4.376809028e+05 +4.377571728e+05 +4.377571728e+05 +2.6401e-01 -1.4835e+00 +3.7748e-01 -7.4286e-01 +5.4217e-01
60 +1.519485873e+05 +1.519485873e+05 +1.520248573e+05 +1.520248573e+05 +7.1816e-02 -1.7576e+00 +6.1122e-01 -4.3670e-01 +4.2568e-01
62 +1.095104184e+05 +1.095104184e+05 +1.095866884e+05 +1.095866884e+05 -4.0751e-01 -1.7272e+00 +3.3424e-01 -7.5409e-01 +2.7481e-01
65 +4.371584119e+04 +4.371584119e+04 +4.379211119e+04 +4.379211119e+04 +2.4648e-01 -2.1443e+00 +4.9900e-01 -2.3883e-01 +8.8187e-02
67 +1.427059509e+04 +1.427059509e+04 +1.434686509e+04 +1.434686509e+04 +7.0502e-01 -2.0319e+00 -6.5173e-02 -1.1755e+00 +9.3875e-02
72 +1.458122829e+03 +1.458122829e+03 +1.534392829e+03 +1.534392829e+03 -2.0061e-01 -2.1584e+00 +7.0396e-01 -3.9354e-01 +4.2515e-01
86 +2.274575886e+02 +2.274575886e+02 +3.037275886e+02 +3.037275886e+02 -5.2585e-01 -2.4887e+00 +5.0705e-02 -1.6841e-01 +1.8546e-01
185 +1.578261069e+01 +1.578261069e+01 +9.205261069e+01 +9.205261069e+01 -6.4553e-01 -4.0078e+00 +8.5310e-01 +3.3112e+00 +4.5402e-02
% function evaluation | noise-free fitness - Fopt (-2.255000000000e+01) | best noise-free fitness - Fopt | measured fitness | best measured fitness | x1 | x2...
1 +2.352302546e+06 +2.352302546e+06 +2.352279996e+06 +2.352279996e+06 +0.0000e+00 +0.0000e+00 +0.0000e+00 +0.0000e+00 +0.0000e+00
3 +1.654756157e+06 +1.654756157e+06 +1.654733607e+06 +1.654733607e+06 +3.4185e-01 -1.8726e-01 +3.0991e-01 +2.3302e-01 +3.5134e-01
4 +1.283316815e+06 +1.283316815e+06 +1.283294265e+06 +1.283294265e+06 +2.1317e-01 +1.2597e-01 +1.7360e-02 +5.4018e-02 -2.5136e-01
15 +7.835000752e+05 +7.835000752e+05 +7.834775252e+05 +7.834775252e+05 +3.5225e-01 +9.5376e-02 +1.7537e-01 -2.2369e-02 -3.0074e-01
19 +3.622680954e+05 +3.622680954e+05 +3.622455454e+05 +3.622455454e+05 +5.6165e-01 +2.1149e-01 +3.5211e-01 +2.8649e-01 -2.7387e-01
28 +1.934780868e+05 +1.934780868e+05 +1.934555368e+05 +1.934555368e+05 +3.9404e-01 +1.1780e-01 +7.0560e-01 -1.2873e-02 -7.0926e-01
35 +1.051215387e+05 +1.051215387e+05 +1.050989887e+05 +1.050989887e+05 +6.5502e-01 +1.8940e-01 +3.7845e-01 -1.4370e-02 -8.3251e-01
36 +7.410857354e+04 +7.410857354e+04 +7.408602354e+04 +7.408602354e+04 +8.3312e-01 +2.0483e-01 +5.5601e-01 -3.9871e-01 -6.8288e-01
38 +4.173163955e+04 +4.173163955e+04 +4.170908955e+04 +4.170908955e+04 +6.1791e-01 -4.9279e-02 +7.0661e-01 +2.7997e-01 -7.6540e-01
46 +6.065439457e+02 +6.065439457e+02 +5.839939457e+02 +5.839939457e+02 +7.5599e-01 +1.2123e-01 +6.0263e-01 +2.8444e-01 -9.7379e-01
63 +2.766972204e+01 +2.766972204e+01 +5.119722037e+00 +5.119722037e+00 +1.0881e+00 +2.3283e-01 +6.3572e-01 +9.5021e-02 -6.4104e-01
% function evaluation | noise-free fitness - Fopt (1.366000000000e+01) | best noise-free fitness - Fopt | measured fitness | best measured fitness | x1 | x2...
1 +6.739884890e+06 +6.739884890e+06 +6.739898550e+06 +6.739898550e+06 +0.0000e+00 +0.0000e+00 +0.0000e+00 +0.0000e+00 +0.0000e+00
7 +6.250120624e+06 +6.250120624e+06 +6.250134284e+06 +6.250134284e+06 -2.5973e-02 +1.6302e-01 +2.3190e-01 +3.3373e-02 +1.0565e-01
9 +5.921432640e+06 +5.921432640e+06 +5.921446300e+06 +5.921446300e+06 +1.6375e-01 +1.7436e-01 +3.5572e-01 +6.3034e-02 -6.0393e-02
13 +5.040785633e+06 +5.040785633e+06 +5.040799293e+06 +5.040799293e+06 -1.0865e-01 +3.1206e-01 +3.2557e-01 -1.7571e-01 -2.1038e-01
16 +3.773083383e+06 +3.773083383e+06 +3.773097043e+06 +3.773097043e+06 -3.9004e-02 +3.5132e-01 +3.7564e-01 +2.1334e-01 -2.5753e-01
18 +2.575156102e+06 +2.575156102e+06 +2.575169762e+06 +2.575169762e+06 -3.9540e-01 +6.3352e-01 -3.3630e-01 -1.2070e-01 -4.2001e-01
22 +2.315250835e+06 +2.315250835e+06 +2.315264495e+06 +2.315264495e+06 -1.8024e-01 +8.1929e-01 +3.2768e-01 -1.2814e-01 -3.8449e-01
28 +1.995875274e+06 +1.995875274e+06 +1.995888934e+06 +1.995888934e+06 -3.6208e-01 +9.5248e-01 +2.2700e-01 -1.9784e-01 -7.4305e-01
31 +1.983833362e+06 +1.983833362e+06 +1.983847022e+06 +1.983847022e+06 +3.3352e-01 +1.4294e+00 +5.4433e-01 -4.0777e-01 -4.4334e-01
34 +4.700441461e+05 +4.700441461e+05 +4.700578061e+05 +4.700578061e+05 -1.6842e-02 +2.4949e+00 +3.0549e-01 -9.7920e-01 -5.1679e-01
45 +4.482449170e+05 +4.482449170e+05 +4.482585770e+05 +4.482585770e+05 -3.5468e-01 +2.1892e+00 -1.8554e-01 -3.6782e-01 -4.3387e-01
46 +6.423593944e+04 +6.423593944e+04 +6.424959944e+04 +6.424959944e+04 -3.0731e-01 +2.4055e+00 +9.5305e-01 -7.1138e-01 -1.1818e+00
50 +3.843391202e+04 +3.843391202e+04 +3.844757202e+04 +3.844757202e+04 -3.9584e-01 +2.2203e+00 +8.0448e-01 -7.7391e-02 -1.0545e+00
54 +5.203240375e+03 +5.203240375e+03 +5.216900375e+03 +5.216900375e+03 -5.1100e-01 +3.0767e+00 +7.8647e-01 -1.3289e+00 -8.4524e-01
63 +9.437274756e+02 +9.437274756e+02 +9.573874756e+02 +9.573874756e+02 -1.0759e+00 +2.7671e+00 +5.6863e-01 -1.2342e+00 -1.1544e+00
66 +7.391807815e+02 +7.391807815e+02 +7.528407815e+02 +7.528407815e+02 -7.8142e-01 +3.1008e+00 +1.9153e-01 -1.2493e+00 -7.3530e-01
201 +2.604769901e+02 +2.604769901e+02 +2.741369901e+02 +2.741369901e+02 +7.9512e-04 +1.5435e+00 -4.0025e+00 -1.3431e+00 -3.9048e+00
260 +1.559799222e+02 +1.559799222e+02 +1.696399222e+02 +1.696399222e+02 +6.9549e-01 +1.6051e+00 -2.8442e+00 -1.3085e+00 -4.0761e+00
311 +3.226323362e+01 +3.226323362e+01 +4.592323362e+01 +4.592323362e+01 +2.5583e-01 +1.6132e+00 -1.5128e+00 -1.3780e+00 -3.9521e+00
382 +3.073306596e+01 +3.073306596e+01 +4.439306596e+01 +4.439306596e+01 +3.0975e-01 +1.6681e+00 -1.9964e+00 -1.2712e+00 -3.7886e+00
484 +2.509737333e+01 +2.509737333e+01 +3.875737333e+01 +3.875737333e+01 +3.4905e-01 +1.5344e+00 -6.5051e-01 -9.0039e-01 -3.7059e+00
512 +1.509622631e+01 +1.509622631e+01 +2.875622631e+01 +2.875622631e+01 +3.8707e-01 +1.7327e+00 -6.2405e-02 -1.1795e+00 -3.6187e+00
535 +1.283200423e+01 +1.283200423e+01 +2.649200423e+01 +2.649200423e+01 +2.3987e-01 +1.8376e+00 +7.9179e-01 -1.3803e+00 -3.5448e+00
563 +9.583110155e+00 +9.583110155e+00 +2.324311015e+01 +2.324311015e+01 +2.3879e-01 +1.7766e+00 +2.5560e+00 -1.2339e+00 -3.5177e+00
611 +9.163194834e+00 +9.163194834e+00 +2.282319483e+01 +2.282319483e+01 +2.1040e-01 +1.6650e+00 +2.0692e+00 -9.5298e-01 -3.4615e+00
646 +7.608068221e+00 +7.608068221e+00 +2.126806822e+01 +2.126806822e+01 +3.5988e-01 +1.7261e+00 +2.1721e+00 -9.6495e-01 -3.4241e+00
686 +5.905311954e+00 +5.905311954e+00 +1.956531195e+01 +1.956531195e+01 +3.7298e-01 +1.6851e+00 +2.1971e+00 -9.0829e-01 -3.4560e+00
754 +5.534727597e+00 +5.534727597e+00 +1.919472760e+01 +1.919472760e+01 +3.5298e-01 +1.7145e+00 +2.5277e+00 -9.0971e-01 -3.3965e+00
% function evaluation | noise-free fitness - Fopt (9.378400000000e+02) | best noise-free fitness - Fopt | measured fitness | best measured fitness | x1 | x2...
1 +8.250763278e+02 +8.250763278e+02 +1.762916328e+03 +1.762916328e+03 +0.0000e+00 +0.0000e+00 +0.0000e+00 +0.0000e+00 +0.0000e+00
15 +6.354819653e+01 +6.354819653e+01 +1.001388197e+03 +1.001388197e+03 +1.5065e-01 -6.7682e-02 +1.8728e-01 -7.4539e-03 -1.8624e-01
26 +5.597638957e+01 +5.597638957e+01 +9.938163896e+02 +9.938163896e+02 +1.4357e-01 -1.5566e-01 -1.6130e-01 +1.8933e-01 +1.4013e-02
55 +3.527579896e+01 +3.527579896e+01 +9.731157990e+02 +9.731157990e+02 +1.4555e-01 -2.5173e-01 -1.3636e-01 +6.0975e-02 -1.4105e-01
82 +3.346358176e+01 +3.346358176e+01 +9.713035818e+02 +9.713035818e+02 +6.7883e-02 -1.2505e-02 -1.8018e-01 +3.6702e-02 -1.1546e-01
132 +3.237569197e+01 +3.237569197e+01 +9.702156920e+02 +9.702156920e+02 +4.3084e-02 -7.5388e-02 -1.6509e-01 +1.4875e-02 -4.5390e-02
144 +3.182067370e+01 +3.182067370e+01 +9.696606737e+02 +9.696606737e+02 +6.4676e-02 -7.9514e-02 -8.2253e-02 +1.7885e-02 -5.4926e-02
1224 +3.161348852e+01 +3.161348852e+01 +9.694534885e+02 +9.694534885e+02 +1.4098e-02 -3.6244e-02 -9.3985e-02 -3.4949e-02 -3.5766e-02
2355 +3.090107597e+01 +3.090107597e+01 +9.687410760e+02 +9.687410760e+02 +1.0784e-02 +1.7531e-02 -3.1160e-02 -3.9828e-02 -2.9416e-02
3406 +3.018559833e+01 +3.018559833e+01 +9.680255983e+02 +9.680255983e+02 +1.1119e-02 +7.9199e-02 +2.4075e-02 -3.8612e-02 -3.1006e-02
4651 +2.951185401e+01 +2.951185401e+01 +9.673518540e+02 +9.673518540e+02 +1.1188e-02 +1.3437e-01 +8.0190e-02 -3.8654e-02 -3.0059e-02
5065 +2.877645477e+01 +2.877645477e+01 +9.666164548e+02 +9.666164548e+02 +1.1182e-02 +2.0037e-01 +1.4375e-01 -3.8843e-02 -3.0163e-02
5297 +2.808559242e+01 +2.808559242e+01 +9.659255924e+02 +9.659255924e+02 +1.1195e-02 +2.5853e-01 +1.9894e-01 -3.7534e-02 -3.0220e-02
6187 +2.753880987e+01 +2.753880987e+01 +9.653788099e+02 +9.653788099e+02 +1.1210e-02 +3.0400e-01 +2.4214e-01 -3.7270e-02 -3.0222e-02
6674 +2.687233609e+01 +2.687233609e+01 +9.647123361e+02 +9.647123361e+02 +1.1195e-02 +3.5931e-01 +2.9692e-01 -3.7042e-02 -2.8908e-02
7204 +2.629921024e+01 +2.629921024e+01 +9.641392102e+02 +9.641392102e+02 +1.1202e-02 +4.0918e-01 +3.4390e-01 -3.6924e-02 -2.9510e-02
8186 +2.570253490e+01 +2.570253490e+01 +9.635425349e+02 +9.635425349e+02 +1.1212e-02 +4.5903e-01 +3.9387e-01 -3.6875e-02 -2.9247e-02
8945 +2.510806679e+01 +2.510806679e+01 +9.629480668e+02 +9.629480668e+02 +1.1213e-02 +5.0977e-01 +4.4283e-01 -3.6871e-02 -2.9310e-02
9882 +2.454682663e+01 +2.454682663e+01 +9.623868266e+02 +9.623868266e+02 +1.1213e-02 +5.5747e-01 +4.8993e-01 -3.6880e-02 -2.9358e-02
10829 +2.398311816e+01 +2.398311816e+01 +9.618231182e+02 +9.618231182e+02 +1.1215e-02 +6.0645e-01 +5.3771e-01 -3.6869e-02 -2.9615e-02
11526 +2.342504042e+01 +2.342504042e+01 +9.612650404e+02 +9.612650404e+02 +1.1216e-02 +6.5422e-01 +5.8410e-01 -3.6869e-02 -2.9590e-02
% function evaluation | noise-free fitness - Fopt (-7.872000000000e+01) | best noise-free fitness - Fopt | measured fitness | best measured fitness | x1 | x2...
1 +9.761742109e+04 +9.761742109e+04 +9.753870109e+04 +9.753870109e+04 +0.0000e+00 +0.0000e+00 +0.0000e+00 +0.0000e+00 +0.0000e+00
2 +8.269917725e+04 +8.269917725e+04 +8.262045725e+04 +8.262045725e+04 -2.7784e-01 +9.8746e-02 +1.0272e-01 +6.3713e-02 -5.3620e-02
3 +1.429771276e+04 +1.429771276e+04 +1.421899276e+04 +1.421899276e+04 +3.2295e-01 -1.0652e-01 -5.4520e-03 +1.5237e-01 +2.0621e-01
7 +2.962123097e+03 +2.962123097e+03 +2.883403097e+03 +2.883403097e+03 +4.9297e-02 +3.6480e-01 +4.0121e-01 +3.3917e-01 +4.7631e-02
16 +2.782998103e+01 +2.782998103e+01 -5.089001897e+01 -5.089001897e+01 +3.7212e-01 +5.5748e-01 +2.9661e-01 +3.1299e-01 +7.3577e-02
119 +1.980949150e+01 +1.980949150e+01 -5.891050850e+01 -5.891050850e+01 -4.0059e-01 -1.8881e-01 -5.5013e-01 +2.3042e-01 -1.1797e-01
238 +1.690136182e+01 +1.690136182e+01 -6.181863818e+01 -6.181863818e+01 -2.6269e-03 -2.6356e-01 -2.5451e-01 +4.0241e-01 -3.5308e-01
391 +1.640527753e+01 +1.640527753e+01 -6.231472247e+01 -6.231472247e+01 +5.7830e-01 -2.4267e-01 -2.5332e-01 +2.5508e-01 +8.1527e-02
439 +1.287721917e+01 +1.287721917e+01 -6.584278083e+01 -6.584278083e+01 +1.0266e+00 -1.8438e-01 -2.2897e-01 +2.8144e-01 -3.1696e-02
553 +1.167398281e+01 +1.167398281e+01 -6.704601719e+01 -6.704601719e+01 +1.4412e+00 +2.0583e-03 -1.8947e-01 +2.3491e-01 +4.2558e-02
861 +1.147645198e+01 +1.147645198e+01 -6.724354802e+01 -6.724354802e+01 +1.3616e+00 +5.2012e-02 -2.5910e-01 +2.3626e-01 -5.5216e-02
959 +1.113813367e+01 +1.113813367e+01 -6.758186633e+01 -6.758186633e+01 +1.4248e+00 +5.6036e-02 -2.6021e-01 +2.3399e-01 -5.3802e-02
1243 +1.096281765e+01 +1.096281765e+01 -6.775718235e+01 -6.775718235e+01 +1.4689e+00 +5.7917e-02 -2.5532e-01 +2.3533e-01 -5.6080e-02
1298 +1.070953659e+01 +1.070953659e+01 -6.801046341e+01 -6.801046341e+01 +1.5286e+00 +5.7497e-02 -2.5470e-01 +2.3485e-01 -5.6821e-02
1314 +1.042953745e+01 +1.042953745e+01 -6.829046255e+01 -6.829046255e+01 +1.5832e+00 +5.7274e-02 -2.5392e-01 +2.3480e-01 -5.9533e-02
1388 +1.010422302e+01 +1.010422302e+01 -6.861577698e+01 -6.861577698e+01 +1.6796e+00 +5.7887e-02 -2.5288e-01 +2.3273e-01 -5.6833e-02
1402 +9.982987532e+00 +9.982987532e+00 -6.873701247e+01 -6.873701247e+01 +1.7015e+00 +5.7447e-02 -2.5272e-01 +2.3356e-01 -6.0859e-02
1423 +9.762178917e+00 +9.762178917e+00 -6.895782108e+01 -6.895782108e+01 +1.8130e+00 +5.8233e-02 -2.5155e-01 +2.3281e-01 -6.2935e-02
1507 +9.461169363e+00 +9.461169363e+00 -6.925883064e+01 -6.925883064e+01 +1.8574e+00 +5.2863e-02 -2.5160e-01 +2.3179e-01 -6.0579e-02
1546 +9.199695111e+00 +9.199695111e+00 -6.952030489e+01 -6.952030489e+01 +1.9672e+00 +5.0306e-02 -2.5249e-01 +2.2968e-01 -6.0825e-02
1569 +9.111745973e+00 +9.111745973e+00 -6.960825403e+01 -6.960825403e+01 +1.9842e+00 +5.0480e-02 -2.5249e-01 +2.2931e-01 -6.0243e-02
1573 +8.749374872e+00 +8.749374872e+00 -6.997062513e+01 -6.997062513e+01 +2.1122e+00 +4.9391e-02 -2.5221e-01 +2.2778e-01 -6.0957e-02
1603 +8.277424469e+00 +8.277424469e+00 -7.044257553e+01 -7.044257553e+01 +2.3521e+00 +4.6740e-02 -2.5227e-01 +2.2398e-01 -5.9995e-02
1609 +8.100921573e+00 +8.100921573e+00 -7.061907843e+01 -7.061907843e+01 +2.3916e+00 +5.1227e-02 -2.5479e-01 +2.2043e-01 -5.7270e-02
1626 +7.610452451e+00 +7.610452451e+00 -7.110954755e+01 -7.110954755e+01 +2.6919e+00 +3.8886e-02 -2.5100e-01 +2.1840e-01 -5.7509e-02
1662 +7.444494307e+00 +7.444494307e+00 -7.127550569e+01 -7.127550569e+01 +2.9898e+00 +4.7177e-02 -2.5093e-01 +2.1299e-01 -5.9934e-02
4653 +7.412225299e+00 +7.412225299e+00 -7.130777470e+01 -7.130777470e+01 +3.0715e+00 +5.5668e-02 -2.5126e-01 +2.0377e-01 -3.9883e-02
6474 +7.239826659e+00 +7.239826659e+00 -7.148017334e+01 -7.148017334e+01 +3.0732e+00 +1.0507e-02 -2.7480e-01 +2.0276e-01 -3.8494e-02
9091 +7.079042301e+00 +7.079042301e+00 -7.164095770e+01 -7.164095770e+01 +3.0907e+00 -3.5475e-02 -2.9509e-01 +2.0278e-01 -3.8042e-02
% function evaluation | noise-free fitness - Fopt (-3.233900000000e+02) | best noise-free fitness - Fopt | measured fitness | best measured fitness | x1 | x2...
1 +1.434202193e+07 +1.434202193e+07 +1.434169854e+07 +1.434169854e+07 +0.0000e+00 +0.0000e+00 +0.0000e+00 +0.0000e+00 +0.0000e+00
2 +1.384281769e+07 +1.384281769e+07 +1.384249430e+07 +1.384249430e+07 +4.4323e-02 -1.9919e-02 -4.1949e-02 -1.4898e-01 -8.4389e-02
4 +1.292908723e+07 +1.292908723e+07 +1.292876384e+07 +1.292876384e+07 -8.6302e-02 -2.5412e-02 +2.5096e-01 -3.2156e-02 -1.6282e-01
6 +1.270291888e+07 +1.270291888e+07 +1.270259549e+07 +1.270259549e+07 -3.1176e-01 +1.3236e-01 -5.7817e-02 -1.6522e-01 -2.0949e-01
11 +1.254578432e+07 +1.254578432e+07 +1.254546093e+07 +1.254546093e+07 -1.6844e-01 +7.6702e-02 -2.0056e-02 -3.4892e-01 +1.7956e-01
12 +1.078642948e+07 +1.078642948e+07 +1.078610609e+07 +1.078610609e+07 -2.8246e-01 +1.8616e-01 +2.1502e-02 -6.2329e-01 -3.5550e-01
20 +8.577427067e+06 +8.577427067e+06 +8.577103677e+06 +8.577103677e+06 -4.4216e-01 +4.5483e-02 +2.7221e-01 -8.3716e-01 +4.0819e-02
28 +7.521675010e+06 +7.521675010e+06 +7.521351620e+06 +7.521351620e+06 -2.3479e-01 +2.0326e-02 +1.7671e-01 -1.4021e+00 +7.3075e-02
29 +7.396365970e+06 +7.396365970e+06 +7.396042580e+06 +7.396042580e+06 -3.7796e-01 -4.6763e-02 -4.4519e-02 -1.3614e+00 +5.7374e-02
38 +6.452130879e+06 +6.452130879e+06 +6.451807489e+06 +6.451807489e+06 -5.3214e-01 -2.6575e-01 +6.1487e-02 -1.2059e+00 -2.7279e-01
39 +2.964079859e+06 +2.964079859e+06 +2.963756469e+06 +2.963756469e+06 -1.0642e+00 -6.3042e-01 -4.0294e-01 -2.4178e+00 -4.6199e-01
43 +1.209656112e+06 +1.209656112e+06 +1.209332722e+06 +1.209332722e+06 -1.7703e+00 -2.4918e-01 +8.7108e-02 -2.5886e+00 -1.0321e+00
47 +9.266724532e+05 +9.266724532e+05 +9.263490632e+05 +9.263490632e+05 -1.0650e+00 -5.6436e-01 -8.1601e-01 -3.9262e+00 +1.9523e-02
50 +6.457831249e+04 +6.457831249e+04 +6.425492249e+04 +6.425492249e+04 -2.6725e+00 -3.3480e-01 -1.9711e-02 -3.1718e+00 -7.0926e-01
54 +2.201005028e+04 +2.201005028e+04 +2.168666028e+04 +2.168666028e+04 -1.1815e+00 -4.9667e-01 +2.4106e-01 -4.6987e+00 -2.3322e-01
93 +9.552477007e+02 +9.552477007e+02 +6.318577007e+02 +6.318577007e+02 -5.4775e-01 +3.4766e-01 +3.6472e-01 -6.0487e+00 -1.1956e+00
135 +9.355802329e+02 +9.355802329e+02 +6.121902329e+02 +6.121902329e+02 -2.7743e+00 -6.3011e-02 +8.4312e-01 -3.4218e+00 +4.3343e-01
197 +3.237005364e+01 +3.237005364e+01 -2.910199464e+02 -2.910199464e+02 -2.5260e+00 -4.0358e-02 +7.9265e-01 -3.9135e+00 +1.1456e+00
357 +2.766418525e+01 +2.766418525e+01 -2.957258148e+02 -2.957258148e+02 -1.6732e+00 -1.7243e-01 +1.1601e+00 -4.3027e+00 +3.3817e-01
359 +2.488844060e+01 +2.488844060e+01 -2.985015594e+02 -2.985015594e+02 -1.4411e+00 -1.1725e-01 +1.5696e+00 -4.2602e+00 -1.4752e-01
% function evaluation | noise-free fitness - Fopt (1.621000000000e+01) | best noise-free fitness - Fopt | measured fitness | best measured fitness | x1 | x2...
1 +1.646943791e+07 +1.646943791e+07 +1.646945412e+07 +1.646945412e+07 +0.0000e+00 +0.0000e+00 +0.0000e+00 +0.0000e+00 +0.0000e+00
5 +1.597095372e+07 +1.597095372e+07 +1.597096993e+07 +1.597096993e+07 -2.6501e-01 -4.2140e-01 -5.1090e-02 -3.2284e-01 +2.3334e-02
7 +1.488719549e+07 +1.488719549e+07 +1.488721170e+07 +1.488721170e+07 +3.1635e-01 +1.4159e-01 -1.7924e-01 +9.8912e-02 +2.4391e-01
12 +1.405642279e+07 +1.405642279e+07 +1.405643900e+07 +1.405643900e+07 -2.4608e-01 +1.3974e-01 -3.0918e-01 +4.9982e-02 +1.6271e-01
21 +1.106018214e+07 +1.106018214e+07 +1.106019835e+07 +1.106019835e+07 -4.3593e-01 -1.2818e-02 -6.8441e-01 -2.4784e-02 +1.0531e-01
22 +1.062554065e+07 +1.062554065e+07 +1.062555686e+07 +1.062555686e+07 -1.2560e-02 -5.7901e-02 -6.6619e-01 +3.3724e-01 +3.9906e-01
26 +9.413078481e+06 +9.413078481e+06 +9.413094691e+06 +9.413094691e+06 -3.7630e-01 +2.7851e-01 -1.0052e+00 +9.4792e-03 +4.2279e-01
29 +8.774784176e+06 +8.774784176e+06 +8.774800386e+06 +8.774800386e+06 -4.5104e-01 -2.0528e-01 -1.1008e+00 -2.5548e-01 -2.7376e-01
34 +2.436788666e+06 +2.436788666e+06 +2.436804876e+06 +2.436804876e+06 -6.3837e-02 -5.1284e-01 -2.3368e+00 +9.8310e-02 +5.5612e-01
42 +6.769524578e+05 +6.769524578e+05 +6.769686678e+05 +6.769686678e+05 +8.7561e-02 +1.9192e-01 -3.2813e+00 +9.4239e-02 +8.8050e-01
60 +4.876522770e+04 +4.876522770e+04 +4.878143770e+04 +4.878143770e+04 +1.4791e+00 +4.6932e-02 -3.9896e+00 -5.8814e-01 +5.3661e-01
81 +9.679568402e+02 +9.679568402e+02 +9.841668402e+02 +9.841668402e+02 +4.8393e-01 +5.2454e-01 -4.1065e+00 +6.8904e-01 +7.6962e-01
233 +2.711622650e+02 +2.711622650e+02 +2.873722650e+02 +2.873722650e+02 -1.9468e-01 +1.8054e-01 -4.2352e+00 -1.6173e-01 +7.4157e-01
248 +5.058026909e+01 +5.058026909e+01 +6.679026909e+01 +6.679026909e+01 -7.6993e-01 +3.5243e-01 -4.2753e+00 -1.0774e-02 -2.6893e-01
1782 +4.901689480e+01 +4.901689480e+01 +6.522689480e+01 +6.522689480e+01 +4.4290e-01 +2.7793e-01 -4.1002e+00 +3.9088e-01 -3.0695e+00
1804 +4.888590162e+01 +4.888590162e+01 +6.509590162e+01 +6.509590162e+01 +4.5037e-01 +3.0757e-01 -4.0987e+00 +4.2656e-01 -3.0179e+00
1823 +4.781984506e+01 +4.781984506e+01 +6.402984506e+01 +6.402984506e+01 +4.6453e-01 +3.0080e-01 -4.1008e+00 +4.2139e-01 -2.7350e+00
1824 +4.639451773e+01 +4.639451773e+01 +6.260451773e+01 +6.260451773e+01 +4.5790e-01 +3.2168e-01 -4.0996e+00 +4.5578e-01 -2.8098e+00
1885 +4.456764811e+01 +4.456764811e+01 +6.077764811e+01 +6.077764811e+01 +4.3392e-01 +3.0582e-01 -4.1015e+00 +4.5382e-01 -2.4697e+00
1933 +4.273386885e+01 +4.273386885e+01 +5.894386885e+01 +5.894386885e+01 +4.3225e-01 +3.1662e-01 -4.1027e+00 +4.8128e-01 -2.3306e+00
1948 +4.151429163e+01 +4.151429163e+01 +5.772429163e+01 +5.772429163e+01 +4.2880e-01 +3.1682e-01 -4.1041e+00 +4.7234e-01 -2.2124e+00
1964 +4.048687014e+01 +4.048687014e+01 +5.669687014e+01 +5.669687014e+01 +4.4059e-01 +3.1519e-01 -4.1052e+00 +4.7887e-01 -2.0899e+00
1996 +3.953781921e+01 +3.953781921e+01 +5.574781921e+01 +5.574781921e+01 +4.4611e-01 +3.0770e-01 -4.1042e+00 +4.7819e-01 -1.9646e+00
2030 +3.883078612e+01 +3.883078612e+01 +5.504078612e+01 +5.504078612e+01 +4.4891e-01 +3.0483e-01 -4.1055e+00 +4.7501e-01 -1.8757e+00
2046 +3.750903331e+01 +3.750903331e+01 +5.371903331e+01 +5.371903331e+01 +4.5212e-01 +3.0632e-01 -4.1065e+00 +4.8401e-01 -1.6773e+00
2069 +3.685072750e+01 +3.685072750e+01 +5.306072750e+01 +5.306072750e+01 +4.3019e-01 +3.1462e-01 -4.1061e+00 +5.0726e-01 -1.6309e+00
2106 +3.614893957e+01 +3.614893957e+01 +5.235893957e+01 +5.235893957e+01 +4.3965e-01 +3.1139e-01 -4.1047e+00 +5.1664e-01 -1.5242e+00
2140 +3.544096620e+01 +3.544096620e+01 +5.165096620e+01 +5.165096620e+01 +4.5081e-01 +3.1274e-01 -4.1042e+00 +5.3340e-01 -1.2659e+00
2177 +3.440435738e+01 +3.440435738e+01 +5.061435738e+01 +5.061435738e+01 +4.3439e-01 +3.1331e-01 -4.1056e+00 +5.3544e-01 -1.2543e+00
2235 +3.366087825e+01 +3.366087825e+01 +4.987087825e+01 +4.987087825e+01 +4.0599e-01 +3.1031e-01 -4.1053e+00 +5.5011e-01 -1.1569e+00
2258 +3.303621838e+01 +3.303621838e+01 +4.924621838e+01 +4.924621838e+01 +4.0399e-01 +3.1318e-01 -4.1065e+00 +5.5453e-01 -1.0582e+00
2294 +3.232398272e+01 +3.232398272e+01 +4.853398272e+01 +4.853398272e+01 +3.9898e-01 +3.1179e-01 -4.1059e+00 +5.6776e-01 -9.5192e-01
2339 +3.142654545e+01 +3.142654545e+01 +4.763654545e+01 +4.763654545e+01 +3.9784e-01 +3.1538e-01 -4.1054e+00 +5.8494e-01 -8.1165e-01
2420 +3.074139828e+01 +3.074139828e+01 +4.695139828e+01 +4.695139828e+01 +3.9864e-01 +3.0963e-01 -4.1061e+00 +5.8486e-01 -6.7902e-01
2464 +3.013664236e+01 +3.013664236e+01 +4.634664236e+01 +4.634664236e+01 +4.1608e-01 +3.0734e-01 -4.1059e+00 +5.8784e-01 -5.3163e-01
2490 +2.945540774e+01 +2.945540774e+01 +4.566540774e+01 +4.566540774e+01 +4.0328e-01 +3.0828e-01 -4.1056e+00 +6.0457e-01 -4.4479e-01
2558 +2.879472924e+01 +2.879472924e+01 +4.500472924e+01 +4.500472924e+01 +4.1295e-01 +3.0616e-01 -4.1056e+00 +6.1073e-01 -3.0649e-01
2569 +2.811976854e+01 +2.811976854e+01 +4.432976854e+01 +4.432976854e+01 +4.4855e-01 +3.0494e-01 -4.1055e+00 +6.1086e-01 -1.0549e-01
2717 +2.743170913e+01 +2.743170913e+01 +4.364170913e+01 +4.364170913e+01 +4.1994e-01 +3.0514e-01 -4.1061e+00 +6.2241e-01 -3.9546e-02
2785 +2.670879777e+01 +2.670879777e+01 +4.291879777e+01 +4.291879777e+01 +4.5517e-01 +3.0195e-01 -4.1057e+00 +6.3037e-01 +2.5596e-01
2800 +2.623490021e+01 +2.623490021e+01 +4.244490021e+01 +4.244490021e+01 +4.2281e-01 +3.0453e-01 -4.1067e+00 +6.3575e-01 +2.1427e-01
2806 +2.558826958e+01 +2.558826958e+01 +4.179826958e+01 +4.179826958e+01 +4.6810e-01 +3.0500e-01 -4.1070e+00 +6.3731e-01 +3.8470e-01
2810 +2.508932213e+01 +2.508932213e+01 +4.129932213e+01 +4.129932213e+01 +3.9401e-01 +3.0725e-01 -4.1083e+00 +6.5444e-01 +3.9813e-01
2959 +2.438678918e+01 +2.438678918e+01 +4.059678918e+01 +4.059678918e+01 +4.1762e-01 +3.1434e-01 -4.1106e+00 +6.5872e-01 +6.6426e-01
3071 +2.393704311e+01 +2.393704311e+01 +4.014704311e+01 +4.014704311e+01 +4.6993e-01 +3.1001e-01 -4.1119e+00 +6.5044e-01 +8.8361e-01
3272 +2.341926376e+01 +2.341926376e+01 +3.962926376e+01 +3.962926376e+01 +4.4495e-01 +3.1149e-01 -4.1127e+00 +6.6290e-01 +9.9171e-01
3462 +2.290021222e+01 +2.290021222e+01 +3.911021222e+01 +3.911021222e+01 +4.4883e-01 +3.1087e-01 -4.1128e+00 +6.7382e-01 +1.1637e+00
3528 +2.230622501e+01 +2.230622501e+01 +3.851622501e+01 +3.851622501e+01 +4.4005e-01 +3.1076e-01 -4.1129e+00 +6.9035e-01 +1.3978e+00
3596 +2.175040780e+01 +2.175040780e+01 +3.796040780e+01 +3.796040780e+01 +4.5495e-01 +3.1070e-01 -4.1134e+00 +6.9801e-01 +1.5415e+00
3932 +2.136551375e+01 +2.136551375e+01 +3.757551375e+01 +3.757551375e+01 +4.1260e-01 +3.1225e-01 -4.1144e+00 +7.0796e-01 +1.5857e+00
4045 +2.087105384e+01 +2.087105384e+01 +3.708105384e+01 +3.708105384e+01 +4.2459e-01 +3.1242e-01 -4.1143e+00 +7.1965e-01 +1.7698e+00
4081 +2.040328913e+01 +2.040328913e+01 +3.661328913e+01 +3.661328913e+01 +4.2410e-01 +3.1227e-01 -4.1144e+00 +7.3234e-01 +1.9436e+00
4170 +1.994071058e+01 +1.994071058e+01 +3.615071058e+01 +3.615071058e+01 +4.2636e-01 +3.1159e-01 -4.1151e+00 +7.4507e-01 +2.1869e+00
4222 +1.945432221e+01 +1.945432221e+01 +3.566432221e+01 +3.566432221e+01 +4.1801e-01 +3.1187e-01 -4.1157e+00 +7.6943e-01 +2.4952e+00
4515 +1.903185885e+01 +1.903185885e+01 +3.524185885e+01 +3.524185885e+01 +3.5254e-01 +3.1206e-01 -4.1160e+00 +7.9046e-01 +2.5438e+00
4905 +1.859577934e+01 +1.859577934e+01 +3.480577934e+01 +3.480577934e+01 +2.8794e-01 +3.1159e-01 -4.1154e+00 +8.1747e-01 +2.6150e+00
5275 +1.816537826e+01 +1.816537826e+01 +3.437537826e+01 +3.437537826e+01 +2.0718e-01 +3.1079e-01 -4.1144e+00 +8.4226e-01 +2.5589e+00
5713 +1.777957103e+01 +1.777957103e+01 +3.398957103e+01 +3.398957103e+01 +1.3591e-01 +3.1021e-01 -4.1151e+00 +8.6037e-01 +2.5906e+00
6317 +1.737234225e+01 +1.737234225e+01 +3.358234225e+01 +3.358234225e+01 +5.8485e-02 +3.1017e-01 -4.1150e+00 +8.8299e-01 +2.5886e+00
6691 +1.692002170e+01 +1.692002170e+01 +3.313002170e+01 +3.313002170e+01 -2.9849e-02 +3.1017e-01 -4.1148e+00 +9.0976e-01 +2.5811e+00
6874 +1.659075336e+01 +1.659075336e+01 +3.280075336e+01 +3.280075336e+01 -9.9996e-02 +3.0965e-01 -4.1149e+00 +9.2767e-01 +2.5650e+00
7428 +1.617230124e+01 +1.617230124e+01 +3.238230124e+01 +3.238230124e+01 -1.9063e-01 +3.1185e-01 -4.1152e+00 +9.5315e-01 +2.5615e+00
7639 +1.584490673e+01 +1.584490673e+01 +3.205490673e+01 +3.205490673e+01 -2.4051e-01 +3.1252e-01 -4.1151e+00 +9.7259e-01 +2.5940e+00
7735 +1.517229317e+01 +1.517229317e+01 +3.138229317e+01 +3.138229317e+01 -5.4272e-01 +3.1654e-01 -4.1261e+00 +9.6086e-01 +2.1437e+00
7852 +1.503569499e+01 +1.503569499e+01 +3.124569499e+01 +3.124569499e+01 -3.5457e-01 +3.1445e-01 -4.1197e+00 +1.0128e+00 +3.0457e+00
7866 +1.473285478e+01 +1.473285478e+01 +3.094285478e+01 +3.094285478e+01 -5.2215e-01 +3.1506e-01 -4.1228e+00 +1.0107e+00 +2.6318e+00
8106 +1.425084645e+01 +1.425084645e+01 +3.046084645e+01 +3.046084645e+01 -5.4985e-01 +3.1350e-01 -4.1196e+00 +1.0544e+00 +2.8586e+00
8158 +1.411158549e+01 +1.411158549e+01 +3.032158549e+01 +3.032158549e+01 -5.5719e-01 +3.1327e-01 -4.1172e+00 +1.0707e+00 +2.8385e+00
8263 +1.375893684e+01 +1.375893684e+01 +2.996893684e+01 +2.996893684e+01 -6.2069e-01 +3.1260e-01 -4.1165e+00 +1.0940e+00 +2.8480e+00
8328 +1.341283577e+01 +1.341283577e+01 +2.962283577e+01 +2.962283577e+01 -7.3953e-01 +3.1270e-01 -4.1160e+00 +1.1201e+00 +2.6777e+00
8405 +1.315438818e+01 +1.315438818e+01 +2.936438818e+01 +2.936438818e+01 -7.5881e-01 +3.1222e-01 -4.1161e+00 +1.1337e+00 +2.8008e+00
8613 +1.276678245e+01 +1.276678245e+01 +2.897678245e+01 +2.897678245e+01 -7.5565e-01 +3.1213e-01 -4.1158e+00 +1.1543e+00 +3.0685e+00
8812 +1.257583745e+01 +1.257583745e+01 +2.878583745e+01 +2.878583745e+01 -7.7317e-01 +3.1233e-01 -4.1160e+00 +1.1665e+00 +3.1884e+00
9098 +1.230100982e+01 +1.230100982e+01 +2.851100982e+01 +2.851100982e+01 -8.0119e-01 +3.1232e-01 -4.1158e+00 +1.1830e+00 +3.2702e+00
9376 +1.199111367e+01 +1.199111367e+01 +2.820111367e+01 +2.820111367e+01 -8.7082e-01 +3.1206e-01 -4.1158e+00 +1.2026e+00 +3.2619e+00
9941 +1.174545725e+01 +1.174545725e+01 +2.795545725e+01 +2.795545725e+01 -9.2604e-01 +3.1195e-01 -4.1159e+00 +1.2195e+00 +3.2852e+00
10712 +1.147166989e+01 +1.147166989e+01 +2.768166989e+01 +2.768166989e+01 -9.9393e-01 +3.1194e-01 -4.1159e+00 +1.2388e+00 +3.2717e+00
11025 +1.121962580e+01 +1.121962580e+01 +2.742962580e+01 +2.742962580e+01 -1.0621e+00 +3.1195e-01 -4.1159e+00 +1.2587e+00 +3.2833e+00
11541 +1.095933199e+01 +1.095933199e+01 +2.716933199e+01 +2.716933199e+01 -1.1317e+00 +3.1199e-01 -4.1158e+00 +1.2798e+00 +3.2827e+00
% function evaluation | noise-free fitness - Fopt (-5.551000000000e+01) | best noise-free fitness - Fopt | measured fitness | best measured fitness | x1 | x2...
1 +4.797963029e+06 +4.797963029e+06 +4.797907519e+06 +4.797907519e+06 +0.0000e+00 +0.0000e+00 +0.0000e+00 +0.0000e+00 +0.0000e+00
3 +4.404767153e+06 +4.404767153e+06 +4.404711643e+06 +4.404711643e+06 -1.5208e-01 +2.9756e-02 +1.9313e-01 -7.1575e-02 +1.1363e-01
6 +3.919779392e+06 +3.919779392e+06 +3.919723882e+06 +3.919723882e+06 -1.2400e-01 -1.9181e-01 +1.5686e-01 -7.0294e-02 -8.9441e-02
9 +3.788358223e+06 +3.788358223e+06 +3.788302713e+06 +3.788302713e+06 -2.1697e-01 -2.8592e-01 -1.0091e-02 +3.8880e-01 -1.8203e-01
14 +3.509124288e+06 +3.509124288e+06 +3.509068778e+06 +3.509068778e+06 -9.4427e-02 -3.2420e-01 +1.7758e-01 +3.4459e-01 -2.4926e-01
15 +3.375624957e+06 +3.375624957e+06 +3.375569447e+06 +3.375569447e+06 -2.5792e-01 -3.9720e-01 +1.0137e-01 -1.7694e-01 -2.5753e-01
17 +3.246727565e+06 +3.246727565e+06 +3.246672055e+06 +3.246672055e+06 -2.3068e-01 -5.3446e-01 +8.7979e-02 +2.5679e-01 -1.7905e-01
18 +3.015044113e+06 +3.015044113e+06 +3.014988603e+06 +3.014988603e+06 -2.4353e-01 -5.0806e-01 +2.7198e-01 -1.9870e-02 -1.5929e-01
25 +2.587419573e+06 +2.587419573e+06 +2.587364063e+06 +2.587364063e+06 -4.1878e-01 -3.7309e-01 +2.2603e-01 +2.6101e-01 -5.8362e-01
27 +2.526031609e+06 +2.526031609e+06 +2.525976099e+06 +2.525976099e+06 -3.8608e-01 -5.0933e-01 +1.9843e-01 -6.3769e-02 -5.4711e-01
29 +1.980159692e+06 +1.980159692e+06 +1.980104182e+06 +1.980104182e+06 -5.9251e-01 -2.6723e-01 +7.0421e-01 +5.5004e-02 -2.7531e-01
34 +1.492496739e+06 +1.492496739e+06 +1.492441229e+06 +1.492441229e+06 -5.4659e-01 -5.5823e-01 +7.5441e-01 -1.3162e-01 -2.0277e-01
41 +1.181019017e+06 +1.181019017e+06 +1.180963507e+06 +1.180963507e+06 -3.8588e-01 -5.8939e-01 +4.2927e-01 +1.1687e-01 -1.1066e+00
44 +2.737467178e+05 +2.737467178e+05 +2.736912078e+05 +2.736912078e+05 -4.8933e-01 -3.6182e-01 +1.3282e+00 +7.6485e-02 -1.2916e+00
55 +8.098798294e+04 +8.098798294e+04 +8.093247294e+04 +8.093247294e+04 -8.5018e-01 -7.9634e-01 +1.3937e+00 +9.3840e-02 -7.8843e-01
68 +6.641209029e+03 +6.641209029e+03 +6.585699029e+03 +6.585699029e+03 -6.5965e-01 -1.7144e-02 +2.6261e+00 +1.5125e-02 -7.5325e-01
76 +3.100745067e+01 +3.100745067e+01 -2.450254933e+01 -2.450254933e+01 -1.0222e+00 -6.7083e-01 +2.1836e+00 -1.0424e-01 -2.8582e-01
662 +2.747373784e+01 +2.747373784e+01 -2.803626216e+01 -2.803626216e+01 -9.7556e-01 -1.5201e+00 +1.5065e+00 -1.2012e-01 -1.4159e-01
2285 +2.688852002e+01 +2.688852002e+01 -2.862147998e+01 -2.862147998e+01 -8.9297e-01 -1.5011e+00 +1.5043e+00 -3.6487e-01 -2.9941e-01
2689 +2.628807313e+01 +2.628807313e+01 -2.922192687e+01 -2.922192687e+01 -9.0115e-01 -1.5014e+00 +1.5060e+00 -4.6949e-01 -2.9859e-01
2947 +2.560618008e+01 +2.560618008e+01 -2.990381992e+01 -2.990381992e+01 -9.0441e-01 -1.5015e+00 +1.5116e+00 -5.8736e-01 -2.9800e-01
3368 +2.511142208e+01 +2.511142208e+01 -3.039857792e+01 -3.039857792e+01 -9.1328e-01 -1.5015e+00 +1.5123e+00 -6.8098e-01 -2.9671e-01
3564 +2.451334504e+01 +2.451334504e+01 -3.099665496e+01 -3.099665496e+01 -9.2112e-01 -1.5013e+00 +1.5148e+00 -8.0087e-01 -2.9700e-01
3941 +2.394957239e+01 +2.394957239e+01 -3.156042761e+01 -3.156042761e+01 -9.3214e-01 -1.5015e+00 +1.5142e+00 -9.0698e-01 -2.9661e-01
4110 +2.340772087e+01 +2.340772087e+01 -3.210227913e+01 -3.210227913e+01 -9.4554e-01 -1.5013e+00 +1.5131e+00 -1.0128e+00 -2.9434e-01
4339 +2.290142519e+01 +2.290142519e+01 -3.260857481e+01 -3.260857481e+01 -9.5567e-01 -1.5000e+00 +1.5159e+00 -1.1097e+00 -2.9144e-01
4747 +2.237362084e+01 +2.237362084e+01 -3.313637916e+01 -3.313637916e+01 -9.5580e-01 -1.5000e+00 +1.5246e+00 -1.2512e+00 -2.9264e-01
5386 +2.181900459e+01 +2.181900459e+01 -3.369099541e+01 -3.369099541e+01 -9.5915e-01 -1.5002e+00 +1.5339e+00 -1.4144e+00 -2.9201e-01
6647 +2.136091249e+01 +2.136091249e+01 -3.414908751e+01 -3.414908751e+01 -9.5932e-01 -1.5004e+00 +1.5458e+00 -1.5818e+00 -2.9117e-01
7676 +2.088349634e+01 +2.088349634e+01 -3.462650366e+01 -3.462650366e+01 -9.6166e-01 -1.5002e+00 +1.5569e+00 -1.7635e+00 -2.9091e-01
8794 +2.038459900e+01 +2.038459900e+01 -3.512540100e+01 -3.512540100e+01 -9.6614e-01 -1.5004e+00 +1.5648e+00 -1.9269e+00 -2.9100e-01
9374 +1.995051717e+01 +1.995051717e+01 -3.555948283e+01 -3.555948283e+01 -9.7471e-01 -1.5005e+00 +1.5664e+00 -2.0430e+00 -2.9116e-01
9743 +1.947902075e+01 +1.947902075e+01 -3.603097925e+01 -3.603097925e+01 -9.8310e-01 -1.5004e+00 +1.5687e+00 -2.1610e+00 -2.9133e-01
10208 +1.905367497e+01 +1.905367497e+01 -3.645632503e+01 -3.645632503e+01 -9.9198e-01 -1.5005e+00 +1.5687e+00 -2.2592e+00 -2.9137e-01
10580 +1.859902738e+01 +1.859902738e+01 -3.691097262e+01 -3.691097262e+01 -1.0032e+00 -1.5005e+00 +1.5684e+00 -2.3743e+00 -2.9129e-01
10989 +1.819527055e+01 +1.819527055e+01 -3.731472945e+01 -3.731472945e+01 -1.0143e+00 -1.5005e+00 +1.5680e+00 -2.4845e+00 -2.9130e-01
11590 +1.778055369e+01 +1.778055369e+01 -3.772944631e+01 -3.772944631e+01 -1.0285e+00 -1.5005e+00 +1.5677e+00 -2.6305e+00 -2.9136e-01
% function evaluation | noise-free fitness - Fopt (5.610000000000e+00) | best noise-free fitness - Fopt | measured fitness | best measured fitness | x1 | x2...
1 +5.856727082e+06 +5.856727082e+06 +5.856732692e+06 +5.856732692e+06 +0.0000e+00 +0.0000e+00 +0.0000e+00 +0.0000e+00 +0.0000e+00
2 +5.460832468e+06 +5.460832468e+06 +5.460838078e+06 +5.460838078e+06 -1.9626e-02 +2.0696e-01 +1.6469e-01 +1.7700e-01 -4.0769e-03
4 +5.030131806e+06 +5.030131806e+06 +5.030137416e+06 +5.030137416e+06 -1.7205e-01 -2.5296e-02 -4.5490e-03 +1.2702e-01 +2.6357e-01
13 +4.848398405e+06 +4.848398405e+06 +4.848404015e+06 +4.848404015e+06 -2.6234e-01 +2.7516e-01 -9.0309e-02 +4.0408e-02 +3.1399e-01
15 +4.277001772e+06 +4.277001772e+06 +4.277007382e+06 +4.277007382e+06 -4.3796e-01 +3.1026e-01 +3.7332e-01 +5.6579e-01 +2.9128e-01
19 +3.902284561e+06 +3.902284561e+06 +3.902290171e+06 +3.902290171e+06 -2.6710e-01 +1.2984e-01 +2.7892e-01 +4.8339e-01 +5.2972e-01
21 +3.457151999e+06 +3.457151999e+06 +3.457157609e+06 +3.457157609e+06 -3.1888e-01 +3.3598e-01 +2.1865e-01 +1.0397e+00 +7.9280e-01
28 +3.299013582e+06 +3.299013582e+06 +3.299019192e+06 +3.299019192e+06 -3.1569e-01 +7.8032e-02 +1.7556e-01 +2.7801e-01 +8.3918e-01
30 +1.071480850e+06 +1.071480850e+06 +1.071486460e+06 +1.071486460e+06 -8.0685e-01 -1.3988e-01 +6.3397e-01 +7.4977e-01 +1.4615e+00
43 +9.695565098e+05 +9.695565098e+05 +9.695621198e+05 +9.695621198e+05 -4.5189e-01 -2.2436e-01 +4.5965e-01 +1.1204e+00 +1.6808e+00
52 +9.538063688e+04 +9.538063688e+04 +9.538624688e+04 +9.538624688e+04 -9.9671e-01 +2.8264e-01 +6.8479e-01 +1.9299e+00 +2.3576e+00
66 +3.248780961e+03 +3.248780961e+03 +3.254390961e+03 +3.254390961e+03 -7.8258e-01 +5.0708e-01 +4.1141e-01 +3.9028e-01 +2.7330e+00
83 +1.957404256e+03 +1.957404256e+03 +1.963014256e+03 +1.963014256e+03 +1.3864e-01 -4.6401e-01 +7.7868e-01 -1.0618e-02 +2.5348e+00
114 +7.618480202e+02 +7.618480202e+02 +7.674580202e+02 +7.674580202e+02 +7.9908e-01 -1.7238e+00 -3.0517e-01 +1.7676e-01 +3.5379e+00
148 +4.858194316e+02 +4.858194316e+02 +4.914294316e+02 +4.914294316e+02 +1.3757e-01 -1.2395e+00 -4.3742e-02 +3.4231e-01 +3.2422e+00
159 +2.396626567e+02 +2.396626567e+02 +2.452726567e+02 +2.452726567e+02 -9.9638e-02 -1.0717e+00 +8.5412e-02 -1.1344e-01 +3.0808e+00
171 +5.437179907e+01 +5.437179907e+01 +5.998179907e+01 +5.998179907e+01 +7.4959e-02 -9.7433e-01 -1.3602e-01 -2.5311e-01 +3.2037e+00
475 +5.004329451e+01 +5.004329451e+01 +5.565329451e+01 +5.565329451e+01 +2.9985e-01 -1.0974e+00 -1.7942e-01 -8.0763e-01 +3.1909e+00
574 +4.801095446e+01 +4.801095446e+01 +5.362095446e+01 +5.362095446e+01 +2.2465e-01 +1.1497e-02 -9.2071e-02 -3.1846e-01 +3.0102e+00
670 +4.629490430e+01 +4.629490430e+01 +5.190490430e+01 +5.190490430e+01 +2.3132e-01 -5.7244e-01 +1.4962e-01 -1.9684e-01 +2.9705e+00
2636 +4.570300144e+01 +4.570300144e+01 +5.131300144e+01 +5.131300144e+01 +9.4013e-01 -1.5235e+00 +3.7485e-01 -2.5391e-01 +3.0043e+00
2898 +4.458337822e+01 +4.458337822e+01 +5.019337822e+01 +5.019337822e+01 +1.0979e+00 -1.4985e+00 +3.7555e-01 -2.7784e-01 +3.0009e+00
3129 +4.363805391e+01 +4.363805391e+01 +4.924805391e+01 +4.924805391e+01 +1.2529e+00 -1.5043e+00 +3.7629e-01 -3.2215e-01 +3.0006e+00
3363 +4.257317521e+01 +4.257317521e+01 +4.818317521e+01 +4.818317521e+01 +1.4540e+00 -1.5034e+00 +3.7616e-01 -3.7274e-01 +2.9999e+00
3400 +4.160208247e+01 +4.160208247e+01 +4.721208247e+01 +4.721208247e+01 +1.7078e+00 -1.5083e+00 +3.8205e-01 -3.8955e-01 +3.0017e+00
3562 +4.071292936e+01 +4.071292936e+01 +4.632292936e+01 +4.632292936e+01 +1.9907e+00 -1.5116e+00 +3.8879e-01 -4.2691e-01 +3.0011e+00
4547 +3.976993453e+01 +3.976993453e+01 +4.537993453e+01 +4.537993453e+01 +2.3710e+00 -1.5086e+00 +3.9334e-01 -4.6955e-01 +3.0026e+00
5204 +3.881836364e+01 +3.881836364e+01 +4.442836364e+01 +4.442836364e+01 +2.6901e+00 -1.4705e+00 +3.9327e-01 -4.7657e-01 +3.0036e+00
5461 +3.792144804e+01 +3.792144804e+01 +4.353144804e+01 +4.353144804e+01 +2.8445e+00 -1.4429e+00 +3.9344e-01 -4.7567e-01 +3.0034e+00
5672 +3.712498215e+01 +3.712498215e+01 +4.273498215e+01 +4.273498215e+01 +2.9851e+00 -1.4230e+00 +3.9368e-01 -4.7758e-01 +3.0036e+00
5850 +3.629168847e+01 +3.629168847e+01 +4.190168847e+01 +4.190168847e+01 +3.1323e+00 -1.4069e+00 +3.9349e-01 -4.8653e-01 +3.0035e+00
5924 +3.543774986e+01 +3.543774986e+01 +4.104774986e+01 +4.104774986e+01 +3.3235e+00 -1.3705e+00 +3.9450e-01 -4.7987e-01 +3.0035e+00
6208 +3.465861916e+01 +3.465861916e+01 +4.026861916e+01 +4.026861916e+01 +3.5049e+00 -1.3511e+00 +3.9507e-01 -4.8650e-01 +3.0035e+00
% function evaluation | noise-free fitness - Fopt (-1.197100000000e+02) | best noise-free fitness - Fopt | measured fitness | best measured fitness | x1 | x2...
1 +7.717791186e+04 +7.717791186e+04 +7.705820186e+04 +7.705820186e+04 +0.0000e+00 +0.0000e+00 +0.0000e+00 +0.0000e+00 +0.0000e+00
2 +2.781939427e+04 +2.781939427e+04 +2.769968427e+04 +2.769968427e+04 +8.0444e-02 +2.0710e-01 -2.3983e-01 -8.6157e-02 -1.9277e-01
12 +2.685368444e+04 +2.685368444e+04 +2.673397444e+04 +2.673397444e+04 +7.3101e-02 +4.4427e-01 +2.7263e-01 +1.2727e-01 -6.3021e-01
14 +2.415740888e+04 +2.415740888e+04 +2.403769888e+04 +2.403769888e+04 +1.3068e-01 +2.1360e-01 +9.3918e-02 -2.6120e-02 -3.2114e-01
15 +1.538817411e+04 +1.538817411e+04 +1.526846411e+04 +1.526846411e+04 +2.2152e-02 +1.2200e-01 +2.0877e-01 +1.6262e-01 -7.7935e-02
16 +1.474011514e+04 +1.474011514e+04 +1.462040514e+04 +1.462040514e+04 +1.8509e-02 +2.8390e-01 -3.6886e-01 -1.8619e-01 -1.8066e-01
21 +4.704457816e+03 +4.704457816e+03 +4.584747816e+03 +4.584747816e+03 -3.1910e-02 +3.3691e-01 -3.2592e-01 -7.9851e-02 +1.6014e-01
25 +1.163167185e+03 +1.163167185e+03 +1.043457185e+03 +1.043457185e+03 -2.6281e-02 +1.8054e-01 -2.7839e-01 +2.5598e-01 -1.1842e-01
47 +1.120312695e+03 +1.120312695e+03 +1.000602695e+03 +1.000602695e+03 -9.8850e-02 +6.2280e-02 -8.0414e-02 +2.4252e-01 -1.3139e-01
50 +3.993024208e+02 +3.993024208e+02 +2.795924208e+02 +2.795924208e+02 +1.5907e-02 +2.0883e-01 -3.3995e-01 +1.3929e-01 -1.0869e-01
56 +5.221338783e+01 +5.221338783e+01 -6.749661217e+01 -6.749661217e+01 -3.3247e-01 +2.2879e-02 -3.1525e-01 +1.1118e-01 -1.0399e-01
74 +2.960167373e+01 +2.960167373e+01 -9.010832627e+01 -9.010832627e+01 -2.2860e-01 +2.1285e-02 -1.1869e-01 +3.1924e-01 +9.5850e-02
103 +1.772991191e+01 +1.772991191e+01 -1.019800881e+02 -1.019800881e+02 -2.3275e-01 +5.3815e-02 -1.2319e-01 +1.9123e-01 -1.2998e-01
105 +1.670450012e+01 +1.670450012e+01 -1.030054999e+02 -1.030054999e+02 -1.5399e-01 +1.9837e-01 -1.3451e-01 +1.3454e-01 +5.3983e-02
% function evaluation | noise-free fitness - Fopt (3.017400000000e+02) | best noise-free fitness - Fopt | measured fitness | best measured fitness | x1 | x2...
1 +2.046644897e+06 +2.046644897e+06 +2.046946637e+06 +2.046946637e+06 +0.0000e+00 +0.0000e+00 +0.0000e+00 +0.0000e+00 +0.0000e+00
3 +1.883880361e+06 +1.883880361e+06 +1.884182101e+06 +1.884182101e+06 -3.4736e-01 -6.2221e-02 +2.5528e-02 -4.1064e-01 +1.0315e-03
11 +1.694233015e+06 +1.694233015e+06 +1.694534755e+06 +1.694534755e+06 -5.6607e-01 -1.2326e-01 +2.5253e-01 -2.5194e-01 -5.3221e-02
15 +1.256937040e+06 +1.256937040e+06 +1.257238780e+06 +1.257238780e+06 +3.9920e-01 -4.3405e-01 +1.0477e-01 -1.1763e-01 +1.8669e-01
18 +1.106699787e+06 +1.106699787e+06 +1.107001527e+06 +1.107001527e+06 +2.1043e-01 -2.2850e-01 -1.3712e-01 -3.6772e-01 +4.7578e-01
20 +5.902728564e+05 +5.902728564e+05 +5.905745964e+05 +5.905745964e+05 +3.3392e-01 -1.3114e-01 +5.4967e-01 -4.8536e-01 +3.3544e-01
23 +5.699044916e+05 +5.699044916e+05 +5.702062316e+05 +5.702062316e+05 -1.2477e-01 -3.6465e-01 +1.0411e-01 -7.3026e-01 +2.5462e-01
26 +4.070508625e+05 +4.070508625e+05 +4.073526025e+05 +4.073526025e+05 +2.6041e-01 -5.6378e-01 +1.5619e-01 -2.4995e-01 +7.2897e-01
31 +1.376264114e+05 +1.376264114e+05 +1.379281514e+05 +1.379281514e+05 -4.7474e-01 -5.6314e-01 +5.0164e-01 -8.4673e-01 +3.8553e-01
33 +1.282050421e+05 +1.282050421e+05 +1.285067821e+05 +1.285067821e+05 +4.9892e-03 -8.3074e-01 +2.2385e-01 -9.0727e-01 +4.2118e-01
37 +2.221305074e+04 +2.221305074e+04 +2.251479074e+04 +2.251479074e+04 -2.9328e-01 -7.3648e-01 +5.9427e-01 -1.2803e+00 +3.5912e-01
43 +3.868298136e+01 +3.868298136e+01 +3.404229814e+02 +3.404229814e+02 -7.1450e-01 -8.6345e-01 +6.5370e-01 -3.5897e-01 +8.1070e-01
% function evaluation | noise-free fitness - Fopt (2.247300000000e+02) | best noise-free fitness - Fopt | measured fitness | best measured fitness | x1 | x2...
1 +1.407792748e+05 +1.407792748e+05 +1.410040048e+05 +1.410040048e+05 +0.0000e+00 +0.0000e+00 +0.0000e+00 +0.0000e+00 +0.0000e+00
4 +4.899215732e+04 +4.899215732e+04 +4.921688732e+04 +4.921688732e+04 +1.1051e-01 -2.8033e-01 -3.6305e-01 +5.3330e-02 -2.0620e-01
12 +3.938095361e+03 +3.938095361e+03 +4.162825361e+03 +4.162825361e+03 +2.3986e-01 -1.8092e-01 +1.7188e-03 +1.2040e-03 +1.6812e-01
18 +2.093922403e+01 +2.093922403e+01 +2.456692240e+02 +2.456692240e+02 +1.7638e-01 -2.5727e-01 +7.9921e-02 +8.5342e-02 +2.6506e-01
132 +1.820165198e+01 +1.820165198e+01 +2.429316520e+02 +2.429316520e+02 +1.4044e-01 -5.7332e-01 +3.3935e-01 +1.1124e-01 -6.8286e-02
147 +1.682066071e+01 +1.682066071e+01 +2.415506607e+02 +2.415506607e+02 +5.1473e-02 -6.2581e-01 +4.9198e-01 +2.6071e-01 -9.5661e-02
162 +1.471509495e+01 +1.471509495e+01 +2.394450949e+02 +2.394450949e+02 +5.7058e-02 -6.1049e-01 +3.6112e-01 +2.8503e-01 -1.2028e-01
9850 +1.445414060e+01 +1.445414060e+01 +2.391841406e+02 +2.391841406e+02 +1.5221e-02 -5.2253e-01 +8.5397e-01 +3.5862e-01 +6.1538e-02
% function evaluation | noise-free fitness - Fopt (1.222800000000e+02) | best noise-free fitness - Fopt | measured fitness | best measured fitness | x1 | x2...
1 +5.186911638e+06 +5.186911638e+06 +5.187033918e+06 +5.187033918e+06 +0.0000e+00 +0.0000e+00 +0.0000e+00 +0.0000e+00 +0.0000e+00
3 +4.036284837e+06 +4.036284837e+06 +4.036407117e+06 +4.036407117e+06 -4.7105e-01 +5.3294e-02 +6.3057e-02 +1.2685e-01 -5.7976e-02
12 +2.886822013e+06 +2.886822013e+06 +2.886944293e+06 +2.886944293e+06 -3.1030e-01 +3.5618e-01 +1.2411e-01 +9.2939e-02 +2.3960e-01
13 +2.583305320e+06 +2.583305320e+06 +2.583427600e+06 +2.583427600e+06 -2.6928e-01 +2.6386e-01 +3.2693e-03 +5.7630e-01 +4.8457e-01
21 +2.243357581e+06 +2.243357581e+06 +2.243479861e+06 +2.243479861e+06 -7.3874e-01 +1.9228e-01 +1.2316e-01 +6.0723e-01 +3.1492e-01
23 +2.115458127e+06 +2.115458127e+06 +2.115580407e+06 +2.115580407e+06 +1.5680e-02 +7.1739e-01 +8.0242e-02 +1.2669e+00 +1.5699e-01
29 +1.199860386e+06 +1.199860386e+06 +1.199982666e+06 +1.199982666e+06 -1.4654e-01 +3.9762e-01 +8.6785e-01 +4.2503e-01 +4.5523e-01
34 +6.111267890e+05 +6.111267890e+05 +6.112490690e+05 +6.112490690e+05 -7.1648e-01 -2.5113e-01 +1.0612e+00 +9.0865e-01 +3.9160e-01
42 +2.446729812e+05 +2.446729812e+05 +2.447952612e+05 +2.447952612e+05 -1.8922e-01 +1.6079e-01 +1.6454e+00 -2.3000e-01 +8.1980e-01
47 +1.087294421e+05 +1.087294421e+05 +1.088517221e+05 +1.088517221e+05 -3.7073e-01 +7.1363e-02 +1.4405e+00 +1.5858e+00 +4.6292e-01
49 +4.435174273e+04 +4.435174273e+04 +4.447402273e+04 +4.447402273e+04 -2.3240e-01 +7.1820e-01 +1.6316e+00 +1.1874e+00 +1.7893e-01
51 +1.219789161e+03 +1.219789161e+03 +1.342069161e+03 +1.342069161e+03 -9.6761e-01 +2.9796e-01 +1.5718e+00 +2.1170e+00 +2.7482e-01
62 +4.015485996e+02 +4.015485996e+02 +5.238285996e+02 +5.238285996e+02 -9.1772e-01 +1.1624e+00 +1.5407e+00 +1.7692e+00 -9.5576e-02
82 +2.172018296e+02 +2.172018296e+02 +3.394818296e+02 +3.394818296e+02 -1.1727e+00 -2.4220e-01 +1.3816e+00 +2.1812e+00 +8.6638e-01
136 +9.130386276e+00 +9.130386276e+00 +1.314103863e+02 +1.314103863e+02 -3.1488e-01 -7.3489e-01 +1.7849e+00 +2.2199e+00 +7.6692e-01
178 +8.441010764e+00 +8.441010764e+00 +1.307210108e+02 +1.307210108e+02 -1.3432e-01 -5.0265e-01 +1.6370e+00 +3.0442e+00 +4.4029e-01
% function evaluation | noise-free fitness - Fopt (-8.918000000000e+01) | best noise-free fitness - Fopt | measured fitness | best measured fitness | x1 | x2...
1 +2.007505116e+07 +2.007505116e+07 +2.007496198e+07 +2.007496198e+07 +0.0000e+00 +0.0000e+00 +0.0000e+00 +0.0000e+00 +0.0000e+00
5 +1.949066692e+07 +1.949066692e+07 +1.949057774e+07 +1.949057774e+07 +1.1535e-01 -1.2249e-01 +9.4179e-02 +7.9094e-02 +3.6997e-02
9 +1.695355330e+07 +1.695355330e+07 +1.695346412e+07 +1.695346412e+07 +6.3921e-02 -2.5324e-01 +4.2209e-02 +3.4450e-01 +5.5660e-01
21 +1.457734198e+07 +1.457734198e+07 +1.457725280e+07 +1.457725280e+07 +8.1361e-02 -2.4361e-01 -3.7734e-01 -1.9632e-02 +5.5283e-01
26 +1.400967365e+07 +1.400967365e+07 +1.400958447e+07 +1.400958447e+07 -2.7884e-02 -3.3056e-01 -5.2757e-01 +1.2850e-02 +5.3299e-01
30 +1.274279613e+07 +1.274279613e+07 +1.274270695e+07 +1.274270695e+07 +6.6940e-02 -1.6688e-01 -7.3059e-01 +1.9609e-01 +7.1164e-01
36 +1.028943461e+07 +1.028943461e+07 +1.028934543e+07 +1.028934543e+07 -9.8000e-02 -3.8355e-01 -7.3414e-01 +1.3772e-01 +1.3234e+00
43 +8.814973448e+06 +8.814973448e+06 +8.814884268e+06 +8.814884268e+06 +3.9732e-01 -1.4073e-01 -1.0627e+00 -1.4389e-01 +1.2481e+00
51 +7.894703894e+06 +7.894703894e+06 +7.894614714e+06 +7.894614714e+06 +7.3165e-01 -7.0211e-01 -1.0097e+00 +2.9533e-01 +1.0253e+00
52 +6.876623571e+06 +6.876623571e+06 +6.876534391e+06 +6.876534391e+06 +5.8026e-01 -2.3828e-01 -1.2473e+00 -4.3553e-01 +1.8276e+00
58 +6.732054038e+06 +6.732054038e+06 +6.731964858e+06 +6.731964858e+06 +1.0938e+00 -1.0148e-01 -8.3880e-01 -1.7293e-01 +2.0687e+00
61 +2.728053872e+06 +2.728053872e+06 +2.727964692e+06 +2.727964692e+06 +6.4229e-01 -4.5288e-01 -1.6904e+00 +2.8638e-01 +2.6302e+00
69 +2.079047733e+06 +2.079047733e+06 +2.078958553e+06 +2.078958553e+06 +7.9075e-01 -9.2988e-01 -7.2061e-01 +1.4221e-01 +3.6656e+00
71 +1.782142930e+06 +1.782142930e+06 +1.782053750e+06 +1.782053750e+06 +1.0215e+00 -7.8919e-01 -2.0708e+00 -6.5761e-01 +2.4892e+00
77 +2.620287559e+04 +2.620287559e+04 +2.611369559e+04 +2.611369559e+04 +7.3642e-01 -7.6010e-01 -2.9008e+00 +1.5382e-01 +4.8034e+00
83 +2.457691651e+02 +2.457691651e+02 +1.565891651e+02 +1.565891651e+02 +6.9618e-01 -1.1098e+00 -2.5433e+00 -1.2154e-01 +4.5704e+00
100 +1.180355840e+02 +1.180355840e+02 +2.885558396e+01 +2.885558396e+01 -8.9108e-02 +1.0714e+00 -2.0363e+00 +3.8816e-01 +8.1884e+00
305 +9.625415353e+01 +9.625415353e+01 +7.074153527e+00 +7.074153527e+00 +1.0650e-01 +1.3428e+00 -2.8013e+00 -2.5603e+00 +6.8376e+00
308 +8.271664661e+01 +8.271664661e+01 -6.463353387e+00 -6.463353387e+00 +1.7398e-01 +1.5023e+00 -2.8032e+00 -2.8250e+00 +6.9077e+00
313 +7.574723345e+01 +7.574723345e+01 -1.343276655e+01 -1.343276655e+01 -2.8730e-02 +1.4874e+00 -2.8134e+00 -2.6050e+00 +7.1101e+00
320 +7.197444361e+01 +7.197444361e+01 -1.720555639e+01 -1.720555639e+01 +1.5188e-01 +1.4356e+00 -2.9007e+00 -2.9181e+00 +6.7294e+00
358 +6.049310485e+01 +6.049310485e+01 -2.868689515e+01 -2.868689515e+01 +3.5942e-01 +1.3291e+00 -2.7666e+00 -2.9298e+00 +6.5690e+00
491 +5.597607504e+01 +5.597607504e+01 -3.320392496e+01 -3.320392496e+01 +3.2930e-01 +1.3603e+00 -2.9031e+00 -2.3700e+00 +6.5710e+00
507 +5.402300936e+01 +5.402300936e+01 -3.515699064e+01 -3.515699064e+01 +2.6713e-01 +1.2828e+00 -2.9869e+00 -2.3515e+00 +6.4582e+00
645 +5.351952913e+01 +5.351952913e+01 -3.566047087e+01 -3.566047087e+01 +4.8898e-01 +1.3356e+00 -2.7824e+00 -1.7792e+00 +6.6387e+00
751 +5.221644351e+01 +5.221644351e+01 -3.696355649e+01 -3.696355649e+01 +4.7890e-01 +1.3207e+00 -2.8542e+00 -1.8152e+00 +6.5437e+00
5144 +5.128376698e+01 +5.128376698e+01 -3.789623302e+01 -3.789623302e+01 +4.9204e-01 +1.2980e+00 -2.8567e+00 -1.7466e+00 +6.5180e+00
8826 +5.011469022e+01 +5.011469022e+01 -3.906530978e+01 -3.906530978e+01 +5.1574e-01 +1.2976e+00 -2.8733e+00 -1.5085e+00 +6.5177e+00
% function evaluation | noise-free fitness - Fopt (8.560000000000e+01) | best noise-free fitness - Fopt | measured fitness | best measured fitness | x1 | x2...
1 +7.763676300e+04 +7.763676300e+04 +7.772236300e+04 +7.772236300e+04 +0.0000e+00 +0.0000e+00 +0.0000e+00 +0.0000e+00 +0.0000e+00
14 +6.084964690e+04 +6.084964690e+04 +6.093524690e+04 +6.093524690e+04 +2.3888e-01 +5.3216e-01 -1.0375e-01 -1.9620e-02 -1.0400e-01
15 +1.014523364e+04 +1.014523364e+04 +1.023083364e+04 +1.023083364e+04 +2.5600e-01 +1.9938e-01 -2.9453e-01 -3.6980e-01 +4.9992e-01
19 +6.951703431e+02 +6.951703431e+02 +7.807703431e+02 +7.807703431e+02 +8.4333e-02 -1.5247e-01 -1.0392e-01 -2.7005e-01 +5.4855e-01
22 +6.185604466e+01 +6.185604466e+01 +1.474560447e+02 +1.474560447e+02 -5.2001e-02 -1.5656e-01 +8.6343e-02 +2.0243e-02 +5.9848e-01
39 +5.127327571e+01 +5.127327571e+01 +1.368732757e+02 +1.368732757e+02 -2.7183e-02 +4.8173e-02 -3.3348e-01 -9.0650e-02 +2.0316e-01
61 +9.407665271e+00 +9.407665271e+00 +9.500766527e+01 +9.500766527e+01 +2.0466e-01 -7.9506e-02 -1.8350e-01 -1.4142e-01 +2.5913e-01
6107 +9.314553854e+00 +9.314553854e+00 +9.491455385e+01 +9.491455385e+01 +2.0367e-01 -4.7993e-01 +5.1553e-02 -3.3014e-01 +6.1179e-01
6981 +9.119527894e+00 +9.119527894e+00 +9.471952789e+01 +9.471952789e+01 +2.0344e-01 -5.2245e-01 +5.1460e-02 -3.2954e-01 +6.0462e-01
7879 +8.912412164e+00 +8.912412164e+00 +9.451241216e+01 +9.451241216e+01 +2.0339e-01 -5.6915e-01 +5.1421e-02 -3.2962e-01 +5.9724e-01
8521 +8.703777129e+00 +8.703777129e+00 +9.430377713e+01 +9.430377713e+01 +2.0340e-01 -6.1893e-01 +5.1432e-02 -3.2959e-01 +5.8943e-01
9893 +8.508449972e+00 +8.508449972e+00 +9.410844997e+01 +9.410844997e+01 +2.0340e-01 -6.6287e-01 +5.1423e-02 -3.2958e-01 +5.8225e-01
10752 +8.315691946e+00 +8.315691946e+00 +9.391569195e+01 +9.391569195e+01 +2.0340e-01 -7.0970e-01 +5.1431e-02 -3.2962e-01 +5.7495e-01
11898 +8.128088173e+00 +8.128088173e+00 +9.372808817e+01 +9.372808817e+01 +2.0339e-01 -7.5448e-01 +5.1432e-02 -3.2957e-01 +5.6775e-01
