% function evaluation | noise-free fitness - Fopt (7.627000000000e+01) | best noise-free fitness - Fopt | measured fitness | best measured fitness | x1 | x2...
1 +1.557434152e+05 +1.557434152e+05 +1.558196852e+05 +1.558196852e+05 +0.0000e+00 +0.0000e+00 +0.0000e+00 +0.0000e+00 +0.0000e+00 +0.0000e+00 +0.0000e+00 +0.0000e+00 +0.0000e+00 +0.0000e+00
4 +9.150349464e+02 +9.150349464e+02 +9.913049464e+02 +9.913049464e+02 +1.4957e-01 -1.7317e-01 -1.8345e-01 -2.5360e-01 -3.8293e-01 -1.2345e-01 +7.4180e-02 +3.5350e-01 +6.7919e-02 -3.3474e-01
30 +1.159200489e+02 +1.159200489e+02 +1.921900489e+02 +1.921900489e+02 +2.3036e-02 -2.0200e-01 -4.6213e-01 -2.6648e-01 -3.4538e-01 +2.1893e-01 +3.2690e-01 +3.6406e-01 -6.2154e-02 -1.6637e-02
32 +8.446385001e+01 +8.446385001e+01 +1.607338500e+02 +1.607338500e+02 -6.1793e-02 +4.0311e-01 -6.2155e-01 +5.0111e-02 -2.1345e-01 -2.2759e-01 +1.1440e-01 +4.6817e-01 +5.4383e-02 +1.7737e-01
39 +3.883645683e+01 +3.883645683e+01 +1.151064568e+02 +1.151064568e+02 -3.1624e-03 +1.8902e-01 -7.1005e-01 +1.1422e-01 -1.7194e-01 +3.6408e-02 +3.0089e-01 +4.5699e-01 -3.1972e-02 +1.0383e-01
103 +3.542504986e+01 +3.542504986e+01 +1.116950499e+02 +1.116950499e+02 +6.8955e-03 +2.8509e-02 -7.7341e-01 -1.5646e-01 -2.1618e-01 +1.7701e-01 +5.3945e-01 +8.4259e-01 +1.3997e-01 +6.0923e-02
295 +3.278139818e+01 +3.278139818e+01 +1.090513982e+02 +1.090513982e+02 -8.0021e-01 +1.8202e-01 -8.8285e-01 +4.9253e-01 -2.1670e-01 +3.3607e-01 +8.1842e-01 +2.9010e-01 +1.9930e-01 +8.1953e-01
310 +3.169939041e+01 +3.169939041e+01 +1.079693904e+02 +1.079693904e+02 -5.4237e-01 +1.8264e-01 -7.7644e-01 +6.0728e-01 -3.7190e-01 +4.3401e-01 +7.1754e-01 +4.0575e-01 +1.7688e-01 +6.9079e-01
450 +2.714048151e+01 +2.714048151e+01 +1.034104815e+02 +1.034104815e+02 -7.9613e-01 +2.8832e-01 -1.0072e+00 +4.6500e-01 -3.3632e-01 +1.8449e-01 +8.4109e-01 +8.8835e-01 +1.7457e-01 +9.5306e-01
588 +2.608310642e+01 +2.608310642e+01 +1.023531064e+02 +1.023531064e+02 -9.6335e-01 +1.0262e-01 -4.5988e-01 +3.7020e-01 -5.8687e-01 -4.6285e-01 +1.0259e+00 +1.3469e+00 +1.0188e-01 +4.5823e-01
660 +2.560671806e+01 +2.560671806e+01 +1.018767181e+02 +1.018767181e+02 -7.5870e-01 -9.1832e-03 -5.6085e-01 +4.7390e-01 -5.1113e-01 -4.9822e-01 +9.2997e-01 +1.2663e+00 +2.2087e-01 +3.9267e-01
676 +2.461975929e+01 +2.461975929e+01 +1.008897593e+02 +1.008897593e+02 -7.8277e-01 -8.9769e-02 -6.1151e-01 +4.3412e-01 -4.8320e-01 -4.5366e-01 +9.8143e-01 +1.2074e+00 +1.4307e-01 +4.4284e-01
824 +2.432853676e+01 +2.432853676e+01 +1.005985368e+02 +1.005985368e+02 -8.2555e-01 -3.3806e-01 -8.9103e-01 +4.3657e-01 -4.0314e-01 -6.9440e-01 +5.7767e-01 +1.2788e+00 +2.3162e-01 +5.3387e-01
844 +1.959678529e+01 +1.959678529e+01 +9.586678529e+01 +9.586678529e+01 -9.7789e-01 -3.5709e-01 -8.7754e-01 +4.0122e-01 -4.1526e-01 -7.3154e-01 +6.6750e-01 +1.3405e+00 +2.1704e-01 +5.8319e-01
1030 +1.919355778e+01 +1.919355778e+01 +9.546355778e+01 +9.546355778e+01 -1.0826e+00 -4.3587e-01 -9.7218e-01 +5.3999e-01 -4.2051e-01 -6.7235e-01 +7.3016e-01 +1.4188e+00 +2.5182e-01 +6.4458e-01
1039 +1.900696482e+01 +1.900696482e+01 +9.527696482e+01 +9.527696482e+01 -1.0764e+00 -4.1884e-01 -9.7586e-01 +5.5081e-01 -4.2933e-01 -6.9732e-01 +7.0935e-01 +1.4268e+00 +2.5879e-01 +6.7018e-01
1864 +1.861694604e+01 +1.861694604e+01 +9.488694604e+01 +9.488694604e+01 -1.0866e+00 -5.1000e-01 -9.8172e-01 +5.2286e-01 -4.2093e-01 -7.0994e-01 +7.3522e-01 +1.4320e+00 +2.6160e-01 +6.4131e-01
3869 +1.819189045e+01 +1.819189045e+01 +9.446189045e+01 +9.446189045e+01 -1.0821e+00 -5.2284e-01 -9.8232e-01 +5.3629e-01 -4.2431e-01 -7.6047e-01 +6.8995e-01 +1.4292e+00 +2.4961e-01 +6.4081e-01
5313 +1.778071583e+01 +1.778071583e+01 +9.405071583e+01 +9.405071583e+01 -1.0946e+00 -5.5070e-01 -9.8483e-01 +5.4956e-01 -4.2735e-01 -7.8797e-01 +6.7387e-01 +1.4268e+00 +2.5097e-01 +6.4437e-01
6267 +1.737502214e+01 +1.737502214e+01 +9.364502214e+01 +9.364502214e+01 -1.1292e+00 -5.8937e-01 -9.8244e-01 +5.3476e-01 -4.2757e-01 -8.2381e-01 +6.6622e-01 +1.4275e+00 +2.4542e-01 +6.4541e-01
7486 +1.697593970e+01 +1.697593970e+01 +9.324593970e+01 +9.324593970e+01 -1.1258e+00 -6.1623e-01 -9.7985e-01 +5.3745e-01 -4.2816e-01 -8.7752e-01 +6.5769e-01 +1.4285e+00 +2.4642e-01 +6.4674e-01
8246 +1.657927361e+01 +1.657927361e+01 +9.284927361e+01 +9.284927361e+01 -1.1276e+00 -6.5873e-01 -9.8027e-01 +5.3481e-01 -4.2821e-01 -9.1949e-01 +6.5866e-01 +1.4279e+00 +2.5076e-01 +6.4856e-01
9653 +1.621572586e+01 +1.621572586e+01 +9.248572586e+01 +9.248572586e+01 -1.1595e+00 -7.0450e-01 -9.8125e-01 +5.2912e-01 -4.2866e-01 -9.4930e-01 +6.5932e-01 +1.4286e+00 +2.5839e-01 +6.5108e-01
10758 +1.584729754e+01 +1.584729754e+01 +9.211729754e+01 +9.211729754e+01 -1.1618e+00 -7.4285e-01 -9.8116e-01 +5.2967e-01 -4.2876e-01 -9.9632e-01 +6.5526e-01 +1.4288e+00 +2.5669e-01 +6.5159e-01
11639 +1.548550424e+01 +1.548550424e+01 +9.175550424e+01 +9.175550424e+01 -1.1597e+00 -7.8596e-01 -9.8118e-01 +5.2897e-01 -4.2884e-01 -1.0458e+00 +6.5457e-01 +1.4288e+00 +2.5154e-01 +6.5170e-01
12973 +1.513560570e+01 +1.513560570e+01 +9.140560570e+01 +9.140560570e+01 -1.1625e+00 -8.2990e-01 -9.8112e-01 +5.2880e-01 -4.2866e-01 -1.1016e+00 +6.5150e-01 +1.4288e+00 +2.4085e-01 +6.5217e-01
14055 +1.478984039e+01 +1.478984039e+01 +9.105984039e+01 +9.105984039e+01 -1.1597e+00 -8.7760e-01 -9.8117e-01 +5.2837e-01 -4.2878e-01 -1.1580e+00 +6.5075e-01 +1.4287e+00 +2.2339e-01 +6.5183e-01
15757 +1.444335974e+01 +1.444335974e+01 +9.071335974e+01 +9.071335974e+01 -1.1593e+00 -9.4210e-01 -9.8115e-01 +5.2843e-01 -4.2883e-01 -1.2301e+00 +6.5106e-01 +1.4288e+00 +2.2492e-01 +6.5251e-01
19936 +1.412532069e+01 +1.412532069e+01 +9.039532069e+01 +9.039532069e+01 -1.1593e+00 -1.0197e+00 -9.8113e-01 +5.2836e-01 -4.2885e-01 -1.3169e+00 +6.5099e-01 +1.4287e+00 +2.2504e-01 +6.5331e-01
% function evaluation | noise-free fitness - Fopt (-2.255000000000e+01) | best noise-free fitness - Fopt | measured fitness | best measured fitness | x1 | x2...
1 +2.457636689e+04 +2.457636689e+04 +2.455381689e+04 +2.455381689e+04 +0.0000e+00 +0.0000e+00 +0.0000e+00 +0.0000e+00 +0.0000e+00 +0.0000e+00 +0.0000e+00 +0.0000e+00 +0.0000e+00 +0.0000e+00
5 +4.397054784e+03 +4.397054784e+03 +4.374504784e+03 +4.374504784e+03 -1.6815e-01 +1.3525e-02 +1.9822e-01 +1.3248e-01 -5.9102e-02 -1.6418e-01 +6.8635e-02 +1.4938e-01 +2.1560e-02 -1.4966e-01
6 +8.303965501e+01 +8.303965501e+01 +6.048965501e+01 +6.048965501e+01 +2.1651e-02 +5.1713e-02 +2.6786e-01 -8.5902e-02 +2.5675e-01 -1.9953e-01 +8.4787e-02 -4.2641e-02 -4.1205e-02 -2.4694e-01
27 +6.333483771e+01 +6.333483771e+01 +4.078483771e+01 +4.078483771e+01 +1.1212e-01 -1.1032e-01 +7.2194e-01 -1.4985e-01 +1.3636e-01 -3.4160e-01 +1.1630e-01 +1.8992e-01 -1.9729e-01 -5.6716e-01
69 +4.495448229e+01 +4.495448229e+01 +2.240448229e+01 +2.240448229e+01 +1.5065e-01 +4.2351e-01 +3.7640e-01 +3.9724e-03 +5.1919e-01 -5.0289e-01 -3.7746e-01 -3.0379e-01 -1.1911e-01 -6.9396e-01
3571 +4.453812881e+01 +4.453812881e+01 +2.198812881e+01 +2.198812881e+01 +2.0162e-01 -5.9555e-01 -1.0090e+00 +2.0564e-01 +8.3649e-01 -1.0791e+00 +5.4704e-01 -3.2408e+00 -6.8264e-02 +9.6927e-02
3647 +4.355350898e+01 +4.355350898e+01 +2.100350898e+01 +2.100350898e+01 +2.0176e-01 -6.0049e-01 -8.3286e-01 +1.9969e-01 +8.3559e-01 -1.0768e+00 +5.4564e-01 -3.0526e+00 -1.0792e-01 +9.3541e-02
3717 +4.251899231e+01 +4.251899231e+01 +1.996899231e+01 +1.996899231e+01 +2.0191e-01 -6.0276e-01 -8.1412e-01 +1.9908e-01 +8.4499e-01 -1.0690e+00 +5.4545e-01 -3.7268e+00 -1.4267e-01 +8.3714e-02
3930 +4.164787529e+01 +4.164787529e+01 +1.909787529e+01 +1.909787529e+01 +2.0078e-01 -6.0734e-01 -6.7791e-01 +2.0931e-01 +8.9431e-01 -1.0527e+00 +5.4773e-01 -3.6820e+00 -1.3270e-01 +8.4942e-02
4012 +4.054539464e+01 +4.054539464e+01 +1.799539464e+01 +1.799539464e+01 +2.0100e-01 -6.1170e-01 -5.0554e-01 +2.0390e-01 +9.1006e-01 -1.0557e+00 +5.4915e-01 -3.5175e+00 -1.0862e-01 +9.8679e-02
4066 +3.974888690e+01 +3.974888690e+01 +1.719888690e+01 +1.719888690e+01 +2.0076e-01 -6.1009e-01 -4.0434e-01 +2.0204e-01 +9.2412e-01 -1.0440e+00 +5.4727e-01 -3.7786e+00 -1.1787e-01 +9.8132e-02
4188 +3.889264098e+01 +3.889264098e+01 +1.634264098e+01 +1.634264098e+01 +2.0122e-01 -6.1312e-01 -2.7994e-01 +2.0036e-01 +9.1877e-01 -1.0467e+00 +5.4445e-01 -3.7277e+00 -9.5573e-02 +1.0245e-01
4767 +3.800112347e+01 +3.800112347e+01 +1.545112347e+01 +1.545112347e+01 +2.0408e-01 -6.0839e-01 -8.9908e-02 +1.9743e-01 +9.0819e-01 -1.0446e+00 +5.3954e-01 -3.6263e+00 -1.6630e-01 +1.0822e-01
5108 +3.712432415e+01 +3.712432415e+01 +1.457432415e+01 +1.457432415e+01 +2.0532e-01 -6.1206e-01 +7.5831e-02 +1.9679e-01 +9.2846e-01 -1.0447e+00 +5.3797e-01 -3.5373e+00 -1.8360e-01 +1.1053e-01
5659 +3.628163411e+01 +3.628163411e+01 +1.373163411e+01 +1.373163411e+01 +2.0566e-01 -6.1732e-01 +2.5744e-01 +1.9569e-01 +9.7038e-01 -1.0422e+00 +5.3702e-01 -3.3658e+00 -1.8590e-01 +1.0905e-01
6157 +3.547306336e+01 +3.547306336e+01 +1.292306336e+01 +1.292306336e+01 +2.0689e-01 -6.2317e-01 +4.2606e-01 +1.9343e-01 +9.8333e-01 -1.0406e+00 +5.3653e-01 -3.4293e+00 -1.8500e-01 +1.1067e-01
6818 +3.467188464e+01 +3.467188464e+01 +1.212188464e+01 +1.212188464e+01 +2.0818e-01 -6.3209e-01 +6.0926e-01 +1.9090e-01 +9.9295e-01 -1.0394e+00 +5.3617e-01 -3.3690e+00 -1.4498e-01 +1.1087e-01
7387 +3.388160873e+01 +3.388160873e+01 +1.133160873e+01 +1.133160873e+01 +2.0881e-01 -6.4658e-01 +8.4715e-01 +1.9134e-01 +1.0083e+00 -1.0393e+00 +5.3639e-01 -3.3919e+00 -1.1612e-01 +1.1009e-01
8071 +3.305897956e+01 +3.305897956e+01 +1.050897956e+01 +1.050897956e+01 +2.0856e-01 -6.5717e-01 +9.8428e-01 +1.9178e-01 +1.0162e+00 -1.0379e+00 +5.3531e-01 -3.3357e+00 +1.3664e-02 +1.1009e-01
8503 +3.234312773e+01 +3.234312773e+01 +9.793127731e+00 +9.793127731e+00 +2.0907e-01 -6.5959e-01 +1.0088e+00 +1.9197e-01 +1.0565e+00 -1.0380e+00 +5.3449e-01 -3.1640e+00 +1.5751e-01 +1.0995e-01
8951 +3.162051403e+01 +3.162051403e+01 +9.070514029e+00 +9.070514029e+00 +2.0959e-01 -6.6993e-01 +1.1167e+00 +1.9218e-01 +1.0741e+00 -1.0383e+00 +5.3475e-01 -3.1078e+00 +3.1043e-01 +1.0964e-01
9316 +3.090278692e+01 +3.090278692e+01 +8.352786923e+00 +8.352786923e+00 +2.1026e-01 -6.7675e-01 +1.1457e+00 +1.9184e-01 +1.1095e+00 -1.0379e+00 +5.3473e-01 -3.0601e+00 +5.3018e-01 +1.0992e-01
9645 +3.019127620e+01 +3.019127620e+01 +7.641276202e+00 +7.641276202e+00 +2.1023e-01 -6.8721e-01 +1.2294e+00 +1.9157e-01 +1.1672e+00 -1.0382e+00 +5.3515e-01 -3.1245e+00 +7.5152e-01 +1.0995e-01
9822 +2.946088010e+01 +2.946088010e+01 +6.910880098e+00 +6.910880098e+00 +2.1044e-01 -6.9600e-01 +1.2817e+00 +1.9162e-01 +1.2290e+00 -1.0373e+00 +5.3588e-01 -2.9930e+00 +1.0102e+00 +1.1011e-01
10231 +2.880685664e+01 +2.880685664e+01 +6.256856640e+00 +6.256856640e+00 +2.1053e-01 -7.1007e-01 +1.3377e+00 +1.9197e-01 +1.2261e+00 -1.0377e+00 +5.3580e-01 -3.0519e+00 +1.3006e+00 +1.1021e-01
10427 +2.817144749e+01 +2.817144749e+01 +5.621447491e+00 +5.621447491e+00 +2.1066e-01 -7.1763e-01 +1.3377e+00 +1.9207e-01 +1.2378e+00 -1.0377e+00 +5.3562e-01 -3.0664e+00 +1.5317e+00 +1.1003e-01
10666 +2.746310647e+01 +2.746310647e+01 +4.913106472e+00 +4.913106472e+00 +2.1087e-01 -7.2233e-01 +1.2797e+00 +1.9197e-01 +1.2351e+00 -1.0376e+00 +5.3584e-01 -3.1384e+00 +1.7521e+00 +1.1006e-01
10798 +2.689259895e+01 +2.689259895e+01 +4.342598955e+00 +4.342598955e+00 +2.1074e-01 -7.2989e-01 +1.2866e+00 +1.9214e-01 +1.2369e+00 -1.0373e+00 +5.3571e-01 -3.1653e+00 +1.9581e+00 +1.0994e-01
12017 +2.630221788e+01 +2.630221788e+01 +3.752217876e+00 +3.752217876e+00 +2.1080e-01 -7.4404e-01 +1.3418e+00 +1.9201e-01 +1.2393e+00 -1.0373e+00 +5.3569e-01 -3.3927e+00 +2.2399e+00 +1.0998e-01
15891 +2.570126883e+01 +2.570126883e+01 +3.151268827e+00 +3.151268827e+00 +2.1084e-01 -7.3725e-01 +1.5399e+00 +1.9184e-01 +1.6867e+00 -1.0381e+00 +5.3567e-01 -3.5031e+00 +2.3735e+00 +1.0987e-01
16791 +2.511672069e+01 +2.511672069e+01 +2.566720687e+00 +2.566720687e+00 +2.1090e-01 -7.3791e-01 +1.6555e+00 +1.9182e-01 +1.8248e+00 -1.0378e+00 +5.3566e-01 -4.1390e+00 +2.3396e+00 +1.0987e-01
17790 +2.454494918e+01 +2.454494918e+01 +1.994949183e+00 +1.994949183e+00 +2.1084e-01 -7.3847e-01 +1.8623e+00 +1.9183e-01 +1.9583e+00 -1.0379e+00 +5.3568e-01 -4.2312e+00 +2.1915e+00 +1.0988e-01
% function evaluation | noise-free fitness - Fopt (1.366000000000e+01) | best noise-free fitness - Fopt | measured fitness | best measured fitness | x1 | x2...
1 +3.519875254e+06 +3.519875254e+06 +3.519888914e+06 +3.519888914e+06 +0.0000e+00 +0.0000e+00 +0.0000e+00 +0.0000e+00 +0.0000e+00 +0.0000e+00 +0.0000e+00 +0.0000e+00 +0.0000e+00 +0.0000e+00
14 +2.888458764e+06 +2.888458764e+06 +2.888472424e+06 +2.888472424e+06 +9.2069e-02 -1.6939e-02 +2.8934e-02 +3.7795e-01 +9.8965e-02 -2.4514e-01 -5.2786e-02 -5.2161e-03 +1.2565e-01 -1.0366e-01
16 +2.544212581e+06 +2.544212581e+06 +2.544226241e+06 +2.544226241e+06 +2.9927e-01 +1.9806e-01 -1.6686e-01 +2.6430e-01 +2.5802e-01 -1.2528e-01 -1.3735e-01 +7.2696e-02 +1.0613e-01 +1.3294e-01
20 +2.378391908e+06 +2.378391908e+06 +2.378405568e+06 +2.378405568e+06 +2.4817e-01 +2.1547e-01 -2.6173e-01 +1.5305e-01 +2.1902e-01 -3.0139e-01 -1.8428e-01 -7.8625e-02 -2.3805e-01 -9.6470e-02
22 +2.315132436e+06 +2.315132436e+06 +2.315146096e+06 +2.315146096e+06 +3.9712e-01 +1.3261e-01 -1.7360e-01 +4.5000e-01 +1.0338e-01 -3.4217e-01 -5.8537e-02 -2.1069e-01 +4.4404e-01 -1.7079e-01
26 +2.037787586e+06 +2.037787586e+06 +2.037801246e+06 +2.037801246e+06 +6.4524e-01 +1.4390e-01 -2.7935e-01 +5.0185e-01 +1.2123e-01 -4.4446e-01 +5.9314e-02 -2.3567e-01 +2.6423e-01 -7.0423e-02
38 +1.554782383e+06 +1.554782383e+06 +1.554796043e+06 +1.554796043e+06 +4.2681e-01 +2.7518e-01 -1.1021e-01 +5.4374e-01 +1.6168e-01 -5.3708e-01 +3.0535e-01 -4.6272e-01 +1.9875e-01 +1.9219e-01
43 +8.016590535e+05 +8.016590535e+05 +8.016727135e+05 +8.016727135e+05 +3.6190e-01 +3.7621e-01 -2.6214e-01 +4.9605e-01 +5.9060e-02 -7.5718e-01 +2.5538e-01 -7.4007e-01 -4.4519e-02 +2.6967e-01
52 +6.661881937e+05 +6.661881937e+05 +6.662018537e+05 +6.662018537e+05 +2.5224e-01 +6.4064e-01 -2.2011e-01 +2.9123e-01 -2.3384e-01 -5.5259e-01 +4.3328e-01 -8.3856e-01 +7.7388e-03 +3.9317e-01
54 +4.395956947e+05 +4.395956947e+05 +4.396093547e+05 +4.396093547e+05 +4.5654e-01 +3.8437e-01 -3.6392e-01 +6.7543e-01 -2.8078e-04 -1.3884e+00 +3.6388e-01 -3.5732e-01 -3.3446e-02 +1.5421e-01
56 +4.228946996e+05 +4.228946996e+05 +4.229083596e+05 +4.229083596e+05 +1.0221e+00 +6.7040e-01 -6.3960e-01 +1.0416e-01 +5.4859e-02 -9.6983e-01 +3.3233e-01 -5.9328e-01 +2.0194e-01 +6.6949e-01
59 +3.674597574e+05 +3.674597574e+05 +3.674734174e+05 +3.674734174e+05 +6.3033e-01 +6.2173e-01 -5.9275e-01 +5.1543e-01 +3.7091e-02 -1.2762e+00 +3.5776e-01 -2.7415e-01 +4.7879e-01 +1.8183e-01
61 +2.756832500e+05 +2.756832500e+05 +2.756969100e+05 +2.756969100e+05 +8.5741e-01 +5.8303e-01 -8.4998e-01 +4.0703e-01 -1.7025e-01 -1.0153e+00 +5.4012e-01 -7.3240e-01 +8.1638e-02 +1.0061e-01
62 +2.361006391e+05 +2.361006391e+05 +2.361142991e+05 +2.361142991e+05 +8.0978e-01 +5.1788e-01 -4.6492e-01 +7.3001e-01 +2.9838e-01 -1.5056e+00 +1.1778e-01 -4.5161e-01 +5.8899e-02 +4.6212e-01
64 +4.238665916e+04 +4.238665916e+04 +4.240031916e+04 +4.240031916e+04 +6.1633e-01 +5.1387e-01 -8.7419e-01 +1.0015e+00 +2.6119e-02 -1.3333e+00 +6.8091e-01 -3.2840e-01 +3.8826e-01 +1.8768e-01
66 +1.206044644e+03 +1.206044644e+03 +1.219704644e+03 +1.219704644e+03 +5.5212e-01 +8.5813e-01 -8.8101e-01 +4.4883e-01 +7.5542e-01 -1.0867e+00 +9.1754e-01 -3.4394e-01 -4.9371e-02 +5.7247e-02
82 +8.096480450e+02 +8.096480450e+02 +8.233080450e+02 +8.233080450e+02 +7.8546e-01 +1.3489e+00 -1.0341e+00 +5.8796e-01 +1.1182e+00 -8.6303e-01 +5.2378e-01 -6.0679e-01 +3.3174e-01 -1.9446e-01
97 +8.367492995e+01 +8.367492995e+01 +9.733492995e+01 +9.733492995e+01 +9.1655e-01 +8.3250e-01 -1.1210e+00 +9.3954e-01 +1.0323e+00 -1.3081e+00 +7.3117e-01 +4.3192e-01 +3.0226e-01 -3.1971e-01
399 +8.289411796e+01 +8.289411796e+01 +9.655411796e+01 +9.655411796e+01 -7.1676e-01 +1.7548e+00 -6.8641e-01 +1.4603e+00 -4.2744e-01 -2.9397e+00 -8.8160e-01 -9.5927e-01 +1.7563e+00 -1.4357e-02
400 +6.871779816e+01 +6.871779816e+01 +8.237779816e+01 +8.237779816e+01 -4.3919e-01 +1.6782e+00 -7.4040e-01 +1.6395e+00 -3.6849e-01 -2.9690e+00 -7.2603e-01 -7.3225e-01 +1.8165e+00 -4.4225e-01
565 +6.668365906e+01 +6.668365906e+01 +8.034365906e+01 +8.034365906e+01 -2.0880e-02 +1.6232e+00 -7.6380e-01 +1.2228e+00 +1.5513e-01 -3.2374e+00 -1.0302e+00 -8.5347e-01 +1.5231e+00 -3.8084e-01
600 +5.962528131e+01 +5.962528131e+01 +7.328528131e+01 +7.328528131e+01 -2.7829e-01 +1.8992e+00 -5.3609e-01 +1.4970e+00 -1.0735e-01 -3.0591e+00 -9.2200e-01 -8.3561e-01 +1.6063e+00 -4.6120e-01
% function evaluation | noise-free fitness - Fopt (9.378400000000e+02) | best noise-free fitness - Fopt | measured fitness | best measured fitness | x1 | x2...
1 +6.003504301e+06 +6.003504301e+06 +6.004442141e+06 +6.004442141e+06 +0.0000e+00 +0.0000e+00 +0.0000e+00 +0.0000e+00 +0.0000e+00 +0.0000e+00 +0.0000e+00 +0.0000e+00 +0.0000e+00 +0.0000e+00
5 +4.727993011e+06 +4.727993011e+06 +4.728930851e+06 +4.728930851e+06 -5.3435e-02 -3.1144e-02 -9.2563e-02 -1.1892e-01 +3.0327e-01 +1.9102e-01 +3.0402e-02 -9.0910e-02 +2.1963e-01 -1.5658e-01
6 +4.629540366e+06 +4.629540366e+06 +4.630478206e+06 +4.630478206e+06 -2.2383e-01 +3.0490e-01 +2.8060e-01 +1.8967e-02 -1.1041e-01 -1.3969e-01 -5.7750e-02 -3.7685e-02 -4.1041e-02 +6.5163e-02
12 +3.816478164e+06 +3.816478164e+06 +3.817416004e+06 +3.817416004e+06 -3.3147e-01 +1.9907e-01 +3.2970e-01 +8.7038e-02 +4.4119e-02 +8.3810e-02 +3.0685e-02 -5.1318e-02 +3.5488e-01 -8.0536e-02
13 +2.559080489e+06 +2.559080489e+06 +2.560018329e+06 +2.560018329e+06 -2.3534e-01 +4.0418e-01 +2.6082e-02 +1.6763e-01 +2.1885e-01 +3.7512e-01 -1.1488e-01 -3.2625e-02 +2.9103e-01 +3.8198e-01
19 +2.066676968e+06 +2.066676968e+06 +2.067614808e+06 +2.067614808e+06 -1.3450e-01 +3.1817e-01 +5.3610e-03 -1.4295e-01 +2.8722e-01 +1.7605e-01 +1.6030e-02 -6.2972e-01 +4.2350e-01 +7.4027e-02
20 +2.039398256e+06 +2.039398256e+06 +2.040336096e+06 +2.040336096e+06 -3.5580e-01 +6.5637e-01 +2.0486e-01 -9.0510e-03 +1.4980e-01 +2.5766e-01 +3.1493e-02 -3.3897e-01 +3.1230e-01 +1.9417e-01
30 +1.975855311e+06 +1.975855311e+06 +1.976793151e+06 +1.976793151e+06 -4.4370e-02 +1.7028e-01 +5.0554e-01 -1.7406e-01 +4.2277e-01 +1.4697e-01 +9.4079e-02 -5.8534e-01 +5.8683e-01 +4.8109e-01
33 +1.666704866e+06 +1.666704866e+06 +1.667642706e+06 +1.667642706e+06 -3.4220e-01 +7.1803e-01 -1.5902e-02 -1.4291e-01 +1.1596e-01 +3.2766e-01 -7.3793e-02 -7.8343e-01 +4.3596e-01 +1.1388e-01
36 +1.037718441e+06 +1.037718441e+06 +1.038656281e+06 +1.038656281e+06 +7.1240e-02 +6.4672e-01 +2.4328e-01 -2.6800e-01 +4.0137e-01 +2.4971e-01 -2.4684e-01 -9.6648e-01 +9.8615e-01 +1.0030e-01
41 +6.464367701e+05 +6.464367701e+05 +6.473746101e+05 +6.473746101e+05 -4.0090e-01 +2.6162e-01 +2.5746e-01 -4.1773e-01 +4.0382e-01 +4.4644e-02 +5.9918e-02 -7.4951e-01 +1.0320e+00 +7.2047e-01
45 +5.855996460e+05 +5.855996460e+05 +5.865374860e+05 +5.865374860e+05 +1.4029e-01 +3.5304e-01 -1.4115e-02 -3.1521e-01 +6.5813e-01 +3.9915e-01 +3.7533e-01 -1.4562e+00 +7.3205e-01 +1.3592e-01
46 +5.142847189e+05 +5.142847189e+05 +5.152225589e+05 +5.152225589e+05 -1.3312e-01 +4.6080e-01 +2.0125e-01 -2.7145e-01 +6.3069e-01 +1.5994e-01 +1.0773e-01 -1.3353e+00 +7.6943e-01 +2.1146e-01
50 +2.906953178e+02 +2.906953178e+02 +1.228535318e+03 +1.228535318e+03 -5.3383e-01 +7.4701e-01 +8.4314e-01 -7.2395e-01 +3.7563e-01 +2.2602e-02 +3.2571e-01 -1.2594e+00 +1.4871e+00 +1.1138e+00
83 +1.543940884e+02 +1.543940884e+02 +1.092234088e+03 +1.092234088e+03 -1.1677e-01 +5.7015e-01 +1.8969e+00 -1.9614e+00 +4.0439e-01 -3.9334e-01 +2.0553e-01 -8.5747e-01 +1.4478e+00 +1.5617e+00
93 +8.017676414e+01 +8.017676414e+01 +1.018016764e+03 +1.018016764e+03 -1.1797e-01 +1.2059e+00 +2.2317e+00 -1.2590e+00 +5.2881e-01 -5.0352e-01 +7.7614e-01 -7.5061e-01 +1.1975e+00 +1.4387e+00
120 +4.915909413e+01 +4.915909413e+01 +9.869990941e+02 +9.869990941e+02 -6.8128e-01 +1.5077e+00 +1.5864e+00 -2.3821e+00 +8.0114e-01 -4.2142e-01 +2.3535e-01 +1.6602e+00 +6.4861e-01 +3.8820e+00
% function evaluation | noise-free fitness - Fopt (-7.872000000000e+01) | best noise-free fitness - Fopt | measured fitness | best measured fitness | x1 | x2...
1 +1.588635920e+05 +1.588635920e+05 +1.587848720e+05 +1.587848720e+05 +0.0000e+00 +0.0000e+00 +0.0000e+00 +0.0000e+00 +0.0000e+00 +0.0000e+00 +0.0000e+00 +0.0000e+00 +0.0000e+00 +0.0000e+00
5 +2.017613070e+04 +2.017613070e+04 +2.009741070e+04 +2.009741070e+04 +2.3159e-01 +3.2692e-01 -4.1068e-02 +5.3666e-02 +2.4350e-01 -1.6312e-01 -9.0545e-02 +1.7026e-01 +6.4730e-02 +2.5635e-01
8 +1.502963860e+03 +1.502963860e+03 +1.424243860e+03 +1.424243860e+03 -4.3205e-01 +4.2545e-01 -2.8572e-01 -1.4900e-02 +8.1907e-02 -1.0631e-01 +4.2060e-01 +6.6127e-03 +6.6056e-02 +2.0905e-02
10 +3.753025654e+02 +3.753025654e+02 +2.965825654e+02 +2.965825654e+02 -5.7512e-02 +2.4317e-01 -8.4551e-02 +2.3209e-01 +1.8042e-01 -5.8871e-01 +8.9966e-02 +3.1648e-01 -8.9245e-02 +1.0432e-01
11 +6.830941189e+01 +6.830941189e+01 -1.041058811e+01 -1.041058811e+01 +1.8923e-01 +6.0698e-01 -1.1354e-01 +2.2011e-01 +1.8779e-01 -3.5662e-01 -5.5472e-02 +1.9456e-01 +1.0461e-02 +2.8737e-01
186 +6.353910957e+01 +6.353910957e+01 -1.518089043e+01 -1.518089043e+01 +2.0958e-01 +9.0017e-02 +2.0635e-01 +6.4012e-01 +1.2056e-01 +6.0415e-02 -9.7710e-04 -8.6743e-01 +7.7252e-01 +7.6634e-01
279 +6.301064303e+01 +6.301064303e+01 -1.570935697e+01 -1.570935697e+01 +1.2949e-01 -5.1014e-01 +7.9326e-02 +2.1471e-01 +1.4877e-02 -2.2856e-02 +9.1064e-02 -1.0061e+00 +5.8107e-01 +7.3168e-01
4665 +6.165625014e+01 +6.165625014e+01 -1.706374986e+01 -1.706374986e+01 +2.4500e-01 -2.4929e-01 -1.9517e-01 +4.5057e-01 -2.0080e-02 -2.9044e-02 +9.9520e-02 -1.1299e+00 +4.0381e-01 +3.8043e-01
5476 +6.023803946e+01 +6.023803946e+01 -1.848196054e+01 -1.848196054e+01 +3.8945e-01 -2.5044e-01 -2.0193e-01 +4.5860e-01 -2.8261e-02 -3.0634e-02 +1.0139e-01 -1.1145e+00 +4.4832e-01 +3.7728e-01
6238 +5.888411933e+01 +5.888411933e+01 -1.983588067e+01 -1.983588067e+01 +5.6007e-01 -2.5299e-01 -1.8686e-01 +4.3493e-01 -2.8894e-02 -3.0384e-02 +9.7650e-02 -1.1044e+00 +4.7991e-01 +3.7362e-01
7452 +5.750692451e+01 +5.750692451e+01 -2.121307549e+01 -2.121307549e+01 +7.5379e-01 -2.5484e-01 -1.7854e-01 +4.0378e-01 -5.1730e-02 -2.8504e-02 +9.9492e-02 -1.1019e+00 +4.9421e-01 +3.6581e-01
9692 +5.622988378e+01 +5.622988378e+01 -2.249011622e+01 -2.249011622e+01 +9.4134e-01 -2.5580e-01 -1.6396e-01 +3.9729e-01 -6.3926e-02 -3.0112e-02 +9.8499e-02 -1.1022e+00 +5.3349e-01 +3.6243e-01
11803 +5.494665070e+01 +5.494665070e+01 -2.377334930e+01 -2.377334930e+01 +1.1079e+00 -2.5562e-01 -1.6718e-01 +3.9804e-01 -6.3431e-02 -3.0652e-02 +9.7706e-02 -1.1027e+00 +6.2156e-01 +3.6263e-01
12912 +5.369911390e+01 +5.369911390e+01 -2.502088610e+01 -2.502088610e+01 +1.2753e+00 -2.5566e-01 -1.7063e-01 +3.8905e-01 -6.3386e-02 -3.2406e-02 +9.7336e-02 -1.1034e+00 +7.1515e-01 +3.6261e-01
15090 +5.247520751e+01 +5.247520751e+01 -2.624479249e+01 -2.624479249e+01 +1.4548e+00 -2.5541e-01 -1.7743e-01 +4.0029e-01 -6.3463e-02 -3.3476e-02 +9.7587e-02 -1.1042e+00 +8.1496e-01 +3.6213e-01
17109 +5.124845153e+01 +5.124845153e+01 -2.747154847e+01 -2.747154847e+01 +1.7313e+00 -2.5369e-01 -1.4106e-01 +4.0076e-01 -6.3089e-02 -3.3911e-02 +9.7813e-02 -1.1021e+00 +9.0984e-01 +3.6057e-01
20389 +5.011619522e+01 +5.011619522e+01 -2.860380478e+01 -2.860380478e+01 +1.9064e+00 -2.5436e-01 -1.9169e-01 +3.8427e-01 -6.6407e-02 -2.5241e-02 +9.7665e-02 -1.1037e+00 +1.0392e+00 +3.6140e-01
% function evaluation | noise-free fitness - Fopt (-3.233900000000e+02) | best noise-free fitness - Fopt | measured fitness | best measured fitness | x1 | x2...
1 +1.016876713e+07 +1.016876713e+07 +1.016844374e+07 +1.016844374e+07 +0.0000e+00 +0.0000e+00 +0.0000e+00 +0.0000e+00 +0.0000e+00 +0.0000e+00 +0.0000e+00 +0.0000e+00 +0.0000e+00 +0.0000e+00
2 +9.891614606e+06 +9.891614606e+06 +9.891291216e+06 +9.891291216e+06 -8.4428e-02 +2.0785e-01 +3.9628e-01 +2.2767e-02 +3.5359e-01 +1.8209e-01 +2.6026e-01 +1.3472e-01 +2.0923e-01 -1.8694e-01
3 +8.983835861e+06 +8.983835861e+06 +8.983512471e+06 +8.983512471e+06 -2.0848e-01 +1.5617e-01 -1.3565e-01 -1.1747e-01 -2.7444e-02 +7.9772e-02 +2.5395e-02 +1.8127e-01 -6.3169e-02 -2.5050e-01
4 +7.765261475e+06 +7.765261475e+06 +7.764938085e+06 +7.764938085e+06 -9.1143e-02 +3.8888e-01 -7.5765e-02 -2.8827e-01 -4.1950e-01 -4.7070e-02 +2.2946e-01 +6.1456e-02 -2.0596e-01 -2.8561e-01
18 +6.595581908e+06 +6.595581908e+06 +6.595258518e+06 +6.595258518e+06 -4.2967e-01 +2.3070e-01 +1.4803e-01 -2.7685e-01 +2.3983e-01 +5.5741e-02 +2.7725e-01 +3.8038e-01 -3.9162e-01 -5.1352e-01
22 +4.888461857e+06 +4.888461857e+06 +4.888138467e+06 +4.888138467e+06 -7.7572e-01 +7.2347e-01 +1.8968e-01 -4.8499e-01 +5.4940e-02 -4.5336e-02 +4.6591e-01 +8.4266e-02 -4.3769e-01 -6.3102e-01
26 +4.346405971e+06 +4.346405971e+06 +4.346082581e+06 +4.346082581e+06 -6.1113e-01 +2.0049e-01 +5.1648e-01 -6.2212e-01 +4.2721e-01 +2.8031e-01 +8.9336e-01 +4.1028e-02 -2.4441e-01 -1.0722e+00
31 +3.611410241e+06 +3.611410241e+06 +3.611086851e+06 +3.611086851e+06 -7.7808e-01 +4.1943e-02 -1.4087e-01 -3.4204e-01 -1.9059e-02 -2.9392e-01 +6.2816e-01 -2.9596e-01 -6.9600e-01 -7.8627e-01
35 +2.780050562e+06 +2.780050562e+06 +2.779727172e+06 +2.779727172e+06 -1.0462e+00 +1.5820e-01 -6.4102e-01 -2.8820e-01 -1.7501e-01 +2.0710e-01 +9.2003e-01 -7.4419e-01 -2.9995e-01 -1.1864e+00
42 +1.183369981e+06 +1.183369981e+06 +1.183046591e+06 +1.183046591e+06 -3.8197e-01 +3.6375e-01 +7.0433e-02 +4.7574e-01 +9.9751e-02 -3.8460e-01 +1.3736e+00 -7.0781e-01 -5.1993e-01 -1.6930e+00
43 +1.980311598e+05 +1.980311598e+05 +1.977077698e+05 +1.977077698e+05 -1.2042e+00 +7.1295e-02 -4.0223e-01 -4.8078e-01 -4.1872e-01 -4.8939e-01 +1.5329e+00 -5.8433e-01 -1.0140e+00 -1.9939e+00
50 +1.073062662e+05 +1.073062662e+05 +1.069828762e+05 +1.069828762e+05 -1.3959e+00 +8.5400e-01 -8.9281e-01 -4.3128e-01 -4.2768e-01 -3.7643e-01 +1.1754e+00 -1.0883e+00 -4.6788e-01 -2.3862e+00
55 +3.025202023e+03 +3.025202023e+03 +2.701812023e+03 +2.701812023e+03 -7.5726e-01 +5.7418e-01 -3.3842e-01 -9.2932e-01 -7.1731e-01 +4.5290e-02 +1.6969e+00 -8.7507e-01 -1.9320e+00 -1.9326e+00
64 +5.611359273e+02 +5.611359273e+02 +2.377459273e+02 +2.377459273e+02 -1.1149e+00 +1.3268e-01 +6.0167e-01 -1.1121e+00 +7.6240e-02 +1.3608e-01 +1.5585e+00 -1.6264e+00 -1.5192e+00 -1.7301e+00
97 +2.700336324e+02 +2.700336324e+02 -5.335636759e+01 -5.335636759e+01 -1.7269e+00 +7.0872e-01 -3.4823e-01 -6.2604e-01 -5.4352e-01 -2.7882e-01 +1.6164e+00 -1.7848e+00 -1.1644e+00 -1.4935e+00
168 +1.140768060e+02 +1.140768060e+02 -2.093131940e+02 -2.093131940e+02 -1.9176e+00 +1.0920e+00 -5.0858e-01 -1.3189e+00 +5.5953e-01 +3.2441e-01 +1.1502e+00 -1.5176e+00 -1.4574e+00 -1.4783e+00
224 +9.260154192e+01 +9.260154192e+01 -2.307884581e+02 -2.307884581e+02 -1.5645e+00 +1.1211e+00 -3.8627e-01 -1.0302e+00 +6.7569e-01 -8.8891e-02 +5.2471e-01 -1.6240e+00 -1.5397e+00 -1.7773e+00
228 +6.679251952e+01 +6.679251952e+01 -2.565974805e+02 -2.565974805e+02 -1.5035e+00 +9.8511e-01 -5.1051e-01 -1.0917e+00 +6.7797e-01 -2.4542e-01 +8.5830e-01 -1.6029e+00 -1.7343e+00 -1.3595e+00
362 +6.286795747e+01 +6.286795747e+01 -2.605220425e+02 -2.605220425e+02 -2.2215e+00 +1.1641e+00 -4.6510e-01 -1.0257e+00 +4.5032e-01 -2.8243e-01 +6.8348e-01 -1.7103e+00 -1.5267e+00 -1.2843e+00
1157 +6.112852910e+01 +6.112852910e+01 -2.622614709e+02 -2.622614709e+02 -2.4498e+00 +1.2237e+00 -7.0348e-01 -6.6560e-01 +2.6327e-01 -4.5373e-01 +6.2155e-01 -1.0781e+00 -1.9858e+00 -1.1294e+00
6220 +6.024822849e+01 +6.024822849e+01 -2.631417715e+02 -2.631417715e+02 -2.4950e+00 +1.1356e+00 -6.3955e-01 -5.1267e-01 +3.8792e-02 -4.2704e-01 +4.6012e-01 -1.2363e+00 -1.9576e+00 -1.1911e+00
7350 +5.884313035e+01 +5.884313035e+01 -2.645468697e+02 -2.645468697e+02 -2.5143e+00 +1.1343e+00 -5.6247e-01 -5.1858e-01 -6.1961e-02 -4.2933e-01 +4.6372e-01 -1.2363e+00 -1.9629e+00 -1.1979e+00
7787 +5.739614242e+01 +5.739614242e+01 -2.659938576e+02 -2.659938576e+02 -2.5340e+00 +1.1331e+00 -4.1269e-01 -5.0872e-01 -3.8157e-02 -4.3217e-01 +4.6501e-01 -1.2348e+00 -1.9633e+00 -1.2026e+00
8019 +5.609570280e+01 +5.609570280e+01 -2.672942972e+02 -2.672942972e+02 -2.5521e+00 +1.1340e+00 -3.1683e-01 -5.2378e-01 -7.8808e-02 -4.2321e-01 +4.6977e-01 -1.2367e+00 -1.9628e+00 -1.2105e+00
9208 +5.470335954e+01 +5.470335954e+01 -2.686866405e+02 -2.686866405e+02 -2.5560e+00 +1.1343e+00 -9.3566e-02 -5.0437e-01 -1.0453e-02 -4.2639e-01 +4.6843e-01 -1.2373e+00 -1.9715e+00 -1.2153e+00
10164 +5.366066575e+01 +5.366066575e+01 -2.697293343e+02 -2.697293343e+02 -2.5705e+00 +1.1363e+00 +1.2049e-02 -5.0798e-01 -2.2148e-02 -4.0498e-01 +4.6861e-01 -1.2409e+00 -1.9743e+00 -1.2233e+00
11371 +5.247861612e+01 +5.247861612e+01 -2.709113839e+02 -2.709113839e+02 -2.6063e+00 +1.1366e+00 +1.5335e-01 -5.0299e-01 -5.7706e-02 -4.0410e-01 +4.7559e-01 -1.2402e+00 -1.9709e+00 -1.2292e+00
12517 +5.126507602e+01 +5.126507602e+01 -2.721249240e+02 -2.721249240e+02 -2.6541e+00 +1.1381e+00 +3.5819e-01 -5.0432e-01 -5.9990e-02 -4.0944e-01 +4.7635e-01 -1.2376e+00 -1.9713e+00 -1.2316e+00
13357 +5.006901003e+01 +5.006901003e+01 -2.733209900e+02 -2.733209900e+02 -2.6926e+00 +1.1393e+00 +4.8954e-01 -5.0686e-01 -1.3389e-01 -4.0892e-01 +4.8165e-01 -1.2383e+00 -1.9730e+00 -1.2349e+00
14904 +4.897172982e+01 +4.897172982e+01 -2.744182702e+02 -2.744182702e+02 -2.7145e+00 +1.1383e+00 +6.7644e-01 -5.1672e-01 -1.4102e-01 -4.1716e-01 +4.8824e-01 -1.2399e+00 -1.9740e+00 -1.2402e+00
16171 +4.786018627e+01 +4.786018627e+01 -2.755298137e+02 -2.755298137e+02 -2.7194e+00 +1.1380e+00 +8.2492e-01 -5.2596e-01 -1.8543e-01 -4.1207e-01 +4.8978e-01 -1.2396e+00 -1.9768e+00 -1.2598e+00
17228 +4.664387218e+01 +4.664387218e+01 -2.767461278e+02 -2.767461278e+02 -2.7370e+00 +1.1642e+00 +1.1090e+00 -4.9238e-01 -8.0052e-02 -3.7296e-01 +4.9044e-01 -1.2449e+00 -1.9622e+00 -1.2874e+00
17319 +4.568509854e+01 +4.568509854e+01 -2.777049015e+02 -2.777049015e+02 -2.7375e+00 +1.1706e+00 +1.2834e+00 -4.7318e-01 -9.4990e-02 -3.7866e-01 +4.9025e-01 -1.2496e+00 -1.9662e+00 -1.2997e+00
18709 +4.466583737e+01 +4.466583737e+01 -2.787241626e+02 -2.787241626e+02 -2.7367e+00 +1.1958e+00 +1.3913e+00 -5.6576e-01 -9.2848e-02 -3.6388e-01 +4.9234e-01 -1.2578e+00 -1.9690e+00 -1.3033e+00
19477 +4.363751941e+01 +4.363751941e+01 -2.797524806e+02 -2.797524806e+02 -2.7364e+00 +1.2067e+00 +1.5096e+00 -6.6979e-01 -7.8581e-02 -3.5954e-01 +4.9398e-01 -1.2598e+00 -1.9719e+00 -1.3106e+00
19861 +4.263818126e+01 +4.263818126e+01 -2.807518187e+02 -2.807518187e+02 -2.7367e+00 +1.2062e+00 +1.5408e+00 -9.6400e-01 -8.1415e-02 -3.6172e-01 +4.9583e-01 -1.2613e+00 -1.9739e+00 -1.3140e+00
20897 +4.168675225e+01 +4.168675225e+01 -2.817032478e+02 -2.817032478e+02 -2.7404e+00 +1.2095e+00 +1.6299e+00 -1.2683e+00 -1.0057e-01 -3.6079e-01 +4.9780e-01 -1.2617e+00 -1.9780e+00 -1.3233e+00
21765 +4.072790809e+01 +4.072790809e+01 -2.826620919e+02 -2.826620919e+02 -2.7489e+00 +1.2102e+00 +1.7788e+00 -1.3124e+00 -1.1012e-01 -3.5537e-01 +4.9793e-01 -1.2619e+00 -1.9779e+00 -1.3408e+00
23189 +3.980573441e+01 +3.980573441e+01 -2.835842656e+02 -2.835842656e+02 -2.7494e+00 +1.2090e+00 +1.9473e+00 -1.3490e+00 -1.1219e-01 -3.5503e-01 +4.9770e-01 -1.2628e+00 -1.9782e+00 -1.3607e+00
% function evaluation | noise-free fitness - Fopt (1.621000000000e+01) | best noise-free fitness - Fopt | measured fitness | best measured fitness | x1 | x2...
1 +2.269175234e+05 +2.269175234e+05 +2.269337334e+05 +2.269337334e+05 +0.0000e+00 +0.0000e+00 +0.0000e+00 +0.0000e+00 +0.0000e+00 +0.0000e+00 +0.0000e+00 +0.0000e+00 +0.0000e+00 +0.0000e+00
7 +2.133268337e+05 +2.133268337e+05 +2.133430437e+05 +2.133430437e+05 +7.2784e-02 -2.2342e-02 -1.2037e-01 -1.6841e-01 +1.5702e-01 +9.8564e-02 -2.5488e-01 +2.3984e-01 -2.2009e-01 -1.4990e-01
10 +3.412676314e+04 +3.412676314e+04 +3.414297314e+04 +3.414297314e+04 +1.8018e-01 -1.0067e-01 -4.8509e-01 -1.6940e-01 +1.3180e-01 +8.2226e-02 -1.9605e-01 +7.2061e-01 -1.1930e-01 -1.5822e-01
25 +1.900916643e+04 +1.900916643e+04 +1.902537643e+04 +1.902537643e+04 +5.0375e-01 -2.1532e-01 -6.0555e-01 -1.6862e-01 -3.6539e-01 -4.2703e-01 -1.6668e-03 +1.2097e+00 -1.3635e-01 +9.2704e-02
27 +6.914254256e+03 +6.914254256e+03 +6.930464256e+03 +6.930464256e+03 +6.7046e-01 -5.5186e-01 -1.3506e-01 +4.7182e-02 -4.1397e-01 +3.8914e-02 -1.7816e-01 +8.5285e-01 -3.4464e-01 +8.2170e-02
37 +6.233084482e+03 +6.233084482e+03 +6.249294482e+03 +6.249294482e+03 +1.0369e+00 -1.5385e-01 -8.0032e-02 -3.1160e-01 -7.3404e-01 +2.3915e-02 +2.6978e-01 +7.9689e-01 +6.3142e-02 -3.5003e-01
43 +4.472703522e+03 +4.472703522e+03 +4.488913522e+03 +4.488913522e+03 +1.3296e+00 +2.0527e-02 -7.0012e-01 -6.0606e-01 -1.0022e+00 -2.6514e-01 +4.9436e-02 +9.6936e-01 +7.1875e-02 -1.6944e-01
48 +2.593186634e+03 +2.593186634e+03 +2.609396634e+03 +2.609396634e+03 +9.2651e-01 -4.7409e-01 -2.1192e-01 -1.0012e-01 -8.9961e-01 +2.7998e-01 -1.9863e-01 +1.0691e+00 -1.1617e-01 +4.1948e-02
55 +3.447877112e+02 +3.447877112e+02 +3.609977112e+02 +3.609977112e+02 +1.2596e+00 -1.7025e-01 -1.7009e-01 -2.8515e-01 -6.5739e-01 -3.4932e-01 -1.3320e-01 +6.3963e-01 -1.8202e-01 +1.9423e-01
91 +3.229148094e+02 +3.229148094e+02 +3.391248094e+02 +3.391248094e+02 +1.2459e+00 -2.5663e-01 +6.3442e-01 -6.1214e-01 +2.0245e-01 -7.7240e-01 -3.5530e-01 +1.8865e-01 +2.4407e-01 +4.1905e-01
97 +1.306682068e+02 +1.306682068e+02 +1.468782068e+02 +1.468782068e+02 +9.4112e-01 +1.7106e-02 -5.7901e-01 -5.1787e-01 +1.3761e-02 -5.1982e-01 -6.8654e-01 -3.9460e-01 +4.5145e-01 -2.1293e-01
239 +1.114807722e+02 +1.114807722e+02 +1.276907722e+02 +1.276907722e+02 -1.0009e+00 -5.0574e-02 +9.5754e-01 +1.3831e-01 +4.5043e-02 -2.2569e+00 -8.1638e-01 -4.0119e-01 +1.0087e-01 -3.2646e-02
242 +8.231807033e+01 +8.231807033e+01 +9.852807033e+01 +9.852807033e+01 -1.6195e+00 -1.5426e-01 +9.8650e-01 +5.4885e-01 +9.5583e-02 -1.9031e+00 -1.0549e+00 -6.0862e-01 +4.7673e-01 +6.5084e-03
% function evaluation | noise-free fitness - Fopt (-5.551000000000e+01) | best noise-free fitness - Fopt | measured fitness | best measured fitness | x1 | x2...
1 +1.351895617e+06 +1.351895617e+06 +1.351840107e+06 +1.351840107e+06 +0.0000e+00 +0.0000e+00 +0.0000e+00 +0.0000e+00 +0.0000e+00 +0.0000e+00 +0.0000e+00 +0.0000e+00 +0.0000e+00 +0.0000e+00
4 +5.329855680e+05 +5.329855680e+05 +5.329300580e+05 +5.329300580e+05 +5.3850e-02 +7.7511e-02 +5.6768e-02 +1.9306e-02 +2.3250e-01 -1.0562e-01 -1.1935e-01 -2.0888e-01 +4.9606e-01 +1.0028e-01
13 +5.131544521e+05 +5.131544521e+05 +5.130989421e+05 +5.130989421e+05 -1.3992e-01 +8.6795e-02 +1.5590e-01 +2.9749e-02 -3.9734e-01 +3.7278e-02 -2.7393e-01 -1.5215e-01 +4.8992e-01 +4.0888e-01
15 +4.935210560e+05 +4.935210560e+05 +4.934655460e+05 +4.934655460e+05 -1.4672e-01 -2.1163e-01 +8.7604e-02 +1.0690e-01 +1.9011e-01 +3.7751e-03 -2.5303e-01 -3.2193e-01 +4.5337e-01 +1.8860e-01
16 +4.756359447e+05 +4.756359447e+05 +4.755804347e+05 +4.755804347e+05 -8.1665e-02 +2.5672e-01 +2.0858e-01 -5.5476e-02 +2.8237e-02 +3.0945e-01 -3.0909e-01 -2.2560e-01 +4.3800e-01 -1.0474e-01
20 +1.779696911e+05 +1.779696911e+05 +1.779141811e+05 +1.779141811e+05 -1.5243e-01 +2.0003e-01 -9.6729e-02 +2.0789e-01 +4.6506e-01 +3.6751e-01 -7.4803e-01 -3.9060e-02 +5.9576e-01 -1.7044e-01
23 +1.726192774e+05 +1.726192774e+05 +1.725637674e+05 +1.725637674e+05 -4.4883e-02 -5.9025e-02 -1.1945e-02 +3.5139e-01 +4.3050e-01 +1.4197e-01 -4.3257e-01 -3.0815e-01 +4.3609e-01 +1.5787e-01
27 +1.466480738e+05 +1.466480738e+05 +1.465925638e+05 +1.465925638e+05 +5.2414e-02 +9.0441e-02 -5.5820e-02 +6.6724e-01 +6.3596e-01 +1.1108e-01 -7.4708e-01 +1.4245e-01 +3.8538e-01 -1.2610e-02
29 +1.194018780e+05 +1.194018780e+05 +1.193463680e+05 +1.193463680e+05 -8.9834e-02 +1.8782e-01 -7.3391e-02 +2.0643e-01 +6.2062e-01 +4.5560e-01 -7.8146e-01 -7.1398e-02 +5.9313e-01 -4.9386e-02
31 +1.596124335e+04 +1.596124335e+04 +1.590573335e+04 +1.590573335e+04 -1.5520e-01 +6.3350e-02 -4.5838e-01 +6.7639e-01 +6.4536e-01 +2.2703e-02 -8.5166e-01 -3.2314e-01 +4.9990e-01 +9.0607e-02
36 +1.889000009e+02 +1.889000009e+02 +1.333900009e+02 +1.333900009e+02 -2.6784e-01 +3.6664e-01 -2.0995e-01 +9.0351e-01 +3.4176e-01 +3.3654e-02 -8.2521e-01 -2.9991e-01 +2.8713e-01 +1.6386e-02
45 +1.234150530e+02 +1.234150530e+02 +6.790505304e+01 +6.790505304e+01 -4.9346e-01 +2.5742e-01 -3.3616e-01 +7.3174e-01 +5.0170e-01 +1.2644e-01 -1.0062e+00 -3.6589e-01 +5.4703e-01 -2.9835e-01
71 +1.010212273e+02 +1.010212273e+02 +4.551122733e+01 +4.551122733e+01 -2.0094e-01 +3.3124e-01 -5.8304e-01 +6.6805e-01 +7.3090e-01 +5.4614e-01 -2.6492e-01 -8.0428e-01 +6.8914e-01 -1.7203e-01
150 +8.917709075e+01 +8.917709075e+01 +3.366709075e+01 +3.366709075e+01 -4.3047e-02 +4.1074e-01 -1.1796e+00 +1.1014e+00 +3.5680e-01 +9.8124e-01 -8.9553e-01 -1.8463e-01 +1.0474e+00 -3.1573e-02
243 +7.524435936e+01 +7.524435936e+01 +1.973435936e+01 +1.973435936e+01 -7.2436e-03 -1.3543e-01 -8.6262e-01 +6.5901e-02 +3.4669e-01 +8.8677e-01 -8.5226e-01 -9.1343e-01 +2.3813e+00 +3.9066e-01
249 +7.208334300e+01 +7.208334300e+01 +1.657334300e+01 +1.657334300e+01 -1.5740e-01 +2.8759e-01 -1.2271e+00 +4.5391e-02 +1.3507e-01 +1.1933e+00 -4.6573e-01 -9.5879e-01 +1.6378e+00 +7.5717e-01
438 +6.972964517e+01 +6.972964517e+01 +1.421964517e+01 +1.421964517e+01 +1.7974e-01 +1.0590e-01 -1.0175e+00 -5.9827e-01 -1.1540e-01 +5.1289e-01 -1.2271e+00 -1.1205e+00 +1.4143e+00 +7.0552e-01
511 +6.598123298e+01 +6.598123298e+01 +1.047123298e+01 +1.047123298e+01 -8.9450e-02 +4.8079e-02 -1.1970e+00 -3.7313e-01 +2.1250e-01 +3.8772e-01 -1.0310e+00 -1.0192e+00 +1.9807e+00 +8.5742e-01
577 +6.330345409e+01 +6.330345409e+01 +7.793454092e+00 +7.793454092e+00 -2.2374e-01 +1.9907e-02 -1.1334e+00 -9.2533e-01 +1.8016e-01 +6.6080e-01 -1.3510e+00 -8.0917e-01 +1.9747e+00 +1.4359e+00
4646 +6.299586373e+01 +6.299586373e+01 +7.485863735e+00 +7.485863735e+00 +8.9642e-02 +1.4894e-01 -1.2171e+00 -9.2114e-01 -1.6734e-02 +5.6882e-01 -7.1921e-01 -9.7807e-01 +4.2309e-01 +2.6665e+00
4916 +6.160605696e+01 +6.160605696e+01 +6.096056962e+00 +6.096056962e+00 +9.0718e-02 +1.4952e-01 -1.2167e+00 -9.1618e-01 -1.1671e-02 +5.7715e-01 -7.2092e-01 -9.7905e-01 +1.8941e-01 +2.6683e+00
5050 +6.012744965e+01 +6.012744965e+01 +4.617449648e+00 +4.617449648e+00 +9.0144e-02 +1.4999e-01 -1.2153e+00 -9.1382e-01 -5.0498e-03 +5.7230e-01 -7.2258e-01 -9.8310e-01 -1.9012e-03 +2.6693e+00
5193 +5.884144311e+01 +5.884144311e+01 +3.331443114e+00 +3.331443114e+00 +9.1589e-02 +1.5008e-01 -1.2184e+00 -9.0337e-01 -2.7753e-03 +5.7334e-01 -7.2567e-01 -9.8670e-01 -2.4566e-01 +2.6627e+00
5310 +5.748639270e+01 +5.748639270e+01 +1.976392703e+00 +1.976392703e+00 +9.2151e-02 +1.5046e-01 -1.2196e+00 -9.0173e-01 +9.7763e-03 +5.6980e-01 -7.2512e-01 -9.9065e-01 -5.2823e-01 +2.6747e+00
5848 +5.621518434e+01 +5.621518434e+01 +7.051843434e-01 +7.051843434e-01 +9.3813e-02 +1.5007e-01 -1.2174e+00 -9.0023e-01 +2.0694e-02 +5.7672e-01 -7.2674e-01 -9.9244e-01 -8.6003e-01 +2.6876e+00
6273 +5.475196675e+01 +5.475196675e+01 -7.580332468e-01 -7.580332468e-01 +9.1712e-02 +1.4975e-01 -1.2197e+00 -8.9564e-01 +4.3458e-02 +5.7807e-01 -7.2841e-01 -9.9360e-01 -1.2487e+00 +2.6996e+00
6600 +5.367889843e+01 +5.367889843e+01 -1.831101571e+00 -1.831101571e+00 +9.1806e-02 +1.4885e-01 -1.2190e+00 -8.8902e-01 +5.5683e-02 +5.9412e-01 -7.2883e-01 -9.9191e-01 -1.5662e+00 +2.7090e+00
8344 +5.247861885e+01 +5.247861885e+01 -3.031381147e+00 -3.031381147e+00 +9.1139e-02 +1.4792e-01 -1.2157e+00 -8.8372e-01 +1.1176e-01 +5.9317e-01 -7.2751e-01 -9.9347e-01 -2.2280e+00 +2.7205e+00
15803 +5.128443726e+01 +5.128443726e+01 -4.225562736e+00 -4.225562736e+00 +9.1509e-02 +1.4637e-01 -1.2082e+00 -8.7981e-01 +2.4233e-01 +5.3721e-01 -7.2619e-01 -9.9463e-01 -2.3168e+00 +2.6277e+00
21620 +5.011511994e+01 +5.011511994e+01 -5.394880058e+00 -5.394880058e+00 +9.0476e-02 +1.4632e-01 -1.1784e+00 -8.8136e-01 +3.5241e-01 +5.2194e-01 -7.2588e-01 -9.9531e-01 -2.3247e+00 +2.5083e+00
% function evaluation | noise-free fitness - Fopt (5.610000000000e+00) | best noise-free fitness - Fopt | measured fitness | best measured fitness | x1 | x2...
1 +1.493513101e+07 +1.493513101e+07 +1.493513662e+07 +1.493513662e+07 +0.0000e+00 +0.0000e+00 +0.0000e+00 +0.0000e+00 +0.0000e+00 +0.0000e+00 +0.0000e+00 +0.0000e+00 +0.0000e+00 +0.0000e+00
2 +1.277402612e+07 +1.277402612e+07 +1.277403173e+07 +1.277403173e+07 +9.0843e-02 +4.3827e-01 -3.8995e-01 +2.5578e-01 +3.4958e-02 -1.0298e-01 -3.0733e-01 -1.5736e-01 +2.6903e-01 +1.7497e-01
18 +1.113315081e+07 +1.113315081e+07 +1.113315642e+07 +1.113315642e+07 +2.0455e-01 +2.3970e-01 -9.7139e-03 -7.4620e-03 -1.2258e-02 +1.6356e-01 -6.1961e-01 -3.6761e-01 +2.0862e-01 +3.2667e-01
26 +9.997127430e+06 +9.997127430e+06 +9.997133040e+06 +9.997133040e+06 +9.4703e-02 +3.6329e-01 -2.4775e-01 -5.6907e-02 +2.3060e-01 -5.0384e-02 -1.1524e+00 -2.1652e-01 +4.0518e-01 +5.2660e-01
27 +8.818546599e+06 +8.818546599e+06 +8.818552209e+06 +8.818552209e+06 +1.5650e-01 +3.0750e-01 +4.7281e-01 -3.2693e-01 +7.7459e-01 +2.3793e-01 -4.4639e-01 -6.0500e-01 +5.3655e-01 +3.2289e-01
36 +8.600339213e+06 +8.600339213e+06 +8.600344823e+06 +8.600344823e+06 +3.6621e-02 +8.7862e-02 +8.2446e-01 -2.0904e-01 +4.8773e-01 +2.5474e-01 -7.5605e-03 -4.6203e-01 -3.5769e-01 +8.5431e-01
37 +8.219929189e+06 +8.219929189e+06 +8.219934799e+06 +8.219934799e+06 -5.7715e-02 +5.9181e-01 +4.8451e-01 -9.2357e-02 +4.6058e-01 +2.0121e-01 -4.6147e-01 -3.3702e-01 +2.5449e-01 +4.6671e-01
42 +6.049482775e+06 +6.049482775e+06 +6.049488385e+06 +6.049488385e+06 +6.3695e-02 +3.5821e-01 +1.3075e+00 +3.9646e-02 +7.0637e-01 +5.0655e-01 -2.1405e-01 -3.2594e-01 +3.0962e-01 +1.1410e+00
50 +5.962844022e+06 +5.962844022e+06 +5.962849632e+06 +5.962849632e+06 +2.9153e-01 +5.2889e-01 +8.7317e-01 -1.8747e-01 +1.0653e+00 -1.0748e-01 -5.2556e-02 -5.4560e-01 -4.0282e-01 +1.0806e+00
55 +4.499901633e+06 +4.499901633e+06 +4.499907243e+06 +4.499907243e+06 +7.9445e-02 +1.0054e+00 +1.5401e+00 -1.8820e-01 +4.2216e-01 +1.3502e-01 -1.6158e-01 -7.6594e-01 -3.3118e-01 +8.5337e-01
59 +3.133706380e+06 +3.133706380e+06 +3.133711990e+06 +3.133711990e+06 +5.1332e-01 +1.1272e+00 +1.3865e+00 +1.0431e-01 +9.0335e-01 +5.5818e-01 -8.3130e-01 -7.8406e-01 -3.1681e-01 +6.2948e-01
67 +2.550495183e+06 +2.550495183e+06 +2.550500793e+06 +2.550500793e+06 +8.1350e-01 +1.8477e+00 +6.7359e-01 +2.6438e-01 +6.6118e-01 +5.3989e-01 -7.9003e-01 -1.0047e+00 -6.1920e-01 +1.5351e+00
71 +2.375598693e+06 +2.375598693e+06 +2.375604303e+06 +2.375604303e+06 -5.5797e-01 +8.9262e-01 +1.9594e+00 +4.0879e-01 +1.4381e+00 +9.4773e-02 -4.0720e-01 -6.6566e-01 -3.9996e-01 +4.6124e-01
73 +2.269239064e+06 +2.269239064e+06 +2.269244674e+06 +2.269244674e+06 +2.9271e-01 +1.1117e+00 +2.0820e+00 +2.3452e-01 +1.1392e+00 +1.1152e-01 +4.5280e-01 -1.9801e+00 -6.4762e-01 -3.5900e-01
74 +1.899717189e+06 +1.899717189e+06 +1.899722799e+06 +1.899722799e+06 -3.6574e-01 +1.2194e+00 +2.1733e+00 +2.5556e-01 +6.9940e-01 +7.3168e-01 -6.9376e-01 -1.1365e+00 -1.2330e-01 +1.9390e-01
76 +9.220017562e+05 +9.220017562e+05 +9.220073662e+05 +9.220073662e+05 -1.2424e-01 +5.7932e-01 +3.0151e+00 +7.0342e-01 +1.1043e+00 -2.0858e-01 -9.0691e-01 -8.5008e-01 -2.4410e-01 -8.5807e-01
81 +4.626750171e+05 +4.626750171e+05 +4.626806271e+05 +4.626806271e+05 +1.3908e-01 +1.1137e+00 +2.3945e+00 +4.2667e-01 +9.9783e-01 +2.0321e-01 -3.9206e-01 -2.1150e+00 -4.9017e-01 +1.9368e-01
82 +2.634354597e+04 +2.634354597e+04 +2.634915597e+04 +2.634915597e+04 -4.3254e-02 +1.3331e+00 +3.8543e+00 +8.2065e-01 +4.1416e-01 -6.1856e-02 -9.5950e-01 -2.0865e+00 -8.9183e-01 -7.5728e-01
92 +1.397403140e+04 +1.397403140e+04 +1.397964140e+04 +1.397964140e+04 +5.6145e-01 +1.8820e+00 +2.8466e+00 +6.0289e-01 +1.1513e+00 -6.9503e-01 -1.4006e+00 -8.6967e-01 -1.8231e+00 +3.7323e-01
98 +1.346328751e+03 +1.346328751e+03 +1.351938751e+03 +1.351938751e+03 +4.5575e-02 +7.9947e-02 +3.2174e+00 +1.0309e+00 +3.8016e-01 +2.8125e-01 -1.9034e+00 -1.4162e+00 -2.3032e+00 +2.9476e-01
103 +5.802440490e+01 +5.802440490e+01 +6.363440490e+01 +6.363440490e+01 -1.3900e-01 +1.4580e+00 +3.6925e+00 +7.2460e-01 +5.6794e-01 -7.2168e-01 -1.2062e+00 -8.6999e-01 -1.5384e+00 -2.0502e-01
% function evaluation | noise-free fitness - Fopt (-1.197100000000e+02) | best noise-free fitness - Fopt | measured fitness | best measured fitness | x1 | x2...
1 +5.004699962e+06 +5.004699962e+06 +5.004580252e+06 +5.004580252e+06 +0.0000e+00 +0.0000e+00 +0.0000e+00 +0.0000e+00 +0.0000e+00 +0.0000e+00 +0.0000e+00 +0.0000e+00 +0.0000e+00 +0.0000e+00
7 +3.965655567e+06 +3.965655567e+06 +3.965535857e+06 +3.965535857e+06 -1.7387e-01 +8.0268e-02 +3.6045e-01 +2.1602e-01 -6.0844e-02 +9.1205e-02 -3.8411e-01 +1.7025e-01 +2.4877e-01 -1.0111e-01
11 +3.500180254e+06 +3.500180254e+06 +3.500060544e+06 +3.500060544e+06 +4.4037e-02 -2.6497e-01 -4.5119e-02 -6.3832e-02 -8.9849e-02 +1.2186e-01 -7.6672e-01 +3.7694e-01 +1.3900e-03 -3.0528e-01
26 +2.984081251e+06 +2.984081251e+06 +2.983961541e+06 +2.983961541e+06 -1.7408e-02 -2.8991e-01 +2.7524e-01 -4.1063e-01 +3.9445e-01 -3.1668e-02 -5.4968e-01 +7.1749e-01 +2.6423e-02 -6.7842e-01
30 +2.835863387e+06 +2.835863387e+06 +2.835743677e+06 +2.835743677e+06 -1.0618e-01 -1.3159e-01 +9.4894e-02 -1.0083e-01 +1.5424e-01 +2.3509e-01 -1.0091e+00 +6.9354e-01 +1.6068e-01 -3.7656e-01
40 +1.934010575e+06 +1.934010575e+06 +1.933890865e+06 +1.933890865e+06 +2.1467e-01 -4.5605e-01 +1.9199e-01 -6.7584e-02 +2.0353e-01 +2.0148e-02 -1.2291e+00 +9.3433e-01 +7.8635e-03 -4.7266e-01
45 +6.157838848e+05 +6.157838848e+05 +6.156641748e+05 +6.156641748e+05 -1.7897e-02 -9.8269e-02 +3.1885e-01 -9.3975e-01 +2.0068e-01 -8.7070e-02 -1.5602e+00 +9.3254e-01 +1.5970e-01 -8.5711e-01
53 +5.055824385e+04 +5.055824385e+04 +5.043853385e+04 +5.043853385e+04 +1.3062e-02 -2.9557e-01 +1.3672e-01 +2.1981e-01 +5.8981e-01 -4.9039e-01 -2.1798e+00 +8.4801e-01 +3.5191e-01 -4.9864e-01
64 +7.649605005e+03 +7.649605005e+03 +7.529895005e+03 +7.529895005e+03 -3.0476e-01 -9.8764e-01 -6.0844e-02 -1.8953e-01 +1.0925e+00 -7.8902e-01 -2.3458e+00 +3.1338e-01 +2.3184e-01 -3.8144e-01
67 +5.403604060e+03 +5.403604060e+03 +5.283894060e+03 +5.283894060e+03 +1.6208e-01 -1.0977e+00 +8.6063e-02 -6.6729e-02 +1.1079e+00 -1.0088e+00 -2.2112e+00 +8.2906e-01 +4.0258e-02 -3.1986e-01
69 +1.168171313e+02 +1.168171313e+02 -2.892868664e+00 -2.892868664e+00 -3.3900e-01 -3.1319e-01 -4.9772e-01 -6.6831e-01 +7.5640e-01 -6.4761e-01 -2.9411e+00 +7.4612e-01 +4.8743e-01 +1.3738e-01
284 +1.009187482e+02 +1.009187482e+02 -1.879125181e+01 -1.879125181e+01 +5.7371e-01 -6.4965e-01 -7.6946e-01 -2.5484e+00 -5.4651e-01 -3.6323e+00 -1.3263e+00 -9.5526e-01 +2.1353e-01 -3.2186e-01
322 +6.891363983e+01 +6.891363983e+01 -5.079636017e+01 -5.079636017e+01 +8.1703e-01 +9.1820e-03 -7.1111e-01 -1.7066e+00 -8.5815e-01 -3.6583e+00 -1.1924e+00 -1.3089e+00 +2.5194e-01 -1.2066e-01
375 +3.802360376e+01 +3.802360376e+01 -8.168639624e+01 -8.168639624e+01 +9.3987e-01 -3.3076e-01 -3.3947e-01 -1.4681e+00 -7.0508e-01 -4.0871e+00 -1.0184e+00 -1.4746e+00 +4.0746e-01 +3.4969e-01
8884 +3.794572897e+01 +3.794572897e+01 -8.176427103e+01 -8.176427103e+01 +9.0661e-01 +1.0090e-01 +4.6241e-01 -1.6353e+00 -8.2705e-01 -3.8240e+00 -6.9913e-01 -2.1725e+00 +1.3976e+00 +2.9001e-01
8967 +3.663885042e+01 +3.663885042e+01 -8.307114958e+01 -8.307114958e+01 +9.0536e-01 +1.0264e-01 +4.6354e-01 -1.5591e+00 -8.2441e-01 -3.8235e+00 -6.9936e-01 -2.0964e+00 +1.3972e+00 +2.9011e-01
8994 +3.610767184e+01 +3.610767184e+01 -8.360232816e+01 -8.360232816e+01 +9.0532e-01 +1.0270e-01 +4.6341e-01 -1.5059e+00 -8.2462e-01 -3.8240e+00 -6.9863e-01 -2.0702e+00 +1.3972e+00 +2.9086e-01
9133 +3.535225173e+01 +3.535225173e+01 -8.435774827e+01 -8.435774827e+01 +9.0460e-01 +1.0226e-01 +4.6438e-01 -1.4719e+00 -8.2392e-01 -3.8234e+00 -6.9928e-01 -2.0249e+00 +1.3967e+00 +2.8989e-01
9181 +3.434018031e+01 +3.434018031e+01 -8.536981969e+01 -8.536981969e+01 +9.0411e-01 +1.0263e-01 +4.6363e-01 -1.3968e+00 -8.2397e-01 -3.8226e+00 -6.9901e-01 -1.9729e+00 +1.3974e+00 +2.9073e-01
9300 +3.376624711e+01 +3.376624711e+01 -8.594375289e+01 -8.594375289e+01 +9.0382e-01 +1.0406e-01 +4.6328e-01 -1.3531e+00 -8.2504e-01 -3.8228e+00 -6.9871e-01 -1.9385e+00 +1.3982e+00 +2.8988e-01
9356 +3.266364309e+01 +3.266364309e+01 -8.704635691e+01 -8.704635691e+01 +9.0409e-01 +1.0395e-01 +4.6386e-01 -1.2749e+00 -8.2508e-01 -3.8229e+00 -6.9885e-01 -1.8672e+00 +1.3985e+00 +2.9085e-01
9444 +3.213709835e+01 +3.213709835e+01 -8.757290165e+01 -8.757290165e+01 +9.0583e-01 +1.0241e-01 +4.6361e-01 -1.2184e+00 -8.2337e-01 -3.8220e+00 -6.9879e-01 -1.8280e+00 +1.3982e+00 +2.9055e-01
9657 +3.148202994e+01 +3.148202994e+01 -8.822797006e+01 -8.822797006e+01 +9.0492e-01 +1.0200e-01 +4.6404e-01 -1.1765e+00 -8.2358e-01 -3.8209e+00 -6.9878e-01 -1.7926e+00 +1.4005e+00 +2.8998e-01
9957 +3.085637353e+01 +3.085637353e+01 -8.885362647e+01 -8.885362647e+01 +9.0585e-01 +1.0113e-01 +4.6288e-01 -1.1284e+00 -8.2631e-01 -3.8226e+00 -6.9958e-01 -1.7415e+00 +1.4004e+00 +2.8974e-01
10186 +3.019145291e+01 +3.019145291e+01 -8.951854709e+01 -8.951854709e+01 +9.0598e-01 +1.0147e-01 +4.6362e-01 -1.0597e+00 -8.2772e-01 -3.8222e+00 -6.9951e-01 -1.6916e+00 +1.4008e+00 +2.8976e-01
10397 +2.948455671e+01 +2.948455671e+01 -9.022544329e+01 -9.022544329e+01 +9.0606e-01 +1.0117e-01 +4.6404e-01 -9.8776e-01 -8.2843e-01 -3.8220e+00 -6.9950e-01 -1.6287e+00 +1.4007e+00 +2.8985e-01
10654 +2.882559499e+01 +2.882559499e+01 -9.088440501e+01 -9.088440501e+01 +9.0575e-01 +1.0100e-01 +4.6477e-01 -9.1419e-01 -8.2860e-01 -3.8226e+00 -6.9942e-01 -1.5672e+00 +1.4015e+00 +2.8969e-01
10977 +2.817953294e+01 +2.817953294e+01 -9.153046706e+01 -9.153046706e+01 +9.0566e-01 +1.0018e-01 +4.6431e-01 -8.3928e-01 -8.2960e-01 -3.8226e+00 -6.9943e-01 -1.5081e+00 +1.4017e+00 +2.8957e-01
11496 +2.752754083e+01 +2.752754083e+01 -9.218245917e+01 -9.218245917e+01 +9.0533e-01 +1.0047e-01 +4.6439e-01 -7.5398e-01 -8.2970e-01 -3.8224e+00 -6.9945e-01 -1.4354e+00 +1.4019e+00 +2.8955e-01
11826 +2.691514864e+01 +2.691514864e+01 -9.279485136e+01 -9.279485136e+01 +9.0529e-01 +9.9796e-02 +4.6432e-01 -6.6565e-01 -8.2998e-01 -3.8224e+00 -6.9945e-01 -1.3656e+00 +1.4031e+00 +2.8971e-01
12206 +2.627771059e+01 +2.627771059e+01 -9.343228941e+01 -9.343228941e+01 +9.0519e-01 +9.9566e-02 +4.6446e-01 -5.6812e-01 -8.2982e-01 -3.8225e+00 -6.9941e-01 -1.2861e+00 +1.4028e+00 +2.8975e-01
12498 +2.568820011e+01 +2.568820011e+01 -9.402179989e+01 -9.402179989e+01 +9.0511e-01 +9.9415e-02 +4.6466e-01 -5.0753e-01 -8.2970e-01 -3.8227e+00 -6.9919e-01 -1.2323e+00 +1.4028e+00 +2.8996e-01
12735 +2.499907623e+01 +2.499907623e+01 -9.471092377e+01 -9.471092377e+01 +9.0518e-01 +9.8677e-02 +4.6405e-01 -4.2805e-01 -8.3002e-01 -3.8229e+00 -6.9932e-01 -1.1659e+00 +1.4032e+00 +2.8987e-01
12906 +2.451134317e+01 +2.451134317e+01 -9.519865683e+01 -9.519865683e+01 +9.0546e-01 +9.9164e-02 +4.6396e-01 -3.7512e-01 -8.3083e-01 -3.8227e+00 -6.9948e-01 -1.1212e+00 +1.4025e+00 +2.8984e-01
12989 +2.375661131e+01 +2.375661131e+01 -9.595338869e+01 -9.595338869e+01 +9.0525e-01 +9.9024e-02 +4.6380e-01 -2.8818e-01 -8.3209e-01 -3.8228e+00 -6.9962e-01 -1.0525e+00 +1.4033e+00 +2.8986e-01
13037 +2.342090025e+01 +2.342090025e+01 -9.628909975e+01 -9.628909975e+01 +9.0514e-01 +9.9382e-02 +4.6371e-01 -2.5120e-01 -8.3125e-01 -3.8226e+00 -6.9962e-01 -1.0154e+00 +1.4031e+00 +2.8984e-01
13104 +2.280947928e+01 +2.280947928e+01 -9.690052072e+01 -9.690052072e+01 +9.0489e-01 +9.9116e-02 +4.6359e-01 -1.6877e-01 -8.3194e-01 -3.8227e+00 -6.9959e-01 -9.5022e-01 +1.4037e+00 +2.8984e-01
13344 +2.238663553e+01 +2.238663553e+01 -9.732336447e+01 -9.732336447e+01 +9.0486e-01 +9.9084e-02 +4.6424e-01 -9.4450e-02 -8.3217e-01 -3.8223e+00 -6.9923e-01 -8.9637e-01 +1.4022e+00 +2.8953e-01
13962 +2.186840984e+01 +2.186840984e+01 -9.784159016e+01 -9.784159016e+01 +9.0460e-01 +9.9959e-02 +4.6401e-01 -3.9832e-04 -8.3068e-01 -3.8223e+00 -6.9934e-01 -8.0254e-01 +1.4028e+00 +2.8947e-01
14487 +2.136798343e+01 +2.136798343e+01 -9.834201657e+01 -9.834201657e+01 +9.0432e-01 +9.9567e-02 +4.6326e-01 +1.1819e-01 -8.3012e-01 -3.8224e+00 -6.9930e-01 -7.0510e-01 +1.4022e+00 +2.8963e-01
14920 +2.084984465e+01 +2.084984465e+01 -9.886015535e+01 -9.886015535e+01 +9.0362e-01 +9.9742e-02 +4.6316e-01 +2.3775e-01 -8.3419e-01 -3.8230e+00 -6.9945e-01 -6.1961e-01 +1.4010e+00 +2.8941e-01
15517 +2.041163844e+01 +2.041163844e+01 -9.929836156e+01 -9.929836156e+01 +9.0340e-01 +9.9636e-02 +4.6349e-01 +3.2940e-01 -8.3417e-01 -3.8231e+00 -6.9950e-01 -5.3870e-01 +1.4011e+00 +2.8949e-01
16801 +1.994041567e+01 +1.994041567e+01 -9.976958433e+01 -9.976958433e+01 +9.0397e-01 +9.9795e-02 +4.6271e-01 +4.7320e-01 -8.3457e-01 -3.8229e+00 -6.9945e-01 -4.2225e-01 +1.4016e+00 +2.8964e-01
18035 +1.949661063e+01 +1.949661063e+01 -1.002133894e+02 -1.002133894e+02 +9.0370e-01 +9.8460e-02 +4.6259e-01 +6.1658e-01 -8.3554e-01 -3.8222e+00 -6.9944e-01 -3.1108e-01 +1.4025e+00 +2.8963e-01
19266 +1.904749508e+01 +1.904749508e+01 -1.006625049e+02 -1.006625049e+02 +9.0356e-01 +9.7933e-02 +4.6241e-01 +8.1205e-01 -8.3555e-01 -3.8218e+00 -6.9945e-01 -1.5110e-01 +1.4024e+00 +2.8969e-01
23095 +1.861745973e+01 +1.861745973e+01 -1.010925403e+02 -1.010925403e+02 +9.0010e-01 +9.5680e-02 +4.6194e-01 +1.1021e+00 -8.3396e-01 -3.8208e+00 -6.9939e-01 +7.8658e-02 +1.4021e+00 +2.8960e-01
% function evaluation | noise-free fitness - Fopt (3.017400000000e+02) | best noise-free fitness - Fopt | measured fitness | best measured fitness | x1 | x2...
1 +1.757681992e+05 +1.757681992e+05 +1.760699392e+05 +1.760699392e+05 +0.0000e+00 +0.0000e+00 +0.0000e+00 +0.0000e+00 +0.0000e+00 +0.0000e+00 +0.0000e+00 +0.0000e+00 +0.0000e+00 +0.0000e+00
3 +1.161922310e+05 +1.161922310e+05 +1.164939710e+05 +1.164939710e+05 +5.3189e-02 +1.0234e-02 -1.2303e-01 -2.9888e-04 +2.6694e-02 -8.0319e-02 -2.5581e-01 +1.7251e-01 -3.7796e-01 +1.9132e-01
4 +6.598952213e+04 +6.598952213e+04 +6.629126213e+04 +6.629126213e+04 -6.0935e-02 +1.4303e-01 -5.4117e-02 +9.3706e-02 -1.7479e-01 +1.6466e-01 -1.8371e-02 +7.2000e-02 +1.8174e-01 +2.0351e-01
10 +3.035715920e+04 +3.035715920e+04 +3.065889920e+04 +3.065889920e+04 -8.9445e-02 +3.4341e-01 -1.0246e-01 +2.0039e-01 +1.0667e-01 +1.7815e-01 -2.7387e-01 +5.9151e-02 +1.3265e-01 +2.3057e-01
13 +2.779853946e+03 +2.779853946e+03 +3.081593946e+03 +3.081593946e+03 +1.3979e-01 +3.3537e-01 -3.2778e-03 +8.7900e-02 -1.1231e-01 -1.9015e-01 -9.8088e-02 +9.3341e-02 +1.2874e-01 +3.8771e-01
17 +4.245759525e+02 +4.245759525e+02 +7.263159525e+02 +7.263159525e+02 +2.9286e-01 +3.9329e-01 +2.5883e-01 +7.9604e-02 -1.1049e-01 -7.8817e-02 +1.8795e-01 -6.7442e-02 -1.2215e-02 +2.8284e-01
31 +3.100140009e+02 +3.100140009e+02 +6.117540009e+02 +6.117540009e+02 +2.7578e-01 +3.2959e-01 +3.5411e-01 +3.0470e-01 -1.7261e-01 -3.4892e-01 -9.6394e-02 -2.1884e-01 -1.4303e-01 +4.2586e-01
38 +9.328200232e+01 +9.328200232e+01 +3.950220023e+02 +3.950220023e+02 -1.6140e-01 +3.1126e-01 +2.8010e-01 +5.5706e-01 -3.5490e-01 -2.4412e-01 +4.5161e-01 +6.0038e-03 -1.9099e-01 +5.8103e-02
7421 +9.116001775e+01 +9.116001775e+01 +3.929000178e+02 +3.929000178e+02 +4.0516e-01 +6.0910e-01 +1.2190e-01 -5.9243e-01 +4.8948e-01 -1.8614e-01 -1.0712e-01 -8.7835e-01 -1.9777e-01 +3.0969e-01
9155 +8.910504858e+01 +8.910504858e+01 +3.908450486e+02 +3.908450486e+02 +4.0533e-01 +6.0556e-01 +2.7059e-01 -1.2328e+00 +4.9203e-01 -1.7696e-01 -1.1922e-01 -8.7271e-01 -1.7174e-01 +3.0937e-01
11182 +8.706195002e+01 +8.706195002e+01 +3.888019500e+02 +3.888019500e+02 +3.9128e-01 +6.0822e-01 +3.8684e-01 -1.3926e+00 +4.8511e-01 -1.0283e-01 -1.2834e-01 -8.6877e-01 -6.5167e-02 +3.0942e-01
12978 +8.511132189e+01 +8.511132189e+01 +3.868513219e+02 +3.868513219e+02 +3.7324e-01 +6.2262e-01 +4.6049e-01 -1.4129e+00 +4.8263e-01 -2.3006e-02 -1.2801e-01 -8.7216e-01 +1.4011e-01 +3.0956e-01
15803 +8.317570890e+01 +8.317570890e+01 +3.849157089e+02 +3.849157089e+02 +3.7608e-01 +6.2314e-01 +6.0116e-01 -1.3992e+00 +4.8138e-01 +6.6812e-02 -1.2059e-01 -8.7222e-01 +3.6370e-01 +3.0929e-01
18185 +8.126043877e+01 +8.126043877e+01 +3.830004388e+02 +3.830004388e+02 +3.7588e-01 +6.2370e-01 +7.5858e-01 -1.3865e+00 +4.7577e-01 +7.5021e-02 -1.2146e-01 -8.7205e-01 +7.3549e-01 +3.0926e-01
20208 +7.939755526e+01 +7.939755526e+01 +3.811375553e+02 +3.811375553e+02 +3.7544e-01 +6.2365e-01 +8.7510e-01 -1.3840e+00 +4.7772e-01 +7.7796e-02 -1.2193e-01 -8.7212e-01 +1.0328e+00 +3.0930e-01
21501 +7.759412241e+01 +7.759412241e+01 +3.793341224e+02 +3.793341224e+02 +3.7556e-01 +6.2322e-01 +9.7438e-01 -1.3960e+00 +4.7635e-01 +6.9232e-02 -1.1879e-01 -8.7157e-01 +1.3083e+00 +3.0933e-01
% function evaluation | noise-free fitness - Fopt (2.247300000000e+02) | best noise-free fitness - Fopt | measured fitness | best measured fitness | x1 | x2...
1 +7.230086138e+06 +7.230086138e+06 +7.230310868e+06 +7.230310868e+06 +0.0000e+00 +0.0000e+00 +0.0000e+00 +0.0000e+00 +0.0000e+00 +0.0000e+00 +0.0000e+00 +0.0000e+00 +0.0000e+00 +0.0000e+00
3 +6.029737784e+06 +6.029737784e+06 +6.029962514e+06 +6.029962514e+06 +1.6718e-01 -6.8320e-02 +8.6521e-02 -8.7978e-02 +4.1325e-02 -1.7604e-02 +1.7727e-03 +1.2639e-01 +1.3706e-01 +1.6922e-01
14 +5.939569060e+06 +5.939569060e+06 +5.939793790e+06 +5.939793790e+06 +2.0359e-01 -2.8939e-01 +1.7726e-02 -1.8715e-01 +8.8592e-02 -7.5303e-02 -1.0926e-01 +2.6195e-01 +1.5658e-01 -1.5577e-02
16 +5.783308511e+06 +5.783308511e+06 +5.783533241e+06 +5.783533241e+06 +1.4870e-02 +3.2253e-01 +7.9209e-02 -4.3394e-02 +3.4989e-01 +1.8903e-01 -1.4962e-01 +6.0062e-02 +2.7041e-01 +8.4764e-02
18 +5.492295574e+06 +5.492295574e+06 +5.492520304e+06 +5.492520304e+06 -2.6304e-01 -1.9408e-01 +4.3047e-02 -1.6160e-01 +5.9693e-03 +1.7634e-01 -2.8752e-01 +2.8760e-01 +1.3024e-01 +1.2692e-01
20 +4.795704333e+06 +4.795704333e+06 +4.795929063e+06 +4.795929063e+06 +3.6672e-01 +1.8447e-01 +4.3088e-01 +8.8054e-02 +6.6664e-02 -2.1842e-02 -2.5755e-02 +1.4526e-01 +4.6829e-01 -5.1082e-02
22 +4.318348995e+06 +4.318348995e+06 +4.318573725e+06 +4.318573725e+06 +2.3471e-01 +2.6797e-01 +9.2741e-02 -2.8211e-01 +5.9843e-01 -7.5041e-02 -1.3317e-01 +9.6759e-02 +4.6377e-01 +2.8846e-01
31 +2.891639232e+06 +2.891639232e+06 +2.891863962e+06 +2.891863962e+06 +1.7849e-01 +1.0410e-01 +3.3417e-01 +1.2965e-01 +4.1843e-01 -7.9696e-02 +7.4327e-03 +6.4424e-01 +2.2601e-01 +1.5271e-01
34 +2.058592565e+06 +2.058592565e+06 +2.058817295e+06 +2.058817295e+06 +2.0952e-01 -2.1015e-02 +7.9472e-01 -2.4393e-01 +4.5821e-01 -1.4678e-01 -1.5724e-01 +6.8283e-01 +3.0952e-01 +2.9701e-01
42 +2.012949193e+06 +2.012949193e+06 +2.013173923e+06 +2.013173923e+06 +5.5983e-01 +3.0569e-01 +1.0392e+00 -2.4075e-01 +3.9390e-01 +2.6904e-01 -8.3368e-02 +6.2212e-01 +5.1530e-01 +3.0723e-02
50 +1.684112100e+06 +1.684112100e+06 +1.684336830e+06 +1.684336830e+06 +7.1525e-01 +3.3872e-01 +1.1235e+00 -7.2596e-02 +7.4024e-01 -2.8891e-02 -1.8455e-01 +7.2836e-01 +1.1610e-01 +5.3699e-01
56 +1.631917564e+06 +1.631917564e+06 +1.632142294e+06 +1.632142294e+06 +5.4170e-01 +1.8559e-01 +7.4908e-01 -2.0390e-01 +3.6644e-01 -9.8180e-03 -4.1239e-01 +9.7770e-01 +4.2614e-01 +2.2542e-01
60 +5.211561006e+05 +5.211561006e+05 +5.213808306e+05 +5.213808306e+05 +2.1876e-01 -6.9875e-02 +1.4483e+00 -2.6117e-01 +7.9353e-01 +3.4384e-01 -1.7035e-01 +1.1869e+00 +2.0969e-01 +5.6280e-01
67 +2.146649192e+04 +2.146649192e+04 +2.169122192e+04 +2.169122192e+04 +4.9433e-01 -8.9109e-02 +8.3701e-01 -1.5178e-01 +1.0565e+00 +2.6217e-01 -5.4549e-01 +2.0840e+00 +2.1553e-01 +7.1747e-01
79 +5.047375586e+01 +5.047375586e+01 +2.752037559e+02 +2.752037559e+02 +4.5453e-01 +4.3183e-01 +6.1726e-01 +1.4814e-01 +4.5928e-02 +2.2610e-01 -6.1008e-01 +2.6869e+00 -5.1603e-01 +8.3445e-01
403 +4.758649903e+01 +4.758649903e+01 +2.723164990e+02 +2.723164990e+02 +1.8956e+00 +7.0956e-01 +9.7700e-01 +7.8087e-01 -2.4756e+00 +1.6097e+00 -1.1999e+00 +2.3900e+00 +1.1329e+00 -6.6950e-01
% function evaluation | noise-free fitness - Fopt (1.222800000000e+02) | best noise-free fitness - Fopt | measured fitness | best measured fitness | x1 | x2...
1 +2.144970077e+07 +2.144970077e+07 +2.144982305e+07 +2.144982305e+07 +0.0000e+00 +0.0000e+00 +0.0000e+00 +0.0000e+00 +0.0000e+00 +0.0000e+00 +0.0000e+00 +0.0000e+00 +0.0000e+00 +0.0000e+00
3 +2.102161215e+07 +2.102161215e+07 +2.102173443e+07 +2.102173443e+07 +3.0875e-01 +3.6700e-01 +3.0469e-02 +2.0149e-01 -2.9204e-01 -3.1340e-01 -3.5699e-02 -4.4586e-01 +4.4798e-01 +1.3742e-01
5 +1.955260411e+07 +1.955260411e+07 +1.955272639e+07 +1.955272639e+07 -1.0003e-01 +2.4723e-01 +9.2222e-02 -1.9494e-01 -1.6180e-01 +2.3326e-02 -1.9981e-01 +7.6433e-02 +2.7240e-01 +2.2635e-01
7 +1.934325957e+07 +1.934325957e+07 +1.934338185e+07 +1.934338185e+07 -1.2186e-01 +1.7959e-01 -4.9243e-01 +3.5492e-01 +1.9010e-01 -1.2949e-01 -4.1452e-02 -5.2804e-02 +1.7788e-01 +2.6959e-01
10 +1.860877284e+07 +1.860877284e+07 +1.860889512e+07 +1.860889512e+07 +1.3058e-01 +1.3744e-01 -6.4387e-01 -7.5419e-02 -6.8555e-02 -2.3557e-01 -3.2402e-01 +3.8106e-02 +5.1692e-01 +2.8041e-01
13 +1.772771832e+07 +1.772771832e+07 +1.772784060e+07 +1.772784060e+07 -4.9887e-02 -1.1688e-01 -2.9225e-01 +1.8892e-03 +2.7942e-01 -3.7001e-01 -3.1801e-01 -3.4127e-01 +3.1440e-01 +3.5703e-01
18 +1.710130757e+07 +1.710130757e+07 +1.710142985e+07 +1.710142985e+07 +6.2743e-02 +1.5130e-01 -2.9904e-01 -5.0287e-01 -2.1436e-01 -2.3139e-01 -5.6071e-01 +1.3392e-01 +4.9737e-01 +4.1015e-01
24 +1.692353750e+07 +1.692353750e+07 +1.692365978e+07 +1.692365978e+07 -5.3885e-02 -4.7788e-02 -6.5165e-01 +6.3356e-02 +3.7472e-02 -3.8216e-01 -4.5240e-01 -4.1024e-01 +2.6535e-01 +3.9211e-01
29 +1.593351090e+07 +1.593351090e+07 +1.593363318e+07 +1.593363318e+07 +4.7652e-02 +6.1845e-02 -4.2927e-01 -6.5272e-02 +2.3218e-01 -4.4063e-01 -4.7600e-01 +4.2557e-01 +2.1633e-01 +4.4212e-01
31 +1.449426622e+07 +1.449426622e+07 +1.449438850e+07 +1.449438850e+07 -2.0536e-01 -1.1221e-01 -4.1252e-01 -4.7274e-01 -6.0034e-06 -6.4229e-01 -6.5206e-01 +4.8424e-02 +6.6712e-01 +4.5399e-01
36 +1.403083661e+07 +1.403083661e+07 +1.403095889e+07 +1.403095889e+07 -1.3180e-01 -1.2228e-03 -6.3499e-01 -4.2400e-01 +1.4641e-01 -6.9846e-01 -7.2269e-01 +2.6235e-01 -8.2631e-03 +4.7316e-01
38 +1.143279707e+07 +1.143279707e+07 +1.143291935e+07 +1.143291935e+07 -1.9669e-01 +5.0796e-02 -2.3956e-01 -3.2177e-01 +2.4824e-01 -9.7525e-01 -9.3065e-01 +6.2522e-02 +7.7136e-01 +5.4322e-01
43 +8.085486934e+06 +8.085486934e+06 +8.085609214e+06 +8.085609214e+06 -5.8634e-01 +1.6514e-01 -7.5013e-01 -1.2676e-01 +1.3203e-01 -8.6677e-01 -1.1186e+00 +4.2755e-01 -1.4716e-01 +1.1041e+00
52 +7.393899326e+06 +7.393899326e+06 +7.394021606e+06 +7.394021606e+06 -3.7827e-01 +2.0429e-01 -5.3078e-01 -1.3091e-01 +8.6733e-02 -1.4078e+00 -1.1230e+00 +2.4395e-01 +2.2102e-01 +1.1360e+00
53 +6.437792603e+06 +6.437792603e+06 +6.437914883e+06 +6.437914883e+06 -5.8469e-01 -2.2935e-01 -3.8525e-01 +1.1638e-01 +2.2466e-01 -1.1355e+00 -1.4845e+00 +3.6065e-01 -7.7677e-02 +7.6656e-01
64 +5.845570140e+06 +5.845570140e+06 +5.845692420e+06 +5.845692420e+06 -8.1908e-01 -4.3094e-01 -3.9912e-01 +8.9723e-02 -4.1373e-01 -1.6154e+00 -1.1702e+00 +1.1989e+00 +9.3875e-02 +7.4544e-01
65 +5.680070708e+06 +5.680070708e+06 +5.680192988e+06 +5.680192988e+06 -5.4288e-01 -3.2704e-02 -7.9591e-01 +4.0126e-01 +4.8250e-01 -1.2496e+00 -1.4593e+00 +4.1195e-02 +2.1083e-01 +1.1863e+00
66 +5.357202951e+06 +5.357202951e+06 +5.357325231e+06 +5.357325231e+06 -7.2090e-01 +6.6448e-02 -6.2480e-01 +5.0633e-01 +2.7477e-01 -1.4100e+00 -1.2723e+00 +6.9201e-01 -3.8439e-01 +1.1947e+00
70 +3.902392926e+06 +3.902392926e+06 +3.902515206e+06 +3.902515206e+06 -5.6383e-01 -2.2171e-01 -4.1934e-01 +6.7346e-01 +2.1412e-01 -1.2056e+00 -1.8689e+00 +4.7953e-01 +4.3760e-01 +1.4124e+00
76 +6.320804433e+05 +6.320804433e+05 +6.322027233e+05 +6.322027233e+05 -5.3208e-01 -7.9804e-03 -1.2340e-01 +9.0638e-01 -2.8284e-03 -2.0740e+00 -2.8753e+00 +7.1863e-01 +5.7382e-01 +1.3278e+00
83 +4.309158438e+05 +4.309158438e+05 +4.310381238e+05 +4.310381238e+05 +6.1288e-02 -3.9679e-01 -9.7989e-01 +7.3942e-01 -2.6321e-01 -2.8913e+00 -3.0038e+00 +9.4076e-01 +4.0462e-01 +1.3398e+00
84 +1.557470989e+05 +1.557470989e+05 +1.558693789e+05 +1.558693789e+05 -1.3743e+00 +4.7357e-02 -1.5997e-01 +6.7615e-02 +6.4646e-01 -2.6633e+00 -2.7985e+00 +7.1096e-01 -3.0718e-01 +1.8867e+00
92 +2.410291103e+02 +2.410291103e+02 +3.633091103e+02 +3.633091103e+02 -1.3549e+00 -5.2950e-02 -5.9727e-01 +1.3264e+00 +1.3275e-01 -2.5312e+00 -3.0448e+00 +4.6292e-01 -5.4888e-02 +2.0651e+00
155 +1.465444069e+02 +1.465444069e+02 +2.688244069e+02 +2.688244069e+02 -1.2062e+00 +3.1610e-01 -1.4637e+00 +2.8354e-01 +1.1121e+00 -3.0971e+00 -4.0544e+00 -1.9680e-02 -3.9776e-01 +4.8263e-01
181 +5.968291394e+01 +5.968291394e+01 +1.819629139e+02 +1.819629139e+02 -1.4505e+00 +6.9777e-01 -1.2383e+00 -2.4699e-01 +6.8505e-01 -3.1655e+00 -3.9326e+00 +4.7931e-01 +6.8000e-01 +4.3201e-01
273 +5.859370224e+01 +5.859370224e+01 +1.808737022e+02 +1.808737022e+02 -1.7092e+00 +1.1449e+00 -1.2529e+00 +1.1663e-01 +1.4164e+00 -3.5663e+00 -3.8664e+00 +1.4518e+00 +1.2707e+00 -6.7325e-01
% function evaluation | noise-free fitness - Fopt (-8.918000000000e+01) | best noise-free fitness - Fopt | measured fitness | best measured fitness | x1 | x2...
1 +8.548040755e+06 +8.548040755e+06 +8.547951575e+06 +8.547951575e+06 +0.0000e+00 +0.0000e+00 +0.0000e+00 +0.0000e+00 +0.0000e+00 +0.0000e+00 +0.0000e+00 +0.0000e+00 +0.0000e+00 +0.0000e+00
5 +7.806912353e+06 +7.806912353e+06 +7.806823173e+06 +7.806823173e+06 +1.4929e-01 +1.2232e-01 -1.1494e-01 -7.9936e-02 -1.5867e-01 +3.4134e-01 -1.3986e-01 +4.6034e-01 -3.3106e-01 -9.3972e-03
13 +7.458496846e+06 +7.458496846e+06 +7.458407666e+06 +7.458407666e+06 -1.7211e-02 -2.5212e-01 -6.1459e-02 +1.3377e-01 +1.5896e-01 +3.0383e-01 +1.3184e-01 +1.1929e-01 -5.2766e-01 -2.7627e-01
15 +6.282278082e+06 +6.282278082e+06 +6.282188902e+06 +6.282188902e+06 +2.6136e-01 -2.0761e-01 -4.5419e-01 -1.2129e-01 -1.9206e-02 +1.0043e-01 -1.0792e-01 +1.0855e-01 -3.9425e-01 -3.3895e-01
18 +5.417279837e+06 +5.417279837e+06 +5.417190657e+06 +5.417190657e+06 +3.4029e-01 -2.5944e-01 -1.5997e-01 +7.9264e-02 +2.8984e-01 -1.5125e-02 -1.0317e-01 +4.6427e-01 -8.6063e-01 -2.4518e-01
27 +4.746932188e+06 +4.746932188e+06 +4.746843008e+06 +4.746843008e+06 -2.3194e-02 -1.8030e-01 -6.2078e-01 +1.1827e-01 +2.2285e-01 -1.0442e-01 +6.9191e-03 +4.1755e-01 -6.0445e-01 -4.7571e-01
31 +2.929261803e+06 +2.929261803e+06 +2.929172623e+06 +2.929172623e+06 +4.3655e-01 -2.9580e-01 -6.7596e-01 +1.0685e-01 +2.4629e-01 +5.8746e-02 -4.0276e-02 +4.3289e-01 -8.7088e-01 -6.2644e-01
34 +2.507530409e+06 +2.507530409e+06 +2.507441229e+06 +2.507441229e+06 +1.3557e-01 -6.3768e-01 -6.2186e-01 +3.6001e-02 +4.9073e-01 +2.4004e-02 -2.2235e-01 -7.9140e-02 -1.0504e+00 -8.5950e-01
47 +2.067838975e+06 +2.067838975e+06 +2.067749795e+06 +2.067749795e+06 -5.3933e-02 -2.7953e-01 -7.4658e-01 +2.0224e-02 +5.2338e-01 -3.4047e-02 -7.2283e-02 -5.4531e-03 -1.4508e+00 -7.1317e-01
50 +1.011950180e+06 +1.011950180e+06 +1.011861000e+06 +1.011861000e+06 -6.4917e-02 -4.9606e-01 -1.3480e+00 -5.7458e-02 +5.1397e-01 +1.0516e-01 -4.9448e-01 +3.1586e-01 -1.6090e+00 -3.3874e-01
59 +7.493699053e+05 +7.493699053e+05 +7.492807253e+05 +7.492807253e+05 -2.0854e-01 -2.3214e-01 -1.4423e+00 +2.5217e-01 -1.4768e-02 +1.6665e-01 -6.2326e-01 -4.0891e-01 -2.2202e+00 -6.0748e-01
63 +6.477020273e+05 +6.477020273e+05 +6.476128473e+05 +6.476128473e+05 +2.9170e-01 -2.1056e-01 -1.0682e+00 +2.5366e-01 +6.1709e-01 +1.6161e-02 +1.2266e-02 +8.9202e-01 -2.0638e+00 -7.4124e-01
65 +2.122263912e+05 +2.122263912e+05 +2.121372112e+05 +2.121372112e+05 +4.8783e-01 -5.9158e-02 -1.3785e+00 -4.5726e-01 +7.2355e-01 +3.4887e-01 -5.1606e-01 +3.3627e-01 -2.0305e+00 -7.6325e-01
68 +1.107346466e+05 +1.107346466e+05 +1.106454666e+05 +1.106454666e+05 +1.3350e-01 +2.9946e-01 -1.4620e+00 -5.2273e-01 +6.0498e-01 +2.5480e-01 +1.6169e-01 +4.4570e-01 -2.6567e+00 -8.8491e-01
74 +1.624748290e+04 +1.624748290e+04 +1.615830290e+04 +1.615830290e+04 -5.7176e-01 +4.3748e-01 -2.6717e+00 -4.5567e-01 +8.7397e-01 -8.1840e-02 +8.5172e-02 +4.4054e-02 -1.9780e+00 -2.5386e-01
76 +1.203534097e+04 +1.203534097e+04 +1.194616097e+04 +1.194616097e+04 +5.7426e-01 +5.1949e-01 -1.7220e+00 -2.4026e-01 +7.6812e-01 +3.6165e-01 -3.3743e-01 +3.2755e-02 -2.1523e+00 -1.2677e+00
80 +3.034262495e+03 +3.034262495e+03 +2.945082495e+03 +2.945082495e+03 +1.9700e-01 -3.1021e-02 -1.7860e+00 -1.5211e-01 +8.4889e-01 -2.2960e-01 -1.1755e-01 +3.6711e-01 -2.7063e+00 -7.6706e-01
97 +1.447152322e+03 +1.447152322e+03 +1.357972322e+03 +1.357972322e+03 -8.0613e-01 +7.7896e-01 -1.9395e+00 -3.9374e-02 +7.3432e-01 +7.5739e-02 +1.9738e-01 +1.9011e-01 -3.1834e+00 -7.6462e-01
131 +7.363757678e+02 +7.363757678e+02 +6.471957678e+02 +6.471957678e+02 -1.1619e+00 +1.2597e+00 -2.6340e+00 -6.3669e-01 +1.2188e+00 +6.3405e-02 -3.9996e-01 -5.4783e-01 -1.4970e+00 -6.9886e-01
187 +1.143303446e+02 +1.143303446e+02 +2.515034464e+01 +2.515034464e+01 -1.2279e+00 +1.6716e+00 -1.6815e+00 -4.4918e-01 +1.2298e+00 -2.1472e-01 -3.2809e-01 -1.3113e-01 -2.8009e+00 -1.3708e+00
205 +7.230156168e+01 +7.230156168e+01 -1.687843832e+01 -1.687843832e+01 -7.8477e-01 +1.9411e+00 -1.2335e+00 -5.8481e-01 +1.2161e+00 -3.8964e-01 -2.9047e-01 +2.6235e-01 -3.1570e+00 -1.4513e+00
212 +6.906849338e+01 +6.906849338e+01 -2.011150662e+01 -2.011150662e+01 -9.2719e-01 +1.9855e+00 -1.6053e+00 -7.1803e-01 +1.4303e+00 -2.8750e-01 -3.0820e-01 +3.6269e-01 -2.4566e+00 -1.2441e+00
250 +6.501054019e+01 +6.501054019e+01 -2.416945981e+01 -2.416945981e+01 -2.6713e-01 +1.5475e+00 -1.4472e+00 -1.2237e+00 +1.1143e+00 +4.9343e-01 -8.0434e-01 -1.9519e-01 -2.7723e+00 -3.2444e-01
5361 +6.455445002e+01 +6.455445002e+01 -2.462554998e+01 -2.462554998e+01 -2.5080e+00 +9.5126e-01 -1.6368e+00 +1.4625e-01 +2.9461e+00 +5.7347e-01 -1.5618e+00 +5.1530e-01 -1.3410e+00 -3.2974e+00
6003 +6.309262671e+01 +6.309262671e+01 -2.608737329e+01 -2.608737329e+01 -2.5051e+00 +7.5705e-01 -1.6399e+00 +1.4746e-01 +2.9469e+00 +5.7648e-01 -1.5606e+00 +5.4514e-01 -1.3556e+00 -3.2933e+00
6420 +6.165805274e+01 +6.165805274e+01 -2.752194726e+01 -2.752194726e+01 -2.4959e+00 +5.5393e-01 -1.6419e+00 +1.4098e-01 +2.9467e+00 +5.8038e-01 -1.5637e+00 +5.7965e-01 -1.3684e+00 -3.2863e+00
6605 +6.013503641e+01 +6.013503641e+01 -2.904496359e+01 -2.904496359e+01 -2.4979e+00 +3.1713e-01 -1.6436e+00 +1.3917e-01 +2.9474e+00 +5.7452e-01 -1.5650e+00 +7.3214e-01 -1.3827e+00 -3.2979e+00
6917 +5.877306627e+01 +5.877306627e+01 -3.040693373e+01 -3.040693373e+01 -2.4819e+00 +1.4002e-01 -1.6474e+00 +1.3352e-01 +2.9463e+00 +5.9249e-01 -1.5615e+00 +8.3712e-01 -1.3831e+00 -3.3057e+00
7911 +5.754328066e+01 +5.754328066e+01 -3.163671934e+01 -3.163671934e+01 -2.4785e+00 -7.4663e-02 -1.6488e+00 +1.3454e-01 +2.9442e+00 +5.8863e-01 -1.5623e+00 +9.4764e-01 -1.3998e+00 -3.3097e+00
8862 +5.621832086e+01 +5.621832086e+01 -3.296167914e+01 -3.296167914e+01 -2.4786e+00 -2.7966e-01 -1.6500e+00 +1.3421e-01 +2.9446e+00 +5.9492e-01 -1.5604e+00 +1.2054e+00 -1.4120e+00 -3.3094e+00
9395 +5.492768004e+01 +5.492768004e+01 -3.425231996e+01 -3.425231996e+01 -2.4781e+00 -4.8150e-01 -1.6493e+00 +1.3313e-01 +2.9443e+00 +6.0650e-01 -1.5629e+00 +1.9388e+00 -1.4129e+00 -3.3056e+00
11228 +5.369190613e+01 +5.369190613e+01 -3.548809387e+01 -3.548809387e+01 -2.4744e+00 -6.7696e-01 -1.6503e+00 +1.3270e-01 +2.9448e+00 +6.1670e-01 -1.6200e+00 +1.8621e+00 -1.4177e+00 -3.3037e+00
12090 +5.243226393e+01 +5.243226393e+01 -3.674773607e+01 -3.674773607e+01 -2.4719e+00 -9.0072e-01 -1.6531e+00 +1.3291e-01 +2.9452e+00 +6.2627e-01 -1.6818e+00 +1.7962e+00 -1.4220e+00 -3.3006e+00
12558 +5.127524359e+01 +5.127524359e+01 -3.790475641e+01 -3.790475641e+01 -2.4729e+00 -1.1173e+00 -1.6542e+00 +1.3281e-01 +2.9450e+00 +6.2507e-01 -1.7657e+00 +1.7729e+00 -1.4197e+00 -3.3075e+00
13011 +5.011137032e+01 +5.011137032e+01 -3.906862968e+01 -3.906862968e+01 -2.4684e+00 -1.4653e+00 -1.6554e+00 +1.3333e-01 +2.9447e+00 +6.0984e-01 -1.8252e+00 +2.0655e+00 -1.4240e+00 -3.3106e+00
15084 +4.897263150e+01 +4.897263150e+01 -4.020736850e+01 -4.020736850e+01 -2.4657e+00 -1.7854e+00 -1.6535e+00 +1.3339e-01 +2.9448e+00 +6.0473e-01 -1.9645e+00 +1.9802e+00 -1.4215e+00 -3.3161e+00
18703 +4.786227919e+01 +4.786227919e+01 -4.131772081e+01 -4.131772081e+01 -2.4662e+00 -2.1509e+00 -1.6537e+00 +1.3348e-01 +2.9447e+00 +6.1160e-01 -2.1456e+00 +1.6576e+00 -1.4205e+00 -3.3159e+00
21421 +4.676446548e+01 +4.676446548e+01 -4.241553452e+01 -4.241553452e+01 -2.4476e+00 -2.5029e+00 -1.6535e+00 +1.3372e-01 +2.9447e+00 +6.1547e-01 -2.2435e+00 +1.6617e+00 -1.4205e+00 -3.3162e+00
23506 +4.570307616e+01 +4.570307616e+01 -4.347692384e+01 -4.347692384e+01 -2.4417e+00 -2.7597e+00 -1.6537e+00 +1.3390e-01 +2.9447e+00 +6.1568e-01 -2.3430e+00 +1.5317e+00 -1.4205e+00 -3.3158e+00
% function evaluation | noise-free fitness - Fopt (8.560000000000e+01) | best noise-free fitness - Fopt | measured fitness | best measured fitness | x1 | x2...
1 +3.126362520e+05 +3.126362520e+05 +3.127218520e+05 +3.127218520e+05 +0.0000e+00 +0.0000e+00 +0.0000e+00 +0.0000e+00 +0.0000e+00 +0.0000e+00 +0.0000e+00 +0.0000e+00 +0.0000e+00 +0.0000e+00
3 +2.744488361e+05 +2.744488361e+05 +2.745344361e+05 +2.745344361e+05 -1.8890e-01 -1.9837e-02 +2.5296e-02 +3.9932e-02 +2.9412e-01 +3.7870e-02 -8.6160e-02 +2.0630e-01 +4.0183e-02 -1.5103e-02
4 +2.044599573e+05 +2.044599573e+05 +2.045455573e+05 +2.045455573e+05 -1.6779e-01 -1.7598e-01 -7.1357e-02 -7.4052e-02 +8.8010e-02 +3.7159e-01 +3.4754e-01 -4.1521e-02 -9.5311e-02 +8.8584e-02
5 +6.875409168e+04 +6.875409168e+04 +6.883969168e+04 +6.883969168e+04 -1.1389e-01 -2.5478e-01 -8.2995e-05 -2.6360e-01 +3.0485e-01 +1.1806e-01 +7.1382e-02 -3.7449e-02 +9.7848e-02 -8.3459e-02
11 +6.004656897e+04 +6.004656897e+04 +6.013216897e+04 +6.013216897e+04 -3.1665e-02 -3.8560e-01 +5.5674e-02 -1.6316e-01 +4.4507e-01 +5.3868e-02 +1.8326e-01 +9.1390e-02 +1.3783e-01 -9.5007e-03
15 +2.936968044e+04 +2.936968044e+04 +2.945528044e+04 +2.945528044e+04 -8.8216e-02 -3.3522e-01 +1.3546e-02 -3.6550e-01 +2.7715e-01 +3.1029e-01 +9.0835e-02 +3.2366e-02 +2.0716e-03 -2.7172e-01
18 +2.325221120e+02 +2.325221120e+02 +3.181221120e+02 +3.181221120e+02 +3.1943e-01 -5.5866e-01 -8.2752e-02 -6.1399e-01 +3.3319e-01 +5.6892e-02 +7.0636e-02 +3.7446e-01 -6.2601e-02 -3.2273e-01
34 +1.755452532e+02 +1.755452532e+02 +2.611452532e+02 +2.611452532e+02 +3.3476e-01 -5.3680e-01 -3.0357e-01 -2.1098e-01 +3.6741e-01 -3.4777e-02 +1.2403e-01 +2.8613e-01 -1.9976e-01 -3.3204e-01
88 +6.141176538e+01 +6.141176538e+01 +1.470117654e+02 +1.470117654e+02 -1.2768e-01 -4.7612e-01 -2.4041e-01 -1.1916e+00 +5.9192e-01 -6.9017e-01 -1.1125e-01 +1.8965e-01 -1.9912e-01 -3.8371e-01
94 +3.248265675e+01 +3.248265675e+01 +1.180826568e+02 +1.180826568e+02 +1.3054e-01 -8.2177e-01 -9.3302e-02 -1.0090e+00 +4.2221e-01 -7.2236e-01 +1.0608e-02 +3.0955e-01 -1.3124e-01 -7.1649e-01
127 +2.745358947e+01 +2.745358947e+01 +1.130535895e+02 +1.130535895e+02 +1.4444e-01 -7.8660e-01 -2.1265e-01 -8.9318e-01 +2.9936e-01 -7.6914e-01 +1.5895e-01 -9.0552e-02 -2.1411e-01 -6.6399e-01
6894 +2.690351308e+01 +2.690351308e+01 +1.125035131e+02 +1.125035131e+02 -5.1582e-01 -9.5053e-01 -2.2820e-02 -1.0121e+00 +5.0306e-01 -9.0615e-01 -2.6657e-01 -2.9251e-01 +1.1156e-01 -6.5886e-01
7732 +2.628682686e+01 +2.628682686e+01 +1.118868269e+02 +1.118868269e+02 -5.1574e-01 -9.5123e-01 -2.3117e-02 -1.0141e+00 +5.0261e-01 -9.2265e-01 -2.5466e-01 -2.9402e-01 +2.1717e-01 -6.5941e-01
8275 +2.570335337e+01 +2.570335337e+01 +1.113033534e+02 +1.113033534e+02 -5.1562e-01 -9.5130e-01 -2.3017e-02 -1.0145e+00 +5.0233e-01 -9.3397e-01 -2.4015e-01 -2.9385e-01 +3.2223e-01 -6.5845e-01
8767 +2.511304640e+01 +2.511304640e+01 +1.107130464e+02 +1.107130464e+02 -5.1474e-01 -9.5107e-01 -2.2966e-02 -1.0150e+00 +5.0201e-01 -9.4099e-01 -2.1365e-01 -2.9391e-01 +4.3498e-01 -6.5782e-01
9875 +2.451178551e+01 +2.451178551e+01 +1.101117855e+02 +1.101117855e+02 -5.1719e-01 -9.5043e-01 -2.3029e-02 -1.0143e+00 +5.0170e-01 -9.4161e-01 -1.7884e-01 -2.9329e-01 +5.6576e-01 -6.5795e-01
10641 +2.396979768e+01 +2.396979768e+01 +1.095697977e+02 +1.095697977e+02 -5.1576e-01 -9.5016e-01 -2.2632e-02 -1.0152e+00 +5.0180e-01 -9.4951e-01 -1.5159e-01 -2.9421e-01 +6.7562e-01 -6.5723e-01
11429 +2.343541801e+01 +2.343541801e+01 +1.090354180e+02 +1.090354180e+02 -5.1920e-01 -9.5015e-01 -2.2209e-02 -1.0152e+00 +5.0175e-01 -9.6211e-01 -1.4436e-01 -2.9486e-01 +7.8549e-01 -6.5666e-01
12254 +2.289871993e+01 +2.289871993e+01 +1.084987199e+02 +1.084987199e+02 -5.1881e-01 -9.5022e-01 -2.2261e-02 -1.0146e+00 +5.0173e-01 -9.7571e-01 -1.3200e-01 -2.9489e-01 +8.8921e-01 -6.5668e-01
12936 +2.237669228e+01 +2.237669228e+01 +1.079766923e+02 +1.079766923e+02 -5.1871e-01 -9.5026e-01 -2.2214e-02 -1.0144e+00 +5.0171e-01 -9.9035e-01 -1.2855e-01 -2.9476e-01 +9.8253e-01 -6.5666e-01
13556 +2.187438065e+01 +2.187438065e+01 +1.074743806e+02 +1.074743806e+02 -5.1874e-01 -9.5026e-01 -2.2207e-02 -1.0143e+00 +5.0169e-01 -1.0050e+00 -1.2495e-01 -2.9473e-01 +1.0687e+00 -6.5665e-01
14062 +2.132343939e+01 +2.132343939e+01 +1.069234394e+02 +1.069234394e+02 -5.1878e-01 -9.5022e-01 -2.2318e-02 -1.0144e+00 +5.0169e-01 -1.0224e+00 -1.2210e-01 -2.9458e-01 +1.1744e+00 -6.5678e-01
14658 +2.087526296e+01 +2.087526296e+01 +1.064752630e+02 +1.064752630e+02 -5.1849e-01 -9.5015e-01 -2.2149e-02 -1.0152e+00 +5.0171e-01 -1.0303e+00 -1.0871e-01 -2.9483e-01 +1.2444e+00 -6.5645e-01
15141 +2.032820692e+01 +2.032820692e+01 +1.059282069e+02 +1.059282069e+02 -5.1855e-01 -9.5004e-01 -2.2180e-02 -1.0149e+00 +5.0160e-01 -1.0423e+00 -1.0289e-01 -2.9472e-01 +1.3335e+00 -6.5643e-01
15636 +1.994900501e+01 +1.994900501e+01 +1.055490050e+02 +1.055490050e+02 -5.1859e-01 -9.5000e-01 -2.2234e-02 -1.0148e+00 +5.0152e-01 -1.0509e+00 -9.8422e-02 -2.9463e-01 +1.3918e+00 -6.5653e-01
16218 +1.948599197e+01 +1.948599197e+01 +1.050859920e+02 +1.050859920e+02 -5.1854e-01 -9.5008e-01 -2.2255e-02 -1.0148e+00 +5.0141e-01 -1.0635e+00 -9.6596e-02 -2.9461e-01 +1.4653e+00 -6.5654e-01
16617 +1.904803948e+01 +1.904803948e+01 +1.046480395e+02 +1.046480395e+02 -5.1853e-01 -9.5002e-01 -2.2273e-02 -1.0148e+00 +5.0140e-01 -1.0738e+00 -9.1660e-02 -2.9463e-01 +1.5341e+00 -6.5658e-01
17045 +1.861491011e+01 +1.861491011e+01 +1.042149101e+02 +1.042149101e+02 -5.1849e-01 -9.4998e-01 -2.2256e-02 -1.0148e+00 +5.0138e-01 -1.0857e+00 -8.8548e-02 -2.9454e-01 +1.6031e+00 -6.5663e-01
17620 +1.817835136e+01 +1.817835136e+01 +1.037783514e+02 +1.037783514e+02 -5.1844e-01 -9.5004e-01 -2.2279e-02 -1.0148e+00 +5.0158e-01 -1.0960e+00 -8.3615e-02 -2.9448e-01 +1.6708e+00 -6.5670e-01
18283 +1.778032013e+01 +1.778032013e+01 +1.033803201e+02 +1.033803201e+02 -5.1846e-01 -9.5004e-01 -2.2267e-02 -1.0147e+00 +5.0146e-01 -1.1059e+00 -8.0863e-02 -2.9448e-01 +1.7360e+00 -6.5670e-01
18655 +1.735517314e+01 +1.735517314e+01 +1.029551731e+02 +1.029551731e+02 -5.1839e-01 -9.5004e-01 -2.2257e-02 -1.0147e+00 +5.0145e-01 -1.1184e+00 -7.9855e-02 -2.9442e-01 +1.8036e+00 -6.5670e-01
18962 +1.697640516e+01 +1.697640516e+01 +1.025764052e+02 +1.025764052e+02 -5.1838e-01 -9.4999e-01 -2.2262e-02 -1.0146e+00 +5.0146e-01 -1.1305e+00 -7.9802e-02 -2.9451e-01 +1.8686e+00 -6.5671e-01
19080 +1.654112190e+01 +1.654112190e+01 +1.021411219e+02 +1.021411219e+02 -5.1840e-01 -9.4998e-01 -2.2252e-02 -1.0146e+00 +5.0153e-01 -1.1453e+00 -7.9821e-02 -2.9441e-01 +1.9456e+00 -6.5671e-01
19494 +1.619849094e+01 +1.619849094e+01 +1.017984909e+02 +1.017984909e+02 -5.1852e-01 -9.4995e-01 -2.2277e-02 -1.0147e+00 +5.0141e-01 -1.1561e+00 -7.7509e-02 -2.9445e-01 +2.0116e+00 -6.5671e-01
20234 +1.584215895e+01 +1.584215895e+01 +1.014421590e+02 +1.014421590e+02 -5.1849e-01 -9.4994e-01 -2.2283e-02 -1.0147e+00 +5.0140e-01 -1.1691e+00 -7.5853e-02 -2.9451e-01 +2.0840e+00 -6.5672e-01
21044 +1.548060281e+01 +1.548060281e+01 +1.010806028e+02 +1.010806028e+02 -5.1850e-01 -9.4995e-01 -2.2282e-02 -1.0147e+00 +5.0139e-01 -1.1845e+00 -7.4752e-02 -2.9449e-01 +2.1676e+00 -6.5672e-01
21500 +1.512891795e+01 +1.512891795e+01 +1.007289179e+02 +1.007289179e+02 -5.1849e-01 -9.4995e-01 -2.2280e-02 -1.0147e+00 +5.0138e-01 -1.2001e+00 -7.4701e-02 -2.9447e-01 +2.2538e+00 -6.5670e-01
22201 +1.476802720e+01 +1.476802720e+01 +1.003680272e+02 +1.003680272e+02 -5.1849e-01 -9.4995e-01 -2.2284e-02 -1.0147e+00 +5.0141e-01 -1.2207e+00 -7.4467e-02 -2.9443e-01 +2.3622e+00 -6.5670e-01
