% function evaluation | noise-free fitness - Fopt (3.590000000000e+01) | best noise-free fitness - Fopt | measured fitness | best measured fitness | x1 | x2...
1 +2.283102266e+05 +2.283102266e+05 +2.283461266e+05 +2.283461266e+05 +0.0000e+00 +0.0000e+00
8 +2.144032507e+05 +2.144032507e+05 +2.144391507e+05 +2.144391507e+05 +7.3210e-02 +5.5078e-02
10 +2.113349561e+05 +2.113349561e+05 +2.113708561e+05 +2.113708561e+05 +8.0061e-02 +9.8997e-02
18 +2.027765275e+05 +2.027765275e+05 +2.028124275e+05 +2.028124275e+05 +1.5887e-01 +6.5939e-02
19 +1.951299985e+05 +1.951299985e+05 +1.951658985e+05 +1.951658985e+05 +1.5159e-01 +2.7629e-01
27 +1.813266688e+05 +1.813266688e+05 +1.813625688e+05 +1.813625688e+05 +2.5637e-01 +3.4628e-01
36 +1.719922534e+05 +1.719922534e+05 +1.720281534e+05 +1.720281534e+05 +4.5016e-01 +3.5219e-02
38 +1.160352337e+05 +1.160352337e+05 +1.160711337e+05 +1.160711337e+05 +8.3267e-01 +5.2510e-01
43 +6.210073940e+04 +6.210073940e+04 +6.213663940e+04 +6.213663940e+04 +1.4225e+00 +7.4713e-01
52 +3.545363638e+04 +3.545363638e+04 +3.548953638e+04 +3.548953638e+04 +1.6602e+00 +9.4590e-01
54 +3.335734522e+04 +3.335734522e+04 +3.339324522e+04 +3.339324522e+04 +1.7192e+00 +1.1054e+00
60 +8.331087754e-01 +8.331087754e-01 +3.673310878e+01 +3.673310878e+01 +3.1288e+00 +9.9776e-01
85 +7.509907313e-01 +7.509907313e-01 +3.665099073e+01 +3.665099073e+01 +3.1412e+00 +8.6588e-01
111 +4.443945511e-01 +4.443945511e-01 +3.634439455e+01 +3.634439455e+01 +3.0673e+00 +8.0505e-01
117 +3.589003038e-01 +3.589003038e-01 +3.625890030e+01 +3.625890030e+01 +3.0233e+00 +8.6194e-01
124 +2.665818986e-01 +2.665818986e-01 +3.616658190e+01 +3.616658190e+01 +2.9804e+00 +7.0716e-01
130 +6.563567793e-02 +6.563567793e-02 +3.596563568e+01 +3.596563568e+01 +2.8762e+00 +9.6368e-01
189 +2.924143528e-02 +2.924143528e-02 +3.592924144e+01 +3.592924144e+01 +2.8428e+00 +1.0019e+00
222 +9.218000780e-03 +9.218000780e-03 +3.590921800e+01 +3.590921800e+01 +2.8076e+00 +1.1113e+00
287 +4.680838582e-03 +4.680838582e-03 +3.590468084e+01 +3.590468084e+01 +2.8028e+00 +1.0692e+00
291 +1.746617670e-03 +1.746617670e-03 +3.590174662e+01 +3.590174662e+01 +2.7944e+00 +1.1005e+00
376 +1.594446321e-03 +1.594446321e-03 +3.590159445e+01 +3.590159445e+01 +2.7933e+00 +1.0895e+00
388 +9.909532856e-04 +9.909532856e-04 +3.590099095e+01 +3.590099095e+01 +2.7907e+00 +1.0958e+00
399 +8.073632218e-04 +8.073632218e-04 +3.590080736e+01 +3.590080736e+01 +2.7899e+00 +1.1026e+00
414 +5.315540436e-04 +5.315540436e-04 +3.590053155e+01 +3.590053155e+01 +2.7878e+00 +1.1101e+00
423 +5.036006058e-04 +5.036006058e-04 +3.590050360e+01 +3.590050360e+01 +2.7880e+00 +1.1060e+00
426 +2.731538123e-04 +2.731538123e-04 +3.590027315e+01 +3.590027315e+01 +2.7855e+00 +1.1123e+00
438 +1.368042705e-04 +1.368042705e-04 +3.590013680e+01 +3.590013680e+01 +2.7842e+00 +1.1125e+00
446 +3.425232635e-05 +3.425232635e-05 +3.590003425e+01 +3.590003425e+01 +2.7831e+00 +1.1116e+00
450 +5.031024422e-06 +5.031024422e-06 +3.590000503e+01 +3.590000503e+01 +2.7821e+00 +1.1127e+00
658 +3.585143808e-06 +3.585143808e-06 +3.590000359e+01 +3.590000359e+01 +2.7820e+00 +1.1132e+00
753 +3.416695684e-06 +3.416695684e-06 +3.590000342e+01 +3.590000342e+01 +2.7820e+00 +1.1131e+00
758 +5.712404061e-08 +5.712404061e-08 +3.590000006e+01 +3.590000006e+01 +2.7816e+00 +1.1135e+00
819 +2.120512477e-08 +2.120512477e-08 +3.590000002e+01 +3.590000002e+01 +2.7816e+00 +1.1136e+00
838 +1.947998385e-08 +1.947998385e-08 +3.590000002e+01 +3.590000002e+01 +2.7816e+00 +1.1136e+00
855 +1.449167542e-08 +1.449167542e-08 +3.590000001e+01 +3.590000001e+01 +2.7816e+00 +1.1136e+00
884 +7.643940592e-09 +7.643940592e-09 +3.590000001e+01 +3.590000001e+01 +2.7816e+00 +1.1136e+00
1575 +0.000000000e+00 +0.000000000e+00 +3.590000000e+01 +3.590000000e+01 +2.7816e+00 +1.1136e+00
% function evaluation | noise-free fitness - Fopt (3.137000000000e+01) | best noise-free fitness - Fopt | measured fitness | best measured fitness | x1 | x2...
1 +1.213706503e+04 +1.213706503e+04 +1.216843503e+04 +1.216843503e+04 +0.0000e+00 +0.0000e+00
3 +1.043469756e+04 +1.043469756e+04 +1.046606756e+04 +1.046606756e+04 +1.0450e-01 +1.1852e-01
6 +6.864315025e+03 +6.864315025e+03 +6.895685025e+03 +6.895685025e+03 +1.9687e-01 +4.2817e-01
10 +3.351059447e+03 +3.351059447e+03 +3.382429447e+03 +3.382429447e+03 +3.1232e-01 +8.4865e-01
14 +1.972611236e+03 +1.972611236e+03 +2.003981236e+03 +2.003981236e+03 +5.6542e-01 +9.3737e-01
18 +9.398413078e+02 +9.398413078e+02 +9.712113078e+02 +9.712113078e+02 +2.9504e-01 +1.2628e+00
21 +6.216289729e+02 +6.216289729e+02 +6.529989729e+02 +6.529989729e+02 +9.8341e-01 +1.1113e+00
23 +1.223734521e+01 +1.223734521e+01 +4.360734521e+01 +4.360734521e+01 +9.8398e-01 +1.5956e+00
33 +6.265811557e+00 +6.265811557e+00 +3.763581156e+01 +3.763581156e+01 +5.6197e-01 +2.1674e+00
42 +1.772012994e+00 +1.772012994e+00 +3.314201299e+01 +3.314201299e+01 +9.7402e-02 +2.3860e+00
45 +2.520619779e-01 +2.520619779e-01 +3.162206198e+01 +3.162206198e+01 -1.5115e-01 +2.0705e+00
227 +2.289893585e-01 +2.289893585e-01 +3.159898936e+01 +3.159898936e+01 -2.2352e-01 +2.2520e+00
230 +9.346469873e-02 +9.346469873e-02 +3.146346470e+01 +3.146346470e+01 -2.7264e-01 +2.1632e+00
235 +4.238151629e-02 +4.238151629e-02 +3.141238152e+01 +3.141238152e+01 -2.4599e-01 +2.0219e+00
243 +4.614942100e-03 +4.614942100e-03 +3.137461494e+01 +3.137461494e+01 -2.6607e-01 +1.9358e+00
299 +6.365527827e-04 +6.365527827e-04 +3.137063655e+01 +3.137063655e+01 -2.6653e-01 +1.8962e+00
354 +5.304886545e-04 +5.304886545e-04 +3.137053049e+01 +3.137053049e+01 -2.6773e-01 +1.9017e+00
370 +2.956215266e-04 +2.956215266e-04 +3.137029562e+01 +3.137029562e+01 -2.7091e-01 +1.9064e+00
388 +9.150109505e-05 +9.150109505e-05 +3.137009150e+01 +3.137009150e+01 -2.7050e-01 +1.8989e+00
416 +2.939503200e-05 +2.939503200e-05 +3.137002940e+01 +3.137002940e+01 -2.7127e-01 +1.8981e+00
420 +1.572096411e-05 +1.572096411e-05 +3.137001572e+01 +3.137001572e+01 -2.7133e-01 +1.8969e+00
440 +9.408388205e-06 +9.408388205e-06 +3.137000941e+01 +3.137000941e+01 -2.7174e-01 +1.8980e+00
474 +8.037705744e-06 +8.037705744e-06 +3.137000804e+01 +3.137000804e+01 -2.7163e-01 +1.8974e+00
489 +6.416657421e-06 +6.416657421e-06 +3.137000642e+01 +3.137000642e+01 -2.7185e-01 +1.8979e+00
491 +2.914767251e-06 +2.914767251e-06 +3.137000291e+01 +3.137000291e+01 -2.7200e-01 +1.8976e+00
506 +1.591605344e-06 +1.591605344e-06 +3.137000159e+01 +3.137000159e+01 -2.7189e-01 +1.8972e+00
511 +9.826537948e-07 +9.826537948e-07 +3.137000098e+01 +3.137000098e+01 -2.7193e-01 +1.8972e+00
518 +8.232327318e-07 +8.232327318e-07 +3.137000082e+01 +3.137000082e+01 -2.7195e-01 +1.8971e+00
564 +6.296540072e-07 +6.296540072e-07 +3.137000063e+01 +3.137000063e+01 -2.7201e-01 +1.8972e+00
566 +9.094402742e-08 +9.094402742e-08 +3.137000009e+01 +3.137000009e+01 -2.7196e-01 +1.8968e+00
583 +1.036621100e-08 +1.036621100e-08 +3.137000001e+01 +3.137000001e+01 -2.7199e-01 +1.8968e+00
696 +7.519648904e-09 +7.519648904e-09 +3.137000001e+01 +3.137000001e+01 -2.7200e-01 +1.8968e+00
1153 +0.000000000e+00 +0.000000000e+00 +3.137000000e+01 +3.137000000e+01 -2.7200e-01 +1.8968e+00
% function evaluation | noise-free fitness - Fopt (-1.000000000000e+03) | best noise-free fitness - Fopt | measured fitness | best measured fitness | x1 | x2...
1 +6.117604822e+04 +6.117604822e+04 +6.017604822e+04 +6.017604822e+04 +0.0000e+00 +0.0000e+00
3 +3.865181509e+04 +3.865181509e+04 +3.765181509e+04 +3.765181509e+04 +2.9393e-01 +7.0678e-02
7 +3.529141789e+04 +3.529141789e+04 +3.429141789e+04 +3.429141789e+04 +2.0424e-01 -2.0885e-01
10 +1.853306405e+04 +1.853306405e+04 +1.753306405e+04 +1.753306405e+04 +7.4790e-01 +8.1952e-03
15 +1.235851542e+04 +1.235851542e+04 +1.135851542e+04 +1.135851542e+04 +6.2681e-01 -5.5775e-01
21 +6.651517442e+00 +6.651517442e+00 -9.933484826e+02 -9.933484826e+02 +1.1533e+00 -9.4545e-01
42 +4.088225489e+00 +4.088225489e+00 -9.959117745e+02 -9.959117745e+02 +8.6993e-01 -1.6081e+00
215 +4.021802519e+00 +4.021802519e+00 -9.959781975e+02 -9.959781975e+02 +8.1668e-01 -1.4931e+00
235 +3.508902202e+00 +3.508902202e+00 -9.964910978e+02 -9.964910978e+02 +7.8168e-01 -1.7595e+00
244 +3.309084278e+00 +3.309084278e+00 -9.966909157e+02 -9.966909157e+02 +7.6605e-01 -1.8794e+00
252 +2.300855257e+00 +2.300855257e+00 -9.976991447e+02 -9.976991447e+02 +5.7170e-01 -2.3136e+00
274 +2.160159698e+00 +2.160159698e+00 -9.978398403e+02 -9.978398403e+02 +5.4447e-01 -2.4420e+00
281 +1.510951927e+00 +1.510951927e+00 -9.984890481e+02 -9.984890481e+02 +3.7840e-01 -2.9700e+00
285 +1.394623585e+00 +1.394623585e+00 -9.986053764e+02 -9.986053764e+02 +4.1634e-01 -2.6103e+00
291 +1.287065505e+00 +1.287065505e+00 -9.987129345e+02 -9.987129345e+02 +3.5058e-01 -2.5377e+00
293 +7.629161325e-01 +7.629161325e-01 -9.992370839e+02 -9.992370839e+02 +2.4005e-01 -2.5960e+00
299 +7.371852102e-01 +7.371852102e-01 -9.992628148e+02 -9.992628148e+02 +2.3267e-01 -2.6684e+00
301 +6.866606971e-01 +6.866606971e-01 -9.993133393e+02 -9.993133393e+02 +1.6228e-01 -3.0646e+00
305 +6.176283735e-01 +6.176283735e-01 -9.993823716e+02 -9.993823716e+02 +1.5193e-01 -3.0490e+00
323 +3.661131470e-01 +3.661131470e-01 -9.996338869e+02 -9.996338869e+02 +7.9811e-02 -3.0733e+00
328 +2.443285429e-01 +2.443285429e-01 -9.997556715e+02 -9.997556715e+02 -1.7331e-01 -3.3682e+00
394 +2.326706200e-01 +2.326706200e-01 -9.997673294e+02 -9.997673294e+02 +2.7785e-02 -2.9915e+00
403 +1.514905120e-01 +1.514905120e-01 -9.998485095e+02 -9.998485095e+02 -2.1622e-02 -3.0374e+00
436 +8.779705391e-02 +8.779705391e-02 -9.999122029e+02 -9.999122029e+02 -5.4154e-02 -3.1317e+00
442 +2.335574046e-02 +2.335574046e-02 -9.999766443e+02 -9.999766443e+02 -1.4308e-01 -3.3287e+00
589 +1.017829888e-02 +1.017829888e-02 -9.999898217e+02 -9.999898217e+02 -1.4727e-01 -3.2710e+00
619 +4.644258652e-03 +4.644258652e-03 -9.999953557e+02 -9.999953557e+02 -1.6257e-01 -3.3066e+00
631 +3.013499818e-03 +3.013499818e-03 -9.999969865e+02 -9.999969865e+02 -1.6827e-01 -3.3172e+00
632 +2.516809674e-03 +2.516809674e-03 -9.999974832e+02 -9.999974832e+02 -1.7449e-01 -3.3320e+00
649 +9.835765642e-04 +9.835765642e-04 -9.999990164e+02 -9.999990164e+02 -1.7643e-01 -3.3213e+00
711 +5.143542210e-04 +5.143542210e-04 -9.999994856e+02 -9.999994856e+02 -1.7929e-01 -3.3180e+00
713 +1.609726663e-04 +1.609726663e-04 -9.999998390e+02 -9.999998390e+02 -1.8459e-01 -3.3326e+00
725 +1.474616494e-04 +1.474616494e-04 -9.999998525e+02 -9.999998525e+02 -1.8309e-01 -3.3281e+00
728 +1.419795611e-04 +1.419795611e-04 -9.999998580e+02 -9.999998580e+02 -1.8512e-01 -3.3330e+00
747 +1.389681737e-04 +1.389681737e-04 -9.999998610e+02 -9.999998610e+02 -1.8295e-01 -3.3263e+00
748 +1.078063026e-04 +1.078063026e-04 -9.999998922e+02 -9.999998922e+02 -1.8334e-01 -3.3265e+00
773 +1.016237673e-04 +1.016237673e-04 -9.999998984e+02 -9.999998984e+02 -1.8342e-01 -3.3261e+00
799 +5.507372464e-05 +5.507372464e-05 -9.999999449e+02 -9.999999449e+02 -1.8445e-01 -3.3288e+00
811 +3.854953434e-05 +3.854953434e-05 -9.999999615e+02 -9.999999615e+02 -1.8472e-01 -3.3275e+00
826 +4.148972835e-06 +4.148972835e-06 -9.999999959e+02 -9.999999959e+02 -1.8589e-01 -3.3297e+00
887 +1.742703830e-06 +1.742703830e-06 -9.999999983e+02 -9.999999983e+02 -1.8609e-01 -3.3299e+00
899 +3.668340014e-07 +3.668340014e-07 -9.999999996e+02 -9.999999996e+02 -1.8627e-01 -3.3302e+00
971 +6.997424862e-08 +6.997424862e-08 -9.999999999e+02 -9.999999999e+02 -1.8636e-01 -3.3304e+00
1043 +6.228140137e-08 +6.228140137e-08 -9.999999999e+02 -9.999999999e+02 -1.8637e-01 -3.3304e+00
1055 +2.580918590e-08 +2.580918590e-08 -1.000000000e+03 -1.000000000e+03 -1.8637e-01 -3.3304e+00
1111 +3.876607479e-09 +3.876607479e-09 -1.000000000e+03 -1.000000000e+03 -1.8639e-01 -3.3304e+00
1876 +0.000000000e+00 +0.000000000e+00 -1.000000000e+03 -1.000000000e+03 -1.8640e-01 -3.3304e+00
% function evaluation | noise-free fitness - Fopt (1.319200000000e+02) | best noise-free fitness - Fopt | measured fitness | best measured fitness | x1 | x2...
1 +1.849514788e+01 +1.849514788e+01 +1.504151479e+02 +1.504151479e+02 +0.0000e+00 +0.0000e+00
2 +1.542731412e+01 +1.542731412e+01 +1.473473141e+02 +1.473473141e+02 -2.3769e-01 +9.6560e-02
5 +1.293836330e+01 +1.293836330e+01 +1.448583633e+02 +1.448583633e+02 -6.7556e-02 +4.2008e-01
18 +1.232619876e+01 +1.232619876e+01 +1.442461988e+02 +1.442461988e+02 -3.6262e-01 +6.2345e-01
184 +1.191554386e+01 +1.191554386e+01 +1.438355439e+02 +1.438355439e+02 -7.3533e-01 +5.1738e-01
196 +9.137643967e+00 +9.137643967e+00 +1.410576440e+02 +1.410576440e+02 -1.0225e+00 +6.6757e-01
214 +8.102580065e+00 +8.102580065e+00 +1.400225801e+02 +1.400225801e+02 -1.0838e+00 +7.4383e-01
215 +6.190561950e+00 +6.190561950e+00 +1.381105619e+02 +1.381105619e+02 -1.5392e+00 +9.8867e-01
221 +2.838696380e+00 +2.838696380e+00 +1.347586964e+02 +1.347586964e+02 -2.8432e+00 +1.1726e+00
227 +1.806464907e-01 +1.806464907e-01 +1.321006465e+02 +1.321006465e+02 -3.8054e+00 +1.7520e+00
371 +3.622935819e-02 +3.622935819e-02 +1.319562294e+02 +1.319562294e+02 -3.8693e+00 +1.8492e+00
422 +4.692142244e-03 +4.692142244e-03 +1.319246921e+02 +1.319246921e+02 -3.9922e+00 +1.8961e+00
461 +2.500122046e-03 +2.500122046e-03 +1.319225001e+02 +1.319225001e+02 -3.9493e+00 +1.8982e+00
514 +1.917682009e-03 +1.917682009e-03 +1.319219177e+02 +1.319219177e+02 -3.9617e+00 +1.8980e+00
573 +9.640108090e-04 +9.640108090e-04 +1.319209640e+02 +1.319209640e+02 -3.9758e+00 +1.9022e+00
625 +7.546176952e-04 +7.546176952e-04 +1.319207546e+02 +1.319207546e+02 -3.9663e+00 +1.9040e+00
640 +2.799024693e-04 +2.799024693e-04 +1.319202799e+02 +1.319202799e+02 -3.9738e+00 +1.9061e+00
679 +1.437900411e-04 +1.437900411e-04 +1.319201438e+02 +1.319201438e+02 -3.9784e+00 +1.9074e+00
720 +1.411545013e-04 +1.411545013e-04 +1.319201412e+02 +1.319201412e+02 -3.9763e+00 +1.9077e+00
741 +7.758678959e-05 +7.758678959e-05 +1.319200776e+02 +1.319200776e+02 -3.9788e+00 +1.9083e+00
771 +6.122136230e-05 +6.122136230e-05 +1.319200612e+02 +1.319200612e+02 -3.9795e+00 +1.9085e+00
778 +1.521342901e-05 +1.521342901e-05 +1.319200152e+02 +1.319200152e+02 -3.9828e+00 +1.9098e+00
828 +1.092196189e-05 +1.092196189e-05 +1.319200109e+02 +1.319200109e+02 -3.9815e+00 +1.9097e+00
834 +7.359122293e-06 +7.359122293e-06 +1.319200074e+02 +1.319200074e+02 -3.9826e+00 +1.9100e+00
854 +3.373760393e-06 +3.373760393e-06 +1.319200034e+02 +1.319200034e+02 -3.9816e+00 +1.9101e+00
858 +1.299136215e-06 +1.299136215e-06 +1.319200013e+02 +1.319200013e+02 -3.9819e+00 +1.9102e+00
910 +4.935830304e-07 +4.935830304e-07 +1.319200005e+02 +1.319200005e+02 -3.9823e+00 +1.9103e+00
934 +1.818923465e-07 +1.818923465e-07 +1.319200002e+02 +1.319200002e+02 -3.9824e+00 +1.9103e+00
969 +1.657830921e-07 +1.657830921e-07 +1.319200002e+02 +1.319200002e+02 -3.9823e+00 +1.9103e+00
974 +1.029718533e-07 +1.029718533e-07 +1.319200001e+02 +1.319200001e+02 -3.9823e+00 +1.9104e+00
990 +1.012410280e-07 +1.012410280e-07 +1.319200001e+02 +1.319200001e+02 -3.9823e+00 +1.9103e+00
1021 +5.366652545e-08 +5.366652545e-08 +1.319200001e+02 +1.319200001e+02 -3.9823e+00 +1.9104e+00
1043 +3.166763918e-08 +3.166763918e-08 +1.319200000e+02 +1.319200000e+02 -3.9824e+00 +1.9104e+00
1052 +2.848230451e-08 +2.848230451e-08 +1.319200000e+02 +1.319200000e+02 -3.9824e+00 +1.9104e+00
1058 +2.070169103e-08 +2.070169103e-08 +1.319200000e+02 +1.319200000e+02 -3.9824e+00 +1.9104e+00
1066 +5.114401347e-09 +5.114401347e-09 +1.319200000e+02 +1.319200000e+02 -3.9824e+00 +1.9104e+00
1613 +0.000000000e+00 +0.000000000e+00 +1.319200000e+02 +1.319200000e+02 -3.9824e+00 +1.9104e+00
% function evaluation | noise-free fitness - Fopt (5.908400000000e+02) | best noise-free fitness - Fopt | measured fitness | best measured fitness | x1 | x2...
1 +2.473902553e+04 +2.473902553e+04 +2.532986553e+04 +2.532986553e+04 +0.0000e+00 +0.0000e+00
3 +1.971299674e+04 +1.971299674e+04 +2.030383674e+04 +2.030383674e+04 -2.6062e-01 +1.3384e-01
13 +1.500349469e+04 +1.500349469e+04 +1.559433469e+04 +1.559433469e+04 -1.1872e-01 -2.9229e-01
19 +1.393297258e+04 +1.393297258e+04 +1.452381258e+04 +1.452381258e+04 +1.0474e-01 -5.8785e-01
24 +1.317733706e+04 +1.317733706e+04 +1.376817706e+04 +1.376817706e+04 -7.3151e-02 -4.2218e-01
25 +1.247060998e+04 +1.247060998e+04 +1.306144998e+04 +1.306144998e+04 -1.6945e-01 -3.4998e-01
26 +7.597852569e+03 +7.597852569e+03 +8.188692569e+03 +8.188692569e+03 -2.1435e-01 -5.6065e-01
31 +1.928035596e+03 +1.928035596e+03 +2.518875596e+03 +2.518875596e+03 -3.0624e-01 -9.6196e-01
38 +7.369192038e+01 +7.369192038e+01 +6.645319204e+02 +6.645319204e+02 -4.3189e-01 -1.1629e+00
41 +9.594772066e+00 +9.594772066e+00 +6.004347721e+02 +6.004347721e+02 -2.7238e-01 -1.6696e+00
58 +6.790913197e+00 +6.790913197e+00 +5.976309132e+02 +5.976309132e+02 +2.0090e-01 -2.7262e+00
92 +6.334376492e+00 +6.334376492e+00 +5.971743765e+02 +5.971743765e+02 +9.1637e-02 -2.0266e+00
97 +4.506221858e+00 +4.506221858e+00 +5.953462219e+02 +5.953462219e+02 +2.6877e-01 -2.0424e+00
117 +3.871760532e+00 +3.871760532e+00 +5.947117605e+02 +5.947117605e+02 +3.6692e-01 -2.1306e+00
123 +3.420113035e+00 +3.420113035e+00 +5.942601130e+02 +5.942601130e+02 +4.5988e-01 -2.3628e+00
129 +3.045178211e+00 +3.045178211e+00 +5.938851782e+02 +5.938851782e+02 +5.0020e-01 -2.3386e+00
169 +2.610166486e+00 +2.610166486e+00 +5.934501665e+02 +5.934501665e+02 +5.8844e-01 -2.4539e+00
211 +2.488578955e+00 +2.488578955e+00 +5.933285790e+02 +5.933285790e+02 +6.1519e-01 -2.4147e+00
223 +2.270538117e+00 +2.270538117e+00 +5.931105381e+02 +5.931105381e+02 +6.8156e-01 -2.5647e+00
242 +2.206362679e+00 +2.206362679e+00 +5.930463627e+02 +5.930463627e+02 +6.8345e-01 -2.5175e+00
247 +1.993873395e+00 +1.993873395e+00 +5.928338734e+02 +5.928338734e+02 +7.1366e-01 -2.5501e+00
251 +1.918134669e+00 +1.918134669e+00 +5.927581347e+02 +5.927581347e+02 +7.2947e-01 -2.6009e+00
257 +1.890412473e+00 +1.890412473e+00 +5.927304125e+02 +5.927304125e+02 +7.2737e-01 -2.5670e+00
261 +1.658764856e+00 +1.658764856e+00 +5.924987649e+02 +5.924987649e+02 +7.6134e-01 -2.6193e+00
266 +1.355201171e+00 +1.355201171e+00 +5.921952012e+02 +5.921952012e+02 +8.6061e-01 -2.6945e+00
321 +1.343091920e+00 +1.343091920e+00 +5.921830919e+02 +5.921830919e+02 +8.7208e-01 -2.7260e+00
332 +1.311875561e+00 +1.311875561e+00 +5.921518756e+02 +5.921518756e+02 +8.8571e-01 -2.7423e+00
334 +1.261642480e+00 +1.261642480e+00 +5.921016425e+02 +5.921016425e+02 +8.9979e-01 -2.7612e+00
345 +8.776280378e-01 +8.776280378e-01 +5.917176280e+02 +5.917176280e+02 +9.5745e-01 -2.7911e+00
351 +7.657164245e-01 +7.657164245e-01 +5.916057164e+02 +5.916057164e+02 +9.8877e-01 -2.8406e+00
475 +7.397979819e-01 +7.397979819e-01 +5.915797980e+02 +5.915797980e+02 +1.0105e+00 -2.8935e+00
479 +7.130770416e-01 +7.130770416e-01 +5.915530770e+02 +5.915530770e+02 +1.0367e+00 -2.8770e+00
498 +5.134187078e-01 +5.134187078e-01 +5.913534187e+02 +5.913534187e+02 +1.1025e+00 -2.9496e+00
507 +3.801410682e-01 +3.801410682e-01 +5.912201411e+02 +5.912201411e+02 +1.1511e+00 -3.0119e+00
517 +2.342883388e-01 +2.342883388e-01 +5.910742883e+02 +5.910742883e+02 +1.2291e+00 -3.1390e+00
526 +1.337692929e-01 +1.337692929e-01 +5.909737693e+02 +5.909737693e+02 +1.2937e+00 -3.2055e+00
535 +7.676201236e-02 +7.676201236e-02 +5.909167620e+02 +5.909167620e+02 +1.3409e+00 -3.2640e+00
560 +4.668756461e-02 +4.668756461e-02 +5.908866876e+02 +5.908866876e+02 +1.4330e+00 -3.4356e+00
584 +4.563710080e-02 +4.563710080e-02 +5.908856371e+02 +5.908856371e+02 +1.4125e+00 -3.4013e+00
607 +3.532304159e-02 +3.532304159e-02 +5.908753230e+02 +5.908753230e+02 +1.4130e+00 -3.3781e+00
609 +1.079195406e-02 +1.079195406e-02 +5.908507920e+02 +5.908507920e+02 +1.4069e+00 -3.3056e+00
664 +1.022542669e-02 +1.022542669e-02 +5.908502254e+02 +5.908502254e+02 +1.4472e+00 -3.3874e+00
668 +5.049337749e-04 +5.049337749e-04 +5.908405049e+02 +5.908405049e+02 +1.4402e+00 -3.3351e+00
804 +1.419631285e-04 +1.419631285e-04 +5.908401420e+02 +5.908401420e+02 +1.4420e+00 -3.3325e+00
835 +9.510629388e-05 +9.510629388e-05 +5.908400951e+02 +5.908400951e+02 +1.4447e+00 -3.3383e+00
854 +8.750991708e-05 +8.750991708e-05 +5.908400875e+02 +5.908400875e+02 +1.4448e+00 -3.3382e+00
885 +2.329278470e-05 +2.329278470e-05 +5.908400233e+02 +5.908400233e+02 +1.4457e+00 -3.3378e+00
898 +7.865541988e-06 +7.865541988e-06 +5.908400079e+02 +5.908400079e+02 +1.4452e+00 -3.3363e+00
930 +2.268228627e-07 +2.268228627e-07 +5.908400002e+02 +5.908400002e+02 +1.4456e+00 -3.3361e+00
1015 +5.060201147e-08 +5.060201147e-08 +5.908400001e+02 +5.908400001e+02 +1.4456e+00 -3.3360e+00
1033 +3.304637630e-08 +3.304637630e-08 +5.908400000e+02 +5.908400000e+02 +1.4456e+00 -3.3360e+00
1044 +7.407606972e-09 +7.407606972e-09 +5.908400000e+02 +5.908400000e+02 +1.4456e+00 -3.3360e+00
1618 +0.000000000e+00 +0.000000000e+00 +5.908400000e+02 +5.908400000e+02 +1.4456e+00 -3.3360e+00
% function evaluation | noise-free fitness - Fopt (5.115000000000e+01) | best noise-free fitness - Fopt | measured fitness | best measured fitness | x1 | x2...
1 +5.487131933e+04 +5.487131933e+04 +5.492246933e+04 +5.492246933e+04 +0.0000e+00 +0.0000e+00
5 +5.203062631e+04 +5.203062631e+04 +5.208177631e+04 +5.208177631e+04 -4.1104e-02 +1.8276e-01
6 +5.099354806e+04 +5.099354806e+04 +5.104469806e+04 +5.104469806e+04 -3.5458e-02 -1.6610e-01
7 +4.799901709e+04 +4.799901709e+04 +4.805016709e+04 +4.805016709e+04 -8.4069e-02 +1.8930e-01
8 +4.641413269e+04 +4.641413269e+04 +4.646528269e+04 +4.646528269e+04 -8.9211e-02 -5.0897e-02
12 +4.353681405e+04 +4.353681405e+04 +4.358796405e+04 +4.358796405e+04 -1.2727e-01 +8.4335e-02
15 +4.104445948e+04 +4.104445948e+04 +4.109560948e+04 +4.109560948e+04 -1.4949e-01 -7.8931e-02
17 +3.423106255e+04 +3.423106255e+04 +3.428221255e+04 +3.428221255e+04 -3.0698e-01 -1.9663e-02
21 +3.328152964e+04 +3.328152964e+04 +3.333267964e+04 +3.333267964e+04 -4.0662e-01 +1.3212e-01
28 +2.593044165e+04 +2.593044165e+04 +2.598159165e+04 +2.598159165e+04 -5.6372e-01 -2.8543e-02
30 +2.405971426e+04 +2.405971426e+04 +2.411086426e+04 +2.411086426e+04 -5.9119e-01 -8.1666e-02
33 +2.383674340e+04 +2.383674340e+04 +2.388789340e+04 +2.388789340e+04 -6.1405e-01 +3.1466e-01
34 +3.521018635e+03 +3.521018635e+03 +3.572168635e+03 +3.572168635e+03 -1.3983e+00 +3.9467e-01
42 +6.484381507e+00 +6.484381507e+00 +5.763438151e+01 +5.763438151e+01 -2.6970e+00 -9.7073e-02
51 +3.666858400e+00 +3.666858400e+00 +5.481685840e+01 +5.481685840e+01 -2.2463e+00 -7.1071e-01
60 +2.786056631e+00 +2.786056631e+00 +5.393605663e+01 +5.393605663e+01 -2.2513e+00 -9.7066e-01
70 +1.963432847e+00 +1.963432847e+00 +5.311343285e+01 +5.311343285e+01 -2.2321e+00 -1.4018e+00
77 +8.899282877e-01 +8.899282877e-01 +5.203992829e+01 +5.203992829e+01 -1.9022e+00 -1.7437e+00
99 +3.792306434e-01 +3.792306434e-01 +5.152923064e+01 +5.152923064e+01 -1.8627e+00 -2.1325e+00
137 +3.705324796e-01 +3.705324796e-01 +5.152053248e+01 +5.152053248e+01 -1.8905e+00 -2.2645e+00
182 +2.275801575e-01 +2.275801575e-01 +5.137758016e+01 +5.137758016e+01 -1.8240e+00 -2.3052e+00
186 +1.761260679e-01 +1.761260679e-01 +5.132612607e+01 +5.132612607e+01 -1.8081e+00 -2.3924e+00
207 +6.991178241e-02 +6.991178241e-02 +5.121991178e+01 +5.121991178e+01 -1.6759e+00 -2.4537e+00
208 +5.381651575e-02 +5.381651575e-02 +5.120381652e+01 +5.120381652e+01 -1.6537e+00 -2.4851e+00
343 +4.351953368e-02 +4.351953368e-02 +5.119351953e+01 +5.119351953e+01 -1.7092e+00 -2.5010e+00
349 +3.458427585e-02 +3.458427585e-02 +5.118458428e+01 +5.118458428e+01 -1.6967e+00 -2.5276e+00
350 +2.610641933e-02 +2.610641933e-02 +5.117610642e+01 +5.117610642e+01 -1.6908e+00 -2.5450e+00
365 +1.652153360e-02 +1.652153360e-02 +5.116652153e+01 +5.116652153e+01 -1.6778e+00 -2.5887e+00
410 +8.706958721e-03 +8.706958721e-03 +5.115870696e+01 +5.115870696e+01 -1.6461e+00 -2.5871e+00
421 +4.835868475e-03 +4.835868475e-03 +5.115483587e+01 +5.115483587e+01 -1.6448e+00 -2.6016e+00
433 +2.192653949e-03 +2.192653949e-03 +5.115219265e+01 +5.115219265e+01 -1.6365e+00 -2.6236e+00
437 +1.014023590e-03 +1.014023590e-03 +5.115101402e+01 +5.115101402e+01 -1.6411e+00 -2.6386e+00
479 +8.090783941e-04 +8.090783941e-04 +5.115080908e+01 +5.115080908e+01 -1.6394e+00 -2.6368e+00
484 +5.266309119e-04 +5.266309119e-04 +5.115052663e+01 +5.115052663e+01 -1.6360e+00 -2.6373e+00
489 +2.961825458e-04 +2.961825458e-04 +5.115029618e+01 +5.115029618e+01 -1.6344e+00 -2.6412e+00
502 +2.039736050e-04 +2.039736050e-04 +5.115020397e+01 +5.115020397e+01 -1.6343e+00 -2.6437e+00
505 +1.420368660e-04 +1.420368660e-04 +5.115014204e+01 +5.115014204e+01 -1.6341e+00 -2.6456e+00
510 +1.293202806e-04 +1.293202806e-04 +5.115012932e+01 +5.115012932e+01 -1.6321e+00 -2.6463e+00
520 +3.789404032e-05 +3.789404032e-05 +5.115003789e+01 +5.115003789e+01 -1.6326e+00 -2.6488e+00
551 +2.960664695e-05 +2.960664695e-05 +5.115002961e+01 +5.115002961e+01 -1.6326e+00 -2.6498e+00
567 +2.942075415e-05 +2.942075415e-05 +5.115002942e+01 +5.115002942e+01 -1.6325e+00 -2.6494e+00
578 +1.476642900e-05 +1.476642900e-05 +5.115001477e+01 +5.115001477e+01 -1.6320e+00 -2.6503e+00
581 +1.007376350e-05 +1.007376350e-05 +5.115001007e+01 +5.115001007e+01 -1.6320e+00 -2.6507e+00
644 +8.778170624e-06 +8.778170624e-06 +5.115000878e+01 +5.115000878e+01 -1.6319e+00 -2.6507e+00
651 +8.462001844e-06 +8.462001844e-06 +5.115000846e+01 +5.115000846e+01 -1.6314e+00 -2.6507e+00
653 +4.484874466e-06 +4.484874466e-06 +5.115000448e+01 +5.115000448e+01 -1.6315e+00 -2.6510e+00
678 +9.483550585e-07 +9.483550585e-07 +5.115000095e+01 +5.115000095e+01 -1.6314e+00 -2.6516e+00
749 +1.201750024e-07 +1.201750024e-07 +5.115000012e+01 +5.115000012e+01 -1.6312e+00 -2.6519e+00
830 +2.382555664e-08 +2.382555664e-08 +5.115000002e+01 +5.115000002e+01 -1.6312e+00 -2.6519e+00
875 +2.231480778e-08 +2.231480778e-08 +5.115000002e+01 +5.115000002e+01 -1.6312e+00 -2.6520e+00
889 +1.103124703e-08 +1.103124703e-08 +5.115000001e+01 +5.115000001e+01 -1.6312e+00 -2.6520e+00
899 +7.149466796e-09 +7.149466796e-09 +5.115000001e+01 +5.115000001e+01 -1.6312e+00 -2.6520e+00
1698 +0.000000000e+00 +0.000000000e+00 +5.115000000e+01 +5.115000000e+01 -1.6312e+00 -2.6520e+00
% function evaluation | noise-free fitness - Fopt (2.917300000000e+02) | best noise-free fitness - Fopt | measured fitness | best measured fitness | x1 | x2...
1 +7.148700915e+04 +7.148700915e+04 +7.177873915e+04 +7.177873915e+04 +0.0000e+00 +0.0000e+00
3 +6.248658595e+04 +6.248658595e+04 +6.277831595e+04 +6.277831595e+04 +2.8302e-02 +2.8976e-01
8 +5.865283917e+04 +5.865283917e+04 +5.894456917e+04 +5.894456917e+04 -1.8405e-02 +3.6222e-01
10 +2.507638229e+04 +2.507638229e+04 +2.536811229e+04 +2.536811229e+04 +7.4298e-02 +1.2740e+00
19 +6.947576966e+03 +6.947576966e+03 +7.239306966e+03 +7.239306966e+03 -4.1543e-01 +1.9304e+00
25 +6.280546385e+03 +6.280546385e+03 +6.572276385e+03 +6.572276385e+03 -2.2910e-01 +2.2454e+00
28 +1.967065056e+03 +1.967065056e+03 +2.258795056e+03 +2.258795056e+03 -2.0291e+00 +7.2925e-01
31 +7.105096940e+01 +7.105096940e+01 +3.627809694e+02 +3.627809694e+02 -1.3584e+00 +4.6387e+00
41 +4.306010953e+01 +4.306010953e+01 +3.347901095e+02 +3.347901095e+02 -2.2451e+00 +3.4733e+00
50 +2.297091140e+01 +2.297091140e+01 +3.147009114e+02 +3.147009114e+02 -6.1997e-01 +2.9975e+00
52 +1.215653212e+01 +1.215653212e+01 +3.038865321e+02 +3.038865321e+02 -1.2486e+00 +2.3034e+00
138 +6.646340550e+00 +6.646340550e+00 +2.983763405e+02 +2.983763405e+02 -1.6466e+00 +1.8867e+00
150 +3.440801591e+00 +3.440801591e+00 +2.951708016e+02 +2.951708016e+02 -2.0383e+00 +1.5105e+00
193 +2.606364967e+00 +2.606364967e+00 +2.943363650e+02 +2.943363650e+02 -3.6242e+00 +8.2153e-01
223 +8.775535697e-01 +8.775535697e-01 +2.926075536e+02 +2.926075536e+02 -3.3074e+00 +6.6167e-01
267 +7.260533680e-01 +7.260533680e-01 +2.924560534e+02 +2.924560534e+02 -2.6532e+00 +9.6217e-01
273 +4.176493008e-01 +4.176493008e-01 +2.921476493e+02 +2.921476493e+02 -2.8541e+00 +8.0653e-01
289 +1.187924835e-01 +1.187924835e-01 +2.918487925e+02 +2.918487925e+02 -2.6770e+00 +7.6784e-01
329 +8.048112179e-02 +8.048112179e-02 +2.918104811e+02 +2.918104811e+02 -2.5932e+00 +7.8852e-01
335 +3.933992569e-02 +3.933992569e-02 +2.917693399e+02 +2.917693399e+02 -2.5890e+00 +7.5761e-01
362 +1.631454289e-02 +1.631454289e-02 +2.917463145e+02 +2.917463145e+02 -2.5824e+00 +7.3818e-01
368 +1.142602335e-02 +1.142602335e-02 +2.917414260e+02 +2.917414260e+02 -2.5607e+00 +7.4278e-01
386 +2.387589169e-03 +2.387589169e-03 +2.917323876e+02 +2.917323876e+02 -2.5423e+00 +7.3254e-01
414 +1.063693919e-03 +1.063693919e-03 +2.917310637e+02 +2.917310637e+02 -2.5349e+00 +7.3181e-01
422 +2.713852257e-04 +2.713852257e-04 +2.917302714e+02 +2.917302714e+02 -2.5271e+00 +7.3125e-01
532 +2.678384184e-04 +2.678384184e-04 +2.917302678e+02 +2.917302678e+02 -2.5292e+00 +7.2959e-01
573 +4.269602414e-06 +4.269602414e-06 +2.917300043e+02 +2.917300043e+02 -2.5204e+00 +7.3083e-01
681 +4.114184492e-06 +4.114184492e-06 +2.917300041e+02 +2.917300041e+02 -2.5209e+00 +7.3070e-01
700 +3.398572005e-06 +3.398572005e-06 +2.917300034e+02 +2.917300034e+02 -2.5207e+00 +7.3075e-01
701 +1.465205571e-06 +1.465205571e-06 +2.917300015e+02 +2.917300015e+02 -2.5210e+00 +7.3052e-01
745 +4.993153766e-07 +4.993153766e-07 +2.917300005e+02 +2.917300005e+02 -2.5207e+00 +7.3052e-01
771 +1.244211489e-07 +1.244211489e-07 +2.917300001e+02 +2.917300001e+02 -2.5208e+00 +7.3045e-01
810 +9.969397752e-08 +9.969397752e-08 +2.917300001e+02 +2.917300001e+02 -2.5208e+00 +7.3043e-01
827 +3.948321137e-08 +3.948321137e-08 +2.917300000e+02 +2.917300000e+02 -2.5208e+00 +7.3041e-01
868 +2.097510787e-08 +2.097510787e-08 +2.917300000e+02 +2.917300000e+02 -2.5208e+00 +7.3042e-01
878 +1.079285994e-08 +1.079285994e-08 +2.917300000e+02 +2.917300000e+02 -2.5208e+00 +7.3041e-01
884 +7.775383892e-09 +7.775383892e-09 +2.917300000e+02 +2.917300000e+02 -2.5208e+00 +7.3041e-01
1227 +0.000000000e+00 +0.000000000e+00 +2.917300000e+02 +2.917300000e+02 -2.5208e+00 +7.3040e-01
% function evaluation | noise-free fitness - Fopt (3.567200000000e+02) | best noise-free fitness - Fopt | measured fitness | best measured fitness | x1 | x2...
1 +7.003328652e+03 +7.003328652e+03 +7.360048652e+03 +7.360048652e+03 +0.0000e+00 +0.0000e+00
2 +3.704468149e+03 +3.704468149e+03 +4.061188149e+03 +4.061188149e+03 +3.1202e-01 +4.4915e-02
6 +1.984433584e+03 +1.984433584e+03 +2.341153584e+03 +2.341153584e+03 -5.3968e-02 -2.9326e-01
9 +1.395983693e+03 +1.395983693e+03 +1.752703693e+03 +1.752703693e+03 +4.1105e-02 -2.8212e-01
10 +5.063278913e+02 +5.063278913e+02 +8.630478913e+02 +8.630478913e+02 +2.1429e-02 -3.8489e-01
13 +9.572843195e+00 +9.572843195e+00 +3.662928432e+02 +3.662928432e+02 -6.9684e-02 -8.4882e-01
14 +8.060245267e+00 +8.060245267e+00 +3.647802453e+02 +3.647802453e+02 -8.7898e-03 -7.2126e-01
17 +7.344634542e+00 +7.344634542e+00 +3.640646345e+02 +3.640646345e+02 +2.0260e-01 -6.6800e-01
28 +6.993925481e+00 +6.993925481e+00 +3.637139255e+02 +3.637139255e+02 +1.9892e-01 -5.9066e-01
29 +5.209359033e+00 +5.209359033e+00 +3.619293590e+02 +3.619293590e+02 +5.0727e-01 -2.3881e-01
34 +4.950373259e+00 +4.950373259e+00 +3.616703733e+02 +3.616703733e+02 +1.0626e+00 -2.6862e-01
53 +3.205204105e+00 +3.205204105e+00 +3.599252041e+02 +3.599252041e+02 +1.3816e+00 +1.5175e-02
59 +2.662278159e+00 +2.662278159e+00 +3.593822782e+02 +3.593822782e+02 +2.3496e+00 +3.7886e-01
64 +7.159632034e-01 +7.159632034e-01 +3.574359632e+02 +3.574359632e+02 +2.0909e+00 +6.4628e-01
133 +5.899636965e-01 +5.899636965e-01 +3.573099637e+02 +3.573099637e+02 +2.0055e+00 +6.8618e-01
179 +5.806790824e-01 +5.806790824e-01 +3.573006791e+02 +3.573006791e+02 +1.9851e+00 +6.9320e-01
186 +5.096591875e-01 +5.096591875e-01 +3.572296592e+02 +3.572296592e+02 +1.9931e+00 +7.1590e-01
204 +4.156752202e-01 +4.156752202e-01 +3.571356752e+02 +3.571356752e+02 +2.0262e+00 +7.6042e-01
212 +4.069969923e-01 +4.069969923e-01 +3.571269970e+02 +3.571269970e+02 +2.0919e+00 +7.4771e-01
213 +3.949982871e-01 +3.949982871e-01 +3.571149983e+02 +3.571149983e+02 +2.1347e+00 +7.5545e-01
219 +3.847856085e-01 +3.847856085e-01 +3.571047856e+02 +3.571047856e+02 +2.0712e+00 +7.7805e-01
222 +2.598539769e-01 +2.598539769e-01 +3.569798540e+02 +3.569798540e+02 +2.2409e+00 +8.2848e-01
238 +1.914243131e-01 +1.914243131e-01 +3.569114243e+02 +3.569114243e+02 +2.3186e+00 +8.7144e-01
267 +1.463417353e-01 +1.463417353e-01 +3.568663417e+02 +3.568663417e+02 +2.3587e+00 +9.0796e-01
274 +9.580152261e-02 +9.580152261e-02 +3.568158015e+02 +3.568158015e+02 +2.3666e+00 +9.3749e-01
288 +8.066316139e-02 +8.066316139e-02 +3.568006632e+02 +3.568006632e+02 +2.3792e+00 +9.5282e-01
332 +7.244412517e-02 +7.244412517e-02 +3.567924441e+02 +3.567924441e+02 +2.4927e+00 +9.9137e-01
334 +4.456659744e-02 +4.456659744e-02 +3.567645666e+02 +3.567645666e+02 +2.3982e+00 +9.9598e-01
338 +4.213571745e-02 +4.213571745e-02 +3.567621357e+02 +3.567621357e+02 +2.4688e+00 +1.0043e+00
342 +2.358864257e-02 +2.358864257e-02 +3.567435886e+02 +3.567435886e+02 +2.4507e+00 +1.0265e+00
385 +1.760778248e-02 +1.760778248e-02 +3.567376078e+02 +3.567376078e+02 +2.4629e+00 +1.0390e+00
410 +1.332417564e-02 +1.332417564e-02 +3.567333242e+02 +3.567333242e+02 +2.4911e+00 +1.0452e+00
419 +1.314274549e-02 +1.314274549e-02 +3.567331427e+02 +3.567331427e+02 +2.4815e+00 +1.0464e+00
431 +1.262427004e-02 +1.262427004e-02 +3.567326243e+02 +3.567326243e+02 +2.5087e+00 +1.0489e+00
436 +9.387574823e-03 +9.387574823e-03 +3.567293876e+02 +3.567293876e+02 +2.5250e+00 +1.0578e+00
438 +7.319213937e-03 +7.319213937e-03 +3.567273192e+02 +3.567273192e+02 +2.5174e+00 +1.0614e+00
442 +6.133463044e-03 +6.133463044e-03 +3.567261335e+02 +3.567261335e+02 +2.5123e+00 +1.0623e+00
444 +2.746747250e-03 +2.746747250e-03 +3.567227467e+02 +3.567227467e+02 +2.5280e+00 +1.0741e+00
461 +2.512822006e-03 +2.512822006e-03 +3.567225128e+02 +3.567225128e+02 +2.5211e+00 +1.0759e+00
472 +1.591785369e-03 +1.591785369e-03 +3.567215918e+02 +3.567215918e+02 +2.5275e+00 +1.0806e+00
490 +9.771426198e-04 +9.771426198e-04 +3.567209771e+02 +3.567209771e+02 +2.5422e+00 +1.0850e+00
503 +2.650636976e-04 +2.650636976e-04 +3.567202651e+02 +3.567202651e+02 +2.5515e+00 +1.0930e+00
555 +3.055602440e-05 +3.055602440e-05 +3.567200306e+02 +3.567200306e+02 +2.5503e+00 +1.0948e+00
678 +2.985043551e-05 +2.985043551e-05 +3.567200299e+02 +3.567200299e+02 +2.5490e+00 +1.0943e+00
689 +1.204005974e-05 +1.204005974e-05 +3.567200120e+02 +3.567200120e+02 +2.5490e+00 +1.0950e+00
706 +8.897699047e-06 +8.897699047e-06 +3.567200089e+02 +3.567200089e+02 +2.5492e+00 +1.0951e+00
715 +8.135825567e-06 +8.135825567e-06 +3.567200081e+02 +3.567200081e+02 +2.5492e+00 +1.0952e+00
723 +3.396610737e-06 +3.396610737e-06 +3.567200034e+02 +3.567200034e+02 +2.5499e+00 +1.0955e+00
770 +3.155329296e-06 +3.155329296e-06 +3.567200032e+02 +3.567200032e+02 +2.5499e+00 +1.0955e+00
777 +2.895976081e-06 +2.895976081e-06 +3.567200029e+02 +3.567200029e+02 +2.5500e+00 +1.0956e+00
778 +1.949645593e-06 +1.949645593e-06 +3.567200019e+02 +3.567200019e+02 +2.5499e+00 +1.0956e+00
780 +8.007519341e-07 +8.007519341e-07 +3.567200008e+02 +3.567200008e+02 +2.5502e+00 +1.0958e+00
852 +7.531189112e-07 +7.531189112e-07 +3.567200008e+02 +3.567200008e+02 +2.5501e+00 +1.0958e+00
860 +5.723986192e-07 +5.723986192e-07 +3.567200006e+02 +3.567200006e+02 +2.5502e+00 +1.0958e+00
865 +3.877746622e-07 +3.877746622e-07 +3.567200004e+02 +3.567200004e+02 +2.5503e+00 +1.0959e+00
920 +3.457051889e-07 +3.457051889e-07 +3.567200003e+02 +3.567200003e+02 +2.5502e+00 +1.0959e+00
921 +1.054378345e-07 +1.054378345e-07 +3.567200001e+02 +3.567200001e+02 +2.5504e+00 +1.0959e+00
955 +1.945750228e-10 +1.945750228e-10 +3.567200000e+02 +3.567200000e+02 +2.5504e+00 +1.0960e+00
1769 +0.000000000e+00 +0.000000000e+00 +3.567200000e+02 +3.567200000e+02 +2.5504e+00 +1.0960e+00
% function evaluation | noise-free fitness - Fopt (2.512400000000e+02) | best noise-free fitness - Fopt | measured fitness | best measured fitness | x1 | x2...
1 +1.511065717e+02 +1.511065717e+02 +4.023465717e+02 +4.023465717e+02 +0.0000e+00 +0.0000e+00
4 +7.323161769e+01 +7.323161769e+01 +3.244716177e+02 +3.244716177e+02 -6.6268e-02 +2.0371e-01
26 +7.152527662e+01 +7.152527662e+01 +3.227652766e+02 +3.227652766e+02 +7.4766e-01 +4.8920e-01
27 +6.601659472e+01 +6.601659472e+01 +3.172565947e+02 +3.172565947e+02 -8.1013e-02 +4.2965e-01
34 +4.838415786e+01 +4.838415786e+01 +2.996241579e+02 +2.996241579e+02 +3.7448e-01 +1.1431e+00
51 +4.779252371e+01 +4.779252371e+01 +2.990325237e+02 +2.990325237e+02 +1.2300e+00 +1.4716e+00
56 +2.050332337e+01 +2.050332337e+01 +2.717433234e+02 +2.717433234e+02 -1.4648e-01 +2.3075e+00
60 +3.070709596e+00 +3.070709596e+00 +2.543107096e+02 +2.543107096e+02 -2.2932e+00 +2.7276e+00
179 +2.261147046e+00 +2.261147046e+00 +2.535011470e+02 +2.535011470e+02 -2.0148e+00 +3.2912e+00
186 +1.411061714e+00 +1.411061714e+00 +2.526510617e+02 +2.526510617e+02 -2.6282e+00 +2.8478e+00
196 +6.269068635e-01 +6.269068635e-01 +2.518669069e+02 +2.518669069e+02 -3.0159e+00 +2.8875e+00
231 +4.106793472e-01 +4.106793472e-01 +2.516506793e+02 +2.516506793e+02 -3.2334e+00 +2.8498e+00
235 +3.284057597e-01 +3.284057597e-01 +2.515684058e+02 +2.515684058e+02 -2.9990e+00 +3.0267e+00
241 +2.895832216e-01 +2.895832216e-01 +2.515295832e+02 +2.515295832e+02 -3.0179e+00 +3.0852e+00
244 +2.503241820e-01 +2.503241820e-01 +2.514903242e+02 +2.514903242e+02 -3.0607e+00 +3.0853e+00
247 +1.722637008e-01 +1.722637008e-01 +2.514122637e+02 +2.514122637e+02 -3.1343e+00 +3.0648e+00
257 +1.107199238e-01 +1.107199238e-01 +2.513507199e+02 +2.513507199e+02 -3.2759e+00 +2.9655e+00
267 +5.227519076e-02 +5.227519076e-02 +2.512922752e+02 +2.512922752e+02 -3.3204e+00 +3.0333e+00
276 +2.183323250e-02 +2.183323250e-02 +2.512618332e+02 +2.512618332e+02 -3.4373e+00 +2.9645e+00
300 +1.677900569e-02 +1.677900569e-02 +2.512567790e+02 +2.512567790e+02 -3.4203e+00 +2.9810e+00
301 +1.292960056e-02 +1.292960056e-02 +2.512529296e+02 +2.512529296e+02 -3.4226e+00 +2.9918e+00
339 +4.127168162e-03 +4.127168162e-03 +2.512441272e+02 +2.512441272e+02 -3.4635e+00 +2.9896e+00
369 +2.343227905e-03 +2.343227905e-03 +2.512423432e+02 +2.512423432e+02 -3.4876e+00 +2.9781e+00
386 +1.763499313e-03 +1.763499313e-03 +2.512417635e+02 +2.512417635e+02 -3.4795e+00 +2.9859e+00
420 +1.537365058e-03 +1.537365058e-03 +2.512415374e+02 +2.512415374e+02 -3.4893e+00 +2.9798e+00
431 +8.714876930e-04 +8.714876930e-04 +2.512408715e+02 +2.512408715e+02 -3.5003e+00 +2.9787e+00
440 +2.536018035e-04 +2.536018035e-04 +2.512402536e+02 +2.512402536e+02 -3.4986e+00 +2.9851e+00
452 +1.538514793e-04 +1.538514793e-04 +2.512401539e+02 +2.512401539e+02 -3.5016e+00 +2.9828e+00
465 +6.484475739e-05 +6.484475739e-05 +2.512400648e+02 +2.512400648e+02 -3.5036e+00 +2.9834e+00
472 +2.928514863e-05 +2.928514863e-05 +2.512400293e+02 +2.512400293e+02 -3.5055e+00 +2.9831e+00
503 +1.939712513e-05 +1.939712513e-05 +2.512400194e+02 +2.512400194e+02 -3.5057e+00 +2.9838e+00
523 +1.819748206e-06 +1.819748206e-06 +2.512400018e+02 +2.512400018e+02 -3.5073e+00 +2.9833e+00
555 +5.845438977e-08 +5.845438977e-08 +2.512400001e+02 +2.512400001e+02 -3.5079e+00 +2.9832e+00
609 +9.345484386e-09 +9.345484386e-09 +2.512400000e+02 +2.512400000e+02 -3.5080e+00 +2.9832e+00
1156 +0.000000000e+00 +0.000000000e+00 +2.512400000e+02 +2.512400000e+02 -3.5080e+00 +2.9832e+00
% function evaluation | noise-free fitness - Fopt (9.903300000000e+02) | best noise-free fitness - Fopt | measured fitness | best measured fitness | x1 | x2...
1 +6.224663378e+04 +6.224663378e+04 +6.323696378e+04 +6.323696378e+04 +0.0000e+00 +0.0000e+00
3 +6.143690949e+04 +6.143690949e+04 +6.242723949e+04 +6.242723949e+04 -2.6031e-01 +1.2859e-01
4 +4.895298457e+04 +4.895298457e+04 +4.994331457e+04 +4.994331457e+04 -2.0696e-01 -2.2859e-01
14 +3.573361764e+04 +3.573361764e+04 +3.672394764e+04 +3.672394764e+04 -3.7324e-01 -4.3971e-01
18 +3.305822426e+04 +3.305822426e+04 +3.404855426e+04 +3.404855426e+04 -8.0338e-01 -4.4273e-01
21 +2.619211016e+04 +2.619211016e+04 +2.718244016e+04 +2.718244016e+04 -9.3397e-01 -6.1814e-01
27 +1.918593235e+04 +1.918593235e+04 +2.017626235e+04 +2.017626235e+04 -8.6337e-01 -9.7907e-01
29 +1.329668954e+04 +1.329668954e+04 +1.428701954e+04 +1.428701954e+04 -1.6955e+00 -7.4639e-01
30 +1.023582290e+04 +1.023582290e+04 +1.122615290e+04 +1.122615290e+04 -1.5810e+00 -1.2088e+00
36 +6.959563117e+02 +6.959563117e+02 +1.686286312e+03 +1.686286312e+03 -2.8942e+00 -1.1277e+00
52 +3.556746568e+00 +3.556746568e+00 +9.938867466e+02 +9.938867466e+02 -5.1938e+00 -9.9563e-01
81 +6.306767083e-01 +6.306767083e-01 +9.909606767e+02 +9.909606767e+02 -3.9928e+00 -1.2005e+00
114 +4.121656918e-01 +4.121656918e-01 +9.907421657e+02 +9.907421657e+02 -3.7500e+00 -1.0484e+00
132 +3.918711355e-01 +3.918711355e-01 +9.907218711e+02 +9.907218711e+02 -3.8240e+00 -1.1147e+00
140 +2.669314541e-01 +2.669314541e-01 +9.905969315e+02 +9.905969315e+02 -3.7031e+00 -1.2202e+00
142 +1.486091261e-01 +1.486091261e-01 +9.904786091e+02 +9.904786091e+02 -3.5807e+00 -1.1348e+00
154 +7.773584916e-02 +7.773584916e-02 +9.904077358e+02 +9.904077358e+02 -3.4718e+00 -1.1903e+00
166 +2.248985628e-02 +2.248985628e-02 +9.903524899e+02 +9.903524899e+02 -3.3022e+00 -1.1309e+00
227 +1.016917590e-02 +1.016917590e-02 +9.903401692e+02 +9.903401692e+02 -3.3320e+00 -1.1678e+00
245 +8.851980662e-03 +8.851980662e-03 +9.903388520e+02 +9.903388520e+02 -3.3172e+00 -1.1555e+00
246 +5.112478736e-03 +5.112478736e-03 +9.903351125e+02 +9.903351125e+02 -3.2763e+00 -1.1498e+00
310 +1.419160996e-03 +1.419160996e-03 +9.903314192e+02 +9.903314192e+02 -3.2723e+00 -1.1604e+00
341 +4.787079077e-04 +4.787079077e-04 +9.903304787e+02 +9.903304787e+02 -3.2644e+00 -1.1674e+00
385 +4.663408787e-04 +4.663408787e-04 +9.903304663e+02 +9.903304663e+02 -3.2649e+00 -1.1669e+00
392 +2.233480808e-04 +2.233480808e-04 +9.903302233e+02 +9.903302233e+02 -3.2590e+00 -1.1638e+00
394 +2.026138785e-04 +2.026138785e-04 +9.903302026e+02 +9.903302026e+02 -3.2599e+00 -1.1644e+00
398 +1.505069955e-04 +1.505069955e-04 +9.903301505e+02 +9.903301505e+02 -3.2574e+00 -1.1639e+00
399 +1.436725277e-04 +1.436725277e-04 +9.903301437e+02 +9.903301437e+02 -3.2580e+00 -1.1643e+00
438 +8.443786555e-05 +8.443786555e-05 +9.903300844e+02 +9.903300844e+02 -3.2550e+00 -1.1642e+00
444 +5.975781608e-05 +5.975781608e-05 +9.903300598e+02 +9.903300598e+02 -3.2558e+00 -1.1648e+00
447 +5.550559922e-05 +5.550559922e-05 +9.903300555e+02 +9.903300555e+02 -3.2552e+00 -1.1647e+00
464 +3.100596234e-05 +3.100596234e-05 +9.903300310e+02 +9.903300310e+02 -3.2552e+00 -1.1655e+00
471 +1.027149108e-05 +1.027149108e-05 +9.903300103e+02 +9.903300103e+02 -3.2536e+00 -1.1658e+00
488 +9.408182677e-07 +9.408182677e-07 +9.903300009e+02 +9.903300009e+02 -3.2525e+00 -1.1656e+00
552 +9.237329550e-07 +9.237329550e-07 +9.903300009e+02 +9.903300009e+02 -3.2524e+00 -1.1657e+00
578 +5.228665714e-07 +5.228665714e-07 +9.903300005e+02 +9.903300005e+02 -3.2522e+00 -1.1655e+00
591 +4.793477046e-07 +4.793477046e-07 +9.903300005e+02 +9.903300005e+02 -3.2523e+00 -1.1656e+00
601 +6.007905995e-08 +6.007905995e-08 +9.903300001e+02 +9.903300001e+02 -3.2521e+00 -1.1656e+00
605 +5.313745532e-08 +5.313745532e-08 +9.903300001e+02 +9.903300001e+02 -3.2520e+00 -1.1656e+00
635 +1.002263161e-08 +1.002263161e-08 +9.903300000e+02 +9.903300000e+02 -3.2520e+00 -1.1656e+00
644 +9.499331100e-09 +9.499331100e-09 +9.903300000e+02 +9.903300000e+02 -3.2520e+00 -1.1656e+00
1111 +0.000000000e+00 +0.000000000e+00 +9.903300000e+02 +9.903300000e+02 -3.2520e+00 -1.1656e+00
% function evaluation | noise-free fitness - Fopt (2.898000000000e+01) | best noise-free fitness - Fopt | measured fitness | best measured fitness | x1 | x2...
1 +3.003753347e+05 +3.003753347e+05 +3.004043147e+05 +3.004043147e+05 +0.0000e+00 +0.0000e+00
2 +2.946914423e+05 +2.946914423e+05 +2.947204223e+05 +2.947204223e+05 +5.1640e-02 -2.1568e-02
5 +2.747744226e+05 +2.747744226e+05 +2.748034026e+05 +2.748034026e+05 +2.4610e-01 +1.1545e-01
14 +2.665200253e+05 +2.665200253e+05 +2.665490053e+05 +2.665490053e+05 +2.1316e-01 -1.7619e-01
16 +2.477662859e+05 +2.477662859e+05 +2.477952659e+05 +2.477952659e+05 +4.9396e-01 +3.8067e-01
18 +2.231732555e+05 +2.231732555e+05 +2.232022355e+05 +2.232022355e+05 +5.8062e-01 +1.6803e-01
19 +1.541383797e+05 +1.541383797e+05 +1.541673597e+05 +1.541673597e+05 +1.1635e+00 +1.2024e-01
29 +8.126426941e+04 +8.126426941e+04 +8.129324941e+04 +8.129324941e+04 +1.6686e+00 -7.2859e-01
34 +2.426692737e+00 +2.426692737e+00 +3.140669274e+01 +3.140669274e+01 +3.3469e+00 -1.8707e+00
82 +6.158536017e-01 +6.158536017e-01 +2.959585360e+01 +2.959585360e+01 +3.0664e+00 -2.6768e+00
106 +4.479569905e-01 +4.479569905e-01 +2.942795699e+01 +2.942795699e+01 +3.0285e+00 -2.9220e+00
119 +2.307732105e-01 +2.307732105e-01 +2.921077321e+01 +2.921077321e+01 +2.9203e+00 -3.1503e+00
122 +1.007166745e-01 +1.007166745e-01 +2.908071667e+01 +2.908071667e+01 +2.8938e+00 -2.8858e+00
139 +4.248341151e-02 +4.248341151e-02 +2.902248341e+01 +2.902248341e+01 +2.8559e+00 -3.0204e+00
258 +1.203657071e-02 +1.203657071e-02 +2.899203657e+01 +2.899203657e+01 +2.8204e+00 -3.0160e+00
264 +6.892194734e-03 +6.892194734e-03 +2.898689219e+01 +2.898689219e+01 +2.8122e+00 -3.0350e+00
285 +4.703562757e-03 +4.703562757e-03 +2.898470356e+01 +2.898470356e+01 +2.8113e+00 -3.0674e+00
371 +2.539278197e-03 +2.539278197e-03 +2.898253928e+01 +2.898253928e+01 +2.8045e+00 -3.0832e+00
381 +9.254222192e-04 +9.254222192e-04 +2.898092542e+01 +2.898092542e+01 +2.7968e+00 -3.0936e+00
424 +6.256522307e-04 +6.256522307e-04 +2.898062565e+01 +2.898062565e+01 +2.7980e+00 -3.0741e+00
426 +3.150723473e-04 +3.150723473e-04 +2.898031507e+01 +2.898031507e+01 +2.7963e+00 -3.0790e+00
482 +1.713254322e-04 +1.713254322e-04 +2.898017133e+01 +2.898017133e+01 +2.7951e+00 -3.0819e+00
484 +3.669240927e-05 +3.669240927e-05 +2.898003669e+01 +2.898003669e+01 +2.7929e+00 -3.0873e+00
559 +3.226166911e-05 +3.226166911e-05 +2.898003226e+01 +2.898003226e+01 +2.7931e+00 -3.0863e+00
567 +1.476825040e-05 +1.476825040e-05 +2.898001477e+01 +2.898001477e+01 +2.7926e+00 -3.0847e+00
587 +1.332570797e-05 +1.332570797e-05 +2.898001333e+01 +2.898001333e+01 +2.7926e+00 -3.0849e+00
601 +8.463386528e-06 +8.463386528e-06 +2.898000846e+01 +2.898000846e+01 +2.7926e+00 -3.0855e+00
608 +5.965252456e-06 +5.965252456e-06 +2.898000597e+01 +2.898000597e+01 +2.7925e+00 -3.0859e+00
610 +2.989608635e-06 +2.989608635e-06 +2.898000299e+01 +2.898000299e+01 +2.7923e+00 -3.0861e+00
638 +1.914203416e-06 +1.914203416e-06 +2.898000191e+01 +2.898000191e+01 +2.7923e+00 -3.0861e+00
652 +1.679140016e-06 +1.679140016e-06 +2.898000168e+01 +2.898000168e+01 +2.7922e+00 -3.0859e+00
663 +1.182836364e-06 +1.182836364e-06 +2.898000118e+01 +2.898000118e+01 +2.7922e+00 -3.0860e+00
672 +8.038732027e-07 +8.038732027e-07 +2.898000080e+01 +2.898000080e+01 +2.7921e+00 -3.0863e+00
692 +6.636175165e-07 +6.636175165e-07 +2.898000066e+01 +2.898000066e+01 +2.7921e+00 -3.0865e+00
697 +6.500941012e-07 +6.500941012e-07 +2.898000065e+01 +2.898000065e+01 +2.7921e+00 -3.0861e+00
705 +5.517442752e-07 +5.517442752e-07 +2.898000055e+01 +2.898000055e+01 +2.7921e+00 -3.0862e+00
706 +3.436353140e-07 +3.436353140e-07 +2.898000034e+01 +2.898000034e+01 +2.7921e+00 -3.0862e+00
749 +3.139724001e-07 +3.139724001e-07 +2.898000031e+01 +2.898000031e+01 +2.7921e+00 -3.0862e+00
765 +1.741789220e-07 +1.741789220e-07 +2.898000017e+01 +2.898000017e+01 +2.7921e+00 -3.0863e+00
774 +1.004159067e-07 +1.004159067e-07 +2.898000010e+01 +2.898000010e+01 +2.7920e+00 -3.0863e+00
775 +2.237527497e-08 +2.237527497e-08 +2.898000002e+01 +2.898000002e+01 +2.7920e+00 -3.0864e+00
801 +1.773332414e-08 +1.773332414e-08 +2.898000002e+01 +2.898000002e+01 +2.7920e+00 -3.0864e+00
802 +4.929542996e-09 +4.929542996e-09 +2.898000000e+01 +2.898000000e+01 +2.7920e+00 -3.0864e+00
1381 +0.000000000e+00 +0.000000000e+00 +2.898000000e+01 +2.898000000e+01 +2.7920e+00 -3.0864e+00
% function evaluation | noise-free fitness - Fopt (2.054400000000e+02) | best noise-free fitness - Fopt | measured fitness | best measured fitness | x1 | x2...
1 +1.386475789e+04 +1.386475789e+04 +1.407019789e+04 +1.407019789e+04 +0.0000e+00 +0.0000e+00
3 +1.131346651e+04 +1.131346651e+04 +1.151890651e+04 +1.151890651e+04 +4.5951e-02 +1.6923e-01
6 +9.265369864e+03 +9.265369864e+03 +9.470809864e+03 +9.470809864e+03 +3.5874e-01 +3.2396e-01
10 +5.799839437e+03 +5.799839437e+03 +6.005279437e+03 +6.005279437e+03 +5.1517e-01 +6.4592e-01
13 +3.663091360e+03 +3.663091360e+03 +3.868531360e+03 +3.868531360e+03 +1.0434e+00 +8.8673e-01
17 +1.147500817e+03 +1.147500817e+03 +1.352940817e+03 +1.352940817e+03 -1.8292e-01 +1.1155e+00
18 +2.492132997e+00 +2.492132997e+00 +2.079321330e+02 +2.079321330e+02 -1.3053e-01 +2.6916e+00
49 +7.654282828e-01 +7.654282828e-01 +2.062054283e+02 +2.062054283e+02 +4.1010e-01 +2.1912e+00
129 +6.124032675e-01 +6.124032675e-01 +2.060524033e+02 +2.060524033e+02 +5.9938e-01 +1.8181e+00
151 +3.096851275e-01 +3.096851275e-01 +2.057496851e+02 +2.057496851e+02 +8.3253e-01 +1.6332e+00
194 +2.417077234e-01 +2.417077234e-01 +2.056817077e+02 +2.056817077e+02 +8.0578e-01 +1.9134e+00
200 +2.364387444e-01 +2.364387444e-01 +2.056764387e+02 +2.056764387e+02 +7.6011e-01 +1.9009e+00
220 +1.582028796e-01 +1.582028796e-01 +2.055982029e+02 +2.055982029e+02 +8.1434e-01 +1.7790e+00
231 +1.466283752e-01 +1.466283752e-01 +2.055866284e+02 +2.055866284e+02 +8.8072e-01 +1.6764e+00
234 +8.128341639e-02 +8.128341639e-02 +2.055212834e+02 +2.055212834e+02 +9.4128e-01 +1.6446e+00
240 +5.701570170e-02 +5.701570170e-02 +2.054970157e+02 +2.054970157e+02 +9.5430e-01 +1.7460e+00
242 +1.533998585e-02 +1.533998585e-02 +2.054553400e+02 +2.054553400e+02 +1.0296e+00 +1.6232e+00
418 +1.095119642e-02 +1.095119642e-02 +2.054509512e+02 +2.054509512e+02 +1.0352e+00 +1.6594e+00
424 +8.955510825e-03 +8.955510825e-03 +2.054489555e+02 +2.054489555e+02 +1.0381e+00 +1.6282e+00
430 +7.785863666e-03 +7.785863666e-03 +2.054477859e+02 +2.054477859e+02 +1.0414e+00 +1.6329e+00
450 +4.850076542e-03 +4.850076542e-03 +2.054448501e+02 +2.054448501e+02 +1.0502e+00 +1.6252e+00
456 +1.925267691e-03 +1.925267691e-03 +2.054419253e+02 +2.054419253e+02 +1.0684e+00 +1.6220e+00
474 +1.898442546e-03 +1.898442546e-03 +2.054418984e+02 +2.054418984e+02 +1.0685e+00 +1.6219e+00
522 +1.541175022e-03 +1.541175022e-03 +2.054415412e+02 +2.054415412e+02 +1.0690e+00 +1.6172e+00
524 +1.478574172e-03 +1.478574172e-03 +2.054414786e+02 +2.054414786e+02 +1.0695e+00 +1.6168e+00
530 +1.338796841e-03 +1.338796841e-03 +2.054413388e+02 +2.054413388e+02 +1.0715e+00 +1.6125e+00
538 +8.200735628e-04 +8.200735628e-04 +2.054408201e+02 +2.054408201e+02 +1.0759e+00 +1.6108e+00
552 +5.605170880e-04 +5.605170880e-04 +2.054405605e+02 +2.054405605e+02 +1.0798e+00 +1.6123e+00
585 +5.281080940e-04 +5.281080940e-04 +2.054405281e+02 +2.054405281e+02 +1.0799e+00 +1.6118e+00
591 +6.014555976e-05 +6.014555976e-05 +2.054400601e+02 +2.054400601e+02 +1.0870e+00 +1.6028e+00
632 +5.111072545e-05 +5.111072545e-05 +2.054400511e+02 +2.054400511e+02 +1.0874e+00 +1.6035e+00
633 +4.680122566e-05 +4.680122566e-05 +2.054400468e+02 +2.054400468e+02 +1.0877e+00 +1.6023e+00
658 +1.275499582e-05 +1.275499582e-05 +2.054400128e+02 +2.054400128e+02 +1.0890e+00 +1.6019e+00
754 +5.736728752e-06 +5.736728752e-06 +2.054400057e+02 +2.054400057e+02 +1.0895e+00 +1.6015e+00
827 +3.182517389e-06 +3.182517389e-06 +2.054400032e+02 +2.054400032e+02 +1.0897e+00 +1.6013e+00
872 +2.187831228e-06 +2.187831228e-06 +2.054400022e+02 +2.054400022e+02 +1.0898e+00 +1.6012e+00
878 +2.143232535e-06 +2.143232535e-06 +2.054400021e+02 +2.054400021e+02 +1.0898e+00 +1.6012e+00
888 +1.187414682e-06 +1.187414682e-06 +2.054400012e+02 +2.054400012e+02 +1.0900e+00 +1.6012e+00
927 +1.127332808e-06 +1.127332808e-06 +2.054400011e+02 +2.054400011e+02 +1.0900e+00 +1.6011e+00
932 +9.272585260e-07 +9.272585260e-07 +2.054400009e+02 +2.054400009e+02 +1.0901e+00 +1.6010e+00
951 +3.254141632e-07 +3.254141632e-07 +2.054400003e+02 +2.054400003e+02 +1.0902e+00 +1.6009e+00
979 +1.017197633e-07 +1.017197633e-07 +2.054400001e+02 +2.054400001e+02 +1.0903e+00 +1.6009e+00
1009 +5.686916893e-08 +5.686916893e-08 +2.054400001e+02 +2.054400001e+02 +1.0904e+00 +1.6008e+00
1078 +2.834934776e-08 +2.834934776e-08 +2.054400000e+02 +2.054400000e+02 +1.0904e+00 +1.6008e+00
1084 +2.248961550e-08 +2.248961550e-08 +2.054400000e+02 +2.054400000e+02 +1.0904e+00 +1.6008e+00
1115 +1.836070851e-08 +1.836070851e-08 +2.054400000e+02 +2.054400000e+02 +1.0904e+00 +1.6008e+00
1123 +8.748344271e-09 +8.748344271e-09 +2.054400000e+02 +2.054400000e+02 +1.0904e+00 +1.6008e+00
1848 +0.000000000e+00 +0.000000000e+00 +2.054400000e+02 +2.054400000e+02 +1.0904e+00 +1.6008e+00
% function evaluation | noise-free fitness - Fopt (-5.930000000000e+01) | best noise-free fitness - Fopt | measured fitness | best measured fitness | x1 | x2...
1 +7.516394146e+03 +7.516394146e+03 +7.457094146e+03 +7.457094146e+03 +0.0000e+00 +0.0000e+00
4 +7.127848468e+03 +7.127848468e+03 +7.068548468e+03 +7.068548468e+03 +3.4633e-02 +2.0614e-02
5 +3.900353068e+03 +3.900353068e+03 +3.841053068e+03 +3.841053068e+03 +5.3623e-02 +1.4850e-01
14 +1.738032882e+03 +1.738032882e+03 +1.678732882e+03 +1.678732882e+03 -5.2519e-02 +3.5242e-01
18 +1.634440317e+03 +1.634440317e+03 +1.575140317e+03 +1.575140317e+03 -1.1650e-01 +4.7797e-01
21 +1.250857256e+03 +1.250857256e+03 +1.191557256e+03 +1.191557256e+03 +3.7361e-01 +3.3229e-01
27 +9.803928621e+02 +9.803928621e+02 +9.210928621e+02 +9.210928621e+02 +6.6360e-02 +4.1006e-01
29 +7.769360667e+02 +7.769360667e+02 +7.176360667e+02 +7.176360667e+02 +1.0800e-01 +4.3362e-01
41 +4.554927294e+01 +4.554927294e+01 -1.375072706e+01 -1.375072706e+01 +3.3982e-01 +6.7588e-01
44 +2.817634964e+01 +2.817634964e+01 -3.112365036e+01 -3.112365036e+01 +4.5119e-01 +4.9822e-01
50 +5.955847657e-01 +5.955847657e-01 -5.870441523e+01 -5.870441523e+01 +4.0561e-01 +7.3732e-01
68 +3.974660683e-01 +3.974660683e-01 -5.890253393e+01 -5.890253393e+01 +7.0323e-01 +7.3573e-01
85 +2.463161343e-01 +2.463161343e-01 -5.905368387e+01 -5.905368387e+01 +7.9090e-01 +6.7973e-01
86 +1.949185486e-01 +1.949185486e-01 -5.910508145e+01 -5.910508145e+01 +7.7246e-01 +6.5985e-01
95 +7.297442892e-02 +7.297442892e-02 -5.922702557e+01 -5.922702557e+01 +6.4909e-01 +5.9676e-01
129 +5.548553623e-02 +5.548553623e-02 -5.924451446e+01 -5.924451446e+01 +5.5866e-01 +5.9190e-01
141 +2.627489287e-02 +2.627489287e-02 -5.927372511e+01 -5.927372511e+01 +6.3031e-01 +5.5072e-01
186 +1.050361395e-02 +1.050361395e-02 -5.928949639e+01 -5.928949639e+01 +5.7089e-01 +5.4372e-01
194 +1.016283574e-02 +1.016283574e-02 -5.928983716e+01 -5.928983716e+01 +5.0792e-01 +5.4688e-01
197 +3.986712789e-03 +3.986712789e-03 -5.929601329e+01 -5.929601329e+01 +5.2937e-01 +5.3550e-01
222 +1.443562423e-03 +1.443562423e-03 -5.929855644e+01 -5.929855644e+01 +5.2255e-01 +5.2810e-01
225 +9.170530430e-04 +9.170530430e-04 -5.929908295e+01 -5.929908295e+01 +4.9762e-01 +5.2610e-01
271 +6.585905211e-04 +6.585905211e-04 -5.929934141e+01 -5.929934141e+01 +5.1545e-01 +5.2486e-01
273 +5.651264780e-04 +5.651264780e-04 -5.929943487e+01 -5.929943487e+01 +5.0620e-01 +5.2582e-01
276 +5.101572573e-04 +5.101572573e-04 -5.929948984e+01 -5.929948984e+01 +5.0004e-01 +5.2477e-01
331 +4.320489333e-04 +4.320489333e-04 -5.929956795e+01 -5.929956795e+01 +5.1235e-01 +5.2318e-01
335 +4.096445546e-04 +4.096445546e-04 -5.929959036e+01 -5.929959036e+01 +5.0885e-01 +5.2438e-01
337 +2.501876639e-04 +2.501876639e-04 -5.929974981e+01 -5.929974981e+01 +5.0480e-01 +5.2341e-01
355 +1.136310211e-04 +1.136310211e-04 -5.929988637e+01 -5.929988637e+01 +5.0269e-01 +5.2229e-01
362 +1.080866026e-04 +1.080866026e-04 -5.929989191e+01 -5.929989191e+01 +5.0209e-01 +5.2222e-01
371 +5.545911007e-05 +5.545911007e-05 -5.929994454e+01 -5.929994454e+01 +5.0130e-01 +5.2153e-01
389 +5.235825233e-05 +5.235825233e-05 -5.929994764e+01 -5.929994764e+01 +5.0374e-01 +5.2110e-01
400 +3.765820770e-05 +3.765820770e-05 -5.929996234e+01 -5.929996234e+01 +5.0254e-01 +5.2120e-01
407 +2.056566007e-05 +2.056566007e-05 -5.929997943e+01 -5.929997943e+01 +5.0235e-01 +5.2065e-01
409 +1.661499473e-05 +1.661499473e-05 -5.929998339e+01 -5.929998339e+01 +5.0184e-01 +5.2074e-01
410 +1.512593408e-05 +1.512593408e-05 -5.929998487e+01 -5.929998487e+01 +5.0007e-01 +5.2066e-01
427 +1.094324304e-05 +1.094324304e-05 -5.929998906e+01 -5.929998906e+01 +5.0068e-01 +5.2064e-01
437 +4.210406949e-06 +4.210406949e-06 -5.929999579e+01 -5.929999579e+01 +5.0095e-01 +5.2028e-01
444 +2.252166247e-06 +2.252166247e-06 -5.929999775e+01 -5.929999775e+01 +4.9991e-01 +5.2022e-01
482 +1.716694300e-06 +1.716694300e-06 -5.929999828e+01 -5.929999828e+01 +5.0038e-01 +5.2022e-01
485 +2.270434223e-07 +2.270434223e-07 -5.929999977e+01 -5.929999977e+01 +5.0019e-01 +5.2006e-01
596 +1.242237175e-07 +1.242237175e-07 -5.929999988e+01 -5.929999988e+01 +5.0011e-01 +5.2005e-01
632 +4.163221234e-08 +4.163221234e-08 -5.929999996e+01 -5.929999996e+01 +5.0006e-01 +5.2003e-01
636 +2.801466081e-08 +2.801466081e-08 -5.929999997e+01 -5.929999997e+01 +5.0005e-01 +5.2002e-01
706 +1.508213643e-08 +1.508213643e-08 -5.929999998e+01 -5.929999998e+01 +5.0002e-01 +5.2002e-01
716 +3.241360957e-09 +3.241360957e-09 -5.930000000e+01 -5.930000000e+01 +5.0002e-01 +5.2001e-01
1226 +0.000000000e+00 +0.000000000e+00 -5.930000000e+01 -5.930000000e+01 +5.0000e-01 +5.2000e-01
% function evaluation | noise-free fitness - Fopt (-4.759000000000e+01) | best noise-free fitness - Fopt | measured fitness | best measured fitness | x1 | x2...
1 +1.857168640e+05 +1.857168640e+05 +1.856692740e+05 +1.856692740e+05 +0.0000e+00 +0.0000e+00
5 +1.818950547e+05 +1.818950547e+05 +1.818474647e+05 +1.818474647e+05 +1.3364e-01 +6.7315e-02
13 +1.702543540e+05 +1.702543540e+05 +1.702067640e+05 +1.702067640e+05 +3.9533e-02 +1.5499e-01
18 +1.593372454e+05 +1.593372454e+05 +1.592896554e+05 +1.592896554e+05 -2.0151e-01 +1.9315e-01
20 +1.221326793e+05 +1.221326793e+05 +1.220850893e+05 +1.220850893e+05 +1.5768e-01 +6.5106e-01
28 +1.006909473e+05 +1.006909473e+05 +1.006433573e+05 +1.006433573e+05 -4.3225e-01 +8.2453e-01
35 +8.316718897e+04 +8.316718897e+04 +8.311959897e+04 +8.311959897e+04 +3.6138e-02 +1.1151e+00
38 +3.392591653e+04 +3.392591653e+04 +3.387832653e+04 +3.387832653e+04 -3.7004e-01 +1.9379e+00
43 +3.385153487e+04 +3.385153487e+04 +3.380394487e+04 +3.380394487e+04 -1.6068e-01 +2.0471e+00
44 +1.458395780e+04 +1.458395780e+04 +1.453636780e+04 +1.453636780e+04 -5.8569e-01 +2.4917e+00
50 +6.396354344e+02 +6.396354344e+02 +5.920454344e+02 +5.920454344e+02 +2.8605e-01 +3.7600e+00
54 +6.841799527e+00 +6.841799527e+00 -4.074820047e+01 -4.074820047e+01 -2.4754e+00 +3.1552e+00
92 +8.658509220e-01 +8.658509220e-01 -4.672414908e+01 -4.672414908e+01 -2.8261e+00 +2.4764e+00
164 +7.411236853e-01 +7.411236853e-01 -4.684887631e+01 -4.684887631e+01 -2.9462e+00 +2.4613e+00
172 +7.087280016e-01 +7.087280016e-01 -4.688127200e+01 -4.688127200e+01 -3.1954e+00 +2.4505e+00
233 +5.024594288e-01 +5.024594288e-01 -4.708754057e+01 -4.708754057e+01 -3.0371e+00 +2.4039e+00
240 +4.200619330e-01 +4.200619330e-01 -4.716993807e+01 -4.716993807e+01 -3.3893e+00 +2.3920e+00
276 +3.526514083e-01 +3.526514083e-01 -4.723734859e+01 -4.723734859e+01 -3.2879e+00 +2.3700e+00
308 +4.474615755e-02 +4.474615755e-02 -4.754525384e+01 -4.754525384e+01 -3.4566e+00 +2.2419e+00
332 +1.288638198e-02 +1.288638198e-02 -4.757711362e+01 -4.757711362e+01 -3.4398e+00 +2.2122e+00
357 +1.269543438e-02 +1.269543438e-02 -4.757730457e+01 -4.757730457e+01 -3.4447e+00 +2.2108e+00
370 +9.960333745e-03 +9.960333745e-03 -4.758003967e+01 -4.758003967e+01 -3.3766e+00 +2.2154e+00
379 +6.248285635e-03 +6.248285635e-03 -4.758375171e+01 -4.758375171e+01 -3.3694e+00 +2.2079e+00
445 +2.727522198e-03 +2.727522198e-03 -4.758727248e+01 -4.758727248e+01 -3.4300e+00 +2.1966e+00
446 +1.018377377e-03 +1.018377377e-03 -4.758898162e+01 -4.758898162e+01 -3.3953e+00 +2.1967e+00
450 +2.771195687e-04 +2.771195687e-04 -4.758972288e+01 -4.758972288e+01 -3.4086e+00 +2.1922e+00
481 +6.522719296e-05 +6.522719296e-05 -4.758993477e+01 -4.758993477e+01 -3.4043e+00 +2.1910e+00
524 +1.074032360e-05 +1.074032360e-05 -4.758998926e+01 -4.758998926e+01 -3.4044e+00 +2.1899e+00
615 +8.182853698e-06 +8.182853698e-06 -4.758999182e+01 -4.758999182e+01 -3.4037e+00 +2.1900e+00
629 +4.568457292e-06 +4.568457292e-06 -4.758999543e+01 -4.758999543e+01 -3.4033e+00 +2.1899e+00
674 +4.266150924e-06 +4.266150924e-06 -4.758999573e+01 -4.758999573e+01 -3.4030e+00 +2.1899e+00
677 +3.292919118e-06 +3.292919118e-06 -4.758999671e+01 -4.758999671e+01 -3.4032e+00 +2.1899e+00
678 +2.236775181e-06 +2.236775181e-06 -4.758999776e+01 -4.758999776e+01 -3.4030e+00 +2.1898e+00
683 +4.461676681e-07 +4.461676681e-07 -4.758999955e+01 -4.758999955e+01 -3.4031e+00 +2.1897e+00
716 +3.946898985e-07 +3.946898985e-07 -4.758999961e+01 -4.758999961e+01 -3.4033e+00 +2.1897e+00
718 +1.872192215e-07 +1.872192215e-07 -4.758999981e+01 -4.758999981e+01 -3.4033e+00 +2.1896e+00
744 +1.252359212e-07 +1.252359212e-07 -4.758999987e+01 -4.758999987e+01 -3.4031e+00 +2.1896e+00
750 +5.759885369e-08 +5.759885369e-08 -4.758999994e+01 -4.758999994e+01 -3.4033e+00 +2.1896e+00
765 +4.976823220e-08 +4.976823220e-08 -4.758999995e+01 -4.758999995e+01 -3.4032e+00 +2.1896e+00
800 +1.028055863e-08 +1.028055863e-08 -4.758999999e+01 -4.758999999e+01 -3.4032e+00 +2.1896e+00
837 +3.327038200e-09 +3.327038200e-09 -4.759000000e+01 -4.759000000e+01 -3.4032e+00 +2.1896e+00
1411 +0.000000000e+00 +0.000000000e+00 -4.759000000e+01 -4.759000000e+01 -3.4032e+00 +2.1896e+00
% function evaluation | noise-free fitness - Fopt (-8.284000000000e+01) | best noise-free fitness - Fopt | measured fitness | best measured fitness | x1 | x2...
1 +1.749161051e+04 +1.749161051e+04 +1.740877051e+04 +1.740877051e+04 +0.0000e+00 +0.0000e+00
2 +1.103450860e+04 +1.103450860e+04 +1.095166860e+04 +1.095166860e+04 +3.2255e-03 +3.1930e-01
4 +9.893401842e+03 +9.893401842e+03 +9.810561842e+03 +9.810561842e+03 -3.7319e-02 +3.4852e-01
10 +6.166053030e+03 +6.166053030e+03 +6.083213030e+03 +6.083213030e+03 +1.2677e-01 +7.3663e-01
12 +1.180465460e+01 +1.180465460e+01 -7.103534540e+01 -7.103534540e+01 -5.2897e-01 +1.0368e+00
38 +9.705046273e+00 +9.705046273e+00 -7.313495373e+01 -7.313495373e+01 -1.1405e+00 +8.9481e-01
40 +9.438038933e+00 +9.438038933e+00 -7.340196107e+01 -7.340196107e+01 -8.9962e-01 +9.0306e-01
51 +4.293193853e+00 +4.293193853e+00 -7.854680615e+01 -7.854680615e+01 -1.3065e+00 +4.4300e-01
70 +4.099725555e+00 +4.099725555e+00 -7.874027444e+01 -7.874027444e+01 -1.6687e+00 +3.9369e-01
90 +4.017259043e+00 +4.017259043e+00 -7.882274096e+01 -7.882274096e+01 -1.4207e+00 +4.0445e-01
103 +3.431764373e+00 +3.431764373e+00 -7.940823563e+01 -7.940823563e+01 -1.4121e+00 +3.3643e-01
109 +1.230722329e+00 +1.230722329e+00 -8.160927767e+01 -8.160927767e+01 -2.2469e+00 -6.6775e-02
149 +8.724183180e-01 +8.724183180e-01 -8.196758168e+01 -8.196758168e+01 -2.1184e+00 -8.4576e-02
156 +6.497396448e-01 +6.497396448e-01 -8.219026036e+01 -8.219026036e+01 -2.5928e+00 -2.5454e-01
161 +6.442487432e-01 +6.442487432e-01 -8.219575126e+01 -8.219575126e+01 -2.6211e+00 -2.6487e-01
182 +1.536076784e-01 +1.536076784e-01 -8.268639232e+01 -8.268639232e+01 -2.5913e+00 -3.9579e-01
204 +8.435065028e-02 +8.435065028e-02 -8.275564935e+01 -8.275564935e+01 -2.5426e+00 -4.0989e-01
206 +8.236350101e-02 +8.236350101e-02 -8.275763650e+01 -8.275763650e+01 -2.4646e+00 -3.8099e-01
228 +2.517339168e-02 +2.517339168e-02 -8.281482661e+01 -8.281482661e+01 -2.4067e+00 -4.0604e-01
302 +9.757058952e-03 +9.757058952e-03 -8.283024294e+01 -8.283024294e+01 -2.3887e+00 -4.1912e-01
307 +7.276181633e-03 +7.276181633e-03 -8.283272382e+01 -8.283272382e+01 -2.4440e+00 -4.4679e-01
323 +4.236970291e-03 +4.236970291e-03 -8.283576303e+01 -8.283576303e+01 -2.4157e+00 -4.3806e-01
328 +2.246044336e-03 +2.246044336e-03 -8.283775396e+01 -8.283775396e+01 -2.3865e+00 -4.3371e-01
337 +2.037422604e-03 +2.037422604e-03 -8.283796258e+01 -8.283796258e+01 -2.4141e+00 -4.4321e-01
344 +8.918009246e-04 +8.918009246e-04 -8.283910820e+01 -8.283910820e+01 -2.4085e+00 -4.4541e-01
353 +8.796277177e-04 +8.796277177e-04 -8.283912037e+01 -8.283912037e+01 -2.4008e+00 -4.4160e-01
364 +4.742841541e-04 +4.742841541e-04 -8.283952572e+01 -8.283952572e+01 -2.4029e+00 -4.4504e-01
370 +2.707467788e-04 +2.707467788e-04 -8.283972925e+01 -8.283972925e+01 -2.3997e+00 -4.4470e-01
379 +1.747167656e-05 +1.747167656e-05 -8.283998253e+01 -8.283998253e+01 -2.3925e+00 -4.4476e-01
488 +1.965547227e-06 +1.965547227e-06 -8.283999803e+01 -8.283999803e+01 -2.3926e+00 -4.4533e-01
515 +9.591551873e-07 +9.591551873e-07 -8.283999904e+01 -8.283999904e+01 -2.3932e+00 -4.4560e-01
523 +3.125353487e-08 +3.125353487e-08 -8.283999997e+01 -8.283999997e+01 -2.3928e+00 -4.4558e-01
647 +1.106434411e-08 +1.106434411e-08 -8.283999999e+01 -8.283999999e+01 -2.3928e+00 -4.4560e-01
660 +6.362895988e-09 +6.362895988e-09 -8.283999999e+01 -8.283999999e+01 -2.3928e+00 -4.4559e-01
1273 +0.000000000e+00 +0.000000000e+00 -8.284000000e+01 -8.284000000e+01 -2.3928e+00 -4.4560e-01
