% function evaluation | noise-free fitness - Fopt (4.078000000000e+01) | best noise-free fitness - Fopt | measured fitness | best measured fitness | x1 | x2...
1 +2.342962888e+01 +2.342962888e+01 +6.420962888e+01 +6.420962888e+01 +0.0000e+00 +0.0000e+00 +0.0000e+00
2 +2.255835430e+01 +2.255835430e+01 +6.333835430e+01 +6.333835430e+01 +5.9782e-02 -7.9187e-04 -4.4715e-02
5 +2.217123554e+01 +2.217123554e+01 +6.295123554e+01 +6.295123554e+01 +2.4303e-02 +7.3919e-02 -2.5789e-01
7 +2.131482646e+01 +2.131482646e+01 +6.209482646e+01 +6.209482646e+01 -1.1756e-01 +3.0894e-01 +4.9993e-02
9 +2.039893575e+01 +2.039893575e+01 +6.117893575e+01 +6.117893575e+01 +8.7977e-02 +8.0874e-02 -8.9817e-02
15 +1.918776902e+01 +1.918776902e+01 +5.996776902e+01 +5.996776902e+01 +1.6840e-01 +1.6389e-01 -1.2246e-01
21 +1.804561878e+01 +1.804561878e+01 +5.882561878e+01 +5.882561878e+01 +3.3829e-01 +2.0116e-01 -2.2513e-01
36 +1.723246843e+01 +1.723246843e+01 +5.801246843e+01 +5.801246843e+01 +6.0144e-01 +4.7846e-01 -2.0529e-01
44 +2.333422292e+00 +2.333422292e+00 +4.311342229e+01 +4.311342229e+01 +1.2730e+00 +3.0838e-01 -1.4336e-01
59 +2.025833802e+00 +2.025833802e+00 +4.280583380e+01 +4.280583380e+01 +1.5384e+00 -2.2263e-01 -2.9564e-01
79 +1.973703233e+00 +1.973703233e+00 +4.275370323e+01 +4.275370323e+01 +1.6833e+00 +6.3275e-02 +2.2473e-01
123 +1.851073450e+00 +1.851073450e+00 +4.263107345e+01 +4.263107345e+01 +1.5679e+00 +1.5647e-02 +1.6976e-01
137 +1.698050840e+00 +1.698050840e+00 +4.247805084e+01 +4.247805084e+01 +1.5678e+00 -9.3832e-02 +1.0957e-01
151 +1.499584036e+00 +1.499584036e+00 +4.227958404e+01 +4.227958404e+01 +1.6678e+00 -1.5784e-01 +1.9823e-01
169 +1.172808608e+00 +1.172808608e+00 +4.195280861e+01 +4.195280861e+01 +1.7336e+00 -3.1775e-01 +3.0230e-01
192 +1.049500035e+00 +1.049500035e+00 +4.182950003e+01 +4.182950003e+01 +1.8030e+00 -4.0216e-01 +3.7029e-01
226 +9.472477275e-01 +9.472477275e-01 +4.172724773e+01 +4.172724773e+01 +1.8350e+00 -3.7301e-01 +5.3229e-01
239 +9.326214445e-01 +9.326214445e-01 +4.171262144e+01 +4.171262144e+01 +1.8626e+00 -4.5731e-01 +4.6823e-01
244 +8.928821394e-01 +8.928821394e-01 +4.167288214e+01 +4.167288214e+01 +1.8666e+00 -4.0160e-01 +5.7022e-01
257 +8.708717178e-01 +8.708717178e-01 +4.165087172e+01 +4.165087172e+01 +1.8696e+00 -4.5662e-01 +5.6352e-01
282 +8.395510232e-01 +8.395510232e-01 +4.161955102e+01 +4.161955102e+01 +1.8961e+00 -5.0272e-01 +6.1077e-01
322 +8.309415872e-01 +8.309415872e-01 +4.161094159e+01 +4.161094159e+01 +1.9007e+00 -4.9726e-01 +5.9185e-01
361 +8.119650814e-01 +8.119650814e-01 +4.159196508e+01 +4.159196508e+01 +1.9253e+00 -4.8140e-01 +6.2106e-01
408 +7.942163177e-01 +7.942163177e-01 +4.157421632e+01 +4.157421632e+01 +1.9323e+00 -5.0271e-01 +6.5917e-01
421 +7.744606604e-01 +7.744606604e-01 +4.155446066e+01 +4.155446066e+01 +1.9600e+00 -5.5121e-01 +6.6900e-01
438 +7.523274801e-01 +7.523274801e-01 +4.153232748e+01 +4.153232748e+01 +1.9826e+00 -5.6018e-01 +7.5244e-01
445 +7.382945963e-01 +7.382945963e-01 +4.151829460e+01 +4.151829460e+01 +2.0045e+00 -5.7001e-01 +7.5284e-01
483 +7.221294714e-01 +7.221294714e-01 +4.150212947e+01 +4.150212947e+01 +2.0330e+00 -6.0219e-01 +7.9796e-01
540 +7.055895273e-01 +7.055895273e-01 +4.148558953e+01 +4.148558953e+01 +2.0783e+00 -6.1426e-01 +8.9013e-01
% function evaluation | noise-free fitness - Fopt (-1.600000000000e+00) | best noise-free fitness - Fopt | measured fitness | best measured fitness | x1 | x2...
1 +1.240367020e+01 +1.240367020e+01 +1.080367020e+01 +1.080367020e+01 +0.0000e+00 +0.0000e+00 +0.0000e+00
10 +9.801246231e+00 +9.801246231e+00 +8.201246231e+00 +8.201246231e+00 -1.2095e-01 -5.5816e-01 -2.4182e-01
24 +8.669820702e+00 +8.669820702e+00 +7.069820702e+00 +7.069820702e+00 -3.4829e-01 -5.0795e-01 -1.6294e-01
29 +7.965459841e+00 +7.965459841e+00 +6.365459841e+00 +6.365459841e+00 -2.8924e-01 -7.1965e-01 -1.4453e-01
33 +5.838170415e+00 +5.838170415e+00 +4.238170415e+00 +4.238170415e+00 -9.5376e-01 -1.0190e+00 +1.6123e-01
191 +5.683948961e+00 +5.683948961e+00 +4.083948961e+00 +4.083948961e+00 -9.1629e-01 -8.9222e-01 +1.4386e-01
219 +5.605709642e+00 +5.605709642e+00 +4.005709642e+00 +4.005709642e+00 -9.8739e-01 -8.7471e-01 +1.7800e-01
251 +5.415790052e+00 +5.415790052e+00 +3.815790052e+00 +3.815790052e+00 -1.0928e+00 -7.7462e-01 +1.8140e-01
282 +5.362027575e+00 +5.362027575e+00 +3.762027575e+00 +3.762027575e+00 -1.2041e+00 -7.0600e-01 +1.9699e-01
290 +5.238343912e+00 +5.238343912e+00 +3.638343912e+00 +3.638343912e+00 -1.2126e+00 -6.6885e-01 +2.1059e-01
329 +5.041958124e+00 +5.041958124e+00 +3.441958124e+00 +3.441958124e+00 -1.4412e+00 -6.1909e-01 +2.8624e-01
374 +4.979504911e+00 +4.979504911e+00 +3.379504911e+00 +3.379504911e+00 -1.3993e+00 -5.3925e-01 +2.6455e-01
379 +4.885182123e+00 +4.885182123e+00 +3.285182123e+00 +3.285182123e+00 -1.4957e+00 -4.3909e-01 +2.8107e-01
450 +4.773569160e+00 +4.773569160e+00 +3.173569160e+00 +3.173569160e+00 -1.5709e+00 -4.0079e-01 +3.1446e-01
542 +4.667568896e+00 +4.667568896e+00 +3.067568896e+00 +3.067568896e+00 -1.7144e+00 -2.9257e-01 +3.3834e-01
605 +4.564663702e+00 +4.564663702e+00 +2.964663702e+00 +2.964663702e+00 -1.7789e+00 -3.2540e-01 +3.8527e-01
774 +4.459842111e+00 +4.459842111e+00 +2.859842111e+00 +2.859842111e+00 -1.9103e+00 -1.5838e-01 +4.0309e-01
932 +4.356978775e+00 +4.356978775e+00 +2.756978775e+00 +2.756978775e+00 -2.0496e+00 -6.7902e-02 +4.4870e-01
1082 +4.263115321e+00 +4.263115321e+00 +2.663115321e+00 +2.663115321e+00 -2.2095e+00 +1.2430e-02 +4.9571e-01
1608 +4.168220318e+00 +4.168220318e+00 +2.568220318e+00 +2.568220318e+00 -2.5437e+00 +2.4529e-01 +5.8943e-01
% function evaluation | noise-free fitness - Fopt (-3.708400000000e+02) | best noise-free fitness - Fopt | measured fitness | best measured fitness | x1 | x2...
1 +3.578233172e+01 +3.578233172e+01 -3.350576683e+02 -3.350576683e+02 +0.0000e+00 +0.0000e+00 +0.0000e+00
3 +2.105927575e+01 +2.105927575e+01 -3.497807243e+02 -3.497807243e+02 -3.6510e-01 -1.8906e-01 +3.0636e-01
14 +1.395063940e+01 +1.395063940e+01 -3.568893606e+02 -3.568893606e+02 -2.9326e-01 -6.3340e-01 +4.4807e-01
29 +1.277736311e+01 +1.277736311e+01 -3.580626369e+02 -3.580626369e+02 -1.2671e+00 -9.5898e-01 +8.0250e-01
35 +1.148616810e+01 +1.148616810e+01 -3.593538319e+02 -3.593538319e+02 -1.9384e+00 -5.7805e-01 +1.2770e+00
38 +8.574622791e+00 +8.574622791e+00 -3.622653772e+02 -3.622653772e+02 -1.0160e+00 -5.3768e-01 +1.0075e+00
48 +3.117074179e+00 +3.117074179e+00 -3.677229258e+02 -3.677229258e+02 -1.2641e+00 +1.2875e+00 +7.0056e-01
90 +2.216010792e+00 +2.216010792e+00 -3.686239892e+02 -3.686239892e+02 -8.6276e-01 +2.8469e+00 +3.1809e-01
94 +1.803605728e+00 +1.803605728e+00 -3.690363943e+02 -3.690363943e+02 -9.1008e-01 +2.2588e+00 +4.9459e-01
134 +1.700367531e+00 +1.700367531e+00 -3.691396325e+02 -3.691396325e+02 -8.8474e-01 +2.5214e+00 +6.3305e-01
145 +1.490996937e+00 +1.490996937e+00 -3.693490031e+02 -3.693490031e+02 -1.2984e+00 +2.2410e+00 +8.6260e-01
147 +1.416537610e+00 +1.416537610e+00 -3.694234624e+02 -3.694234624e+02 -1.1788e+00 +2.4017e+00 +6.5261e-01
163 +1.331209385e+00 +1.331209385e+00 -3.695087906e+02 -3.695087906e+02 -1.1644e+00 +2.4129e+00 +7.0720e-01
190 +1.274550311e+00 +1.274550311e+00 -3.695654497e+02 -3.695654497e+02 -1.1403e+00 +2.2078e+00 +7.6485e-01
267 +1.257490186e+00 +1.257490186e+00 -3.695825098e+02 -3.695825098e+02 -1.1009e+00 +2.3512e+00 +7.3922e-01
% function evaluation | noise-free fitness - Fopt (-3.256000000000e+01) | best noise-free fitness - Fopt | measured fitness | best measured fitness | x1 | x2...
1 +5.303999905e+01 +5.303999905e+01 +2.047999905e+01 +2.047999905e+01 +0.0000e+00 +0.0000e+00 +0.0000e+00
2 +4.003975108e+01 +4.003975108e+01 +7.479751080e+00 +7.479751080e+00 -4.1447e-01 -3.1149e-01 -3.0172e-01
4 +3.970528121e+01 +3.970528121e+01 +7.145281209e+00 +7.145281209e+00 +7.7723e-02 +9.7056e-02 +2.8103e-01
5 +3.737888304e+01 +3.737888304e+01 +4.818883044e+00 +4.818883044e+00 +2.5806e-01 -1.2024e-03 -1.1516e-01
14 +3.390843346e+01 +3.390843346e+01 +1.348433461e+00 +1.348433461e+00 +2.4437e-01 +5.7241e-02 -1.4974e-02
15 +2.437802795e+01 +2.437802795e+01 -8.181972054e+00 -8.181972054e+00 +5.0655e-01 -9.9990e-03 +6.7659e-03
16 +2.246633183e+01 +2.246633183e+01 -1.009366817e+01 -1.009366817e+01 +3.2776e-01 +2.7349e-01 -4.5314e-02
20 +1.764399286e+01 +1.764399286e+01 -1.491600714e+01 -1.491600714e+01 +7.5347e-01 +7.6093e-02 -3.0524e-01
21 +1.571573704e+01 +1.571573704e+01 -1.684426296e+01 -1.684426296e+01 +4.8519e-01 +3.4423e-01 -5.4324e-02
30 +9.699900515e+00 +9.699900515e+00 -2.286009949e+01 -2.286009949e+01 +9.8506e-01 +8.2615e-02 -1.9362e-01
33 +8.128122473e+00 +8.128122473e+00 -2.443187753e+01 -2.443187753e+01 +7.8229e-01 +4.3489e-01 +1.6400e-01
51 +7.565324117e+00 +7.565324117e+00 -2.499467588e+01 -2.499467588e+01 +9.1812e-01 +1.9990e-01 +3.2478e-01
77 +6.729252614e+00 +6.729252614e+00 -2.583074739e+01 -2.583074739e+01 +7.6110e-01 +1.1380e+00 -3.2525e-01
88 +6.566387451e+00 +6.566387451e+00 -2.599361255e+01 -2.599361255e+01 +6.2769e-01 +1.3336e+00 +8.4742e-02
97 +5.862064166e+00 +5.862064166e+00 -2.669793583e+01 -2.669793583e+01 +6.5222e-01 +1.2618e+00 -2.4096e-01
130 +4.944873774e+00 +4.944873774e+00 -2.761512623e+01 -2.761512623e+01 +3.5697e-01 +1.3298e+00 -2.3487e-01
140 +4.437570521e+00 +4.437570521e+00 -2.812242948e+01 -2.812242948e+01 +3.2580e-01 +1.3987e+00 -1.7841e-01
144 +3.920706434e+00 +3.920706434e+00 -2.863929357e+01 -2.863929357e+01 +2.7123e-01 +1.6423e+00 -3.6809e-01
149 +3.736213642e+00 +3.736213642e+00 -2.882378636e+01 -2.882378636e+01 +3.0424e-01 +1.6164e+00 -3.9346e-02
157 +2.889367546e+00 +2.889367546e+00 -2.967063245e+01 -2.967063245e+01 +2.9475e-02 +2.1195e+00 -1.9716e-01
257 +2.879656951e+00 +2.879656951e+00 -2.968034305e+01 -2.968034305e+01 -1.9144e-01 +2.4252e+00 -1.9829e-01
290 +2.811207038e+00 +2.811207038e+00 -2.974879296e+01 -2.974879296e+01 -4.4664e-02 +2.1934e+00 -1.8310e-01
% function evaluation | noise-free fitness - Fopt (5.154000000000e+02) | best noise-free fitness - Fopt | measured fitness | best measured fitness | x1 | x2...
1 +2.054857278e+01 +2.054857278e+01 +5.359485728e+02 +5.359485728e+02 +0.0000e+00 +0.0000e+00 +0.0000e+00
2 +1.977105797e+01 +1.977105797e+01 +5.351710580e+02 +5.351710580e+02 -5.1030e-02 +2.9192e-02 -7.8664e-03
3 +1.714198538e+01 +1.714198538e+01 +5.325419854e+02 +5.325419854e+02 +1.0985e-02 -2.4029e-01 +2.1588e-01
5 +1.618498869e+01 +1.618498869e+01 +5.315849887e+02 +5.315849887e+02 +8.6579e-02 -7.3460e-02 +2.7150e-01
9 +1.423595292e+01 +1.423595292e+01 +5.296359529e+02 +5.296359529e+02 -2.1483e-01 +1.3696e-02 +1.0444e-01
10 +1.352859541e+01 +1.352859541e+01 +5.289285954e+02 +5.289285954e+02 +5.4716e-02 -7.0690e-02 +3.6693e-01
11 +1.335913693e+01 +1.335913693e+01 +5.287591369e+02 +5.287591369e+02 -1.7349e-01 -1.8689e-01 +2.2275e-01
12 +1.147745234e+01 +1.147745234e+01 +5.268774523e+02 +5.268774523e+02 -1.3293e-01 +1.2823e-01 +2.7247e-01
13 +9.436864714e+00 +9.436864714e+00 +5.248368647e+02 +5.248368647e+02 -2.1673e-01 +1.6282e-01 +3.3002e-01
19 +5.705930874e+00 +5.705930874e+00 +5.211059309e+02 +5.211059309e+02 -4.5297e-01 +2.4726e-01 +5.3934e-01
29 +2.085775210e+00 +2.085775210e+00 +5.174857752e+02 +5.174857752e+02 -8.2988e-01 +9.0844e-02 +6.2386e-01
37 +1.930062189e+00 +1.930062189e+00 +5.173300622e+02 +5.173300622e+02 -7.6126e-01 +1.0733e-01 +9.7990e-01
47 +1.789289857e+00 +1.789289857e+00 +5.171892899e+02 +5.171892899e+02 -9.7814e-01 +1.0435e-01 +1.2617e+00
54 +1.257280570e+00 +1.257280570e+00 +5.166572806e+02 +5.166572806e+02 -1.4872e+00 +4.8256e-01 +8.3865e-01
56 +7.905041566e-01 +7.905041566e-01 +5.161905042e+02 +5.161905042e+02 -1.2500e+00 +7.6931e-04 +9.4700e-01
108 +7.686417502e-01 +7.686417502e-01 +5.161686418e+02 +5.161686418e+02 -1.2616e+00 +2.0440e-01 +9.9335e-01
110 +7.432445838e-01 +7.432445838e-01 +5.161432446e+02 +5.161432446e+02 -1.4536e+00 +6.9276e-02 +9.9373e-01
113 +7.335131791e-01 +7.335131791e-01 +5.161335132e+02 +5.161335132e+02 -1.4552e+00 +9.9052e-02 +9.4100e-01
126 +7.195447408e-01 +7.195447408e-01 +5.161195447e+02 +5.161195447e+02 -1.4482e+00 +1.1900e-01 +9.4398e-01
182 +7.060631139e-01 +7.060631139e-01 +5.161060631e+02 +5.161060631e+02 -1.4315e+00 +1.4137e-01 +9.5013e-01
% function evaluation | noise-free fitness - Fopt (-8.810000000000e+00) | best noise-free fitness - Fopt | measured fitness | best measured fitness | x1 | x2...
1 +1.134114390e+01 +1.134114390e+01 +2.531143899e+00 +2.531143899e+00 +0.0000e+00 +0.0000e+00 +0.0000e+00
3 +8.607395752e+00 +8.607395752e+00 -2.026042475e-01 -2.026042475e-01 -8.1939e-02 +1.6467e-01 +8.2461e-02
4 +4.587065048e+00 +4.587065048e+00 -4.222934952e+00 -4.222934952e+00 +9.2732e-02 +3.7349e-01 -2.8250e-01
10 +2.599100920e+00 +2.599100920e+00 -6.210899080e+00 -6.210899080e+00 -2.5371e-01 +4.8750e-01 -1.2197e-01
13 +1.938627743e+00 +1.938627743e+00 -6.871372257e+00 -6.871372257e+00 -9.1787e-02 +8.3349e-01 -1.1832e-01
34 +1.804192976e+00 +1.804192976e+00 -7.005807024e+00 -7.005807024e+00 -4.2995e-02 +1.2010e+00 -1.0375e-01
77 +1.773466983e+00 +1.773466983e+00 -7.036533017e+00 -7.036533017e+00 +1.2584e-01 +1.0786e+00 -6.5204e-02
84 +1.671387886e+00 +1.671387886e+00 -7.138612114e+00 -7.138612114e+00 +3.3937e-01 +1.1441e+00 -2.0673e-01
92 +1.623532010e+00 +1.623532010e+00 -7.186467990e+00 -7.186467990e+00 +1.4462e-01 +1.1842e+00 -2.5607e-01
94 +1.573579663e+00 +1.573579663e+00 -7.236420337e+00 -7.236420337e+00 +2.3105e-01 +1.1993e+00 -2.3669e-01
% function evaluation | noise-free fitness - Fopt (3.626000000000e+01) | best noise-free fitness - Fopt | measured fitness | best measured fitness | x1 | x2...
1 +2.142978833e+01 +2.142978833e+01 +5.768978833e+01 +5.768978833e+01 +0.0000e+00 +0.0000e+00 +0.0000e+00
2 +1.312520047e+01 +1.312520047e+01 +4.938520047e+01 +4.938520047e+01 -3.4735e-02 +1.6115e-01 -5.4078e-02
6 +9.773441351e+00 +9.773441351e+00 +4.603344135e+01 +4.603344135e+01 +7.6604e-02 +4.0480e-01 -7.1694e-02
7 +5.205306552e+00 +5.205306552e+00 +4.146530655e+01 +4.146530655e+01 -3.5212e-01 -7.5667e-02 +1.0576e-01
49 +5.043855510e+00 +5.043855510e+00 +4.130385551e+01 +4.130385551e+01 -6.8124e-01 +6.3818e-02 -3.6856e-01
106 +4.763535774e+00 +4.763535774e+00 +4.102353577e+01 +4.102353577e+01 -1.9529e-01 +6.7079e-01 -2.9055e-01
121 +4.505232806e+00 +4.505232806e+00 +4.076523281e+01 +4.076523281e+01 -2.7649e-01 +6.9725e-01 -8.1604e-01
126 +2.246601286e+00 +2.246601286e+00 +3.850660129e+01 +3.850660129e+01 -3.9225e-02 +7.5198e-01 -9.5940e-01
127 +2.093909691e+00 +2.093909691e+00 +3.835390969e+01 +3.835390969e+01 -6.2759e-01 +1.2585e+00 -1.3307e+00
138 +5.289507439e-02 +5.289507439e-02 +3.631289507e+01 +3.631289507e+01 +1.8463e-01 +4.8298e-01 -2.1541e+00
196 +2.585412164e-02 +2.585412164e-02 +3.628585412e+01 +3.628585412e+01 +2.9386e-01 +3.2518e-01 -2.5332e+00
201 +1.504641325e-02 +1.504641325e-02 +3.627504641e+01 +3.627504641e+01 +3.7629e-01 +2.6474e-01 -2.2613e+00
212 +1.459906177e-02 +1.459906177e-02 +3.627459906e+01 +3.627459906e+01 +4.5850e-01 +2.0566e-01 -2.2531e+00
223 +1.077196186e-02 +1.077196186e-02 +3.627077196e+01 +3.627077196e+01 +3.8048e-01 +2.9508e-01 -2.3095e+00
230 +8.893528540e-04 +8.893528540e-04 +3.626088935e+01 +3.626088935e+01 +5.2633e-01 +1.6611e-01 -2.5180e+00
340 +2.509303894e-04 +2.509303894e-04 +3.626025093e+01 +3.626025093e+01 +6.1544e-01 +1.3071e-01 -2.6459e+00
354 +3.563699251e-05 +3.563699251e-05 +3.626003564e+01 +3.626003564e+01 +6.3697e-01 +9.1943e-02 -2.6287e+00
369 +2.078388845e-05 +2.078388845e-05 +3.626002078e+01 +3.626002078e+01 +7.2074e-01 +4.4656e-02 -2.6038e+00
372 +1.582456896e-06 +1.582456896e-06 +3.626000158e+01 +3.626000158e+01 +7.3261e-01 +1.3374e-02 -2.6969e+00
389 +6.596990403e-07 +6.596990403e-07 +3.626000066e+01 +3.626000066e+01 +6.9342e-01 +5.5696e-02 -2.6507e+00
406 +5.809273702e-07 +5.809273702e-07 +3.626000058e+01 +3.626000058e+01 +7.1469e-01 +3.5283e-02 -2.6466e+00
430 +5.638438765e-07 +5.638438765e-07 +3.626000056e+01 +3.626000056e+01 +6.9859e-01 +5.1189e-02 -2.6648e+00
432 +3.893835157e-07 +3.893835157e-07 +3.626000039e+01 +3.626000039e+01 +7.0273e-01 +5.1357e-02 -2.6648e+00
453 +1.046978895e-07 +1.046978895e-07 +3.626000010e+01 +3.626000010e+01 +7.1215e-01 +4.2079e-02 -2.6503e+00
466 +5.028169880e-08 +5.028169880e-08 +3.626000005e+01 +3.626000005e+01 +7.2658e-01 +3.1626e-02 -2.6581e+00
488 +4.722218705e-08 +4.722218705e-08 +3.626000005e+01 +3.626000005e+01 +7.1030e-01 +4.3434e-02 -2.6608e+00
512 +4.416591537e-08 +4.416591537e-08 +3.626000004e+01 +3.626000004e+01 +7.1114e-01 +4.3868e-02 -2.6605e+00
521 +2.761358786e-08 +2.761358786e-08 +3.626000003e+01 +3.626000003e+01 +7.1773e-01 +4.0678e-02 -2.6709e+00
527 +2.817181155e-09 +2.817181155e-09 +3.626000000e+01 +3.626000000e+01 +7.2045e-01 +3.7714e-02 -2.6644e+00
802 +0.000000000e+00 +0.000000000e+00 +3.626000000e+01 +3.626000000e+01 +7.2750e-01 +3.1226e-02 -2.6727e+00
% function evaluation | noise-free fitness - Fopt (4.653000000000e+01) | best noise-free fitness - Fopt | measured fitness | best measured fitness | x1 | x2...
1 +2.140724301e+01 +2.140724301e+01 +6.793724301e+01 +6.793724301e+01 +0.0000e+00 +0.0000e+00 +0.0000e+00
2 +1.996486138e+01 +1.996486138e+01 +6.649486138e+01 +6.649486138e+01 +1.4785e-01 -7.7479e-02 -1.7062e-01
4 +1.950819057e+01 +1.950819057e+01 +6.603819057e+01 +6.603819057e+01 +3.7498e-01 +2.4090e-02 -6.4317e-02
9 +1.800634870e+01 +1.800634870e+01 +6.453634870e+01 +6.453634870e+01 -1.1191e-01 -4.8582e-01 +4.7694e-02
11 +1.303375489e+01 +1.303375489e+01 +5.956375489e+01 +5.956375489e+01 -9.4783e-02 -2.3396e-01 -4.5552e-01
23 +1.001583367e+01 +1.001583367e+01 +5.654583367e+01 +5.654583367e+01 -3.1506e-01 -4.7124e-01 -5.3364e-01
32 +8.295704934e+00 +8.295704934e+00 +5.482570493e+01 +5.482570493e+01 -6.8138e-01 -7.8596e-01 -8.6230e-01
59 +5.404346773e+00 +5.404346773e+00 +5.193434677e+01 +5.193434677e+01 -5.4310e-01 -1.2369e+00 -5.5317e-01
79 +4.283381998e+00 +4.283381998e+00 +5.081338200e+01 +5.081338200e+01 -1.0346e+00 -1.6138e+00 -1.1094e+00
82 +3.153555777e+00 +3.153555777e+00 +4.968355578e+01 +4.968355578e+01 -7.6915e-01 -2.0021e+00 -6.6254e-01
89 +2.989460829e+00 +2.989460829e+00 +4.951946083e+01 +4.951946083e+01 -8.3572e-01 -1.5210e+00 -7.8615e-01
105 +2.028448969e+00 +2.028448969e+00 +4.855844897e+01 +4.855844897e+01 -9.9386e-01 -1.9419e+00 -1.1325e+00
129 +1.991109894e+00 +1.991109894e+00 +4.852110989e+01 +4.852110989e+01 -7.9821e-01 -1.9892e+00 -1.1968e+00
136 +1.919938681e+00 +1.919938681e+00 +4.844993868e+01 +4.844993868e+01 -8.6062e-01 -2.0644e+00 -1.4231e+00
190 +1.850479899e+00 +1.850479899e+00 +4.838047990e+01 +4.838047990e+01 -8.5607e-01 -2.0484e+00 -1.4518e+00
211 +1.769203260e+00 +1.769203260e+00 +4.829920326e+01 +4.829920326e+01 -1.1006e+00 -1.8776e+00 -1.2828e+00
269 +1.728104225e+00 +1.728104225e+00 +4.825810423e+01 +4.825810423e+01 -1.1731e+00 -1.8650e+00 -1.2780e+00
308 +1.692447270e+00 +1.692447270e+00 +4.822244727e+01 +4.822244727e+01 -1.1504e+00 -1.8806e+00 -1.3559e+00
347 +1.652624978e+00 +1.652624978e+00 +4.818262498e+01 +4.818262498e+01 -1.2338e+00 -1.8746e+00 -1.4072e+00
385 +1.606586225e+00 +1.606586225e+00 +4.813658623e+01 +4.813658623e+01 -1.3235e+00 -1.7899e+00 -1.3137e+00
406 +1.579442212e+00 +1.579442212e+00 +4.810944221e+01 +4.810944221e+01 -1.3570e+00 -1.8097e+00 -1.3652e+00
527 +1.548490980e+00 +1.548490980e+00 +4.807849098e+01 +4.807849098e+01 -1.3947e+00 -1.7729e+00 -1.3186e+00
572 +1.506593966e+00 +1.506593966e+00 +4.803659397e+01 +4.803659397e+01 -1.5084e+00 -1.7270e+00 -1.3353e+00
673 +1.477806206e+00 +1.477806206e+00 +4.800780621e+01 +4.800780621e+01 -1.5546e+00 -1.7112e+00 -1.3187e+00
753 +1.442143740e+00 +1.442143740e+00 +4.797214374e+01 +4.797214374e+01 -1.6148e+00 -1.6744e+00 -1.2868e+00
943 +1.409032493e+00 +1.409032493e+00 +4.793903249e+01 +4.793903249e+01 -1.6905e+00 -1.6400e+00 -1.2625e+00
1130 +1.380212841e+00 +1.380212841e+00 +4.791021284e+01 +4.791021284e+01 -1.7937e+00 -1.5946e+00 -1.2603e+00
1221 +1.348122938e+00 +1.348122938e+00 +4.787812294e+01 +4.787812294e+01 -1.8724e+00 -1.5548e+00 -1.2275e+00
1352 +1.314491881e+00 +1.314491881e+00 +4.784449188e+01 +4.784449188e+01 -1.9474e+00 -1.5084e+00 -1.1726e+00
1463 +1.287788741e+00 +1.287788741e+00 +4.781778874e+01 +4.781778874e+01 -2.0448e+00 -1.4546e+00 -1.1471e+00
1994 +1.258482899e+00 +1.258482899e+00 +4.778848290e+01 +4.778848290e+01 -2.2051e+00 -1.3745e+00 -1.0889e+00
% function evaluation | noise-free fitness - Fopt (-4.910300000000e+02) | best noise-free fitness - Fopt | measured fitness | best measured fitness | x1 | x2...
1 +2.083018309e+00 +2.083018309e+00 -4.889469817e+02 -4.889469817e+02 +0.0000e+00 +0.0000e+00 +0.0000e+00
4 +6.049054184e-01 +6.049054184e-01 -4.904250946e+02 -4.904250946e+02 -2.0650e-01 +5.5484e-02 +2.3201e-01
6 +1.763729388e-01 +1.763729388e-01 -4.908536271e+02 -4.908536271e+02 +1.5118e-01 -3.8036e-01 +1.6165e-01
10 +6.162157433e-02 +6.162157433e-02 -4.909683784e+02 -4.909683784e+02 +2.0868e-01 -3.5079e-01 +2.9099e-01
11 +3.484939895e-02 +3.484939895e-02 -4.909951506e+02 -4.909951506e+02 -1.1992e-01 -2.4444e-01 +3.7133e-01
12 +2.200561708e-03 +2.200561708e-03 -4.910277994e+02 -4.910277994e+02 -1.3629e-01 -4.0270e-01 +5.6879e-01
82 +1.423104909e-03 +1.423104909e-03 -4.910285769e+02 -4.910285769e+02 -1.8481e-01 -3.4490e-01 +6.1240e-01
91 +8.908630750e-04 +8.908630750e-04 -4.910291091e+02 -4.910291091e+02 -1.9268e-01 -3.4586e-01 +5.9911e-01
95 +5.623665538e-04 +5.623665538e-04 -4.910294376e+02 -4.910294376e+02 -1.3299e-01 -3.0592e-01 +5.2639e-01
106 +3.162395013e-04 +3.162395013e-04 -4.910296838e+02 -4.910296838e+02 -2.7913e-01 -1.7372e-01 +5.6610e-01
114 +1.601805427e-04 +1.601805427e-04 -4.910298398e+02 -4.910298398e+02 -2.3194e-01 -1.7200e-01 +6.2374e-01
116 +2.395020806e-05 +2.395020806e-05 -4.910299760e+02 -4.910299760e+02 -2.7594e-01 -2.2197e-01 +6.0718e-01
137 +1.087144597e-07 +1.087144597e-07 -4.910299999e+02 -4.910299999e+02 -3.1914e-01 -1.2405e-01 +6.3525e-01
229 +1.313435405e-08 +1.313435405e-08 -4.910300000e+02 -4.910300000e+02 -3.1957e-01 -1.2136e-01 +6.4370e-01
262 +3.057209597e-09 +3.057209597e-09 -4.910300000e+02 -4.910300000e+02 -3.1132e-01 -1.3132e-01 +6.3947e-01
429 +0.000000000e+00 +0.000000000e+00 -4.910300000e+02 -4.910300000e+02 -3.0933e-01 -1.3477e-01 +6.3553e-01
% function evaluation | noise-free fitness - Fopt (-1.930700000000e+02) | best noise-free fitness - Fopt | measured fitness | best measured fitness | x1 | x2...
1 +2.003496944e+01 +2.003496944e+01 -1.730350306e+02 -1.730350306e+02 +0.0000e+00 +0.0000e+00 +0.0000e+00
2 +1.903342161e+01 +1.903342161e+01 -1.740365784e+02 -1.740365784e+02 +1.1383e-01 +2.1427e-01 +1.8687e-01
12 +1.203339024e+01 +1.203339024e+01 -1.810366098e+02 -1.810366098e+02 +1.2300e-01 +5.6870e-01 -1.4891e-01
26 +8.710977845e+00 +8.710977845e+00 -1.843590222e+02 -1.843590222e+02 +4.4581e-02 +6.3147e-01 -3.8098e-01
40 +8.191885223e+00 +8.191885223e+00 -1.848781148e+02 -1.848781148e+02 -1.9628e-01 +6.6567e-01 -4.2372e-01
42 +7.330004360e+00 +7.330004360e+00 -1.857399956e+02 -1.857399956e+02 -2.5093e-02 +9.2819e-01 -4.2900e-01
54 +7.057467610e+00 +7.057467610e+00 -1.860125324e+02 -1.860125324e+02 -1.7074e-01 +6.0339e-01 -8.2816e-01
61 +6.627879159e+00 +6.627879159e+00 -1.864421208e+02 -1.864421208e+02 -8.2085e-02 +1.0390e+00 -7.3713e-01
64 +6.026923881e+00 +6.026923881e+00 -1.870430761e+02 -1.870430761e+02 -1.4930e-01 +1.0674e+00 -1.0120e+00
69 +5.260898877e+00 +5.260898877e+00 -1.878091011e+02 -1.878091011e+02 -2.6507e-01 +8.0906e-01 -6.4714e-01
73 +5.084064757e+00 +5.084064757e+00 -1.879859352e+02 -1.879859352e+02 -3.1512e-01 +1.1403e+00 -1.0556e+00
76 +2.667791012e+00 +2.667791012e+00 -1.904022090e+02 -1.904022090e+02 -3.9095e-01 +8.3645e-01 -9.8148e-01
84 +2.238472639e+00 +2.238472639e+00 -1.908315274e+02 -1.908315274e+02 -5.9736e-01 +9.9508e-01 -1.7284e+00
94 +2.109184153e+00 +2.109184153e+00 -1.909608158e+02 -1.909608158e+02 -6.4255e-01 +1.0148e+00 -1.7198e+00
99 +1.910179269e+00 +1.910179269e+00 -1.911598207e+02 -1.911598207e+02 -6.9826e-01 +9.8503e-01 -1.1561e+00
104 +1.575987943e+00 +1.575987943e+00 -1.914940121e+02 -1.914940121e+02 -8.0331e-01 +1.0553e+00 -1.2213e+00
106 +5.777939008e-01 +5.777939008e-01 -1.924922061e+02 -1.924922061e+02 -1.1177e+00 +1.0635e+00 -1.3223e+00
115 +5.658955810e-01 +5.658955810e-01 -1.925041044e+02 -1.925041044e+02 -1.7682e+00 +1.1634e+00 -1.2955e+00
127 +3.351470391e-01 +3.351470391e-01 -1.927348530e+02 -1.927348530e+02 -1.3600e+00 +1.1026e+00 -1.7456e+00
181 +9.184082800e-02 +9.184082800e-02 -1.929781592e+02 -1.929781592e+02 -1.7362e+00 +1.1829e+00 -1.7845e+00
196 +5.221581448e-03 +5.221581448e-03 -1.930647784e+02 -1.930647784e+02 -2.1606e+00 +1.3147e+00 -2.1223e+00
222 +8.155887817e-04 +8.155887817e-04 -1.930691844e+02 -1.930691844e+02 -2.4492e+00 +1.4548e+00 -2.0370e+00
234 +4.924376368e-04 +4.924376368e-04 -1.930695076e+02 -1.930695076e+02 -2.2957e+00 +1.3875e+00 -2.1237e+00
266 +1.198493224e-04 +1.198493224e-04 -1.930698802e+02 -1.930698802e+02 -2.4606e+00 +1.4819e+00 -2.1461e+00
280 +2.935916007e-05 +2.935916007e-05 -1.930699706e+02 -1.930699706e+02 -2.6160e+00 +1.4991e+00 -2.2205e+00
294 +2.432969666e-06 +2.432969666e-06 -1.930699976e+02 -1.930699976e+02 -2.5509e+00 +1.4677e+00 -2.1928e+00
301 +6.790312739e-07 +6.790312739e-07 -1.930699993e+02 -1.930699993e+02 -2.5468e+00 +1.4773e+00 -2.2137e+00
350 +1.113178882e-08 +1.113178882e-08 -1.930700000e+02 -1.930700000e+02 -2.5210e+00 +1.4652e+00 -2.2086e+00
444 +4.980336143e-10 +4.980336143e-10 -1.930700000e+02 -1.930700000e+02 -2.5174e+00 +1.4630e+00 -2.1992e+00
635 +0.000000000e+00 +0.000000000e+00 -1.930700000e+02 -1.930700000e+02 -2.5160e+00 +1.4616e+00 -2.2019e+00
% function evaluation | noise-free fitness - Fopt (-9.968000000000e+01) | best noise-free fitness - Fopt | measured fitness | best measured fitness | x1 | x2...
1 +2.691841144e+01 +2.691841144e+01 -7.276158856e+01 -7.276158856e+01 +0.0000e+00 +0.0000e+00 +0.0000e+00
2 +2.333645361e+01 +2.333645361e+01 -7.634354639e+01 -7.634354639e+01 -3.6401e-01 -7.4180e-02 +2.5222e-02
3 +1.398977867e+01 +1.398977867e+01 -8.569022133e+01 -8.569022133e+01 -1.8160e-01 +2.8628e-01 +1.5565e-01
6 +1.183261552e+01 +1.183261552e+01 -8.784738448e+01 -8.784738448e+01 -1.2898e-01 +3.2852e-01 +2.1333e-01
10 +4.111982296e+00 +4.111982296e+00 -9.556801770e+01 -9.556801770e+01 -3.3201e-01 +1.0961e+00 +6.2213e-01
18 +2.085560982e+00 +2.085560982e+00 -9.759443902e+01 -9.759443902e+01 +1.8491e-02 +6.3048e-01 +1.3632e+00
39 +1.949791611e+00 +1.949791611e+00 -9.773020839e+01 -9.773020839e+01 -9.5849e-02 +2.7525e-01 +7.9218e-01
41 +4.659134599e-01 +4.659134599e-01 -9.921408654e+01 -9.921408654e+01 +8.9779e-02 -7.1367e-02 +1.5589e+00
46 +3.350273953e-01 +3.350273953e-01 -9.934497260e+01 -9.934497260e+01 +9.1516e-02 +7.3644e-02 +1.3054e+00
71 +2.383939417e-02 +2.383939417e-02 -9.965616061e+01 -9.965616061e+01 +3.2308e-01 -3.6471e-01 +1.6673e+00
93 +1.168461407e-02 +1.168461407e-02 -9.966831539e+01 -9.966831539e+01 +5.0669e-01 -9.9916e-01 +2.0921e+00
102 +3.479641613e-05 +3.479641613e-05 -9.967996520e+01 -9.967996520e+01 +6.4260e-01 -6.4655e-01 +2.0835e+00
189 +2.844026537e-05 +2.844026537e-05 -9.967997156e+01 -9.967997156e+01 +5.7180e-01 -6.3889e-01 +2.0418e+00
199 +9.663980833e-06 +9.663980833e-06 -9.967999034e+01 -9.967999034e+01 +5.8573e-01 -6.8322e-01 +2.0263e+00
203 +6.715272932e-06 +6.715272932e-06 -9.967999328e+01 -9.967999328e+01 +5.9084e-01 -6.2828e-01 +2.0191e+00
237 +6.969060138e-07 +6.969060138e-07 -9.967999930e+01 -9.967999930e+01 +6.2096e-01 -7.2856e-01 +2.0891e+00
293 +1.780506267e-07 +1.780506267e-07 -9.967999982e+01 -9.967999982e+01 +6.1315e-01 -7.3000e-01 +2.0893e+00
302 +5.593199148e-08 +5.593199148e-08 -9.967999994e+01 -9.967999994e+01 +6.0838e-01 -7.0954e-01 +2.0856e+00
318 +4.450375002e-08 +4.450375002e-08 -9.967999996e+01 -9.967999996e+01 +6.1259e-01 -7.1851e-01 +2.0833e+00
340 +4.058790637e-08 +4.058790637e-08 -9.967999996e+01 -9.967999996e+01 +6.1471e-01 -7.1765e-01 +2.0881e+00
345 +3.139092541e-09 +3.139092541e-09 -9.968000000e+01 -9.968000000e+01 +6.1170e-01 -7.0712e-01 +2.0792e+00
680 +0.000000000e+00 +0.000000000e+00 -9.968000000e+01 -9.968000000e+01 +6.0660e-01 -7.0123e-01 +2.0735e+00
% function evaluation | noise-free fitness - Fopt (-1.374400000000e+02) | best noise-free fitness - Fopt | measured fitness | best measured fitness | x1 | x2...
1 +5.241985681e+01 +5.241985681e+01 -8.502014319e+01 -8.502014319e+01 +0.0000e+00 +0.0000e+00 +0.0000e+00
2 +4.576026107e+01 +4.576026107e+01 -9.167973893e+01 -9.167973893e+01 -2.6337e-01 -2.8564e-01 -2.1035e-01
6 +3.688235566e+01 +3.688235566e+01 -1.005576443e+02 -1.005576443e+02 +1.0153e-01 +4.8398e-03 -1.9312e-01
9 +3.302014621e+01 +3.302014621e+01 -1.044198538e+02 -1.044198538e+02 -1.5034e-01 -1.0935e-01 -3.6772e-01
14 +2.708384656e+01 +2.708384656e+01 -1.103561534e+02 -1.103561534e+02 +1.4013e-01 +2.9542e-01 -4.2265e-01
16 +2.318491202e+01 +2.318491202e+01 -1.142550880e+02 -1.142550880e+02 -1.4097e-01 +3.7439e-02 -6.0680e-01
17 +1.377346485e+01 +1.377346485e+01 -1.236665351e+02 -1.236665351e+02 +3.5092e-01 -8.5005e-02 -6.9235e-01
18 +7.954952366e+00 +7.954952366e+00 -1.294850476e+02 -1.294850476e+02 +1.4658e-01 -1.8056e-01 -1.0654e+00
20 +7.131470066e+00 +7.131470066e+00 -1.303085299e+02 -1.303085299e+02 -2.5540e-01 -1.2555e-01 -1.2656e+00
23 +4.615419794e+00 +4.615419794e+00 -1.328245802e+02 -1.328245802e+02 -9.0701e-02 -1.6246e-01 -1.4528e+00
42 +4.478873486e+00 +4.478873486e+00 -1.329611265e+02 -1.329611265e+02 -2.7028e-01 -5.3615e-01 -2.0527e+00
47 +4.277416503e+00 +4.277416503e+00 -1.331625835e+02 -1.331625835e+02 -3.2179e-01 +1.0355e-01 -1.7455e+00
56 +2.447741868e+00 +2.447741868e+00 -1.349922581e+02 -1.349922581e+02 -1.0654e+00 -2.6486e-01 -2.1794e+00
62 +2.086848310e+00 +2.086848310e+00 -1.353531517e+02 -1.353531517e+02 -5.9663e-01 -4.3527e-01 -1.9997e+00
162 +2.019604723e+00 +2.019604723e+00 -1.354203953e+02 -1.354203953e+02 -9.2819e-01 -5.1825e-01 -2.1899e+00
% function evaluation | noise-free fitness - Fopt (-4.956000000000e+01) | best noise-free fitness - Fopt | measured fitness | best measured fitness | x1 | x2...
1 +3.808233682e+01 +3.808233682e+01 -1.147766318e+01 -1.147766318e+01 +0.0000e+00 +0.0000e+00 +0.0000e+00
2 +2.959097509e+01 +2.959097509e+01 -1.996902491e+01 -1.996902491e+01 +1.8103e-01 -7.3048e-02 +2.1281e-01
14 +2.879950486e+01 +2.879950486e+01 -2.076049514e+01 -2.076049514e+01 +4.6729e-01 -1.9037e-01 +3.1645e-01
16 +2.793291993e+01 +2.793291993e+01 -2.162708007e+01 -2.162708007e+01 +3.7769e-01 -2.0321e-01 +2.0487e-01
17 +2.693918366e+01 +2.693918366e+01 -2.262081634e+01 -2.262081634e+01 +1.0691e-01 +5.2676e-02 +6.8200e-01
18 +2.617366306e+01 +2.617366306e+01 -2.338633694e+01 -2.338633694e+01 +3.2555e-01 -1.3221e-01 +7.3138e-01
44 +2.530099177e+01 +2.530099177e+01 -2.425900823e+01 -2.425900823e+01 +4.7506e-01 -5.9699e-01 +7.9728e-01
56 +2.494251282e+01 +2.494251282e+01 -2.461748718e+01 -2.461748718e+01 +5.5387e-01 -6.7238e-01 +9.8005e-01
61 +2.366881160e+01 +2.366881160e+01 -2.589118840e+01 -2.589118840e+01 +3.1182e-01 -3.0983e-01 +9.8336e-01
81 +2.056336612e+01 +2.056336612e+01 -2.899663388e+01 -2.899663388e+01 +1.2323e-01 -1.9921e-01 +1.4770e+00
86 +1.945190019e+01 +1.945190019e+01 -3.010809981e+01 -3.010809981e+01 +4.4835e-01 +4.9172e-01 +1.1638e+00
90 +1.736361278e+01 +1.736361278e+01 -3.219638722e+01 -3.219638722e+01 +6.8134e-01 +1.3616e-01 +1.3196e+00
95 +1.434979948e+01 +1.434979948e+01 -3.521020052e+01 -3.521020052e+01 +2.3280e-01 +1.2739e-01 +1.8510e+00
100 +1.219491340e+01 +1.219491340e+01 -3.736508660e+01 -3.736508660e+01 +4.1053e-01 +2.2959e-01 +1.6857e+00
107 +9.158774028e+00 +9.158774028e+00 -4.040122597e+01 -4.040122597e+01 +1.8555e-01 +3.5706e-01 +2.0938e+00
108 +2.832088308e+00 +2.832088308e+00 -4.672791169e+01 -4.672791169e+01 +6.5357e-01 +2.5199e-01 +3.1722e+00
114 +2.794270349e+00 +2.794270349e+00 -4.676572965e+01 -4.676572965e+01 +1.5884e-01 +3.4707e-01 +3.1062e+00
118 +2.612891709e+00 +2.612891709e+00 -4.694710829e+01 -4.694710829e+01 +2.5381e-01 +3.2856e-01 +3.0522e+00
124 +2.537598624e+00 +2.537598624e+00 -4.702240138e+01 -4.702240138e+01 +3.0889e-01 +2.8676e-01 +3.0971e+00
130 +2.030855087e+00 +2.030855087e+00 -4.752914491e+01 -4.752914491e+01 +1.5407e-03 +9.6932e-01 +4.2145e+00
143 +1.962435908e+00 +1.962435908e+00 -4.759756409e+01 -4.759756409e+01 -4.9571e-02 +7.4097e-01 +3.7131e+00
168 +1.910634718e+00 +1.910634718e+00 -4.764936528e+01 -4.764936528e+01 +3.0975e-01 +6.3425e-01 +3.5289e+00
190 +1.886226619e+00 +1.886226619e+00 -4.767377338e+01 -4.767377338e+01 +2.9278e-01 +6.0927e-01 +3.6808e+00
202 +1.842671119e+00 +1.842671119e+00 -4.771732888e+01 -4.771732888e+01 +5.0694e-02 +7.4375e-01 +3.7815e+00
230 +1.813456337e+00 +1.813456337e+00 -4.774654366e+01 -4.774654366e+01 +1.5084e-01 +7.2398e-01 +3.6850e+00
% function evaluation | noise-free fitness - Fopt (2.668500000000e+02) | best noise-free fitness - Fopt | measured fitness | best measured fitness | x1 | x2...
1 +9.929486718e+00 +9.929486718e+00 +2.767794867e+02 +2.767794867e+02 +0.0000e+00 +0.0000e+00 +0.0000e+00
2 +7.682004439e+00 +7.682004439e+00 +2.745320044e+02 +2.745320044e+02 -9.0285e-02 +1.1615e-01 -8.2898e-02
4 +5.773078803e+00 +5.773078803e+00 +2.726230788e+02 +2.726230788e+02 +2.3499e-02 +2.8096e-01 -3.1018e-01
6 +5.530913969e+00 +5.530913969e+00 +2.723809140e+02 +2.723809140e+02 -3.0776e-01 +5.1864e-01 +5.5531e-01
10 +4.742992347e+00 +4.742992347e+00 +2.715929923e+02 +2.715929923e+02 -1.3596e-01 +4.8094e-01 +4.9031e-01
12 +4.666992163e+00 +4.666992163e+00 +2.715169922e+02 +2.715169922e+02 -2.3354e-01 +5.7990e-01 -1.1177e-01
18 +3.478772716e+00 +3.478772716e+00 +2.703287727e+02 +2.703287727e+02 -3.2665e-01 +4.9863e-01 -6.6136e-02
20 +3.242048495e+00 +3.242048495e+00 +2.700920485e+02 +2.700920485e+02 +9.0000e-02 +5.5495e-01 +1.2905e-01
22 +2.380940810e+00 +2.380940810e+00 +2.692309408e+02 +2.692309408e+02 -5.3753e-01 +5.2729e-01 +3.3822e-01
25 +2.140140165e+00 +2.140140165e+00 +2.689901402e+02 +2.689901402e+02 -3.2357e-01 +6.2812e-01 +2.9750e-01
116 +2.135553622e+00 +2.135553622e+00 +2.689855536e+02 +2.689855536e+02 -5.7971e-01 +1.5032e+00 -5.4399e-01
% function evaluation | noise-free fitness - Fopt (2.780000000000e+02) | best noise-free fitness - Fopt | measured fitness | best measured fitness | x1 | x2...
1 +2.583506860e+01 +2.583506860e+01 +3.038350686e+02 +3.038350686e+02 +0.0000e+00 +0.0000e+00 +0.0000e+00
2 +2.020704839e+01 +2.020704839e+01 +2.982070484e+02 +2.982070484e+02 -9.3566e-02 -6.0119e-01 -1.5236e-01
8 +1.800565338e+01 +1.800565338e+01 +2.960056534e+02 +2.960056534e+02 -2.9598e-01 +2.9339e-01 -5.2341e-02
18 +1.700290445e+01 +1.700290445e+01 +2.950029045e+02 +2.950029045e+02 +4.3350e-02 -5.7651e-01 +6.5980e-02
53 +1.508132351e+01 +1.508132351e+01 +2.930813235e+02 +2.930813235e+02 -4.4519e-01 +1.4990e-01 -3.3345e-01
61 +1.335599497e+01 +1.335599497e+01 +2.913559950e+02 +2.913559950e+02 -4.3660e-01 +2.3453e-01 -3.9200e-01
76 +1.310250985e+01 +1.310250985e+01 +2.911025098e+02 +2.911025098e+02 -4.6402e-01 +1.6631e-01 -6.1543e-01
87 +1.157786347e+01 +1.157786347e+01 +2.895778635e+02 +2.895778635e+02 -2.5508e-01 +3.5192e-01 -7.2329e-01
96 +1.097067085e+01 +1.097067085e+01 +2.889706708e+02 +2.889706708e+02 -3.5822e-01 +3.6574e-01 -5.8109e-01
103 +1.077771686e+01 +1.077771686e+01 +2.887777169e+02 +2.887777169e+02 -4.5410e-01 +4.1491e-01 -4.7589e-01
107 +1.059736539e+01 +1.059736539e+01 +2.885973654e+02 +2.885973654e+02 -4.9043e-01 +4.0069e-01 -6.2981e-01
111 +1.035137591e+01 +1.035137591e+01 +2.883513759e+02 +2.883513759e+02 -4.3767e-01 +4.2115e-01 -5.6323e-01
114 +9.330436349e+00 +9.330436349e+00 +2.873304363e+02 +2.873304363e+02 -5.0054e-01 +6.3945e-01 -4.4775e-01
122 +9.084182291e+00 +9.084182291e+00 +2.870841823e+02 +2.870841823e+02 -4.0584e-01 +5.7504e-01 -6.9648e-01
126 +8.476319017e+00 +8.476319017e+00 +2.864763190e+02 +2.864763190e+02 -5.1207e-01 +8.1914e-01 -6.1333e-01
143 +8.140749311e+00 +8.140749311e+00 +2.861407493e+02 +2.861407493e+02 -4.5712e-01 +9.4609e-01 -6.9632e-01
166 +8.090517055e+00 +8.090517055e+00 +2.860905171e+02 +2.860905171e+02 -4.3526e-01 +1.1077e+00 -6.8792e-01
324 +7.913608077e+00 +7.913608077e+00 +2.859136081e+02 +2.859136081e+02 -5.1313e-01 +1.3125e+00 -4.2469e-01
