% function evaluation | noise-free fitness - Fopt (4.078000000000e+01) | best noise-free fitness - Fopt | measured fitness | best measured fitness | x1 | x2...
1 +3.454477296e+01 +3.454477296e+01 +7.532477296e+01 +7.532477296e+01 +0.0000e+00 +0.0000e+00 +0.0000e+00 +0.0000e+00 +0.0000e+00
9 +2.784876064e+01 +2.784876064e+01 +6.862876064e+01 +6.862876064e+01 -1.9690e-01 +8.6647e-02 +3.0965e-01 +3.5802e-02 +2.4090e-01
12 +2.723852063e+01 +2.723852063e+01 +6.801852063e+01 +6.801852063e+01 -3.0041e-01 +3.2665e-01 -7.5614e-02 +1.8062e-01 +5.6089e-01
14 +1.719449523e+01 +1.719449523e+01 +5.797449523e+01 +5.797449523e+01 -5.8683e-01 +3.6192e-01 +5.5123e-01 -1.9575e-01 +3.2578e-02
18 +1.161790829e+01 +1.161790829e+01 +5.239790829e+01 +5.239790829e+01 -8.0295e-01 +7.1596e-01 +8.3496e-01 -1.8628e-01 +2.3466e-01
26 +1.121599481e+01 +1.121599481e+01 +5.199599481e+01 +5.199599481e+01 -3.7558e-01 +6.8376e-01 +5.7919e-01 -6.3001e-01 +2.7232e-01
31 +1.049415221e+01 +1.049415221e+01 +5.127415221e+01 +5.127415221e+01 -1.2435e+00 +1.4839e-01 +4.3578e-01 -4.2657e-01 +1.2294e-01
35 +8.655362918e+00 +8.655362918e+00 +4.943536292e+01 +4.943536292e+01 -8.3248e-01 +4.4307e-01 +7.0765e-01 -6.5409e-01 +7.7507e-01
36 +7.346758300e+00 +7.346758300e+00 +4.812675830e+01 +4.812675830e+01 -9.9058e-01 +7.6079e-01 +2.7598e-02 -7.0718e-01 +1.3057e-01
43 +5.652408800e+00 +5.652408800e+00 +4.643240880e+01 +4.643240880e+01 -1.3182e+00 +3.1748e-01 +3.1609e-01 -1.0075e+00 +5.2326e-01
45 +2.330229968e+00 +2.330229968e+00 +4.311022997e+01 +4.311022997e+01 -1.8403e+00 +1.4657e+00 +1.5321e-01 -9.4896e-01 +1.1040e-01
52 +1.414505653e+00 +1.414505653e+00 +4.219450565e+01 +4.219450565e+01 -1.7849e+00 +1.2906e+00 +3.7291e-01 -1.6272e+00 +5.3698e-01
145 +1.407144268e+00 +1.407144268e+00 +4.218714427e+01 +4.218714427e+01 -1.7595e+00 +1.0727e+00 +5.7430e-01 -1.4786e+00 +4.7968e-01
159 +1.315976961e+00 +1.315976961e+00 +4.209597696e+01 +4.209597696e+01 -1.7823e+00 +1.2889e+00 +5.7859e-01 -1.5853e+00 +4.5883e-01
199 +1.256754268e+00 +1.256754268e+00 +4.203675427e+01 +4.203675427e+01 -1.7047e+00 +1.2457e+00 +5.1042e-01 -1.5255e+00 +5.0175e-01
% function evaluation | noise-free fitness - Fopt (-1.600000000000e+00) | best noise-free fitness - Fopt | measured fitness | best measured fitness | x1 | x2...
1 +4.431357451e+01 +4.431357451e+01 +4.271357451e+01 +4.271357451e+01 +0.0000e+00 +0.0000e+00 +0.0000e+00 +0.0000e+00 +0.0000e+00
5 +3.905436273e+01 +3.905436273e+01 +3.745436273e+01 +3.745436273e+01 +2.1279e-01 +1.2651e-01 +7.3937e-02 -8.2819e-02 -4.6545e-02
8 +2.985560573e+01 +2.985560573e+01 +2.825560573e+01 +2.825560573e+01 +4.2178e-01 +2.8533e-01 +2.7139e-01 -4.4733e-01 +2.5215e-01
10 +2.911042176e+01 +2.911042176e+01 +2.751042176e+01 +2.751042176e+01 +4.9639e-01 +4.1523e-02 +1.5294e-01 -2.1550e-01 +9.0453e-02
14 +2.700796603e+01 +2.700796603e+01 +2.540796603e+01 +2.540796603e+01 +3.5263e-01 -2.4724e-02 +3.7434e-01 -2.4043e-01 +3.1399e-01
18 +2.683909983e+01 +2.683909983e+01 +2.523909983e+01 +2.523909983e+01 +5.1661e-01 -3.6612e-02 +3.5464e-01 -7.2918e-01 +9.3772e-02
26 +2.601247480e+01 +2.601247480e+01 +2.441247480e+01 +2.441247480e+01 +5.9348e-01 -2.7987e-01 +3.9801e-02 -6.5922e-01 +3.3711e-01
29 +2.542050841e+01 +2.542050841e+01 +2.382050841e+01 +2.382050841e+01 +6.7229e-01 +2.4848e-01 +1.1302e-01 -4.5522e-01 +7.1125e-01
31 +2.242497527e+01 +2.242497527e+01 +2.082497527e+01 +2.082497527e+01 +6.3607e-01 -1.2355e-01 +2.9327e-01 -2.2145e-01 +4.4363e-01
36 +1.859072618e+01 +1.859072618e+01 +1.699072618e+01 +1.699072618e+01 +1.0084e+00 -1.3655e-01 +2.2583e-01 -2.6547e-01 +5.4310e-01
37 +1.405067348e+01 +1.405067348e+01 +1.245067348e+01 +1.245067348e+01 +1.1999e+00 +1.3258e-01 +5.8251e-01 -7.3929e-01 +6.7500e-01
40 +1.318900280e+01 +1.318900280e+01 +1.158900280e+01 +1.158900280e+01 +1.0711e+00 -1.5367e-01 +6.1464e-01 -2.6954e-01 +6.7056e-01
50 +1.005412942e+01 +1.005412942e+01 +8.454129421e+00 +8.454129421e+00 +1.4794e+00 -3.5510e-01 +8.1220e-01 +1.6372e-01 +4.4844e-01
53 +9.808605425e+00 +9.808605425e+00 +8.208605425e+00 +8.208605425e+00 +1.4093e+00 -1.5763e-01 +8.5858e-01 -2.7855e-01 +4.1063e-01
63 +7.984076500e+00 +7.984076500e+00 +6.384076500e+00 +6.384076500e+00 +1.5508e+00 -4.6619e-01 +1.0777e+00 -6.3457e-02 +7.6309e-01
73 +7.774062732e+00 +7.774062732e+00 +6.174062732e+00 +6.174062732e+00 +1.7163e+00 -5.2552e-01 +1.0724e+00 -1.2198e-01 +7.6398e-01
93 +7.140222084e+00 +7.140222084e+00 +5.540222084e+00 +5.540222084e+00 +2.0463e+00 -1.9505e-01 +1.5127e+00 -3.4824e-01 +1.0119e+00
147 +7.052223988e+00 +7.052223988e+00 +5.452223988e+00 +5.452223988e+00 +1.9282e+00 -3.3623e-01 +1.5115e+00 -2.5088e-01 +8.2291e-01
% function evaluation | noise-free fitness - Fopt (-3.708400000000e+02) | best noise-free fitness - Fopt | measured fitness | best measured fitness | x1 | x2...
1 +6.618478373e+01 +6.618478373e+01 -3.046552163e+02 -3.046552163e+02 +0.0000e+00 +0.0000e+00 +0.0000e+00 +0.0000e+00 +0.0000e+00
2 +6.355884913e+01 +6.355884913e+01 -3.072811509e+02 -3.072811509e+02 +9.0460e-03 +3.0708e-01 +2.4121e-01 -2.3487e-02 -3.3711e-02
4 +6.117359204e+01 +6.117359204e+01 -3.096664080e+02 -3.096664080e+02 -3.3129e-02 +4.8075e-01 -1.0852e-01 +6.7056e-02 +4.8080e-03
13 +5.821822610e+01 +5.821822610e+01 -3.126217739e+02 -3.126217739e+02 -2.3766e-02 +5.5305e-01 +1.0354e-01 -3.4214e-01 -1.2969e-01
19 +4.297400584e+01 +4.297400584e+01 -3.278659942e+02 -3.278659942e+02 -3.8983e-01 +1.2147e+00 +3.0084e-01 -3.3014e-01 +1.0688e-01
36 +3.414373029e+01 +3.414373029e+01 -3.366962697e+02 -3.366962697e+02 +7.2971e-02 +1.8522e+00 -7.6072e-02 -4.3576e-01 -1.0461e-01
43 +2.611450218e+01 +2.611450218e+01 -3.447254978e+02 -3.447254978e+02 -4.7125e-01 +2.4289e+00 -5.1057e-01 -6.1538e-01 -8.1455e-02
51 +2.107997294e+01 +2.107997294e+01 -3.497600271e+02 -3.497600271e+02 -7.2362e-01 +2.4679e+00 +1.1815e-01 -1.7484e-01 -4.3387e-01
58 +1.988484959e+01 +1.988484959e+01 -3.509551504e+02 -3.509551504e+02 -1.0832e+00 +3.5924e+00 -1.5271e-01 -7.5846e-01 -4.2243e-01
68 +1.908418606e+01 +1.908418606e+01 -3.517558139e+02 -3.517558139e+02 -9.9317e-01 +4.5212e+00 -9.9564e-02 -2.4069e-01 -4.6999e-02
73 +1.718354627e+01 +1.718354627e+01 -3.536564537e+02 -3.536564537e+02 -1.0636e-01 +3.1310e+00 +8.9397e-02 -6.2596e-01 -2.3947e-01
74 +1.602869370e+01 +1.602869370e+01 -3.548113063e+02 -3.548113063e+02 -2.7258e-01 +5.3423e+00 +3.7910e-01 -5.0949e-01 +8.3799e-02
76 +1.294594665e+01 +1.294594665e+01 -3.578940534e+02 -3.578940534e+02 -1.2336e-01 +3.3545e+00 +1.3929e-01 -4.4930e-01 -1.0581e+00
101 +8.505343404e+00 +8.505343404e+00 -3.623346566e+02 -3.623346566e+02 +3.1530e-02 +5.0860e+00 +7.7899e-01 -4.7985e-01 -1.2319e+00
194 +8.280398699e+00 +8.280398699e+00 -3.625596013e+02 -3.625596013e+02 -6.8518e-02 +4.7058e+00 +7.7666e-01 -6.3926e-01 -7.3954e-01
324 +8.126681298e+00 +8.126681298e+00 -3.627133187e+02 -3.627133187e+02 -9.3928e-02 +4.8475e+00 +8.2600e-01 -4.2986e-01 -8.6283e-01
% function evaluation | noise-free fitness - Fopt (-3.256000000000e+01) | best noise-free fitness - Fopt | measured fitness | best measured fitness | x1 | x2...
1 +5.577473827e+01 +5.577473827e+01 +2.321473827e+01 +2.321473827e+01 +0.0000e+00 +0.0000e+00 +0.0000e+00 +0.0000e+00 +0.0000e+00
4 +5.359323980e+01 +5.359323980e+01 +2.103323980e+01 +2.103323980e+01 -2.1894e-01 +1.1042e-01 -8.8669e-02 -3.8660e-02 -1.4783e-01
8 +5.208185721e+01 +5.208185721e+01 +1.952185721e+01 +1.952185721e+01 -2.5383e-02 -2.2169e-01 -1.9048e-01 +6.0203e-03 -1.6398e-01
10 +4.834502878e+01 +4.834502878e+01 +1.578502878e+01 +1.578502878e+01 -1.4287e-01 -3.9001e-01 -4.1179e-01 -3.5185e-02 -3.5604e-01
14 +4.244761313e+01 +4.244761313e+01 +9.887613125e+00 +9.887613125e+00 -7.6494e-02 -4.6422e-01 -6.2074e-01 +4.7696e-02 -2.5853e-01
21 +3.874319295e+01 +3.874319295e+01 +6.183192946e+00 +6.183192946e+00 -6.8842e-02 -7.7531e-01 -7.4146e-01 +2.9326e-01 -3.4474e-01
35 +3.674294386e+01 +3.674294386e+01 +4.182943861e+00 +4.182943861e+00 -2.5094e-02 -1.1975e+00 -1.0903e+00 +1.7673e-01 -3.4224e-02
38 +3.385847927e+01 +3.385847927e+01 +1.298479268e+00 +1.298479268e+00 -1.9530e-01 -9.9959e-01 -1.0272e+00 +2.0233e-01 -3.2499e-01
68 +3.192411012e+01 +3.192411012e+01 -6.358898763e-01 -6.358898763e-01 -8.2977e-02 -1.5292e+00 -1.2668e+00 +4.8607e-01 -2.6256e-01
108 +3.158324716e+01 +3.158324716e+01 -9.767528408e-01 -9.767528408e-01 -2.3830e-02 -1.9664e+00 -1.6345e+00 +6.8266e-01 -2.8601e-01
131 +3.065818931e+01 +3.065818931e+01 -1.901810685e+00 -1.901810685e+00 -7.3385e-02 -1.8300e+00 -1.7910e+00 +5.1420e-01 -6.2307e-01
143 +3.008499796e+01 +3.008499796e+01 -2.475002039e+00 -2.475002039e+00 -2.5364e-01 -1.8652e+00 -2.0087e+00 +5.0454e-01 -7.0271e-01
179 +2.907933845e+01 +2.907933845e+01 -3.480661545e+00 -3.480661545e+00 -2.1826e-01 -1.7301e+00 -2.2018e+00 +3.9519e-01 -1.0251e+00
199 +2.882833002e+01 +2.882833002e+01 -3.731669984e+00 -3.731669984e+00 -3.6622e-01 -1.6465e+00 -2.0941e+00 +3.0509e-01 -9.5976e-01
215 +2.815753752e+01 +2.815753752e+01 -4.402462479e+00 -4.402462479e+00 -3.9059e-01 -1.4207e+00 -2.0727e+00 +1.7436e-01 -1.0343e+00
259 +2.750805407e+01 +2.750805407e+01 -5.051945934e+00 -5.051945934e+00 -4.5665e-01 -1.3796e+00 -2.2672e+00 +1.4083e-01 -1.3308e+00
286 +2.670063527e+01 +2.670063527e+01 -5.859364730e+00 -5.859364730e+00 -7.0605e-01 -9.8795e-01 -2.2244e+00 -1.6268e-01 -1.6205e+00
300 +2.610944443e+01 +2.610944443e+01 -6.450555568e+00 -6.450555568e+00 -9.9385e-01 -1.1180e+00 -2.2182e+00 -3.0581e-02 -1.4917e+00
378 +2.560668403e+01 +2.560668403e+01 -6.953315966e+00 -6.953315966e+00 -1.2022e+00 -7.1564e-01 -1.7593e+00 -1.0766e-01 -1.4114e+00
499 +2.506067505e+01 +2.506067505e+01 -7.499324954e+00 -7.499324954e+00 -1.4266e+00 -7.5183e-01 -1.7912e+00 -1.3026e-01 -1.4817e+00
690 +2.451100394e+01 +2.451100394e+01 -8.048996061e+00 -8.048996061e+00 -1.5832e+00 -5.3606e-01 -1.8069e+00 -3.1804e-01 -1.6070e+00
768 +2.398617531e+01 +2.398617531e+01 -8.573824687e+00 -8.573824687e+00 -1.8731e+00 -4.3201e-01 -1.8185e+00 -3.6741e-01 -1.8179e+00
835 +2.343892802e+01 +2.343892802e+01 -9.121071978e+00 -9.121071978e+00 -2.2601e+00 -2.8186e-01 -1.7606e+00 -5.0503e-01 -1.8395e+00
921 +2.277978894e+01 +2.277978894e+01 -9.780211064e+00 -9.780211064e+00 -2.8047e+00 -3.3327e-03 -1.8514e+00 -6.5481e-01 -2.2276e+00
964 +2.230746944e+01 +2.230746944e+01 -1.025253056e+01 -1.025253056e+01 -2.8572e+00 +2.0825e-01 -1.8129e+00 -8.3673e-01 -2.3218e+00
1196 +2.186207398e+01 +2.186207398e+01 -1.069792602e+01 -1.069792602e+01 -3.3188e+00 +4.9955e-01 -1.8011e+00 -1.0189e+00 -2.5748e+00
1675 +2.137928189e+01 +2.137928189e+01 -1.118071811e+01 -1.118071811e+01 -3.7020e+00 +8.3521e-01 -1.9741e+00 -1.3219e+00 -2.9379e+00
% function evaluation | noise-free fitness - Fopt (5.154000000000e+02) | best noise-free fitness - Fopt | measured fitness | best measured fitness | x1 | x2...
1 +2.019037433e+01 +2.019037433e+01 +5.355903743e+02 +5.355903743e+02 +0.0000e+00 +0.0000e+00 +0.0000e+00 +0.0000e+00 +0.0000e+00
8 +1.977699185e+01 +1.977699185e+01 +5.351769919e+02 +5.351769919e+02 +9.7391e-02 +9.4223e-04 -3.2398e-01 -1.6675e-01 -2.0229e-01
10 +1.871777181e+01 +1.871777181e+01 +5.341177718e+02 +5.341177718e+02 +4.2454e-02 -1.1854e-02 -3.3137e-01 -4.0331e-02 -2.1644e-02
11 +1.831369320e+01 +1.831369320e+01 +5.337136932e+02 +5.337136932e+02 -8.3419e-02 -1.0252e-01 -1.6684e-01 -2.4685e-03 -1.7537e-01
20 +1.764525050e+01 +1.764525050e+01 +5.330452505e+02 +5.330452505e+02 -5.4350e-02 +4.1287e-02 -1.5625e-01 -1.9493e-02 -3.3234e-01
24 +1.580835470e+01 +1.580835470e+01 +5.312083547e+02 +5.312083547e+02 +3.0478e-02 +2.5222e-01 -4.5599e-01 +8.6236e-02 -3.2691e-01
38 +1.383395508e+01 +1.383395508e+01 +5.292339551e+02 +5.292339551e+02 -2.1527e-01 +9.0279e-02 -4.5952e-01 +1.9602e-01 -3.2847e-01
43 +1.127210724e+01 +1.127210724e+01 +5.266721072e+02 +5.266721072e+02 -2.8848e-01 +1.8416e-02 -9.1522e-01 +1.1565e-01 -3.4904e-01
50 +9.694622284e+00 +9.694622284e+00 +5.250946223e+02 +5.250946223e+02 -5.5204e-01 +1.7398e-01 -9.4468e-01 -2.0063e-01 -2.5714e-01
59 +9.366131575e+00 +9.366131575e+00 +5.247661316e+02 +5.247661316e+02 -8.3663e-01 -8.1219e-02 -8.7357e-01 +7.3144e-02 -2.2313e-01
60 +7.810579017e+00 +7.810579017e+00 +5.232105790e+02 +5.232105790e+02 -8.3741e-01 +7.3935e-02 -1.6886e+00 -3.3164e-01 -6.0162e-01
82 +7.486502271e+00 +7.486502271e+00 +5.228865023e+02 +5.228865023e+02 -1.3686e+00 +3.1952e-01 -5.4591e-01 -4.8825e-02 -7.3593e-01
89 +7.186622624e+00 +7.186622624e+00 +5.225866226e+02 +5.225866226e+02 -8.1419e-01 +3.0684e-01 -1.1969e+00 -2.9331e-01 -6.0682e-01
91 +4.562777990e+00 +4.562777990e+00 +5.199627780e+02 +5.199627780e+02 -1.0092e+00 -8.9918e-03 -1.4110e+00 +1.5292e-01 -1.0852e+00
101 +2.328598995e+00 +2.328598995e+00 +5.177285990e+02 +5.177285990e+02 -1.3808e+00 +6.5362e-02 -1.2213e+00 -1.2275e-02 -1.1881e+00
109 +1.939948137e+00 +1.939948137e+00 +5.173399481e+02 +5.173399481e+02 -2.0995e+00 +1.1967e-02 -1.8116e+00 -2.2295e-01 -1.1442e+00
118 +1.099107690e+00 +1.099107690e+00 +5.164991077e+02 +5.164991077e+02 -2.3224e+00 -5.4557e-01 -1.7350e+00 +1.2541e-01 -1.2529e+00
164 +9.782703794e-01 +9.782703794e-01 +5.163782704e+02 +5.163782704e+02 -1.9606e+00 -1.2541e-02 -1.5202e+00 +2.3512e-01 -1.7254e+00
187 +4.994376232e-01 +4.994376232e-01 +5.158994376e+02 +5.158994376e+02 -2.3193e+00 +1.6581e-02 -2.4462e+00 +2.0323e-01 -1.6630e+00
188 +4.811707551e-01 +4.811707551e-01 +5.158811708e+02 +5.158811708e+02 -2.6310e+00 -4.6617e-02 -2.1624e+00 +4.3567e-01 -2.0397e+00
197 +3.702188594e-01 +3.702188594e-01 +5.157702189e+02 +5.157702189e+02 -2.4945e+00 -3.0377e-01 -2.3206e+00 +2.4472e-01 -1.5764e+00
202 +1.649618870e-01 +1.649618870e-01 +5.155649619e+02 +5.155649619e+02 -3.3445e+00 -3.4922e-01 -2.6962e+00 +3.1726e-01 -2.0297e+00
207 +1.344506326e-01 +1.344506326e-01 +5.155344506e+02 +5.155344506e+02 -2.7746e+00 -1.7022e-01 -2.2468e+00 +3.1464e-01 -1.9034e+00
210 +1.288291769e-01 +1.288291769e-01 +5.155288292e+02 +5.155288292e+02 -2.8583e+00 -1.8613e-02 -2.2815e+00 +2.3403e-01 -2.0119e+00
223 +1.273225720e-01 +1.273225720e-01 +5.155273226e+02 +5.155273226e+02 -2.6931e+00 -2.7582e-01 -1.8904e+00 +3.2533e-01 -1.9825e+00
232 +5.002925146e-02 +5.002925146e-02 +5.154500293e+02 +5.154500293e+02 -2.9170e+00 -3.8421e-01 -2.6803e+00 +3.5929e-01 -2.2726e+00
234 +3.573865819e-02 +3.573865819e-02 +5.154357387e+02 +5.154357387e+02 -2.8174e+00 -3.6842e-01 -2.4214e+00 +2.5934e-01 -2.2139e+00
240 +1.198442786e-02 +1.198442786e-02 +5.154119844e+02 +5.154119844e+02 -3.2506e+00 -4.0000e-01 -2.2969e+00 +2.5700e-01 -2.2106e+00
283 +4.074213324e-03 +4.074213324e-03 +5.154040742e+02 +5.154040742e+02 -3.0962e+00 -3.5410e-01 -2.5611e+00 +2.2607e-01 -2.2513e+00
299 +3.766218100e-03 +3.766218100e-03 +5.154037662e+02 +5.154037662e+02 -3.1879e+00 -4.9912e-01 -2.5740e+00 +2.3134e-01 -2.1734e+00
315 +1.626575993e-03 +1.626575993e-03 +5.154016266e+02 +5.154016266e+02 -3.2106e+00 -6.8028e-01 -2.5579e+00 +3.4068e-01 -2.2471e+00
329 +3.156613228e-04 +3.156613228e-04 +5.154003157e+02 +5.154003157e+02 -3.2690e+00 -5.4407e-01 -2.5010e+00 +3.2077e-01 -2.2956e+00
372 +3.903199956e-05 +3.903199956e-05 +5.154000390e+02 +5.154000390e+02 -3.4778e+00 -6.4561e-01 -2.5785e+00 +4.0126e-01 -2.4170e+00
453 +2.694336240e-05 +2.694336240e-05 +5.154000269e+02 +5.154000269e+02 -3.3939e+00 -6.4353e-01 -2.6138e+00 +3.5877e-01 -2.3597e+00
484 +2.413325399e-05 +2.413325399e-05 +5.154000241e+02 +5.154000241e+02 -3.4430e+00 -6.7302e-01 -2.5866e+00 +3.6870e-01 -2.3501e+00
501 +9.460785236e-06 +9.460785236e-06 +5.154000095e+02 +5.154000095e+02 -3.4698e+00 -7.0832e-01 -2.5629e+00 +4.0038e-01 -2.3590e+00
516 +7.473347978e-06 +7.473347978e-06 +5.154000075e+02 +5.154000075e+02 -3.4259e+00 -6.5716e-01 -2.5693e+00 +3.9396e-01 -2.3682e+00
517 +3.196011903e-06 +3.196011903e-06 +5.154000032e+02 +5.154000032e+02 -3.4205e+00 -7.0093e-01 -2.5545e+00 +4.0498e-01 -2.3505e+00
519 +1.776155159e-06 +1.776155159e-06 +5.154000018e+02 +5.154000018e+02 -3.4445e+00 -6.7873e-01 -2.6085e+00 +3.8838e-01 -2.3987e+00
531 +2.965768999e-07 +2.965768999e-07 +5.154000003e+02 +5.154000003e+02 -3.4455e+00 -6.9399e-01 -2.5824e+00 +3.9785e-01 -2.3888e+00
594 +2.876104190e-07 +2.876104190e-07 +5.154000003e+02 +5.154000003e+02 -3.4511e+00 -7.0703e-01 -2.5707e+00 +4.0066e-01 -2.3829e+00
605 +2.326764843e-07 +2.326764843e-07 +5.154000002e+02 +5.154000002e+02 -3.4406e+00 -7.0857e-01 -2.5779e+00 +4.0316e-01 -2.3716e+00
618 +2.270473942e-07 +2.270473942e-07 +5.154000002e+02 +5.154000002e+02 -3.4406e+00 -7.0755e-01 -2.5865e+00 +4.0881e-01 -2.3873e+00
626 +1.228814881e-07 +1.228814881e-07 +5.154000001e+02 +5.154000001e+02 -3.4433e+00 -7.1447e-01 -2.5798e+00 +4.1061e-01 -2.3765e+00
629 +4.563310085e-08 +4.563310085e-08 +5.154000000e+02 +5.154000000e+02 -3.4507e+00 -7.1390e-01 -2.5884e+00 +4.0630e-01 -2.3819e+00
665 +4.299454304e-08 +4.299454304e-08 +5.154000000e+02 +5.154000000e+02 -3.4509e+00 -7.1765e-01 -2.5811e+00 +4.0891e-01 -2.3837e+00
668 +4.035587153e-08 +4.035587153e-08 +5.154000000e+02 +5.154000000e+02 -3.4517e+00 -7.1555e-01 -2.5840e+00 +4.0903e-01 -2.3808e+00
674 +2.199590199e-08 +2.199590199e-08 +5.154000000e+02 +5.154000000e+02 -3.4526e+00 -7.1348e-01 -2.5859e+00 +4.0878e-01 -2.3849e+00
679 +1.743899247e-08 +1.743899247e-08 +5.154000000e+02 +5.154000000e+02 -3.4532e+00 -7.1543e-01 -2.5878e+00 +4.1082e-01 -2.3862e+00
680 +1.406385763e-08 +1.406385763e-08 +5.154000000e+02 +5.154000000e+02 -3.4539e+00 -7.1539e-01 -2.5885e+00 +4.0844e-01 -2.3860e+00
711 +1.141381745e-08 +1.141381745e-08 +5.154000000e+02 +5.154000000e+02 -3.4582e+00 -7.1708e-01 -2.5857e+00 +4.0906e-01 -2.3857e+00
716 +9.878931451e-09 +9.878931451e-09 +5.154000000e+02 +5.154000000e+02 -3.4570e+00 -7.1891e-01 -2.5884e+00 +4.1000e-01 -2.3861e+00
1064 +0.000000000e+00 +0.000000000e+00 +5.154000000e+02 +5.154000000e+02 -3.4724e+00 -7.2869e-01 -2.5938e+00 +4.1548e-01 -2.3945e+00
% function evaluation | noise-free fitness - Fopt (-8.810000000000e+00) | best noise-free fitness - Fopt | measured fitness | best measured fitness | x1 | x2...
1 +5.256242586e+01 +5.256242586e+01 +4.375242586e+01 +4.375242586e+01 +0.0000e+00 +0.0000e+00 +0.0000e+00 +0.0000e+00 +0.0000e+00
4 +4.657953808e+01 +4.657953808e+01 +3.776953808e+01 +3.776953808e+01 +2.2604e-01 -4.3983e-02 +4.2852e-01 +3.7249e-02 +8.6108e-02
10 +4.532892590e+01 +4.532892590e+01 +3.651892590e+01 +3.651892590e+01 +3.6373e-02 -2.2824e-01 +3.5472e-01 +8.5733e-02 -4.2038e-02
11 +4.209683225e+01 +4.209683225e+01 +3.328683225e+01 +3.328683225e+01 -6.5502e-02 +6.6838e-02 +3.2717e-01 +4.8813e-02 -4.2944e-02
12 +3.754930404e+01 +3.754930404e+01 +2.873930404e+01 +2.873930404e+01 +2.1089e-01 -1.7703e-01 +7.2488e-01 -3.0863e-02 +2.3328e-01
20 +2.985127555e+01 +2.985127555e+01 +2.104127555e+01 +2.104127555e+01 +1.6364e-01 +1.2328e-01 +9.5700e-01 +8.7341e-02 -1.7625e-02
33 +2.829423435e+01 +2.829423435e+01 +1.948423435e+01 +1.948423435e+01 -3.1301e-01 +4.6829e-01 +8.8056e-01 +3.4231e-01 +2.7640e-01
38 +2.101700750e+01 +2.101700750e+01 +1.220700750e+01 +1.220700750e+01 +1.6298e-01 +1.7081e-01 +1.4797e+00 +4.1602e-02 +3.7104e-02
47 +2.055367538e+01 +2.055367538e+01 +1.174367538e+01 +1.174367538e+01 +3.4397e-01 +5.6925e-01 +1.6841e+00 +3.9003e-01 +2.8230e-01
48 +2.013915536e+01 +2.013915536e+01 +1.132915536e+01 +1.132915536e+01 +2.5300e-01 +2.9213e-01 +1.5541e+00 -4.0699e-01 -4.9167e-01
52 +9.889716054e+00 +9.889716054e+00 +1.079716054e+00 +1.079716054e+00 +1.9495e-01 +2.1703e-01 +2.9988e+00 -6.2712e-02 -2.1105e-01
61 +8.998270699e+00 +8.998270699e+00 +1.882706988e-01 +1.882706988e-01 +4.1546e-02 +3.0305e-01 +3.1490e+00 +1.9065e-02 -1.6759e-01
66 +6.850751117e+00 +6.850751117e+00 -1.959248883e+00 -1.959248883e+00 +1.5125e-02 +3.1032e-01 +2.9978e+00 -6.2537e-01 +2.3689e-01
69 +5.509838264e+00 +5.509838264e+00 -3.300161736e+00 -3.300161736e+00 +1.5109e-01 +1.0769e+00 +2.9718e+00 -3.0855e-01 +4.0404e-01
84 +3.942917116e+00 +3.942917116e+00 -4.867082884e+00 -4.867082884e+00 +1.0521e-01 +1.2192e+00 +3.2534e+00 -9.8191e-01 +6.7110e-01
89 +3.219570402e+00 +3.219570402e+00 -5.590429598e+00 -5.590429598e+00 -2.5750e-01 +1.1292e+00 +3.4261e+00 -5.3233e-01 +1.7045e-01
147 +2.902383732e+00 +2.902383732e+00 -5.907616268e+00 -5.907616268e+00 -3.8819e-01 +9.2515e-01 +3.1320e+00 -1.1948e+00 +5.9466e-01
154 +2.814571444e+00 +2.814571444e+00 -5.995428556e+00 -5.995428556e+00 -4.3676e-01 +1.2956e+00 +3.3830e+00 -7.6596e-01 +4.0492e-01
212 +2.491757063e+00 +2.491757063e+00 -6.318242937e+00 -6.318242937e+00 -2.8779e-01 +1.0639e+00 +3.2852e+00 -8.9862e-01 +3.7806e-01
% function evaluation | noise-free fitness - Fopt (3.626000000000e+01) | best noise-free fitness - Fopt | measured fitness | best measured fitness | x1 | x2...
1 +5.446608703e+01 +5.446608703e+01 +9.072608703e+01 +9.072608703e+01 +0.0000e+00 +0.0000e+00 +0.0000e+00 +0.0000e+00 +0.0000e+00
3 +5.345221051e+01 +5.345221051e+01 +8.971221051e+01 +8.971221051e+01 -3.7543e-01 +7.1754e-02 +1.5407e-01 +5.5758e-02 +2.1385e-02
4 +4.830465014e+01 +4.830465014e+01 +8.456465014e+01 +8.456465014e+01 +9.6380e-02 +3.6169e-02 -2.2488e-01 -2.2866e-01 -2.9245e-01
5 +4.335697108e+01 +4.335697108e+01 +7.961697108e+01 +7.961697108e+01 +3.1951e-01 +2.5291e-01 +2.0814e-01 -2.2282e-01 +2.4040e-01
6 +3.951309885e+01 +3.951309885e+01 +7.577309885e+01 +7.577309885e+01 -4.5284e-02 +2.0723e-01 +2.3233e-01 -3.4528e-01 -1.1149e-01
10 +3.702088952e+01 +3.702088952e+01 +7.328088952e+01 +7.328088952e+01 +2.1714e-01 +4.9386e-01 +2.0565e-01 -1.7182e-01 -6.0625e-03
14 +3.105801126e+01 +3.105801126e+01 +6.731801126e+01 +6.731801126e+01 +1.0837e-01 +6.4003e-01 +3.3209e-01 -3.1435e-01 +2.5129e-01
18 +2.164382461e+01 +2.164382461e+01 +5.790382461e+01 +5.790382461e+01 -1.6671e-01 +1.0782e+00 +4.5056e-01 -6.5291e-01 +4.6049e-01
23 +2.103992910e+01 +2.103992910e+01 +5.729992910e+01 +5.729992910e+01 +2.6433e-02 +8.7031e-01 +6.6704e-01 -7.9554e-01 +4.0283e-02
29 +1.814250451e+01 +1.814250451e+01 +5.440250451e+01 +5.440250451e+01 +1.5697e-01 +1.9986e+00 +4.8655e-01 -9.8456e-01 +1.6282e-01
31 +1.647652465e+01 +1.647652465e+01 +5.273652465e+01 +5.273652465e+01 +7.8132e-02 +9.7624e-01 +4.4730e-01 -1.0389e+00 +2.7820e-01
36 +1.455365979e+01 +1.455365979e+01 +5.081365979e+01 +5.081365979e+01 +2.5105e-01 +1.5460e+00 +2.4243e-01 -7.9948e-01 -2.5445e-02
43 +1.444662888e+01 +1.444662888e+01 +5.070662888e+01 +5.070662888e+01 +7.6573e-01 +1.7354e+00 -5.1509e-01 -9.7455e-01 +1.7430e-01
48 +1.363772380e+01 +1.363772380e+01 +4.989772380e+01 +4.989772380e+01 +1.3111e-01 +1.8939e+00 -3.6966e-01 -8.6449e-01 +1.7639e-01
72 +1.249000029e+01 +1.249000029e+01 +4.875000029e+01 +4.875000029e+01 +3.1422e-01 +2.3768e+00 -1.3942e+00 -3.3369e+00 -1.7452e-01
79 +6.871330793e+00 +6.871330793e+00 +4.313133079e+01 +4.313133079e+01 +7.5507e-02 +1.9054e+00 -1.5041e+00 -2.0104e+00 -6.5413e-01
83 +5.114095710e+00 +5.114095710e+00 +4.137409571e+01 +4.137409571e+01 -9.3072e-02 +2.4572e+00 -2.1280e+00 -1.7775e+00 +3.9637e-02
89 +3.025751434e+00 +3.025751434e+00 +3.928575143e+01 +3.928575143e+01 +9.4186e-01 +2.7718e+00 -2.9405e+00 -2.3020e+00 -4.4588e-01
120 +2.113142082e+00 +2.113142082e+00 +3.837314208e+01 +3.837314208e+01 +1.0495e+00 +2.6651e+00 -3.2009e+00 -2.0993e+00 -2.5025e-01
159 +2.004580149e+00 +2.004580149e+00 +3.826458015e+01 +3.826458015e+01 +8.9102e-01 +2.3267e+00 -2.6232e+00 -2.1038e+00 +1.5653e-02
204 +1.003751640e+00 +1.003751640e+00 +3.726375164e+01 +3.726375164e+01 +3.3194e-01 +1.4029e+00 -2.5012e+00 -2.5207e+00 +3.9973e-02
205 +1.796466267e-01 +1.796466267e-01 +3.643964663e+01 +3.643964663e+01 +5.2005e-01 +1.3533e+00 -2.4947e+00 -2.2172e+00 -3.0200e-01
235 +8.779327914e-02 +8.779327914e-02 +3.634779328e+01 +3.634779328e+01 +7.0509e-01 +6.6546e-01 -2.3783e+00 -2.1773e+00 -6.7197e-01
248 +1.602241448e-02 +1.602241448e-02 +3.627602241e+01 +3.627602241e+01 +6.9374e-01 +3.4035e-01 -2.8533e+00 -2.1738e+00 -7.8203e-01
290 +1.181693451e-03 +1.181693451e-03 +3.626118169e+01 +3.626118169e+01 +6.3790e-01 +2.8146e-01 -2.5908e+00 -2.3062e+00 -9.1140e-01
344 +4.651145784e-04 +4.651145784e-04 +3.626046511e+01 +3.626046511e+01 +7.6222e-01 +2.6216e-01 -2.6696e+00 -2.1999e+00 -9.4860e-01
347 +1.232326882e-04 +1.232326882e-04 +3.626012323e+01 +3.626012323e+01 +7.2992e-01 +1.6285e-01 -2.6470e+00 -2.2521e+00 -1.0386e+00
446 +5.279728497e-05 +5.279728497e-05 +3.626005280e+01 +3.626005280e+01 +7.4873e-01 +9.0974e-02 -2.7286e+00 -2.1194e+00 -1.0395e+00
453 +2.796577150e-05 +2.796577150e-05 +3.626002797e+01 +3.626002797e+01 +7.6157e-01 +8.6563e-02 -2.7066e+00 -2.1343e+00 -1.0338e+00
487 +2.465887380e-05 +2.465887380e-05 +3.626002466e+01 +3.626002466e+01 +7.1285e-01 +3.2433e-02 -2.6976e+00 -2.2192e+00 -1.0688e+00
494 +1.142929272e-05 +1.142929272e-05 +3.626001143e+01 +3.626001143e+01 +7.2933e-01 -3.4599e-02 -2.6724e+00 -2.1463e+00 -1.0888e+00
498 +6.459939527e-06 +6.459939527e-06 +3.626000646e+01 +3.626000646e+01 +7.3395e-01 -3.6931e-02 -2.6606e+00 -2.2149e+00 -1.1098e+00
509 +6.412934290e-06 +6.412934290e-06 +3.626000641e+01 +3.626000641e+01 +7.5744e-01 -3.2437e-02 -2.6850e+00 -2.1744e+00 -1.1071e+00
510 +4.178035624e-07 +4.178035624e-07 +3.626000042e+01 +3.626000042e+01 +7.1566e-01 +3.5716e-02 -2.6742e+00 -2.1787e+00 -1.0563e+00
620 +2.777594617e-07 +2.777594617e-07 +3.626000028e+01 +3.626000028e+01 +7.3686e-01 -7.8588e-04 -2.6703e+00 -2.1925e+00 -1.0727e+00
624 +6.493014126e-08 +6.493014126e-08 +3.626000006e+01 +3.626000006e+01 +7.3227e-01 -2.7061e-03 -2.6776e+00 -2.1922e+00 -1.0759e+00
647 +4.694935996e-08 +4.694935996e-08 +3.626000005e+01 +3.626000005e+01 +7.3545e-01 +2.5522e-02 -2.6742e+00 -2.1893e+00 -1.0725e+00
648 +2.136849986e-08 +2.136849986e-08 +3.626000002e+01 +3.626000002e+01 +7.3395e-01 +2.3116e-02 -2.6781e+00 -2.1897e+00 -1.0724e+00
721 +1.577035391e-08 +1.577035391e-08 +3.626000002e+01 +3.626000002e+01 +7.3426e-01 +2.8528e-02 -2.6788e+00 -2.1851e+00 -1.0591e+00
733 +8.844594390e-09 +8.844594390e-09 +3.626000001e+01 +3.626000001e+01 +7.2806e-01 +4.2867e-02 -2.6784e+00 -2.1859e+00 -1.0528e+00
1066 +0.000000000e+00 +0.000000000e+00 +3.626000000e+01 +3.626000000e+01 +7.2739e-01 +3.1274e-02 -2.6726e+00 -2.1906e+00 -1.0591e+00
% function evaluation | noise-free fitness - Fopt (4.653000000000e+01) | best noise-free fitness - Fopt | measured fitness | best measured fitness | x1 | x2...
1 +6.170930247e+01 +6.170930247e+01 +1.082393025e+02 +1.082393025e+02 +0.0000e+00 +0.0000e+00 +0.0000e+00 +0.0000e+00 +0.0000e+00
2 +6.002857223e+01 +6.002857223e+01 +1.065585722e+02 +1.065585722e+02 -1.5210e-01 +2.2094e-02 +2.2028e-01 -7.6852e-02 +3.4704e-01
6 +5.677110592e+01 +5.677110592e+01 +1.033011059e+02 +1.033011059e+02 +6.9413e-02 +8.2983e-02 -4.6427e-02 -1.5322e-01 +1.8580e-02
28 +5.602485172e+01 +5.602485172e+01 +1.025548517e+02 +1.025548517e+02 -6.7295e-01 +5.3227e-01 +1.8691e-01 +2.2753e-02 +5.6026e-01
31 +5.474223517e+01 +5.474223517e+01 +1.012722352e+02 +1.012722352e+02 -2.6302e-01 +3.8854e-01 -3.6802e-01 -2.4608e-01 +5.2909e-01
44 +4.820252976e+01 +4.820252976e+01 +9.473252976e+01 +9.473252976e+01 -3.9144e-03 +8.2211e-01 -3.6168e-01 -1.1293e-01 +2.9527e-01
50 +4.612164642e+01 +4.612164642e+01 +9.265164642e+01 +9.265164642e+01 +6.0493e-02 +6.4116e-01 +3.1722e-01 -6.0540e-02 -5.4585e-03
58 +4.427850596e+01 +4.427850596e+01 +9.080850596e+01 +9.080850596e+01 +1.3202e-01 +6.6174e-01 +3.4718e-01 +3.6655e-02 -9.7033e-02
63 +4.032342824e+01 +4.032342824e+01 +8.685342824e+01 +8.685342824e+01 +3.4531e-01 +4.5814e-01 +3.3713e-01 -1.6854e-01 -3.7145e-02
68 +2.198332781e+01 +2.198332781e+01 +6.851332781e+01 +6.851332781e+01 +3.7616e-01 +1.4070e+00 +1.4842e-01 -3.2956e-01 -3.4810e-01
74 +2.010270777e+01 +2.010270777e+01 +6.663270777e+01 +6.663270777e+01 +9.0337e-02 +1.2111e+00 +4.7368e-01 -6.6603e-01 -5.8291e-01
77 +1.983253637e+01 +1.983253637e+01 +6.636253637e+01 +6.636253637e+01 +3.6983e-01 +1.1216e+00 -2.1609e-01 -4.6830e-01 -6.8605e-01
80 +1.813938737e+01 +1.813938737e+01 +6.466938737e+01 +6.466938737e+01 +6.3469e-01 +9.7225e-01 +6.4328e-01 -3.7306e-01 -9.8052e-01
117 +1.671471065e+01 +1.671471065e+01 +6.324471065e+01 +6.324471065e+01 -2.5117e-01 +1.6266e+00 +6.0991e-01 -1.6073e-01 -1.3946e+00
119 +1.456028979e+01 +1.456028979e+01 +6.109028979e+01 +6.109028979e+01 -1.4367e-02 +1.5921e+00 +6.9651e-01 +2.7742e-02 -1.7332e+00
129 +1.404547376e+01 +1.404547376e+01 +6.057547376e+01 +6.057547376e+01 +5.8930e-02 +1.6637e+00 +7.9583e-01 +1.5088e-03 -1.3244e+00
136 +1.147312185e+01 +1.147312185e+01 +5.800312185e+01 +5.800312185e+01 -3.6590e-02 +2.0731e+00 +4.7228e-01 -1.4403e-01 -1.3743e+00
143 +1.049656440e+01 +1.049656440e+01 +5.702656440e+01 +5.702656440e+01 +1.0147e-01 +2.0018e+00 +7.4847e-01 -3.7872e-01 -1.0810e+00
183 +1.035990985e+01 +1.035990985e+01 +5.688990985e+01 +5.688990985e+01 -6.0074e-02 +2.4506e+00 +6.7711e-01 -3.9400e-01 -9.3466e-01
186 +9.982534111e+00 +9.982534111e+00 +5.651253411e+01 +5.651253411e+01 -1.3189e-01 +2.3022e+00 +5.1152e-01 -2.6345e-01 -1.3931e+00
188 +9.636369552e+00 +9.636369552e+00 +5.616636955e+01 +5.616636955e+01 -9.5680e-02 +2.4388e+00 +6.1500e-01 -4.5119e-01 -1.2253e+00
231 +9.539558623e+00 +9.539558623e+00 +5.606955862e+01 +5.606955862e+01 -2.3739e-01 +2.4772e+00 +5.3690e-01 -3.5721e-01 -1.1894e+00
280 +9.274015293e+00 +9.274015293e+00 +5.580401529e+01 +5.580401529e+01 -2.8946e-01 +2.5741e+00 +3.7721e-01 -3.8857e-01 -1.2497e+00
296 +9.038825918e+00 +9.038825918e+00 +5.556882592e+01 +5.556882592e+01 -3.4099e-01 +2.6268e+00 +1.9743e-01 -4.2252e-01 -1.0901e+00
334 +8.865372949e+00 +8.865372949e+00 +5.539537295e+01 +5.539537295e+01 -8.0928e-01 +3.1302e+00 -2.5771e-01 -3.9699e-01 -1.0978e+00
375 +8.648498808e+00 +8.648498808e+00 +5.517849881e+01 +5.517849881e+01 -9.1214e-01 +3.3826e+00 -7.4613e-01 -3.9699e-01 -8.9251e-01
748 +8.505782139e+00 +8.505782139e+00 +5.503578214e+01 +5.503578214e+01 -7.1442e-01 +3.0598e+00 -5.6409e-01 -5.5095e-01 -9.1041e-01
% function evaluation | noise-free fitness - Fopt (-4.910300000000e+02) | best noise-free fitness - Fopt | measured fitness | best measured fitness | x1 | x2...
1 +5.611043631e+01 +5.611043631e+01 -4.349195637e+02 -4.349195637e+02 +0.0000e+00 +0.0000e+00 +0.0000e+00 +0.0000e+00 +0.0000e+00
2 +5.441753568e+01 +5.441753568e+01 -4.366124643e+02 -4.366124643e+02 -4.8429e-02 -2.4467e-01 -3.8404e-02 +1.0077e-02 +7.0045e-02
7 +5.350845386e+01 +5.350845386e+01 -4.375215461e+02 -4.375215461e+02 -3.3484e-01 -6.7148e-02 +9.9454e-02 -3.0388e-01 +2.0152e-01
8 +4.685644373e+01 +4.685644373e+01 -4.441735563e+02 -4.441735563e+02 +3.6614e-01 +8.0854e-02 -2.8439e-03 -3.3114e-01 +1.4171e-01
17 +4.574245508e+01 +4.574245508e+01 -4.452875449e+02 -4.452875449e+02 -1.9130e-01 -5.1576e-02 -7.6852e-02 -6.6728e-01 +1.4956e-01
18 +4.141158071e+01 +4.141158071e+01 -4.496184193e+02 -4.496184193e+02 +2.1506e-01 -3.4050e-01 +3.5154e-02 -4.2621e-01 +8.3600e-02
24 +3.771135167e+01 +3.771135167e+01 -4.533186483e+02 -4.533186483e+02 +2.6546e-02 -5.4469e-01 -3.7847e-01 -5.5737e-01 +4.3999e-01
27 +3.561176677e+01 +3.561176677e+01 -4.554182332e+02 -4.554182332e+02 +1.9757e-01 -2.5923e-01 +1.9975e-02 -9.9651e-01 -9.2811e-02
29 +3.469721245e+01 +3.469721245e+01 -4.563327876e+02 -4.563327876e+02 +1.7598e-01 -8.4755e-01 -5.6978e-01 -4.9249e-01 +7.8262e-01
33 +2.820280415e+01 +2.820280415e+01 -4.628271958e+02 -4.628271958e+02 +3.3050e-01 -7.1050e-01 -2.8033e-02 -9.6614e-01 +5.2530e-01
35 +2.672334163e+01 +2.672334163e+01 -4.643066584e+02 -4.643066584e+02 +7.5854e-01 -1.4526e+00 +4.1735e-01 -1.1222e+00 +7.3418e-01
36 +2.124442094e+01 +2.124442094e+01 -4.697855791e+02 -4.697855791e+02 +9.8859e-01 -1.0621e+00 -1.5211e-01 -1.2590e+00 +7.1026e-01
76 +2.065104683e+01 +2.065104683e+01 -4.703789532e+02 -4.703789532e+02 +1.0623e+00 -1.1143e+00 -5.1134e-01 -1.3486e+00 +7.8919e-01
86 +2.028608071e+01 +2.028608071e+01 -4.707439193e+02 -4.707439193e+02 +8.4635e-01 -1.5997e+00 -3.7938e-01 -1.5392e+00 +9.1423e-01
92 +1.980593247e+01 +1.980593247e+01 -4.712240675e+02 -4.712240675e+02 +7.7180e-01 -1.5168e+00 -5.1588e-01 -1.5909e+00 +7.3185e-01
153 +1.946329793e+01 +1.946329793e+01 -4.715667021e+02 -4.715667021e+02 +8.7568e-01 -1.5794e+00 -5.8263e-01 -1.6269e+00 +8.3008e-01
% function evaluation | noise-free fitness - Fopt (-1.930700000000e+02) | best noise-free fitness - Fopt | measured fitness | best measured fitness | x1 | x2...
1 +5.983787533e+01 +5.983787533e+01 -1.332321247e+02 -1.332321247e+02 +0.0000e+00 +0.0000e+00 +0.0000e+00 +0.0000e+00 +0.0000e+00
4 +5.026775295e+01 +5.026775295e+01 -1.428022471e+02 -1.428022471e+02 -1.3977e-01 +1.3761e-02 +2.1624e-01 -1.5136e-01 +4.1678e-01
12 +3.994635552e+01 +3.994635552e+01 -1.531236445e+02 -1.531236445e+02 -1.0257e-02 +5.7965e-02 +4.6149e-01 -3.8146e-01 +4.7277e-01
16 +3.509925273e+01 +3.509925273e+01 -1.579707473e+02 -1.579707473e+02 +4.6704e-02 +2.9625e-01 +5.4607e-01 -3.0872e-01 +1.7051e-01
19 +2.631061348e+01 +2.631061348e+01 -1.667593865e+02 -1.667593865e+02 -1.8811e-01 +1.6891e-01 +7.5614e-01 -7.4716e-01 +5.1081e-01
26 +1.183176011e+01 +1.183176011e+01 -1.812382399e+02 -1.812382399e+02 +1.4878e-01 +8.9542e-01 +1.1458e+00 -1.5672e+00 -2.4793e-01
36 +9.275733350e+00 +9.275733350e+00 -1.837942667e+02 -1.837942667e+02 -4.2972e-02 +1.1585e+00 +1.0338e+00 -1.3506e+00 -5.7089e-02
38 +7.384431241e+00 +7.384431241e+00 -1.856855688e+02 -1.856855688e+02 +4.4761e-01 +2.0071e+00 +1.7324e+00 -2.0433e+00 -3.0688e-01
45 +7.049025511e+00 +7.049025511e+00 -1.860209745e+02 -1.860209745e+02 +2.5233e-01 +1.3085e+00 +2.0784e+00 -1.4628e+00 +1.7149e-01
60 +4.589531709e+00 +4.589531709e+00 -1.884804683e+02 -1.884804683e+02 +2.6673e-01 +1.8305e+00 +1.7132e+00 -1.3997e+00 +1.8587e-01
68 +4.201655692e+00 +4.201655692e+00 -1.888683443e+02 -1.888683443e+02 +1.8846e-01 +2.7339e+00 +1.6989e+00 -1.4913e+00 -4.3888e-01
82 +3.665022499e+00 +3.665022499e+00 -1.894049775e+02 -1.894049775e+02 -7.8917e-02 +2.1020e+00 +1.4226e+00 -9.6994e-01 -3.6766e-01
87 +2.391308327e+00 +2.391308327e+00 -1.906786917e+02 -1.906786917e+02 -3.2106e-01 +2.2802e+00 +1.7106e+00 -1.3046e+00 -7.6195e-01
104 +2.086889175e+00 +2.086889175e+00 -1.909831108e+02 -1.909831108e+02 -3.8512e-01 +2.2787e+00 +2.0959e+00 -1.0135e+00 -4.0205e-01
% function evaluation | noise-free fitness - Fopt (-9.968000000000e+01) | best noise-free fitness - Fopt | measured fitness | best measured fitness | x1 | x2...
1 +4.626315200e+01 +4.626315200e+01 -5.341684800e+01 -5.341684800e+01 +0.0000e+00 +0.0000e+00 +0.0000e+00 +0.0000e+00 +0.0000e+00
2 +4.211778137e+01 +4.211778137e+01 -5.756221863e+01 -5.756221863e+01 -5.0862e-02 -3.3572e-01 +6.9271e-02 +3.0689e-02 +2.7632e-01
3 +2.486414495e+01 +2.486414495e+01 -7.481585505e+01 -7.481585505e+01 +2.9358e-01 +1.9835e-01 +4.8451e-01 -1.5288e-01 +1.0167e-01
14 +2.328823202e+01 +2.328823202e+01 -7.639176798e+01 -7.639176798e+01 +2.3700e-01 +1.7293e-01 +1.5396e-01 +2.3495e-01 +3.6857e-01
16 +1.503602316e+01 +1.503602316e+01 -8.464397684e+01 -8.464397684e+01 +2.6169e-01 +1.4515e-01 +4.7347e-01 +3.3803e-01 +5.6285e-01
18 +1.124997487e+01 +1.124997487e+01 -8.843002513e+01 -8.843002513e+01 +6.4812e-02 +6.1841e-02 +5.3459e-01 -9.9955e-02 +7.1291e-01
30 +7.245145674e+00 +7.245145674e+00 -9.243485433e+01 -9.243485433e+01 +2.1736e-01 +6.3806e-01 +6.6725e-01 -5.8972e-01 +8.2312e-01
35 +6.091017069e+00 +6.091017069e+00 -9.358898293e+01 -9.358898293e+01 +1.3442e-01 -1.3824e-01 +6.4211e-01 -9.6114e-03 +1.3000e+00
37 +2.906970654e+00 +2.906970654e+00 -9.677302935e+01 -9.677302935e+01 -2.5319e-01 +2.9473e-01 +1.3185e+00 -4.7131e-01 +1.4120e+00
48 +2.601320551e+00 +2.601320551e+00 -9.707867945e+01 -9.707867945e+01 +9.7564e-02 +6.7350e-02 +1.2185e+00 -9.9598e-02 +1.2288e+00
58 +2.025490152e+00 +2.025490152e+00 -9.765450985e+01 -9.765450985e+01 +4.5333e-01 +5.0055e-01 +1.7793e+00 -1.1333e-01 +1.0909e+00
62 +1.968038346e+00 +1.968038346e+00 -9.771196165e+01 -9.771196165e+01 +4.7581e-01 +5.2635e-01 +1.5290e+00 -7.7924e-01 +9.0739e-01
82 +9.102992369e-01 +9.102992369e-01 -9.876970076e+01 -9.876970076e+01 +8.6895e-01 +1.0449e-01 +1.6220e+00 -7.1838e-01 +1.3810e+00
95 +8.679284046e-01 +8.679284046e-01 -9.881207160e+01 -9.881207160e+01 +9.1028e-01 +1.5564e-01 +1.9910e+00 -9.6804e-01 +1.4688e+00
97 +7.936213631e-01 +7.936213631e-01 -9.888637864e+01 -9.888637864e+01 +1.2022e+00 -1.1936e-01 +1.7597e+00 -6.8121e-01 +1.1002e+00
102 +5.754729171e-01 +5.754729171e-01 -9.910452708e+01 -9.910452708e+01 +1.1715e+00 -1.6868e-01 +1.9705e+00 -2.1681e-01 +1.0326e+00
103 +3.145569009e-01 +3.145569009e-01 -9.936544310e+01 -9.936544310e+01 +1.2065e+00 -7.4315e-01 +2.2829e+00 -6.1844e-01 +1.5020e+00
173 +2.586272428e-02 +2.586272428e-02 -9.965413728e+01 -9.965413728e+01 +6.7555e-01 -8.2027e-01 +2.2831e+00 -2.3044e+00 +1.5496e+00
253 +3.565178941e-03 +3.565178941e-03 -9.967643482e+01 -9.967643482e+01 +6.7572e-01 -6.7903e-01 +1.9095e+00 -1.8012e+00 +1.6369e+00
260 +6.533407033e-04 +6.533407033e-04 -9.967934666e+01 -9.967934666e+01 +6.9744e-01 -6.0644e-01 +2.0462e+00 -1.7623e+00 +1.6579e+00
301 +1.432674182e-04 +1.432674182e-04 -9.967985673e+01 -9.967985673e+01 +6.8508e-01 -6.7091e-01 +2.0476e+00 -1.8909e+00 +1.6586e+00
319 +2.560526555e-05 +2.560526555e-05 -9.967997439e+01 -9.967997439e+01 +6.5286e-01 -6.8110e-01 +2.1118e+00 -1.9625e+00 +1.7024e+00
353 +5.877173734e-06 +5.877173734e-06 -9.967999412e+01 -9.967999412e+01 +5.9480e-01 -7.1101e-01 +2.0608e+00 -1.9824e+00 +1.7317e+00
388 +4.874866022e-08 +4.874866022e-08 -9.967999995e+01 -9.967999995e+01 +6.0004e-01 -7.1317e-01 +2.0670e+00 -2.0044e+00 +1.7031e+00
492 +2.904417329e-08 +2.904417329e-08 -9.967999997e+01 -9.967999997e+01 +5.9236e-01 -6.9521e-01 +2.0651e+00 -2.0045e+00 +1.7005e+00
560 +2.500618734e-08 +2.500618734e-08 -9.967999997e+01 -9.967999997e+01 +5.9949e-01 -6.9838e-01 +2.0670e+00 -2.0018e+00 +1.7042e+00
567 +1.259704163e-08 +1.259704163e-08 -9.967999999e+01 -9.967999999e+01 +6.0322e-01 -7.0969e-01 +2.0705e+00 -2.0080e+00 +1.7034e+00
594 +3.328082698e-09 +3.328082698e-09 -9.968000000e+01 -9.968000000e+01 +6.0308e-01 -7.0417e-01 +2.0758e+00 -2.0055e+00 +1.7021e+00
915 +0.000000000e+00 +0.000000000e+00 -9.968000000e+01 -9.968000000e+01 +6.0631e-01 -7.0112e-01 +2.0732e+00 -1.9898e+00 +1.6990e+00
% function evaluation | noise-free fitness - Fopt (-1.374400000000e+02) | best noise-free fitness - Fopt | measured fitness | best measured fitness | x1 | x2...
1 +5.795310763e+01 +5.795310763e+01 -7.948689237e+01 -7.948689237e+01 +0.0000e+00 +0.0000e+00 +0.0000e+00 +0.0000e+00 +0.0000e+00
5 +5.539664573e+01 +5.539664573e+01 -8.204335427e+01 -8.204335427e+01 -4.5380e-02 -1.0885e-01 -1.4252e-01 +1.8303e-01 -2.5025e-01
6 +5.190774417e+01 +5.190774417e+01 -8.553225583e+01 -8.553225583e+01 +1.4479e-01 +1.0685e-02 -2.0864e-01 -2.6426e-01 -2.1380e-01
20 +5.050420766e+01 +5.050420766e+01 -8.693579234e+01 -8.693579234e+01 +1.7024e-01 +1.9906e-01 -3.2626e-01 -2.5700e-01 -2.4692e-01
22 +4.544759244e+01 +4.544759244e+01 -9.199240756e+01 -9.199240756e+01 +5.0908e-01 +6.1529e-01 -6.3074e-02 -2.1067e-01 +3.4217e-01
31 +4.166619818e+01 +4.166619818e+01 -9.577380182e+01 -9.577380182e+01 +7.0231e-01 +8.5053e-02 -1.4966e-01 -4.3401e-01 +3.9330e-01
62 +3.726809890e+01 +3.726809890e+01 -1.001719011e+02 -1.001719011e+02 +5.3965e-01 +7.5309e-02 +2.9153e-01 -8.2742e-01 +3.6910e-01
67 +3.455830034e+01 +3.455830034e+01 -1.028816997e+02 -1.028816997e+02 +2.2794e-01 +1.8916e-01 +3.4333e-01 -5.4449e-01 +6.4544e-01
71 +3.006166685e+01 +3.006166685e+01 -1.073783332e+02 -1.073783332e+02 +4.2966e-01 +3.3898e-02 +2.7564e-04 -1.1805e+00 +6.8625e-01
75 +2.666223422e+01 +2.666223422e+01 -1.107777658e+02 -1.107777658e+02 +2.9325e-01 +1.2302e-01 -2.9011e-01 -8.7752e-01 +1.2290e+00
92 +2.629541902e+01 +2.629541902e+01 -1.111445810e+02 -1.111445810e+02 +2.8407e-01 -2.7225e-01 +4.8604e-01 -1.2230e+00 +1.4240e+00
96 +2.418139118e+01 +2.418139118e+01 -1.132586088e+02 -1.132586088e+02 +5.3215e-01 -2.4125e-01 -4.0847e-02 -6.8302e-01 +1.4405e+00
107 +2.289048806e+01 +2.289048806e+01 -1.145495119e+02 -1.145495119e+02 +3.6140e-01 -7.4159e-01 +4.6540e-01 -8.7138e-01 +1.3618e+00
131 +2.106423897e+01 +2.106423897e+01 -1.163757610e+02 -1.163757610e+02 +4.0609e-01 -1.2375e+00 +1.4935e-01 -1.0926e+00 +1.4555e+00
226 +1.447146244e+01 +1.447146244e+01 -1.229685376e+02 -1.229685376e+02 +4.9930e-01 -2.9635e+00 +1.1098e+00 -1.0281e+00 +5.7245e-01
314 +1.363386137e+01 +1.363386137e+01 -1.238061386e+02 -1.238061386e+02 +1.3447e+00 -3.7104e+00 +1.0419e+00 -1.1761e+00 +3.6805e-01
324 +1.267342848e+01 +1.267342848e+01 -1.247665715e+02 -1.247665715e+02 +1.3367e+00 -3.7871e+00 +7.4085e-01 -1.1470e+00 +4.6332e-01
343 +1.092890866e+01 +1.092890866e+01 -1.265110913e+02 -1.265110913e+02 +9.0487e-01 -3.7670e+00 +1.0779e+00 -7.3012e-01 +8.4865e-01
461 +1.046821354e+01 +1.046821354e+01 -1.269717865e+02 -1.269717865e+02 +5.7179e-01 -3.5812e+00 +1.1213e+00 -6.0760e-01 +1.0524e+00
552 +1.022703827e+01 +1.022703827e+01 -1.272129617e+02 -1.272129617e+02 +5.7347e-01 -3.6913e+00 +1.1962e+00 -4.1197e-01 +1.2670e+00
767 +9.995018308e+00 +9.995018308e+00 -1.274449817e+02 -1.274449817e+02 +3.5756e-01 -3.5672e+00 +1.2853e+00 -1.9846e-01 +1.4503e+00
% function evaluation | noise-free fitness - Fopt (-4.956000000000e+01) | best noise-free fitness - Fopt | measured fitness | best measured fitness | x1 | x2...
1 +6.808186724e+01 +6.808186724e+01 +1.852186724e+01 +1.852186724e+01 +0.0000e+00 +0.0000e+00 +0.0000e+00 +0.0000e+00 +0.0000e+00
2 +6.568059204e+01 +6.568059204e+01 +1.612059204e+01 +1.612059204e+01 +3.3662e-01 -1.8883e-01 -2.0174e-01 -1.5350e-01 +4.3592e-02
6 +6.277625010e+01 +6.277625010e+01 +1.321625010e+01 +1.321625010e+01 -5.3048e-02 +2.6131e-01 -1.0776e-02 -4.8230e-01 -3.1854e-01
24 +6.139342969e+01 +6.139342969e+01 +1.183342969e+01 +1.183342969e+01 -1.1688e-02 -3.6337e-02 +7.8807e-02 -4.7973e-01 -4.6898e-01
30 +5.564346974e+01 +5.564346974e+01 +6.083469745e+00 +6.083469745e+00 -2.1049e-02 +1.9160e-01 +2.6895e-01 -1.0861e+00 -1.7840e-01
32 +5.391203834e+01 +5.391203834e+01 +4.352038340e+00 +4.352038340e+00 +1.6133e-01 -9.0516e-02 +6.1205e-01 -8.0536e-01 -2.5244e-01
38 +3.621626032e+01 +3.621626032e+01 -1.334373968e+01 -1.334373968e+01 -1.9501e-01 +2.7189e-01 +9.0112e-01 -8.4073e-01 -1.7648e-01
59 +2.897406439e+01 +2.897406439e+01 -2.058593561e+01 -2.058593561e+01 -3.2524e-01 +5.6742e-01 +1.2037e+00 -6.5283e-01 +1.9772e-01
66 +2.596383892e+01 +2.596383892e+01 -2.359616108e+01 -2.359616108e+01 -8.4708e-01 +5.9400e-01 +8.3511e-01 -3.5113e-01 +9.9366e-03
78 +2.524752708e+01 +2.524752708e+01 -2.431247292e+01 -2.431247292e+01 -1.2154e+00 +5.5881e-01 +1.4542e+00 -5.3164e-01 +8.9311e-01
84 +1.877339234e+01 +1.877339234e+01 -3.078660766e+01 -3.078660766e+01 -1.7667e+00 +1.1017e+00 +1.2412e+00 +1.3771e+00 +1.0257e+00
109 +1.831366181e+01 +1.831366181e+01 -3.124633819e+01 -3.124633819e+01 -1.4494e+00 +1.5796e+00 +1.6120e+00 +9.1923e-01 +7.4117e-01
117 +1.762788604e+01 +1.762788604e+01 -3.193211396e+01 -3.193211396e+01 -1.7355e+00 +9.2358e-01 +1.8692e+00 +1.2639e+00 +1.4288e+00
160 +1.717988920e+01 +1.717988920e+01 -3.238011080e+01 -3.238011080e+01 -1.8790e+00 +5.7793e-01 +1.7537e+00 +1.6474e+00 +1.3013e+00
174 +1.694346248e+01 +1.694346248e+01 -3.261653752e+01 -3.261653752e+01 -1.7444e+00 +6.3018e-01 +1.8808e+00 +1.7940e+00 +1.4027e+00
183 +1.567203256e+01 +1.567203256e+01 -3.388796744e+01 -3.388796744e+01 -1.6787e+00 +7.8462e-01 +1.8277e+00 +2.3242e+00 +1.7674e+00
203 +1.390581166e+01 +1.390581166e+01 -3.565418834e+01 -3.565418834e+01 -1.8768e+00 +9.5467e-01 +1.9226e+00 +2.4092e+00 +1.6496e+00
211 +1.338180619e+01 +1.338180619e+01 -3.617819381e+01 -3.617819381e+01 -2.0844e+00 +8.3199e-01 +1.8922e+00 +3.0296e+00 +1.7650e+00
256 +1.294372605e+01 +1.294372605e+01 -3.661627395e+01 -3.661627395e+01 -2.0814e+00 +9.5332e-01 +1.8753e+00 +3.0938e+00 +1.6571e+00
260 +1.280727611e+01 +1.280727611e+01 -3.675272389e+01 -3.675272389e+01 -2.0444e+00 +1.0167e+00 +1.7913e+00 +3.2360e+00 +1.5551e+00
267 +1.247635881e+01 +1.247635881e+01 -3.708364119e+01 -3.708364119e+01 -2.1409e+00 +1.0704e+00 +1.7841e+00 +3.1402e+00 +1.5015e+00
332 +1.227803081e+01 +1.227803081e+01 -3.728196919e+01 -3.728196919e+01 -2.0240e+00 +1.3189e+00 +1.7394e+00 +2.9951e+00 +1.3496e+00
% function evaluation | noise-free fitness - Fopt (2.668500000000e+02) | best noise-free fitness - Fopt | measured fitness | best measured fitness | x1 | x2...
1 +3.230764600e+01 +3.230764600e+01 +2.991576460e+02 +2.991576460e+02 +0.0000e+00 +0.0000e+00 +0.0000e+00 +0.0000e+00 +0.0000e+00
2 +2.665910314e+01 +2.665910314e+01 +2.935091031e+02 +2.935091031e+02 +5.1268e-02 -1.1570e-01 +7.7305e-02 -3.1319e-01 +7.5283e-03
12 +2.288614858e+01 +2.288614858e+01 +2.897361486e+02 +2.897361486e+02 +3.7657e-01 -5.6321e-02 +4.9927e-02 -6.8280e-01 -2.1369e-01
15 +1.969848900e+01 +1.969848900e+01 +2.865484890e+02 +2.865484890e+02 +3.8745e-01 -4.2602e-01 -9.5390e-03 -1.9334e-02 -3.8702e-01
22 +1.925438762e+01 +1.925438762e+01 +2.861043876e+02 +2.861043876e+02 +9.1592e-01 -4.7406e-01 -3.5411e-02 -2.1953e-01 -8.4148e-01
27 +1.029448850e+01 +1.029448850e+01 +2.771444885e+02 +2.771444885e+02 +6.2555e-01 -8.6856e-01 -3.6125e-01 -7.0850e-01 -3.5628e-01
41 +9.806985544e+00 +9.806985544e+00 +2.766569855e+02 +2.766569855e+02 +7.6533e-01 -9.6054e-01 -7.6733e-01 -1.0131e+00 -7.2111e-01
44 +8.800753694e+00 +8.800753694e+00 +2.756507537e+02 +2.756507537e+02 +1.1139e+00 -9.4964e-01 -1.6095e+00 -9.8753e-01 -4.8724e-01
46 +7.333731533e+00 +7.333731533e+00 +2.741837315e+02 +2.741837315e+02 +1.0658e+00 -1.2156e+00 -1.5403e+00 -1.3212e+00 +4.6969e-01
52 +5.637452578e+00 +5.637452578e+00 +2.724874526e+02 +2.724874526e+02 +7.2476e-01 -1.9539e+00 -1.4559e+00 -1.0613e+00 +3.3146e-01
69 +4.551234078e+00 +4.551234078e+00 +2.714012341e+02 +2.714012341e+02 +6.0507e-01 -1.7801e+00 -1.2413e+00 -2.7153e-02 -6.4132e-01
71 +2.254625784e+00 +2.254625784e+00 +2.691046258e+02 +2.691046258e+02 +3.5887e-01 -2.5705e+00 -2.1637e+00 -6.7956e-01 -5.6398e-01
89 +1.993596483e+00 +1.993596483e+00 +2.688435965e+02 +2.688435965e+02 +3.2001e-01 -2.1884e+00 -1.6988e+00 -1.5206e+00 -1.3719e-01
299 +1.948636871e+00 +1.948636871e+00 +2.687986369e+02 +2.687986369e+02 +3.0398e-01 -2.4794e+00 -1.8229e+00 -1.4225e+00 -1.3089e-01
% function evaluation | noise-free fitness - Fopt (2.780000000000e+02) | best noise-free fitness - Fopt | measured fitness | best measured fitness | x1 | x2...
1 +4.462389529e+01 +4.462389529e+01 +3.226238953e+02 +3.226238953e+02 +0.0000e+00 +0.0000e+00 +0.0000e+00 +0.0000e+00 +0.0000e+00
11 +4.232046599e+01 +4.232046599e+01 +3.203204660e+02 +3.203204660e+02 -1.1004e-01 +6.2410e-02 +1.0583e-01 -9.3610e-02 +1.8788e-01
25 +4.078470774e+01 +4.078470774e+01 +3.187847077e+02 +3.187847077e+02 +1.9566e-01 -2.5750e-01 -5.8910e-02 -1.7250e-01 +3.0180e-02
38 +3.966794328e+01 +3.966794328e+01 +3.176679433e+02 +3.176679433e+02 +1.6258e-01 -1.7993e-01 -5.9547e-02 -1.7444e-01 +1.8137e-01
47 +3.845672475e+01 +3.845672475e+01 +3.164567248e+02 +3.164567248e+02 +3.9375e-01 -1.4192e-01 -2.0620e-01 -2.3396e-01 +2.1224e-01
91 +3.784824023e+01 +3.784824023e+01 +3.158482402e+02 +3.158482402e+02 +2.4950e-01 -1.5334e-01 -2.4621e-01 -1.7596e-01 +2.4192e-01
96 +3.678024216e+01 +3.678024216e+01 +3.147802422e+02 +3.147802422e+02 +1.7923e-01 -1.7703e-01 -3.4045e-01 -2.3762e-01 +2.9052e-01
122 +3.540284850e+01 +3.540284850e+01 +3.134028485e+02 +3.134028485e+02 +8.5033e-03 -1.4819e-01 -5.8616e-01 -2.0289e-01 +3.0063e-01
153 +3.459691084e+01 +3.459691084e+01 +3.125969108e+02 +3.125969108e+02 +1.9148e-01 -1.8829e-01 -7.4414e-01 -2.7489e-01 +3.0610e-01
160 +3.354689267e+01 +3.354689267e+01 +3.115468927e+02 +3.115468927e+02 +2.3293e-01 -6.4853e-02 -6.4262e-01 -1.9684e-01 +5.0918e-01
168 +3.232126959e+01 +3.232126959e+01 +3.103212696e+02 +3.103212696e+02 +7.7741e-02 +3.9446e-02 -6.8033e-01 -1.7344e-01 +6.6426e-01
195 +3.074465652e+01 +3.074465652e+01 +3.087446565e+02 +3.087446565e+02 +2.5077e-02 +4.0351e-02 -1.0314e+00 -1.9816e-01 +7.4526e-01
221 +3.016016793e+01 +3.016016793e+01 +3.081601679e+02 +3.081601679e+02 +1.5884e-01 +1.0619e-02 -1.2087e+00 -2.7120e-01 +8.6609e-01
236 +2.905158529e+01 +2.905158529e+01 +3.070515853e+02 +3.070515853e+02 +3.3683e-01 +8.7533e-02 -1.2670e+00 -2.2693e-01 +8.9709e-01
251 +2.866889934e+01 +2.866889934e+01 +3.066688993e+02 +3.066688993e+02 +2.7173e-01 +1.8905e-01 -1.1983e+00 -3.0325e-01 +9.2965e-01
262 +2.734876300e+01 +2.734876300e+01 +3.053487630e+02 +3.053487630e+02 +3.2143e-01 +3.0194e-01 -1.3410e+00 -2.1686e-01 +1.1184e+00
275 +2.566442621e+01 +2.566442621e+01 +3.036644262e+02 +3.036644262e+02 +3.3111e-01 +4.9425e-01 -1.7904e+00 -1.5659e-01 +1.4679e+00
296 +2.501052564e+01 +2.501052564e+01 +3.030105256e+02 +3.030105256e+02 +2.9228e-01 +5.2059e-01 -2.3267e+00 -3.3053e-01 +1.7744e+00
304 +2.391150960e+01 +2.391150960e+01 +3.019115096e+02 +3.019115096e+02 +4.0955e-01 +7.4533e-01 -2.5509e+00 -4.0932e-01 +2.0806e+00
363 +2.312194412e+01 +2.312194412e+01 +3.011219441e+02 +3.011219441e+02 +4.5008e-01 +8.9297e-01 -2.0171e+00 -3.1117e-01 +2.1292e+00
371 +2.251661379e+01 +2.251661379e+01 +3.005166138e+02 +3.005166138e+02 +6.2810e-01 +1.1109e+00 -2.3359e+00 -2.9642e-01 +2.5224e+00
378 +2.233631916e+01 +2.233631916e+01 +3.003363192e+02 +3.003363192e+02 +5.9416e-01 +1.0561e+00 -2.4948e+00 -3.4934e-01 +2.5657e+00
490 +2.180579854e+01 +2.180579854e+01 +2.998057985e+02 +2.998057985e+02 +9.0862e-01 +1.1234e+00 -2.4673e+00 -4.8759e-01 +2.7051e+00
641 +2.136741774e+01 +2.136741774e+01 +2.993674177e+02 +2.993674177e+02 +1.0053e+00 +1.1031e+00 -2.6393e+00 -5.4573e-01 +2.6847e+00
732 +2.077994311e+01 +2.077994311e+01 +2.987799431e+02 +2.987799431e+02 +1.3466e+00 +1.1339e+00 -2.8399e+00 -6.8688e-01 +2.8074e+00
830 +2.031002566e+01 +2.031002566e+01 +2.983100257e+02 +2.983100257e+02 +1.6831e+00 +1.0891e+00 -2.9448e+00 -8.2658e-01 +2.7937e+00
924 +1.979767866e+01 +1.979767866e+01 +2.977976787e+02 +2.977976787e+02 +1.9902e+00 +9.8714e-01 -3.1822e+00 -9.6431e-01 +2.7425e+00
1047 +1.947686372e+01 +1.947686372e+01 +2.974768637e+02 +2.974768637e+02 +2.2618e+00 +9.0262e-01 -3.3469e+00 -1.0959e+00 +2.6965e+00
1126 +1.896998048e+01 +1.896998048e+01 +2.969699805e+02 +2.969699805e+02 +2.8389e+00 +7.7399e-01 -3.6632e+00 -1.4002e+00 +2.7287e+00
1286 +1.860604893e+01 +1.860604893e+01 +2.966060489e+02 +2.966060489e+02 +3.4739e+00 +7.4858e-01 -4.0220e+00 -1.6300e+00 +2.8103e+00
