% function evaluation | noise-free fitness - Fopt (9.294000000000e+01) | best noise-free fitness - Fopt | measured fitness | best measured fitness | x1 | x2...
1 +1.445170813e+03 +1.445170813e+03 +1.538110813e+03 +1.538110813e+03
3 +1.369800537e+03 +1.369800537e+03 +1.462740537e+03 +1.462740537e+03
5 +1.243950993e+03 +1.243950993e+03 +1.336890993e+03 +1.336890993e+03
15 +1.220554445e+03 +1.220554445e+03 +1.313494445e+03 +1.313494445e+03
28 +1.182404170e+03 +1.182404170e+03 +1.275344170e+03 +1.275344170e+03
30 +1.173321839e+03 +1.173321839e+03 +1.266261839e+03 +1.266261839e+03
43 +1.038155799e+03 +1.038155799e+03 +1.131095799e+03 +1.131095799e+03
59 +1.007682705e+03 +1.007682705e+03 +1.100622705e+03 +1.100622705e+03
60 +9.256276473e+02 +9.256276473e+02 +1.018567647e+03 +1.018567647e+03
61 +8.991671820e+02 +8.991671820e+02 +9.921071820e+02 +9.921071820e+02
75 +8.866144332e+02 +8.866144332e+02 +9.795544332e+02 +9.795544332e+02
89 +8.496643600e+02 +8.496643600e+02 +9.426043600e+02 +9.426043600e+02
92 +8.094157673e+02 +8.094157673e+02 +9.023557673e+02 +9.023557673e+02
102 +7.923456661e+02 +7.923456661e+02 +8.852856661e+02 +8.852856661e+02
107 +7.118705781e+02 +7.118705781e+02 +8.048105781e+02 +8.048105781e+02
120 +6.867078771e+02 +6.867078771e+02 +7.796478771e+02 +7.796478771e+02
122 +6.635922312e+02 +6.635922312e+02 +7.565322312e+02 +7.565322312e+02
138 +6.372937906e+02 +6.372937906e+02 +7.302337906e+02 +7.302337906e+02
153 +6.193545503e+02 +6.193545503e+02 +7.122945503e+02 +7.122945503e+02
155 +5.171716791e+02 +5.171716791e+02 +6.101116791e+02 +6.101116791e+02
169 +4.387880804e+02 +4.387880804e+02 +5.317280804e+02 +5.317280804e+02
179 +4.214610960e+02 +4.214610960e+02 +5.144010960e+02 +5.144010960e+02
187 +4.041086877e+02 +4.041086877e+02 +4.970486877e+02 +4.970486877e+02
188 +3.826624633e+02 +3.826624633e+02 +4.756024633e+02 +4.756024633e+02
200 +3.678082036e+02 +3.678082036e+02 +4.607482036e+02 +4.607482036e+02
202 +3.517154985e+02 +3.517154985e+02 +4.446554985e+02 +4.446554985e+02
212 +3.284525474e+02 +3.284525474e+02 +4.213925474e+02 +4.213925474e+02
213 +3.229031105e+02 +3.229031105e+02 +4.158431105e+02 +4.158431105e+02
217 +2.952587463e+02 +2.952587463e+02 +3.881987463e+02 +3.881987463e+02
218 +2.944075738e+02 +2.944075738e+02 +3.873475738e+02 +3.873475738e+02
239 +2.799019213e+02 +2.799019213e+02 +3.728419213e+02 +3.728419213e+02
242 +2.579197246e+02 +2.579197246e+02 +3.508597246e+02 +3.508597246e+02
251 +2.483938371e+02 +2.483938371e+02 +3.413338371e+02 +3.413338371e+02
254 +2.439993781e+02 +2.439993781e+02 +3.369393781e+02 +3.369393781e+02
262 +2.188155591e+02 +2.188155591e+02 +3.117555591e+02 +3.117555591e+02
284 +2.158711085e+02 +2.158711085e+02 +3.088111085e+02 +3.088111085e+02
300 +2.039287540e+02 +2.039287540e+02 +2.968687540e+02 +2.968687540e+02
312 +1.961340554e+02 +1.961340554e+02 +2.890740554e+02 +2.890740554e+02
316 +1.902770615e+02 +1.902770615e+02 +2.832170615e+02 +2.832170615e+02
321 +1.824080404e+02 +1.824080404e+02 +2.753480404e+02 +2.753480404e+02
333 +1.619314045e+02 +1.619314045e+02 +2.548714045e+02 +2.548714045e+02
334 +1.580467281e+02 +1.580467281e+02 +2.509867281e+02 +2.509867281e+02
373 +1.220339331e+02 +1.220339331e+02 +2.149739331e+02 +2.149739331e+02
462 +1.179223771e+02 +1.179223771e+02 +2.108623771e+02 +2.108623771e+02
474 +1.157478493e+02 +1.157478493e+02 +2.086878493e+02 +2.086878493e+02
475 +1.131493267e+02 +1.131493267e+02 +2.060893267e+02 +2.060893267e+02
479 +1.116352783e+02 +1.116352783e+02 +2.045752783e+02 +2.045752783e+02
606 +1.044187029e+02 +1.044187029e+02 +1.973587029e+02 +1.973587029e+02
693 +1.015083948e+02 +1.015083948e+02 +1.944483948e+02 +1.944483948e+02
702 +9.968616583e+01 +9.968616583e+01 +1.926261658e+02 +1.926261658e+02
717 +9.596632932e+01 +9.596632932e+01 +1.889063293e+02 +1.889063293e+02
723 +9.306976961e+01 +9.306976961e+01 +1.860097696e+02 +1.860097696e+02
763 +8.933489481e+01 +8.933489481e+01 +1.822748948e+02 +1.822748948e+02
776 +8.839359288e+01 +8.839359288e+01 +1.813335929e+02 +1.813335929e+02
812 +8.654458044e+01 +8.654458044e+01 +1.794845804e+02 +1.794845804e+02
829 +8.501260162e+01 +8.501260162e+01 +1.779526016e+02 +1.779526016e+02
868 +8.090741662e+01 +8.090741662e+01 +1.738474166e+02 +1.738474166e+02
934 +7.800230527e+01 +7.800230527e+01 +1.709423053e+02 +1.709423053e+02
1002 +7.157519307e+01 +7.157519307e+01 +1.645151931e+02 +1.645151931e+02
1099 +6.842861056e+01 +6.842861056e+01 +1.613686106e+02 +1.613686106e+02
1114 +6.753494315e+01 +6.753494315e+01 +1.604749432e+02 +1.604749432e+02
1139 +6.462000423e+01 +6.462000423e+01 +1.575600042e+02 +1.575600042e+02
1142 +6.290779590e+01 +6.290779590e+01 +1.558477959e+02 +1.558477959e+02
1266 +5.821085114e+01 +5.821085114e+01 +1.511508511e+02 +1.511508511e+02
1285 +5.348409708e+01 +5.348409708e+01 +1.464240971e+02 +1.464240971e+02
1292 +5.232045265e+01 +5.232045265e+01 +1.452604526e+02 +1.452604526e+02
1309 +5.045448875e+01 +5.045448875e+01 +1.433944887e+02 +1.433944887e+02
1325 +4.953034258e+01 +4.953034258e+01 +1.424703426e+02 +1.424703426e+02
1329 +4.869628497e+01 +4.869628497e+01 +1.416362850e+02 +1.416362850e+02
1392 +4.770997181e+01 +4.770997181e+01 +1.406499718e+02 +1.406499718e+02
2052 +4.653146397e+01 +4.653146397e+01 +1.394714640e+02 +1.394714640e+02
2190 +4.565871648e+01 +4.565871648e+01 +1.385987165e+02 +1.385987165e+02
2262 +4.464166312e+01 +4.464166312e+01 +1.375816631e+02 +1.375816631e+02
9002 +4.335528692e+01 +4.335528692e+01 +1.362952869e+02 +1.362952869e+02
% function evaluation | noise-free fitness - Fopt (3.535000000000e+01) | best noise-free fitness - Fopt | measured fitness | best measured fitness | x1 | x2...
1 +2.071631794e+03 +2.071631794e+03 +2.106981794e+03 +2.106981794e+03
2 +1.880687435e+03 +1.880687435e+03 +1.916037435e+03 +1.916037435e+03
10 +1.831591685e+03 +1.831591685e+03 +1.866941685e+03 +1.866941685e+03
22 +1.740262543e+03 +1.740262543e+03 +1.775612543e+03 +1.775612543e+03
27 +1.694414002e+03 +1.694414002e+03 +1.729764002e+03 +1.729764002e+03
30 +1.659269900e+03 +1.659269900e+03 +1.694619900e+03 +1.694619900e+03
35 +1.615708049e+03 +1.615708049e+03 +1.651058049e+03 +1.651058049e+03
45 +1.498486196e+03 +1.498486196e+03 +1.533836196e+03 +1.533836196e+03
51 +1.465224131e+03 +1.465224131e+03 +1.500574131e+03 +1.500574131e+03
59 +1.424929654e+03 +1.424929654e+03 +1.460279654e+03 +1.460279654e+03
61 +1.378262661e+03 +1.378262661e+03 +1.413612661e+03 +1.413612661e+03
76 +1.312146078e+03 +1.312146078e+03 +1.347496078e+03 +1.347496078e+03
82 +1.286795192e+03 +1.286795192e+03 +1.322145192e+03 +1.322145192e+03
85 +1.158797317e+03 +1.158797317e+03 +1.194147317e+03 +1.194147317e+03
98 +1.112272563e+03 +1.112272563e+03 +1.147622563e+03 +1.147622563e+03
109 +9.677421909e+02 +9.677421909e+02 +1.003092191e+03 +1.003092191e+03
124 +9.356272167e+02 +9.356272167e+02 +9.709772167e+02 +9.709772167e+02
132 +8.811575610e+02 +8.811575610e+02 +9.165075610e+02 +9.165075610e+02
144 +8.310824869e+02 +8.310824869e+02 +8.664324869e+02 +8.664324869e+02
151 +7.696050838e+02 +7.696050838e+02 +8.049550838e+02 +8.049550838e+02
159 +7.287363014e+02 +7.287363014e+02 +7.640863014e+02 +7.640863014e+02
167 +6.826477854e+02 +6.826477854e+02 +7.179977854e+02 +7.179977854e+02
174 +6.237116300e+02 +6.237116300e+02 +6.590616300e+02 +6.590616300e+02
196 +5.997901317e+02 +5.997901317e+02 +6.351401317e+02 +6.351401317e+02
223 +5.513878046e+02 +5.513878046e+02 +5.867378046e+02 +5.867378046e+02
228 +5.474900549e+02 +5.474900549e+02 +5.828400549e+02 +5.828400549e+02
232 +5.127412124e+02 +5.127412124e+02 +5.480912124e+02 +5.480912124e+02
248 +4.924791653e+02 +4.924791653e+02 +5.278291653e+02 +5.278291653e+02
252 +4.595784564e+02 +4.595784564e+02 +4.949284564e+02 +4.949284564e+02
259 +4.208951062e+02 +4.208951062e+02 +4.562451062e+02 +4.562451062e+02
293 +4.078548095e+02 +4.078548095e+02 +4.432048095e+02 +4.432048095e+02
294 +4.063923683e+02 +4.063923683e+02 +4.417423683e+02 +4.417423683e+02
296 +3.870562350e+02 +3.870562350e+02 +4.224062350e+02 +4.224062350e+02
298 +3.664235547e+02 +3.664235547e+02 +4.017735547e+02 +4.017735547e+02
309 +3.047583254e+02 +3.047583254e+02 +3.401083254e+02 +3.401083254e+02
339 +2.687913818e+02 +2.687913818e+02 +3.041413818e+02 +3.041413818e+02
388 +2.536843700e+02 +2.536843700e+02 +2.890343700e+02 +2.890343700e+02
398 +2.502183127e+02 +2.502183127e+02 +2.855683127e+02 +2.855683127e+02
430 +2.268409742e+02 +2.268409742e+02 +2.621909742e+02 +2.621909742e+02
448 +2.237601713e+02 +2.237601713e+02 +2.591101713e+02 +2.591101713e+02
501 +2.166961940e+02 +2.166961940e+02 +2.520461940e+02 +2.520461940e+02
507 +2.112819106e+02 +2.112819106e+02 +2.466319106e+02 +2.466319106e+02
517 +1.904006126e+02 +1.904006126e+02 +2.257506126e+02 +2.257506126e+02
528 +1.848665678e+02 +1.848665678e+02 +2.202165678e+02 +2.202165678e+02
533 +1.744826988e+02 +1.744826988e+02 +2.098326988e+02 +2.098326988e+02
550 +1.682678295e+02 +1.682678295e+02 +2.036178295e+02 +2.036178295e+02
552 +1.521214765e+02 +1.521214765e+02 +1.874714765e+02 +1.874714765e+02
606 +1.322431260e+02 +1.322431260e+02 +1.675931260e+02 +1.675931260e+02
618 +1.295004569e+02 +1.295004569e+02 +1.648504569e+02 +1.648504569e+02
626 +1.239658022e+02 +1.239658022e+02 +1.593158022e+02 +1.593158022e+02
708 +1.117655978e+02 +1.117655978e+02 +1.471155978e+02 +1.471155978e+02
791 +9.925667051e+01 +9.925667051e+01 +1.346066705e+02 +1.346066705e+02
798 +9.667270390e+01 +9.667270390e+01 +1.320227039e+02 +1.320227039e+02
805 +9.019500247e+01 +9.019500247e+01 +1.255450025e+02 +1.255450025e+02
828 +8.442986119e+01 +8.442986119e+01 +1.197798612e+02 +1.197798612e+02
958 +8.249389579e+01 +8.249389579e+01 +1.178438958e+02 +1.178438958e+02
971 +7.614824406e+01 +7.614824406e+01 +1.114982441e+02 +1.114982441e+02
1052 +7.501875054e+01 +7.501875054e+01 +1.103687505e+02 +1.103687505e+02
1078 +7.282122115e+01 +7.282122115e+01 +1.081712212e+02 +1.081712212e+02
1088 +7.205769588e+01 +7.205769588e+01 +1.074076959e+02 +1.074076959e+02
1097 +7.071271543e+01 +7.071271543e+01 +1.060627154e+02 +1.060627154e+02
1104 +6.710748717e+01 +6.710748717e+01 +1.024574872e+02 +1.024574872e+02
1106 +6.486728688e+01 +6.486728688e+01 +1.002172869e+02 +1.002172869e+02
1239 +6.431910388e+01 +6.431910388e+01 +9.966910388e+01 +9.966910388e+01
1241 +6.178930476e+01 +6.178930476e+01 +9.713930476e+01 +9.713930476e+01
1246 +5.687127289e+01 +5.687127289e+01 +9.222127289e+01 +9.222127289e+01
1252 +5.476041952e+01 +5.476041952e+01 +9.011041952e+01 +9.011041952e+01
1266 +5.104705789e+01 +5.104705789e+01 +8.639705789e+01 +8.639705789e+01
1641 +5.009325477e+01 +5.009325477e+01 +8.544325477e+01 +8.544325477e+01
2112 +4.889059364e+01 +4.889059364e+01 +8.424059364e+01 +8.424059364e+01
2644 +4.779801568e+01 +4.779801568e+01 +8.314801568e+01 +8.314801568e+01
3219 +4.633971932e+01 +4.633971932e+01 +8.168971932e+01 +8.168971932e+01
3256 +4.404223715e+01 +4.404223715e+01 +7.939223715e+01 +7.939223715e+01
3368 +4.364648736e+01 +4.364648736e+01 +7.899648736e+01 +7.899648736e+01
4278 +4.264985195e+01 +4.264985195e+01 +7.799985195e+01 +7.799985195e+01
5126 +4.159179354e+01 +4.159179354e+01 +7.694179354e+01 +7.694179354e+01
% function evaluation | noise-free fitness - Fopt (3.820000000000e+00) | best noise-free fitness - Fopt | measured fitness | best measured fitness | x1 | x2...
1 +1.397016808e+03 +1.397016808e+03 +1.400836808e+03 +1.400836808e+03
3 +1.339273098e+03 +1.339273098e+03 +1.343093098e+03 +1.343093098e+03
11 +1.278617299e+03 +1.278617299e+03 +1.282437299e+03 +1.282437299e+03
23 +1.233660582e+03 +1.233660582e+03 +1.237480582e+03 +1.237480582e+03
24 +1.223390041e+03 +1.223390041e+03 +1.227210041e+03 +1.227210041e+03
26 +1.177272144e+03 +1.177272144e+03 +1.181092144e+03 +1.181092144e+03
31 +1.143500267e+03 +1.143500267e+03 +1.147320267e+03 +1.147320267e+03
34 +1.066479753e+03 +1.066479753e+03 +1.070299753e+03 +1.070299753e+03
42 +1.032184596e+03 +1.032184596e+03 +1.036004596e+03 +1.036004596e+03
48 +1.009109075e+03 +1.009109075e+03 +1.012929075e+03 +1.012929075e+03
51 +9.481663571e+02 +9.481663571e+02 +9.519863571e+02 +9.519863571e+02
71 +9.237371228e+02 +9.237371228e+02 +9.275571228e+02 +9.275571228e+02
75 +8.770444394e+02 +8.770444394e+02 +8.808644394e+02 +8.808644394e+02
79 +8.563777568e+02 +8.563777568e+02 +8.601977568e+02 +8.601977568e+02
83 +8.473888262e+02 +8.473888262e+02 +8.512088262e+02 +8.512088262e+02
97 +7.737694079e+02 +7.737694079e+02 +7.775894079e+02 +7.775894079e+02
101 +7.185156853e+02 +7.185156853e+02 +7.223356853e+02 +7.223356853e+02
111 +6.752560284e+02 +6.752560284e+02 +6.790760284e+02 +6.790760284e+02
138 +6.522597613e+02 +6.522597613e+02 +6.560797613e+02 +6.560797613e+02
149 +6.279861600e+02 +6.279861600e+02 +6.318061600e+02 +6.318061600e+02
154 +6.053758125e+02 +6.053758125e+02 +6.091958125e+02 +6.091958125e+02
164 +5.959853617e+02 +5.959853617e+02 +5.998053617e+02 +5.998053617e+02
169 +5.668478528e+02 +5.668478528e+02 +5.706678528e+02 +5.706678528e+02
179 +5.280564567e+02 +5.280564567e+02 +5.318764567e+02 +5.318764567e+02
184 +5.110663051e+02 +5.110663051e+02 +5.148863051e+02 +5.148863051e+02
190 +4.695190144e+02 +4.695190144e+02 +4.733390144e+02 +4.733390144e+02
201 +4.380450165e+02 +4.380450165e+02 +4.418650165e+02 +4.418650165e+02
206 +4.127277056e+02 +4.127277056e+02 +4.165477056e+02 +4.165477056e+02
210 +3.872570522e+02 +3.872570522e+02 +3.910770522e+02 +3.910770522e+02
213 +3.729883802e+02 +3.729883802e+02 +3.768083802e+02 +3.768083802e+02
218 +3.480345516e+02 +3.480345516e+02 +3.518545516e+02 +3.518545516e+02
223 +3.064311406e+02 +3.064311406e+02 +3.102511406e+02 +3.102511406e+02
243 +2.860127023e+02 +2.860127023e+02 +2.898327023e+02 +2.898327023e+02
255 +2.606558971e+02 +2.606558971e+02 +2.644758971e+02 +2.644758971e+02
260 +2.447181563e+02 +2.447181563e+02 +2.485381563e+02 +2.485381563e+02
275 +2.123981257e+02 +2.123981257e+02 +2.162181257e+02 +2.162181257e+02
287 +1.926228701e+02 +1.926228701e+02 +1.964428701e+02 +1.964428701e+02
295 +1.891348689e+02 +1.891348689e+02 +1.929548689e+02 +1.929548689e+02
303 +1.849160281e+02 +1.849160281e+02 +1.887360281e+02 +1.887360281e+02
313 +1.812132604e+02 +1.812132604e+02 +1.850332604e+02 +1.850332604e+02
319 +1.426745986e+02 +1.426745986e+02 +1.464945986e+02 +1.464945986e+02
330 +1.361913921e+02 +1.361913921e+02 +1.400113921e+02 +1.400113921e+02
337 +1.150252068e+02 +1.150252068e+02 +1.188452068e+02 +1.188452068e+02
437 +1.117354688e+02 +1.117354688e+02 +1.155554688e+02 +1.155554688e+02
475 +1.052310904e+02 +1.052310904e+02 +1.090510904e+02 +1.090510904e+02
508 +9.152970225e+01 +9.152970225e+01 +9.534970225e+01 +9.534970225e+01
732 +8.986359311e+01 +8.986359311e+01 +9.368359311e+01 +9.368359311e+01
806 +8.597276743e+01 +8.597276743e+01 +8.979276743e+01 +8.979276743e+01
820 +8.183370349e+01 +8.183370349e+01 +8.565370349e+01 +8.565370349e+01
831 +8.105702446e+01 +8.105702446e+01 +8.487702446e+01 +8.487702446e+01
839 +7.367652808e+01 +7.367652808e+01 +7.749652808e+01 +7.749652808e+01
886 +6.875039723e+01 +6.875039723e+01 +7.257039723e+01 +7.257039723e+01
922 +6.737971414e+01 +6.737971414e+01 +7.119971414e+01 +7.119971414e+01
1002 +5.840697178e+01 +5.840697178e+01 +6.222697178e+01 +6.222697178e+01
1080 +5.725323878e+01 +5.725323878e+01 +6.107323878e+01 +6.107323878e+01
1085 +5.518668029e+01 +5.518668029e+01 +5.900668029e+01 +5.900668029e+01
1089 +5.473530035e+01 +5.473530035e+01 +5.855530035e+01 +5.855530035e+01
1094 +5.319968693e+01 +5.319968693e+01 +5.701968693e+01 +5.701968693e+01
1224 +5.110317882e+01 +5.110317882e+01 +5.492317882e+01 +5.492317882e+01
1238 +5.005528387e+01 +5.005528387e+01 +5.387528387e+01 +5.387528387e+01
1248 +4.860725463e+01 +4.860725463e+01 +5.242725463e+01 +5.242725463e+01
1276 +4.663555594e+01 +4.663555594e+01 +5.045555594e+01 +5.045555594e+01
1286 +4.521540153e+01 +4.521540153e+01 +4.903540153e+01 +4.903540153e+01
1330 +4.446215828e+01 +4.446215828e+01 +4.828215828e+01 +4.828215828e+01
1342 +4.328897551e+01 +4.328897551e+01 +4.710897551e+01 +4.710897551e+01
1365 +4.261502866e+01 +4.261502866e+01 +4.643502866e+01 +4.643502866e+01
1521 +4.164484690e+01 +4.164484690e+01 +4.546484690e+01 +4.546484690e+01
1552 +4.054243052e+01 +4.054243052e+01 +4.436243052e+01 +4.436243052e+01
1632 +3.977163709e+01 +3.977163709e+01 +4.359163709e+01 +4.359163709e+01
1703 +3.824263129e+01 +3.824263129e+01 +4.206263129e+01 +4.206263129e+01
1806 +3.789301524e+01 +3.789301524e+01 +4.171301524e+01 +4.171301524e+01
2107 +3.706624264e+01 +3.706624264e+01 +4.088624264e+01 +4.088624264e+01
2113 +3.533325666e+01 +3.533325666e+01 +3.915325666e+01 +3.915325666e+01
2118 +3.462527440e+01 +3.462527440e+01 +3.844527440e+01 +3.844527440e+01
2240 +3.330107071e+01 +3.330107071e+01 +3.712107071e+01 +3.712107071e+01
2270 +3.306779381e+01 +3.306779381e+01 +3.688779381e+01 +3.688779381e+01
2292 +3.198107316e+01 +3.198107316e+01 +3.580107316e+01 +3.580107316e+01
2390 +3.152552879e+01 +3.152552879e+01 +3.534552879e+01 +3.534552879e+01
% function evaluation | noise-free fitness - Fopt (2.175000000000e+01) | best noise-free fitness - Fopt | measured fitness | best measured fitness | x1 | x2...
1 +1.746062931e+03 +1.746062931e+03 +1.767812931e+03 +1.767812931e+03
2 +1.647984162e+03 +1.647984162e+03 +1.669734162e+03 +1.669734162e+03
10 +1.541902257e+03 +1.541902257e+03 +1.563652257e+03 +1.563652257e+03
18 +1.481786205e+03 +1.481786205e+03 +1.503536205e+03 +1.503536205e+03
28 +1.435135544e+03 +1.435135544e+03 +1.456885544e+03 +1.456885544e+03
43 +1.351535358e+03 +1.351535358e+03 +1.373285358e+03 +1.373285358e+03
44 +1.347444440e+03 +1.347444440e+03 +1.369194440e+03 +1.369194440e+03
50 +1.309264799e+03 +1.309264799e+03 +1.331014799e+03 +1.331014799e+03
54 +1.281896126e+03 +1.281896126e+03 +1.303646126e+03 +1.303646126e+03
65 +1.230999348e+03 +1.230999348e+03 +1.252749348e+03 +1.252749348e+03
68 +1.224694437e+03 +1.224694437e+03 +1.246444437e+03 +1.246444437e+03
74 +1.102775857e+03 +1.102775857e+03 +1.124525857e+03 +1.124525857e+03
92 +1.073279955e+03 +1.073279955e+03 +1.095029955e+03 +1.095029955e+03
109 +1.050938981e+03 +1.050938981e+03 +1.072688981e+03 +1.072688981e+03
114 +1.035582386e+03 +1.035582386e+03 +1.057332386e+03 +1.057332386e+03
116 +1.013565438e+03 +1.013565438e+03 +1.035315438e+03 +1.035315438e+03
122 +9.570978130e+02 +9.570978130e+02 +9.788478130e+02 +9.788478130e+02
124 +9.200974392e+02 +9.200974392e+02 +9.418474392e+02 +9.418474392e+02
132 +9.081913702e+02 +9.081913702e+02 +9.299413702e+02 +9.299413702e+02
139 +8.760588458e+02 +8.760588458e+02 +8.978088458e+02 +8.978088458e+02
154 +8.321482136e+02 +8.321482136e+02 +8.538982136e+02 +8.538982136e+02
168 +8.179987293e+02 +8.179987293e+02 +8.397487293e+02 +8.397487293e+02
174 +7.949200000e+02 +7.949200000e+02 +8.166700000e+02 +8.166700000e+02
177 +7.691711744e+02 +7.691711744e+02 +7.909211744e+02 +7.909211744e+02
179 +7.533647486e+02 +7.533647486e+02 +7.751147486e+02 +7.751147486e+02
193 +6.681180477e+02 +6.681180477e+02 +6.898680477e+02 +6.898680477e+02
213 +6.530121772e+02 +6.530121772e+02 +6.747621772e+02 +6.747621772e+02
218 +6.179503921e+02 +6.179503921e+02 +6.397003921e+02 +6.397003921e+02
221 +5.971715235e+02 +5.971715235e+02 +6.189215235e+02 +6.189215235e+02
226 +5.845588754e+02 +5.845588754e+02 +6.063088754e+02 +6.063088754e+02
227 +5.557632207e+02 +5.557632207e+02 +5.775132207e+02 +5.775132207e+02
236 +5.439032304e+02 +5.439032304e+02 +5.656532304e+02 +5.656532304e+02
238 +5.024268885e+02 +5.024268885e+02 +5.241768885e+02 +5.241768885e+02
256 +4.959277463e+02 +4.959277463e+02 +5.176777463e+02 +5.176777463e+02
260 +4.746801494e+02 +4.746801494e+02 +4.964301494e+02 +4.964301494e+02
272 +4.569646425e+02 +4.569646425e+02 +4.787146425e+02 +4.787146425e+02
283 +3.788356767e+02 +3.788356767e+02 +4.005856767e+02 +4.005856767e+02
325 +3.541437901e+02 +3.541437901e+02 +3.758937901e+02 +3.758937901e+02
336 +3.417709071e+02 +3.417709071e+02 +3.635209071e+02 +3.635209071e+02
339 +3.260717551e+02 +3.260717551e+02 +3.478217551e+02 +3.478217551e+02
346 +3.224214270e+02 +3.224214270e+02 +3.441714270e+02 +3.441714270e+02
356 +3.017136474e+02 +3.017136474e+02 +3.234636474e+02 +3.234636474e+02
377 +2.935535731e+02 +2.935535731e+02 +3.153035731e+02 +3.153035731e+02
390 +2.763203403e+02 +2.763203403e+02 +2.980703403e+02 +2.980703403e+02
391 +2.697531189e+02 +2.697531189e+02 +2.915031189e+02 +2.915031189e+02
397 +2.627922516e+02 +2.627922516e+02 +2.845422516e+02 +2.845422516e+02
422 +2.560474918e+02 +2.560474918e+02 +2.777974918e+02 +2.777974918e+02
430 +2.214364598e+02 +2.214364598e+02 +2.431864598e+02 +2.431864598e+02
450 +2.134367010e+02 +2.134367010e+02 +2.351867010e+02 +2.351867010e+02
505 +1.996147745e+02 +1.996147745e+02 +2.213647745e+02 +2.213647745e+02
515 +1.608145839e+02 +1.608145839e+02 +1.825645839e+02 +1.825645839e+02
531 +1.466461085e+02 +1.466461085e+02 +1.683961085e+02 +1.683961085e+02
547 +1.437219312e+02 +1.437219312e+02 +1.654719312e+02 +1.654719312e+02
559 +1.325293544e+02 +1.325293544e+02 +1.542793544e+02 +1.542793544e+02
580 +1.115579137e+02 +1.115579137e+02 +1.333079137e+02 +1.333079137e+02
602 +1.057839270e+02 +1.057839270e+02 +1.275339270e+02 +1.275339270e+02
672 +9.555969932e+01 +9.555969932e+01 +1.173096993e+02 +1.173096993e+02
678 +9.451039622e+01 +9.451039622e+01 +1.162603962e+02 +1.162603962e+02
692 +9.088155422e+01 +9.088155422e+01 +1.126315542e+02 +1.126315542e+02
716 +7.675050996e+01 +7.675050996e+01 +9.850050996e+01 +9.850050996e+01
746 +7.110912384e+01 +7.110912384e+01 +9.285912384e+01 +9.285912384e+01
779 +6.357294792e+01 +6.357294792e+01 +8.532294792e+01 +8.532294792e+01
858 +5.794148187e+01 +5.794148187e+01 +7.969148187e+01 +7.969148187e+01
859 +5.576922904e+01 +5.576922904e+01 +7.751922904e+01 +7.751922904e+01
873 +5.431555537e+01 +5.431555537e+01 +7.606555537e+01 +7.606555537e+01
882 +5.145852819e+01 +5.145852819e+01 +7.320852819e+01 +7.320852819e+01
890 +5.057013459e+01 +5.057013459e+01 +7.232013459e+01 +7.232013459e+01
958 +4.926385494e+01 +4.926385494e+01 +7.101385494e+01 +7.101385494e+01
974 +4.872644267e+01 +4.872644267e+01 +7.047644267e+01 +7.047644267e+01
1024 +4.716773601e+01 +4.716773601e+01 +6.891773601e+01 +6.891773601e+01
1028 +4.482559570e+01 +4.482559570e+01 +6.657559570e+01 +6.657559570e+01
1073 +4.361894936e+01 +4.361894936e+01 +6.536894936e+01 +6.536894936e+01
1081 +4.107751738e+01 +4.107751738e+01 +6.282751738e+01 +6.282751738e+01
1439 +4.071892534e+01 +4.071892534e+01 +6.246892534e+01 +6.246892534e+01
1511 +3.923742999e+01 +3.923742999e+01 +6.098742999e+01 +6.098742999e+01
1521 +3.889801099e+01 +3.889801099e+01 +6.064801099e+01 +6.064801099e+01
1555 +3.761893339e+01 +3.761893339e+01 +5.936893339e+01 +5.936893339e+01
1634 +3.712594734e+01 +3.712594734e+01 +5.887594734e+01 +5.887594734e+01
1660 +3.525943703e+01 +3.525943703e+01 +5.700943703e+01 +5.700943703e+01
1693 +3.416654669e+01 +3.416654669e+01 +5.591654669e+01 +5.591654669e+01
1703 +3.358509820e+01 +3.358509820e+01 +5.533509820e+01 +5.533509820e+01
1719 +3.228195756e+01 +3.228195756e+01 +5.403195756e+01 +5.403195756e+01
1905 +3.152930391e+01 +3.152930391e+01 +5.327930391e+01 +5.327930391e+01
1999 +3.079713173e+01 +3.079713173e+01 +5.254713173e+01 +5.254713173e+01
2184 +3.019521885e+01 +3.019521885e+01 +5.194521885e+01 +5.194521885e+01
2377 +2.945082077e+01 +2.945082077e+01 +5.120082077e+01 +5.120082077e+01
2704 +2.878946227e+01 +2.878946227e+01 +5.053946227e+01 +5.053946227e+01
% function evaluation | noise-free fitness - Fopt (6.479000000000e+01) | best noise-free fitness - Fopt | measured fitness | best measured fitness | x1 | x2...
1 +2.323444095e+03 +2.323444095e+03 +2.388234095e+03 +2.388234095e+03
2 +2.164708841e+03 +2.164708841e+03 +2.229498841e+03 +2.229498841e+03
8 +2.105058188e+03 +2.105058188e+03 +2.169848188e+03 +2.169848188e+03
10 +2.085335026e+03 +2.085335026e+03 +2.150125026e+03 +2.150125026e+03
12 +2.040656918e+03 +2.040656918e+03 +2.105446918e+03 +2.105446918e+03
15 +1.800949278e+03 +1.800949278e+03 +1.865739278e+03 +1.865739278e+03
37 +1.678198211e+03 +1.678198211e+03 +1.742988211e+03 +1.742988211e+03
43 +1.626290996e+03 +1.626290996e+03 +1.691080996e+03 +1.691080996e+03
52 +1.388220810e+03 +1.388220810e+03 +1.453010810e+03 +1.453010810e+03
81 +1.282066451e+03 +1.282066451e+03 +1.346856451e+03 +1.346856451e+03
85 +1.207061687e+03 +1.207061687e+03 +1.271851687e+03 +1.271851687e+03
90 +1.169045736e+03 +1.169045736e+03 +1.233835736e+03 +1.233835736e+03
97 +1.142718393e+03 +1.142718393e+03 +1.207508393e+03 +1.207508393e+03
99 +1.096200001e+03 +1.096200001e+03 +1.160990001e+03 +1.160990001e+03
106 +1.047951854e+03 +1.047951854e+03 +1.112741854e+03 +1.112741854e+03
111 +9.963529009e+02 +9.963529009e+02 +1.061142901e+03 +1.061142901e+03
118 +8.724284845e+02 +8.724284845e+02 +9.372184845e+02 +9.372184845e+02
136 +8.169656164e+02 +8.169656164e+02 +8.817556164e+02 +8.817556164e+02
140 +7.877433542e+02 +7.877433542e+02 +8.525333542e+02 +8.525333542e+02
145 +7.608776168e+02 +7.608776168e+02 +8.256676168e+02 +8.256676168e+02
152 +7.341756514e+02 +7.341756514e+02 +7.989656514e+02 +7.989656514e+02
155 +6.686848872e+02 +6.686848872e+02 +7.334748872e+02 +7.334748872e+02
169 +6.084399493e+02 +6.084399493e+02 +6.732299493e+02 +6.732299493e+02
175 +5.507901866e+02 +5.507901866e+02 +6.155801866e+02 +6.155801866e+02
186 +5.303981951e+02 +5.303981951e+02 +5.951881951e+02 +5.951881951e+02
187 +5.008883697e+02 +5.008883697e+02 +5.656783697e+02 +5.656783697e+02
195 +4.688743027e+02 +4.688743027e+02 +5.336643027e+02 +5.336643027e+02
198 +3.996736287e+02 +3.996736287e+02 +4.644636287e+02 +4.644636287e+02
199 +3.643177714e+02 +3.643177714e+02 +4.291077714e+02 +4.291077714e+02
202 +3.594441886e+02 +3.594441886e+02 +4.242341886e+02 +4.242341886e+02
224 +3.530885063e+02 +3.530885063e+02 +4.178785063e+02 +4.178785063e+02
244 +3.337519968e+02 +3.337519968e+02 +3.985419968e+02 +3.985419968e+02
250 +3.113957411e+02 +3.113957411e+02 +3.761857411e+02 +3.761857411e+02
270 +2.339535495e+02 +2.339535495e+02 +2.987435495e+02 +2.987435495e+02
284 +2.101777364e+02 +2.101777364e+02 +2.749677364e+02 +2.749677364e+02
286 +1.841831871e+02 +1.841831871e+02 +2.489731871e+02 +2.489731871e+02
304 +1.678346611e+02 +1.678346611e+02 +2.326246611e+02 +2.326246611e+02
396 +1.637572659e+02 +1.637572659e+02 +2.285472659e+02 +2.285472659e+02
621 +1.614338996e+02 +1.614338996e+02 +2.262238996e+02 +2.262238996e+02
626 +1.556500308e+02 +1.556500308e+02 +2.204400308e+02 +2.204400308e+02
631 +1.471116328e+02 +1.471116328e+02 +2.119016328e+02 +2.119016328e+02
637 +1.435092647e+02 +1.435092647e+02 +2.082992647e+02 +2.082992647e+02
679 +1.198475713e+02 +1.198475713e+02 +1.846375713e+02 +1.846375713e+02
883 +1.174214537e+02 +1.174214537e+02 +1.822114537e+02 +1.822114537e+02
893 +1.107843633e+02 +1.107843633e+02 +1.755743633e+02 +1.755743633e+02
914 +1.094781590e+02 +1.094781590e+02 +1.742681590e+02 +1.742681590e+02
917 +1.061522106e+02 +1.061522106e+02 +1.709422106e+02 +1.709422106e+02
966 +9.948294619e+01 +9.948294619e+01 +1.642729462e+02 +1.642729462e+02
1008 +9.485415366e+01 +9.485415366e+01 +1.596441537e+02 +1.596441537e+02
1100 +9.297122889e+01 +9.297122889e+01 +1.577612289e+02 +1.577612289e+02
1111 +8.882627860e+01 +8.882627860e+01 +1.536162786e+02 +1.536162786e+02
1170 +8.533711683e+01 +8.533711683e+01 +1.501271168e+02 +1.501271168e+02
1270 +8.480105725e+01 +8.480105725e+01 +1.495910572e+02 +1.495910572e+02
1281 +7.996693428e+01 +7.996693428e+01 +1.447569343e+02 +1.447569343e+02
1309 +7.734648536e+01 +7.734648536e+01 +1.421364854e+02 +1.421364854e+02
1365 +7.552977226e+01 +7.552977226e+01 +1.403197723e+02 +1.403197723e+02
1420 +7.329444876e+01 +7.329444876e+01 +1.380844488e+02 +1.380844488e+02
1423 +6.976493658e+01 +6.976493658e+01 +1.345549366e+02 +1.345549366e+02
1972 +6.886893115e+01 +6.886893115e+01 +1.336589311e+02 +1.336589311e+02
2179 +6.760197458e+01 +6.760197458e+01 +1.323919746e+02 +1.323919746e+02
2330 +6.569541642e+01 +6.569541642e+01 +1.304854164e+02 +1.304854164e+02
2585 +6.435292660e+01 +6.435292660e+01 +1.291429266e+02 +1.291429266e+02
2604 +6.309233466e+01 +6.309233466e+01 +1.278823347e+02 +1.278823347e+02
2752 +6.119182054e+01 +6.119182054e+01 +1.259818205e+02 +1.259818205e+02
3024 +6.022425881e+01 +6.022425881e+01 +1.250142588e+02 +1.250142588e+02
% function evaluation | noise-free fitness - Fopt (1.861100000000e+02) | best noise-free fitness - Fopt | measured fitness | best measured fitness | x1 | x2...
1 +8.647159470e+02 +8.647159470e+02 +1.050825947e+03 +1.050825947e+03
2 +8.077241011e+02 +8.077241011e+02 +9.938341011e+02 +9.938341011e+02
13 +7.451497271e+02 +7.451497271e+02 +9.312597271e+02 +9.312597271e+02
34 +7.314203790e+02 +7.314203790e+02 +9.175303790e+02 +9.175303790e+02
45 +7.170554869e+02 +7.170554869e+02 +9.031654869e+02 +9.031654869e+02
53 +7.043360223e+02 +7.043360223e+02 +8.904460223e+02 +8.904460223e+02
60 +6.660576775e+02 +6.660576775e+02 +8.521676775e+02 +8.521676775e+02
93 +6.467664827e+02 +6.467664827e+02 +8.328764827e+02 +8.328764827e+02
99 +5.930636157e+02 +5.930636157e+02 +7.791736157e+02 +7.791736157e+02
109 +5.878494518e+02 +5.878494518e+02 +7.739594518e+02 +7.739594518e+02
114 +5.723321958e+02 +5.723321958e+02 +7.584421958e+02 +7.584421958e+02
116 +5.502235442e+02 +5.502235442e+02 +7.363335442e+02 +7.363335442e+02
123 +5.454640677e+02 +5.454640677e+02 +7.315740677e+02 +7.315740677e+02
132 +4.899955803e+02 +4.899955803e+02 +6.761055803e+02 +6.761055803e+02
148 +4.857469735e+02 +4.857469735e+02 +6.718569735e+02 +6.718569735e+02
155 +4.639603345e+02 +4.639603345e+02 +6.500703345e+02 +6.500703345e+02
167 +4.542916003e+02 +4.542916003e+02 +6.404016003e+02 +6.404016003e+02
170 +4.318999246e+02 +4.318999246e+02 +6.180099246e+02 +6.180099246e+02
181 +4.109839808e+02 +4.109839808e+02 +5.970939808e+02 +5.970939808e+02
201 +4.056687154e+02 +4.056687154e+02 +5.917787154e+02 +5.917787154e+02
204 +3.799765932e+02 +3.799765932e+02 +5.660865932e+02 +5.660865932e+02
225 +3.709496098e+02 +3.709496098e+02 +5.570596098e+02 +5.570596098e+02
231 +3.318058244e+02 +3.318058244e+02 +5.179158244e+02 +5.179158244e+02
250 +3.162855427e+02 +3.162855427e+02 +5.023955427e+02 +5.023955427e+02
251 +2.978495706e+02 +2.978495706e+02 +4.839595706e+02 +4.839595706e+02
277 +2.918084253e+02 +2.918084253e+02 +4.779184253e+02 +4.779184253e+02
281 +2.881294280e+02 +2.881294280e+02 +4.742394280e+02 +4.742394280e+02
283 +2.779020155e+02 +2.779020155e+02 +4.640120155e+02 +4.640120155e+02
285 +2.722312705e+02 +2.722312705e+02 +4.583412705e+02 +4.583412705e+02
295 +2.563570795e+02 +2.563570795e+02 +4.424670795e+02 +4.424670795e+02
311 +2.409767944e+02 +2.409767944e+02 +4.270867944e+02 +4.270867944e+02
328 +2.228185515e+02 +2.228185515e+02 +4.089285515e+02 +4.089285515e+02
344 +2.121773262e+02 +2.121773262e+02 +3.982873262e+02 +3.982873262e+02
349 +2.011376520e+02 +2.011376520e+02 +3.872476520e+02 +3.872476520e+02
367 +1.969721859e+02 +1.969721859e+02 +3.830821859e+02 +3.830821859e+02
373 +1.908088616e+02 +1.908088616e+02 +3.769188616e+02 +3.769188616e+02
388 +1.838843539e+02 +1.838843539e+02 +3.699943539e+02 +3.699943539e+02
439 +1.794787574e+02 +1.794787574e+02 +3.655887574e+02 +3.655887574e+02
451 +1.726218710e+02 +1.726218710e+02 +3.587318710e+02 +3.587318710e+02
461 +1.680615389e+02 +1.680615389e+02 +3.541715389e+02 +3.541715389e+02
467 +1.564595210e+02 +1.564595210e+02 +3.425695210e+02 +3.425695210e+02
484 +1.508221036e+02 +1.508221036e+02 +3.369321036e+02 +3.369321036e+02
491 +1.473883808e+02 +1.473883808e+02 +3.334983808e+02 +3.334983808e+02
505 +1.403900846e+02 +1.403900846e+02 +3.265000846e+02 +3.265000846e+02
533 +1.370107265e+02 +1.370107265e+02 +3.231207265e+02 +3.231207265e+02
554 +1.342016498e+02 +1.342016498e+02 +3.203116498e+02 +3.203116498e+02
562 +1.253497540e+02 +1.253497540e+02 +3.114597540e+02 +3.114597540e+02
660 +1.207190703e+02 +1.207190703e+02 +3.068290703e+02 +3.068290703e+02
674 +1.124612804e+02 +1.124612804e+02 +2.985712804e+02 +2.985712804e+02
691 +1.079091957e+02 +1.079091957e+02 +2.940191957e+02 +2.940191957e+02
695 +1.061114788e+02 +1.061114788e+02 +2.922214788e+02 +2.922214788e+02
697 +1.040860887e+02 +1.040860887e+02 +2.901960887e+02 +2.901960887e+02
710 +9.753887900e+01 +9.753887900e+01 +2.836488790e+02 +2.836488790e+02
812 +9.058649322e+01 +9.058649322e+01 +2.766964932e+02 +2.766964932e+02
822 +8.867477811e+01 +8.867477811e+01 +2.747847781e+02 +2.747847781e+02
835 +8.160975070e+01 +8.160975070e+01 +2.677197507e+02 +2.677197507e+02
847 +7.410990226e+01 +7.410990226e+01 +2.602199023e+02 +2.602199023e+02
848 +7.171610575e+01 +7.171610575e+01 +2.578261057e+02 +2.578261057e+02
883 +6.323544861e+01 +6.323544861e+01 +2.493454486e+02 +2.493454486e+02
968 +5.516259664e+01 +5.516259664e+01 +2.412725966e+02 +2.412725966e+02
1173 +5.245023348e+01 +5.245023348e+01 +2.385602335e+02 +2.385602335e+02
1228 +5.041542367e+01 +5.041542367e+01 +2.365254237e+02 +2.365254237e+02
1237 +5.003251795e+01 +5.003251795e+01 +2.361425180e+02 +2.361425180e+02
1245 +4.846718031e+01 +4.846718031e+01 +2.345771803e+02 +2.345771803e+02
1283 +4.766780484e+01 +4.766780484e+01 +2.337778048e+02 +2.337778048e+02
1293 +4.542869926e+01 +4.542869926e+01 +2.315386993e+02 +2.315386993e+02
1312 +4.427076667e+01 +4.427076667e+01 +2.303807667e+02 +2.303807667e+02
1316 +4.298327190e+01 +4.298327190e+01 +2.290932719e+02 +2.290932719e+02
1340 +4.265275642e+01 +4.265275642e+01 +2.287627564e+02 +2.287627564e+02
1356 +3.976161493e+01 +3.976161493e+01 +2.258716149e+02 +2.258716149e+02
1411 +3.692744140e+01 +3.692744140e+01 +2.230374414e+02 +2.230374414e+02
1430 +3.376091064e+01 +3.376091064e+01 +2.198709106e+02 +2.198709106e+02
1435 +3.247453874e+01 +3.247453874e+01 +2.185845387e+02 +2.185845387e+02
1446 +3.154927567e+01 +3.154927567e+01 +2.176592757e+02 +2.176592757e+02
1453 +3.054380803e+01 +3.054380803e+01 +2.166538080e+02 +2.166538080e+02
1463 +2.995330112e+01 +2.995330112e+01 +2.160633011e+02 +2.160633011e+02
1524 +2.890939951e+01 +2.890939951e+01 +2.150193995e+02 +2.150193995e+02
1543 +2.856965911e+01 +2.856965911e+01 +2.146796591e+02 +2.146796591e+02
1550 +2.805554589e+01 +2.805554589e+01 +2.141655459e+02 +2.141655459e+02
1559 +2.664513218e+01 +2.664513218e+01 +2.127551322e+02 +2.127551322e+02
1561 +2.616010798e+01 +2.616010798e+01 +2.122701080e+02 +2.122701080e+02
1795 +2.568010260e+01 +2.568010260e+01 +2.117901026e+02 +2.117901026e+02
1867 +2.487907147e+01 +2.487907147e+01 +2.109890715e+02 +2.109890715e+02
1884 +2.419448590e+01 +2.419448590e+01 +2.103044859e+02 +2.103044859e+02
1902 +2.383967157e+01 +2.383967157e+01 +2.099496716e+02 +2.099496716e+02
1920 +2.340636244e+01 +2.340636244e+01 +2.095163624e+02 +2.095163624e+02
2122 +2.244396360e+01 +2.244396360e+01 +2.085539636e+02 +2.085539636e+02
2205 +2.232195456e+01 +2.232195456e+01 +2.084319546e+02 +2.084319546e+02
2586 +2.180871167e+01 +2.180871167e+01 +2.079187117e+02 +2.079187117e+02
% function evaluation | noise-free fitness - Fopt (-1.060600000000e+02) | best noise-free fitness - Fopt | measured fitness | best measured fitness | x1 | x2...
1 +2.076494898e+03 +2.076494898e+03 +1.970434898e+03 +1.970434898e+03
8 +1.892438026e+03 +1.892438026e+03 +1.786378026e+03 +1.786378026e+03
20 +1.797185694e+03 +1.797185694e+03 +1.691125694e+03 +1.691125694e+03
27 +1.693322222e+03 +1.693322222e+03 +1.587262222e+03 +1.587262222e+03
34 +1.595090004e+03 +1.595090004e+03 +1.489030004e+03 +1.489030004e+03
51 +1.578734190e+03 +1.578734190e+03 +1.472674190e+03 +1.472674190e+03
54 +1.520567809e+03 +1.520567809e+03 +1.414507809e+03 +1.414507809e+03
65 +1.426099109e+03 +1.426099109e+03 +1.320039109e+03 +1.320039109e+03
78 +1.357054541e+03 +1.357054541e+03 +1.250994541e+03 +1.250994541e+03
94 +1.336872856e+03 +1.336872856e+03 +1.230812856e+03 +1.230812856e+03
114 +1.316105904e+03 +1.316105904e+03 +1.210045904e+03 +1.210045904e+03
117 +1.146341147e+03 +1.146341147e+03 +1.040281147e+03 +1.040281147e+03
129 +1.099808360e+03 +1.099808360e+03 +9.937483602e+02 +9.937483602e+02
130 +1.080521420e+03 +1.080521420e+03 +9.744614199e+02 +9.744614199e+02
141 +9.881085016e+02 +9.881085016e+02 +8.820485016e+02 +8.820485016e+02
155 +9.747785010e+02 +9.747785010e+02 +8.687185010e+02 +8.687185010e+02
156 +8.662252751e+02 +8.662252751e+02 +7.601652751e+02 +7.601652751e+02
167 +8.137580022e+02 +8.137580022e+02 +7.076980022e+02 +7.076980022e+02
185 +7.901835689e+02 +7.901835689e+02 +6.841235689e+02 +6.841235689e+02
194 +6.756846046e+02 +6.756846046e+02 +5.696246046e+02 +5.696246046e+02
210 +6.385804709e+02 +6.385804709e+02 +5.325204709e+02 +5.325204709e+02
219 +6.290193948e+02 +6.290193948e+02 +5.229593948e+02 +5.229593948e+02
221 +5.307220957e+02 +5.307220957e+02 +4.246620957e+02 +4.246620957e+02
236 +5.026198739e+02 +5.026198739e+02 +3.965598739e+02 +3.965598739e+02
251 +4.698207300e+02 +4.698207300e+02 +3.637607300e+02 +3.637607300e+02
265 +4.542327085e+02 +4.542327085e+02 +3.481727085e+02 +3.481727085e+02
268 +4.339128591e+02 +4.339128591e+02 +3.278528591e+02 +3.278528591e+02
278 +4.157587360e+02 +4.157587360e+02 +3.096987360e+02 +3.096987360e+02
279 +3.418370631e+02 +3.418370631e+02 +2.357770631e+02 +2.357770631e+02
310 +3.371523580e+02 +3.371523580e+02 +2.310923580e+02 +2.310923580e+02
319 +3.162607738e+02 +3.162607738e+02 +2.102007738e+02 +2.102007738e+02
365 +3.136749629e+02 +3.136749629e+02 +2.076149629e+02 +2.076149629e+02
366 +2.986766509e+02 +2.986766509e+02 +1.926166509e+02 +1.926166509e+02
368 +2.798671902e+02 +2.798671902e+02 +1.738071902e+02 +1.738071902e+02
371 +2.180426343e+02 +2.180426343e+02 +1.119826343e+02 +1.119826343e+02
392 +2.045769238e+02 +2.045769238e+02 +9.851692376e+01 +9.851692376e+01
403 +1.956397335e+02 +1.956397335e+02 +8.957973354e+01 +8.957973354e+01
405 +1.806988971e+02 +1.806988971e+02 +7.463889706e+01 +7.463889706e+01
412 +1.523035709e+02 +1.523035709e+02 +4.624357089e+01 +4.624357089e+01
426 +1.455628264e+02 +1.455628264e+02 +3.950282644e+01 +3.950282644e+01
429 +1.421016725e+02 +1.421016725e+02 +3.604167254e+01 +3.604167254e+01
439 +1.258130199e+02 +1.258130199e+02 +1.975301990e+01 +1.975301990e+01
557 +1.078223359e+02 +1.078223359e+02 +1.762335942e+00 +1.762335942e+00
569 +1.045860156e+02 +1.045860156e+02 -1.473984394e+00 -1.473984394e+00
585 +9.752516183e+01 +9.752516183e+01 -8.534838168e+00 -8.534838168e+00
644 +9.151560555e+01 +9.151560555e+01 -1.454439445e+01 -1.454439445e+01
689 +8.961992466e+01 +8.961992466e+01 -1.644007534e+01 -1.644007534e+01
693 +8.874059965e+01 +8.874059965e+01 -1.731940035e+01 -1.731940035e+01
702 +8.653569647e+01 +8.653569647e+01 -1.952430353e+01 -1.952430353e+01
707 +8.470791926e+01 +8.470791926e+01 -2.135208074e+01 -2.135208074e+01
724 +8.203540678e+01 +8.203540678e+01 -2.402459322e+01 -2.402459322e+01
734 +7.860283612e+01 +7.860283612e+01 -2.745716388e+01 -2.745716388e+01
744 +7.152571483e+01 +7.152571483e+01 -3.453428517e+01 -3.453428517e+01
762 +7.075997185e+01 +7.075997185e+01 -3.530002815e+01 -3.530002815e+01
808 +6.848546944e+01 +6.848546944e+01 -3.757453056e+01 -3.757453056e+01
832 +6.261268663e+01 +6.261268663e+01 -4.344731337e+01 -4.344731337e+01
917 +6.150129168e+01 +6.150129168e+01 -4.455870832e+01 -4.455870832e+01
932 +5.887664224e+01 +5.887664224e+01 -4.718335776e+01 -4.718335776e+01
950 +5.734222340e+01 +5.734222340e+01 -4.871777660e+01 -4.871777660e+01
1018 +5.610019838e+01 +5.610019838e+01 -4.995980162e+01 -4.995980162e+01
1030 +5.358074093e+01 +5.358074093e+01 -5.247925907e+01 -5.247925907e+01
1073 +5.238587349e+01 +5.238587349e+01 -5.367412651e+01 -5.367412651e+01
1089 +4.878719503e+01 +4.878719503e+01 -5.727280497e+01 -5.727280497e+01
1133 +4.769595688e+01 +4.769595688e+01 -5.836404312e+01 -5.836404312e+01
1262 +4.487067001e+01 +4.487067001e+01 -6.118932999e+01 -6.118932999e+01
1273 +4.348155812e+01 +4.348155812e+01 -6.257844188e+01 -6.257844188e+01
1397 +4.231216619e+01 +4.231216619e+01 -6.374783381e+01 -6.374783381e+01
1426 +4.101314400e+01 +4.101314400e+01 -6.504685600e+01 -6.504685600e+01
1437 +4.065018054e+01 +4.065018054e+01 -6.540981946e+01 -6.540981946e+01
1483 +3.915054153e+01 +3.915054153e+01 -6.690945847e+01 -6.690945847e+01
1520 +3.883119469e+01 +3.883119469e+01 -6.722880531e+01 -6.722880531e+01
1975 +3.669236654e+01 +3.669236654e+01 -6.936763346e+01 -6.936763346e+01
2002 +3.618432995e+01 +3.618432995e+01 -6.987567005e+01 -6.987567005e+01
2393 +3.543182722e+01 +3.543182722e+01 -7.062817278e+01 -7.062817278e+01
% function evaluation | noise-free fitness - Fopt (-1.957000000000e+01) | best noise-free fitness - Fopt | measured fitness | best measured fitness | x1 | x2...
1 +9.101963358e+02 +9.101963358e+02 +8.906263358e+02 +8.906263358e+02
2 +8.856073514e+02 +8.856073514e+02 +8.660373514e+02 +8.660373514e+02
8 +8.433562359e+02 +8.433562359e+02 +8.237862359e+02 +8.237862359e+02
10 +8.316698873e+02 +8.316698873e+02 +8.120998873e+02 +8.120998873e+02
16 +7.562165419e+02 +7.562165419e+02 +7.366465419e+02 +7.366465419e+02
25 +7.333468845e+02 +7.333468845e+02 +7.137768845e+02 +7.137768845e+02
38 +7.211982412e+02 +7.211982412e+02 +7.016282412e+02 +7.016282412e+02
54 +6.998146970e+02 +6.998146970e+02 +6.802446970e+02 +6.802446970e+02
58 +6.530888175e+02 +6.530888175e+02 +6.335188175e+02 +6.335188175e+02
59 +6.393717165e+02 +6.393717165e+02 +6.198017165e+02 +6.198017165e+02
67 +6.243371233e+02 +6.243371233e+02 +6.047671233e+02 +6.047671233e+02
69 +5.898368725e+02 +5.898368725e+02 +5.702668725e+02 +5.702668725e+02
75 +5.580560525e+02 +5.580560525e+02 +5.384860525e+02 +5.384860525e+02
81 +5.407302609e+02 +5.407302609e+02 +5.211602609e+02 +5.211602609e+02
83 +5.140344779e+02 +5.140344779e+02 +4.944644779e+02 +4.944644779e+02
102 +5.128322705e+02 +5.128322705e+02 +4.932622705e+02 +4.932622705e+02
104 +4.998401344e+02 +4.998401344e+02 +4.802701344e+02 +4.802701344e+02
116 +4.816919629e+02 +4.816919629e+02 +4.621219629e+02 +4.621219629e+02
121 +4.639269325e+02 +4.639269325e+02 +4.443569325e+02 +4.443569325e+02
124 +4.358292279e+02 +4.358292279e+02 +4.162592279e+02 +4.162592279e+02
130 +4.263700918e+02 +4.263700918e+02 +4.068000918e+02 +4.068000918e+02
138 +4.056810744e+02 +4.056810744e+02 +3.861110744e+02 +3.861110744e+02
146 +3.809464221e+02 +3.809464221e+02 +3.613764221e+02 +3.613764221e+02
165 +3.688984571e+02 +3.688984571e+02 +3.493284571e+02 +3.493284571e+02
179 +3.618939953e+02 +3.618939953e+02 +3.423239953e+02 +3.423239953e+02
180 +3.464069835e+02 +3.464069835e+02 +3.268369835e+02 +3.268369835e+02
209 +3.264564325e+02 +3.264564325e+02 +3.068864325e+02 +3.068864325e+02
218 +3.115694817e+02 +3.115694817e+02 +2.919994817e+02 +2.919994817e+02
231 +3.013374934e+02 +3.013374934e+02 +2.817674934e+02 +2.817674934e+02
241 +2.934004259e+02 +2.934004259e+02 +2.738304259e+02 +2.738304259e+02
252 +2.836856500e+02 +2.836856500e+02 +2.641156500e+02 +2.641156500e+02
261 +2.649461448e+02 +2.649461448e+02 +2.453761448e+02 +2.453761448e+02
267 +2.518168263e+02 +2.518168263e+02 +2.322468263e+02 +2.322468263e+02
284 +2.489816281e+02 +2.489816281e+02 +2.294116281e+02 +2.294116281e+02
288 +2.388508497e+02 +2.388508497e+02 +2.192808497e+02 +2.192808497e+02
300 +2.293741260e+02 +2.293741260e+02 +2.098041260e+02 +2.098041260e+02
312 +2.231400077e+02 +2.231400077e+02 +2.035700077e+02 +2.035700077e+02
331 +1.898740872e+02 +1.898740872e+02 +1.703040872e+02 +1.703040872e+02
373 +1.849989511e+02 +1.849989511e+02 +1.654289511e+02 +1.654289511e+02
410 +1.775566459e+02 +1.775566459e+02 +1.579866459e+02 +1.579866459e+02
422 +1.615433843e+02 +1.615433843e+02 +1.419733843e+02 +1.419733843e+02
427 +1.530680870e+02 +1.530680870e+02 +1.334980870e+02 +1.334980870e+02
479 +1.509388820e+02 +1.509388820e+02 +1.313688820e+02 +1.313688820e+02
507 +1.461117086e+02 +1.461117086e+02 +1.265417086e+02 +1.265417086e+02
515 +1.435987356e+02 +1.435987356e+02 +1.240287356e+02 +1.240287356e+02
518 +1.349952222e+02 +1.349952222e+02 +1.154252222e+02 +1.154252222e+02
531 +1.311905844e+02 +1.311905844e+02 +1.116205844e+02 +1.116205844e+02
552 +1.192141980e+02 +1.192141980e+02 +9.964419801e+01 +9.964419801e+01
614 +1.085918621e+02 +1.085918621e+02 +8.902186211e+01 +8.902186211e+01
630 +1.046099401e+02 +1.046099401e+02 +8.503994009e+01 +8.503994009e+01
660 +1.009374116e+02 +1.009374116e+02 +8.136741164e+01 +8.136741164e+01
705 +9.303726542e+01 +9.303726542e+01 +7.346726542e+01 +7.346726542e+01
738 +8.786853265e+01 +8.786853265e+01 +6.829853265e+01 +6.829853265e+01
755 +8.642279888e+01 +8.642279888e+01 +6.685279888e+01 +6.685279888e+01
763 +8.434241459e+01 +8.434241459e+01 +6.477241459e+01 +6.477241459e+01
777 +7.838921025e+01 +7.838921025e+01 +5.881921025e+01 +5.881921025e+01
818 +7.297905669e+01 +7.297905669e+01 +5.340905669e+01 +5.340905669e+01
830 +7.178050262e+01 +7.178050262e+01 +5.221050262e+01 +5.221050262e+01
836 +6.848315781e+01 +6.848315781e+01 +4.891315781e+01 +4.891315781e+01
853 +6.303550600e+01 +6.303550600e+01 +4.346550600e+01 +4.346550600e+01
1011 +6.068423981e+01 +6.068423981e+01 +4.111423981e+01 +4.111423981e+01
1022 +5.999972607e+01 +5.999972607e+01 +4.042972607e+01 +4.042972607e+01
1043 +5.856734499e+01 +5.856734499e+01 +3.899734499e+01 +3.899734499e+01
1134 +5.735330251e+01 +5.735330251e+01 +3.778330251e+01 +3.778330251e+01
1138 +5.585288069e+01 +5.585288069e+01 +3.628288069e+01 +3.628288069e+01
1287 +5.474177687e+01 +5.474177687e+01 +3.517177687e+01 +3.517177687e+01
1362 +5.160969869e+01 +5.160969869e+01 +3.203969869e+01 +3.203969869e+01
1538 +5.125196967e+01 +5.125196967e+01 +3.168196967e+01 +3.168196967e+01
1548 +5.009116106e+01 +5.009116106e+01 +3.052116106e+01 +3.052116106e+01
1554 +4.888041389e+01 +4.888041389e+01 +2.931041389e+01 +2.931041389e+01
1579 +4.738581296e+01 +4.738581296e+01 +2.781581296e+01 +2.781581296e+01
1612 +4.650610354e+01 +4.650610354e+01 +2.693610354e+01 +2.693610354e+01
1671 +4.492003725e+01 +4.492003725e+01 +2.535003725e+01 +2.535003725e+01
1696 +4.453305864e+01 +4.453305864e+01 +2.496305864e+01 +2.496305864e+01
1765 +4.364446538e+01 +4.364446538e+01 +2.407446538e+01 +2.407446538e+01
1813 +4.196777279e+01 +4.196777279e+01 +2.239777279e+01 +2.239777279e+01
2006 +3.970220657e+01 +3.970220657e+01 +2.013220657e+01 +2.013220657e+01
2034 +3.876883260e+01 +3.876883260e+01 +1.919883260e+01 +1.919883260e+01
2133 +3.766424618e+01 +3.766424618e+01 +1.809424618e+01 +1.809424618e+01
2300 +3.712644644e+01 +3.712644644e+01 +1.755644644e+01 +1.755644644e+01
2811 +3.630586699e+01 +3.630586699e+01 +1.673586699e+01 +1.673586699e+01
2909 +3.547120934e+01 +3.547120934e+01 +1.590120934e+01 +1.590120934e+01
3178 +3.458704411e+01 +3.458704411e+01 +1.501704411e+01 +1.501704411e+01
% function evaluation | noise-free fitness - Fopt (3.818200000000e+02) | best noise-free fitness - Fopt | measured fitness | best measured fitness | x1 | x2...
1 +1.808126803e+03 +1.808126803e+03 +2.189946803e+03 +2.189946803e+03
3 +1.697307262e+03 +1.697307262e+03 +2.079127262e+03 +2.079127262e+03
5 +1.635294615e+03 +1.635294615e+03 +2.017114615e+03 +2.017114615e+03
24 +1.618647441e+03 +1.618647441e+03 +2.000467441e+03 +2.000467441e+03
45 +1.581558408e+03 +1.581558408e+03 +1.963378408e+03 +1.963378408e+03
60 +1.538446261e+03 +1.538446261e+03 +1.920266261e+03 +1.920266261e+03
63 +1.404440672e+03 +1.404440672e+03 +1.786260672e+03 +1.786260672e+03
81 +1.349111496e+03 +1.349111496e+03 +1.730931496e+03 +1.730931496e+03
90 +1.343409212e+03 +1.343409212e+03 +1.725229212e+03 +1.725229212e+03
92 +1.302406966e+03 +1.302406966e+03 +1.684226966e+03 +1.684226966e+03
94 +1.215926043e+03 +1.215926043e+03 +1.597746043e+03 +1.597746043e+03
99 +1.201484102e+03 +1.201484102e+03 +1.583304102e+03 +1.583304102e+03
105 +1.156376587e+03 +1.156376587e+03 +1.538196587e+03 +1.538196587e+03
106 +1.141210395e+03 +1.141210395e+03 +1.523030395e+03 +1.523030395e+03
107 +1.084259968e+03 +1.084259968e+03 +1.466079968e+03 +1.466079968e+03
111 +1.055500670e+03 +1.055500670e+03 +1.437320670e+03 +1.437320670e+03
115 +9.626838184e+02 +9.626838184e+02 +1.344503818e+03 +1.344503818e+03
117 +9.073045088e+02 +9.073045088e+02 +1.289124509e+03 +1.289124509e+03
124 +8.556806393e+02 +8.556806393e+02 +1.237500639e+03 +1.237500639e+03
138 +8.200113087e+02 +8.200113087e+02 +1.201831309e+03 +1.201831309e+03
146 +7.404423313e+02 +7.404423313e+02 +1.122262331e+03 +1.122262331e+03
152 +7.175295269e+02 +7.175295269e+02 +1.099349527e+03 +1.099349527e+03
154 +5.909788427e+02 +5.909788427e+02 +9.727988427e+02 +9.727988427e+02
162 +5.549411580e+02 +5.549411580e+02 +9.367611580e+02 +9.367611580e+02
183 +5.494209114e+02 +5.494209114e+02 +9.312409114e+02 +9.312409114e+02
188 +5.334400569e+02 +5.334400569e+02 +9.152600569e+02 +9.152600569e+02
196 +4.828705104e+02 +4.828705104e+02 +8.646905104e+02 +8.646905104e+02
210 +3.928323590e+02 +3.928323590e+02 +7.746523590e+02 +7.746523590e+02
225 +3.806305989e+02 +3.806305989e+02 +7.624505989e+02 +7.624505989e+02
238 +3.309416390e+02 +3.309416390e+02 +7.127616390e+02 +7.127616390e+02
253 +3.188234649e+02 +3.188234649e+02 +7.006434649e+02 +7.006434649e+02
258 +2.481857385e+02 +2.481857385e+02 +6.300057385e+02 +6.300057385e+02
286 +2.294661214e+02 +2.294661214e+02 +6.112861214e+02 +6.112861214e+02
315 +2.156574314e+02 +2.156574314e+02 +5.974774314e+02 +5.974774314e+02
354 +2.068254368e+02 +2.068254368e+02 +5.886454368e+02 +5.886454368e+02
362 +1.972590869e+02 +1.972590869e+02 +5.790790869e+02 +5.790790869e+02
363 +1.845305563e+02 +1.845305563e+02 +5.663505563e+02 +5.663505563e+02
374 +1.719315325e+02 +1.719315325e+02 +5.537515325e+02 +5.537515325e+02
377 +1.693837271e+02 +1.693837271e+02 +5.512037271e+02 +5.512037271e+02
380 +1.386828442e+02 +1.386828442e+02 +5.205028442e+02 +5.205028442e+02
453 +1.364192631e+02 +1.364192631e+02 +5.182392631e+02 +5.182392631e+02
461 +1.337657285e+02 +1.337657285e+02 +5.155857285e+02 +5.155857285e+02
484 +1.244865585e+02 +1.244865585e+02 +5.063065585e+02 +5.063065585e+02
496 +1.173397951e+02 +1.173397951e+02 +4.991597951e+02 +4.991597951e+02
550 +1.121436090e+02 +1.121436090e+02 +4.939636090e+02 +4.939636090e+02
599 +1.052850480e+02 +1.052850480e+02 +4.871050480e+02 +4.871050480e+02
780 +1.017928920e+02 +1.017928920e+02 +4.836128920e+02 +4.836128920e+02
828 +9.692689722e+01 +9.692689722e+01 +4.787468972e+02 +4.787468972e+02
843 +9.531988108e+01 +9.531988108e+01 +4.771398811e+02 +4.771398811e+02
878 +8.860017406e+01 +8.860017406e+01 +4.704201741e+02 +4.704201741e+02
882 +8.360612145e+01 +8.360612145e+01 +4.654261215e+02 +4.654261215e+02
1047 +7.911144383e+01 +7.911144383e+01 +4.609314438e+02 +4.609314438e+02
1122 +7.465303360e+01 +7.465303360e+01 +4.564730336e+02 +4.564730336e+02
1172 +7.375640720e+01 +7.375640720e+01 +4.555764072e+02 +4.555764072e+02
1181 +7.211572491e+01 +7.211572491e+01 +4.539357249e+02 +4.539357249e+02
1352 +7.074020489e+01 +7.074020489e+01 +4.525602049e+02 +4.525602049e+02
1360 +6.743783017e+01 +6.743783017e+01 +4.492578302e+02 +4.492578302e+02
1365 +6.470457329e+01 +6.470457329e+01 +4.465245733e+02 +4.465245733e+02
1373 +6.353822271e+01 +6.353822271e+01 +4.453582227e+02 +4.453582227e+02
1575 +6.295579959e+01 +6.295579959e+01 +4.447757996e+02 +4.447757996e+02
1637 +6.052490929e+01 +6.052490929e+01 +4.423449093e+02 +4.423449093e+02
1741 +6.017377020e+01 +6.017377020e+01 +4.419937702e+02 +4.419937702e+02
1827 +5.885611554e+01 +5.885611554e+01 +4.406761155e+02 +4.406761155e+02
1870 +5.752202292e+01 +5.752202292e+01 +4.393420229e+02 +4.393420229e+02
1914 +5.496084205e+01 +5.496084205e+01 +4.367808421e+02 +4.367808421e+02
1925 +5.399146880e+01 +5.399146880e+01 +4.358114688e+02 +4.358114688e+02
1927 +5.309206719e+01 +5.309206719e+01 +4.349120672e+02 +4.349120672e+02
1940 +5.245597504e+01 +5.245597504e+01 +4.342759750e+02 +4.342759750e+02
2027 +5.071329327e+01 +5.071329327e+01 +4.325332933e+02 +4.325332933e+02
2091 +4.890937890e+01 +4.890937890e+01 +4.307293789e+02 +4.307293789e+02
2198 +4.762646562e+01 +4.762646562e+01 +4.294464656e+02 +4.294464656e+02
2380 +4.655115149e+01 +4.655115149e+01 +4.283711515e+02 +4.283711515e+02
2431 +4.448505946e+01 +4.448505946e+01 +4.263050595e+02 +4.263050595e+02
2586 +4.289475842e+01 +4.289475842e+01 +4.247147584e+02 +4.247147584e+02
2619 +4.240520695e+01 +4.240520695e+01 +4.242252070e+02 +4.242252070e+02
2907 +4.150490377e+01 +4.150490377e+01 +4.233249038e+02 +4.233249038e+02
3106 +4.058104633e+01 +4.058104633e+01 +4.224010463e+02 +4.224010463e+02
3294 +3.919655009e+01 +3.919655009e+01 +4.210165501e+02 +4.210165501e+02
3538 +3.888403691e+01 +3.888403691e+01 +4.207040369e+02 +4.207040369e+02
% function evaluation | noise-free fitness - Fopt (8.130000000000e+00) | best noise-free fitness - Fopt | measured fitness | best measured fitness | x1 | x2...
1 +2.138952377e+03 +2.138952377e+03 +2.147082377e+03 +2.147082377e+03
12 +2.065368298e+03 +2.065368298e+03 +2.073498298e+03 +2.073498298e+03
13 +1.888862014e+03 +1.888862014e+03 +1.896992014e+03 +1.896992014e+03
34 +1.856280798e+03 +1.856280798e+03 +1.864410798e+03 +1.864410798e+03
51 +1.787954828e+03 +1.787954828e+03 +1.796084828e+03 +1.796084828e+03
55 +1.679637774e+03 +1.679637774e+03 +1.687767774e+03 +1.687767774e+03
58 +1.636203594e+03 +1.636203594e+03 +1.644333594e+03 +1.644333594e+03
59 +1.532873330e+03 +1.532873330e+03 +1.541003330e+03 +1.541003330e+03
69 +1.510452803e+03 +1.510452803e+03 +1.518582803e+03 +1.518582803e+03
74 +1.456350467e+03 +1.456350467e+03 +1.464480467e+03 +1.464480467e+03
78 +1.421252088e+03 +1.421252088e+03 +1.429382088e+03 +1.429382088e+03
88 +1.266258525e+03 +1.266258525e+03 +1.274388525e+03 +1.274388525e+03
112 +1.239187338e+03 +1.239187338e+03 +1.247317338e+03 +1.247317338e+03
123 +1.170762050e+03 +1.170762050e+03 +1.178892050e+03 +1.178892050e+03
125 +1.147964158e+03 +1.147964158e+03 +1.156094158e+03 +1.156094158e+03
130 +1.070784160e+03 +1.070784160e+03 +1.078914160e+03 +1.078914160e+03
136 +1.038386536e+03 +1.038386536e+03 +1.046516536e+03 +1.046516536e+03
157 +9.388620762e+02 +9.388620762e+02 +9.469920762e+02 +9.469920762e+02
159 +9.080029866e+02 +9.080029866e+02 +9.161329866e+02 +9.161329866e+02
161 +8.891371884e+02 +8.891371884e+02 +8.972671884e+02 +8.972671884e+02
168 +8.364216743e+02 +8.364216743e+02 +8.445516743e+02 +8.445516743e+02
170 +7.828814815e+02 +7.828814815e+02 +7.910114815e+02 +7.910114815e+02
177 +7.630391492e+02 +7.630391492e+02 +7.711691492e+02 +7.711691492e+02
181 +7.055120013e+02 +7.055120013e+02 +7.136420013e+02 +7.136420013e+02
186 +6.644429643e+02 +6.644429643e+02 +6.725729643e+02 +6.725729643e+02
190 +6.384079650e+02 +6.384079650e+02 +6.465379650e+02 +6.465379650e+02
197 +5.210456470e+02 +5.210456470e+02 +5.291756470e+02 +5.291756470e+02
218 +5.044510489e+02 +5.044510489e+02 +5.125810489e+02 +5.125810489e+02
221 +4.433211543e+02 +4.433211543e+02 +4.514511543e+02 +4.514511543e+02
238 +4.102738546e+02 +4.102738546e+02 +4.184038546e+02 +4.184038546e+02
244 +3.531839394e+02 +3.531839394e+02 +3.613139394e+02 +3.613139394e+02
262 +3.434327855e+02 +3.434327855e+02 +3.515627855e+02 +3.515627855e+02
280 +3.139705696e+02 +3.139705696e+02 +3.221005696e+02 +3.221005696e+02
283 +2.915667159e+02 +2.915667159e+02 +2.996967159e+02 +2.996967159e+02
300 +2.822264131e+02 +2.822264131e+02 +2.903564131e+02 +2.903564131e+02
310 +2.678401154e+02 +2.678401154e+02 +2.759701154e+02 +2.759701154e+02
329 +2.572897707e+02 +2.572897707e+02 +2.654197707e+02 +2.654197707e+02
334 +2.529196115e+02 +2.529196115e+02 +2.610496115e+02 +2.610496115e+02
342 +2.261988340e+02 +2.261988340e+02 +2.343288340e+02 +2.343288340e+02
348 +1.931539364e+02 +1.931539364e+02 +2.012839364e+02 +2.012839364e+02
364 +1.883821605e+02 +1.883821605e+02 +1.965121605e+02 +1.965121605e+02
372 +1.670120332e+02 +1.670120332e+02 +1.751420332e+02 +1.751420332e+02
383 +1.611435280e+02 +1.611435280e+02 +1.692735280e+02 +1.692735280e+02
479 +1.431083434e+02 +1.431083434e+02 +1.512383434e+02 +1.512383434e+02
489 +1.293344754e+02 +1.293344754e+02 +1.374644754e+02 +1.374644754e+02
490 +1.150726264e+02 +1.150726264e+02 +1.232026264e+02 +1.232026264e+02
501 +1.109286354e+02 +1.109286354e+02 +1.190586354e+02 +1.190586354e+02
530 +1.003187047e+02 +1.003187047e+02 +1.084487047e+02 +1.084487047e+02
533 +9.092825858e+01 +9.092825858e+01 +9.905825858e+01 +9.905825858e+01
596 +8.681871822e+01 +8.681871822e+01 +9.494871822e+01 +9.494871822e+01
630 +8.148039683e+01 +8.148039683e+01 +8.961039683e+01 +8.961039683e+01
632 +7.484896507e+01 +7.484896507e+01 +8.297896507e+01 +8.297896507e+01
639 +7.170128081e+01 +7.170128081e+01 +7.983128081e+01 +7.983128081e+01
671 +6.901904281e+01 +6.901904281e+01 +7.714904281e+01 +7.714904281e+01
679 +6.641486249e+01 +6.641486249e+01 +7.454486249e+01 +7.454486249e+01
688 +6.511511810e+01 +6.511511810e+01 +7.324511810e+01 +7.324511810e+01
706 +6.259820351e+01 +6.259820351e+01 +7.072820351e+01 +7.072820351e+01
748 +5.435616770e+01 +5.435616770e+01 +6.248616770e+01 +6.248616770e+01
781 +5.139085621e+01 +5.139085621e+01 +5.952085621e+01 +5.952085621e+01
786 +5.043698702e+01 +5.043698702e+01 +5.856698702e+01 +5.856698702e+01
788 +4.557784881e+01 +4.557784881e+01 +5.370784881e+01 +5.370784881e+01
827 +4.159734358e+01 +4.159734358e+01 +4.972734358e+01 +4.972734358e+01
837 +3.814943611e+01 +3.814943611e+01 +4.627943611e+01 +4.627943611e+01
883 +3.620919526e+01 +3.620919526e+01 +4.433919526e+01 +4.433919526e+01
908 +3.375564661e+01 +3.375564661e+01 +4.188564661e+01 +4.188564661e+01
917 +3.069860382e+01 +3.069860382e+01 +3.882860382e+01 +3.882860382e+01
922 +2.986056645e+01 +2.986056645e+01 +3.799056645e+01 +3.799056645e+01
1047 +2.900149729e+01 +2.900149729e+01 +3.713149729e+01 +3.713149729e+01
1051 +2.687954402e+01 +2.687954402e+01 +3.500954402e+01 +3.500954402e+01
1055 +2.619186692e+01 +2.619186692e+01 +3.432186692e+01 +3.432186692e+01
1273 +2.565240024e+01 +2.565240024e+01 +3.378240024e+01 +3.378240024e+01
1304 +2.505701037e+01 +2.505701037e+01 +3.318701037e+01 +3.318701037e+01
1337 +2.431185537e+01 +2.431185537e+01 +3.244185537e+01 +3.244185537e+01
1347 +2.330945772e+01 +2.330945772e+01 +3.143945772e+01 +3.143945772e+01
1438 +2.269837797e+01 +2.269837797e+01 +3.082837797e+01 +3.082837797e+01
1566 +2.158262453e+01 +2.158262453e+01 +2.971262453e+01 +2.971262453e+01
1641 +2.111541140e+01 +2.111541140e+01 +2.924541140e+01 +2.924541140e+01
1757 +2.085425538e+01 +2.085425538e+01 +2.898425538e+01 +2.898425538e+01
1793 +2.036191102e+01 +2.036191102e+01 +2.849191102e+01 +2.849191102e+01
2083 +1.987150286e+01 +1.987150286e+01 +2.800150286e+01 +2.800150286e+01
2655 +1.926378168e+01 +1.926378168e+01 +2.739378168e+01 +2.739378168e+01
2780 +1.869032746e+01 +1.869032746e+01 +2.682032746e+01 +2.682032746e+01
2802 +1.856664114e+01 +1.856664114e+01 +2.669664114e+01 +2.669664114e+01
3853 +1.818928234e+01 +1.818928234e+01 +2.631928234e+01 +2.631928234e+01
% function evaluation | noise-free fitness - Fopt (8.687000000000e+01) | best noise-free fitness - Fopt | measured fitness | best measured fitness | x1 | x2...
1 +2.914014565e+03 +2.914014565e+03 +3.000884565e+03 +3.000884565e+03
2 +2.737541779e+03 +2.737541779e+03 +2.824411779e+03 +2.824411779e+03
12 +2.638174322e+03 +2.638174322e+03 +2.725044322e+03 +2.725044322e+03
13 +2.531596168e+03 +2.531596168e+03 +2.618466168e+03 +2.618466168e+03
18 +2.401484543e+03 +2.401484543e+03 +2.488354543e+03 +2.488354543e+03
20 +2.370652803e+03 +2.370652803e+03 +2.457522803e+03 +2.457522803e+03
28 +2.205583340e+03 +2.205583340e+03 +2.292453340e+03 +2.292453340e+03
43 +2.120334506e+03 +2.120334506e+03 +2.207204506e+03 +2.207204506e+03
50 +1.869342439e+03 +1.869342439e+03 +1.956212439e+03 +1.956212439e+03
68 +1.777242360e+03 +1.777242360e+03 +1.864112360e+03 +1.864112360e+03
69 +1.722084350e+03 +1.722084350e+03 +1.808954350e+03 +1.808954350e+03
74 +1.618853754e+03 +1.618853754e+03 +1.705723754e+03 +1.705723754e+03
90 +1.561056150e+03 +1.561056150e+03 +1.647926150e+03 +1.647926150e+03
91 +1.449396802e+03 +1.449396802e+03 +1.536266802e+03 +1.536266802e+03
103 +1.444580556e+03 +1.444580556e+03 +1.531450556e+03 +1.531450556e+03
107 +1.323274240e+03 +1.323274240e+03 +1.410144240e+03 +1.410144240e+03
109 +1.315323591e+03 +1.315323591e+03 +1.402193591e+03 +1.402193591e+03
115 +1.199402400e+03 +1.199402400e+03 +1.286272400e+03 +1.286272400e+03
122 +1.154653909e+03 +1.154653909e+03 +1.241523909e+03 +1.241523909e+03
130 +1.118733552e+03 +1.118733552e+03 +1.205603552e+03 +1.205603552e+03
134 +1.065188148e+03 +1.065188148e+03 +1.152058148e+03 +1.152058148e+03
138 +1.041463378e+03 +1.041463378e+03 +1.128333378e+03 +1.128333378e+03
140 +9.832039023e+02 +9.832039023e+02 +1.070073902e+03 +1.070073902e+03
146 +9.612371095e+02 +9.612371095e+02 +1.048107109e+03 +1.048107109e+03
147 +9.207653007e+02 +9.207653007e+02 +1.007635301e+03 +1.007635301e+03
154 +8.930887255e+02 +8.930887255e+02 +9.799587255e+02 +9.799587255e+02
155 +8.075261909e+02 +8.075261909e+02 +8.943961909e+02 +8.943961909e+02
163 +7.924411457e+02 +7.924411457e+02 +8.793111457e+02 +8.793111457e+02
164 +7.248592453e+02 +7.248592453e+02 +8.117292453e+02 +8.117292453e+02
171 +6.490121276e+02 +6.490121276e+02 +7.358821276e+02 +7.358821276e+02
178 +6.144322435e+02 +6.144322435e+02 +7.013022435e+02 +7.013022435e+02
183 +5.893875323e+02 +5.893875323e+02 +6.762575323e+02 +6.762575323e+02
188 +4.958698733e+02 +4.958698733e+02 +5.827398733e+02 +5.827398733e+02
189 +4.769963007e+02 +4.769963007e+02 +5.638663007e+02 +5.638663007e+02
197 +4.449049484e+02 +4.449049484e+02 +5.317749484e+02 +5.317749484e+02
203 +4.307892804e+02 +4.307892804e+02 +5.176592804e+02 +5.176592804e+02
204 +3.883111821e+02 +3.883111821e+02 +4.751811821e+02 +4.751811821e+02
212 +3.784156898e+02 +3.784156898e+02 +4.652856898e+02 +4.652856898e+02
215 +3.490070636e+02 +3.490070636e+02 +4.358770636e+02 +4.358770636e+02
223 +3.401941044e+02 +3.401941044e+02 +4.270641044e+02 +4.270641044e+02
227 +3.330082959e+02 +3.330082959e+02 +4.198782959e+02 +4.198782959e+02
228 +3.227004120e+02 +3.227004120e+02 +4.095704120e+02 +4.095704120e+02
248 +3.155620813e+02 +3.155620813e+02 +4.024320813e+02 +4.024320813e+02
259 +3.017180313e+02 +3.017180313e+02 +3.885880313e+02 +3.885880313e+02
281 +2.648863285e+02 +2.648863285e+02 +3.517563285e+02 +3.517563285e+02
291 +2.489963959e+02 +2.489963959e+02 +3.358663959e+02 +3.358663959e+02
301 +2.326035848e+02 +2.326035848e+02 +3.194735848e+02 +3.194735848e+02
332 +2.286292412e+02 +2.286292412e+02 +3.154992412e+02 +3.154992412e+02
355 +2.219419735e+02 +2.219419735e+02 +3.088119735e+02 +3.088119735e+02
371 +2.082594125e+02 +2.082594125e+02 +2.951294125e+02 +2.951294125e+02
381 +2.012148176e+02 +2.012148176e+02 +2.880848176e+02 +2.880848176e+02
382 +1.918191351e+02 +1.918191351e+02 +2.786891351e+02 +2.786891351e+02
397 +1.872314553e+02 +1.872314553e+02 +2.741014553e+02 +2.741014553e+02
414 +1.743838442e+02 +1.743838442e+02 +2.612538442e+02 +2.612538442e+02
461 +1.579705618e+02 +1.579705618e+02 +2.448405618e+02 +2.448405618e+02
484 +1.501027025e+02 +1.501027025e+02 +2.369727025e+02 +2.369727025e+02
528 +1.398154817e+02 +1.398154817e+02 +2.266854817e+02 +2.266854817e+02
537 +1.342891632e+02 +1.342891632e+02 +2.211591632e+02 +2.211591632e+02
543 +1.200109665e+02 +1.200109665e+02 +2.068809665e+02 +2.068809665e+02
668 +1.125736736e+02 +1.125736736e+02 +1.994436736e+02 +1.994436736e+02
677 +1.118644821e+02 +1.118644821e+02 +1.987344821e+02 +1.987344821e+02
691 +1.030609498e+02 +1.030609498e+02 +1.899309498e+02 +1.899309498e+02
710 +9.066266818e+01 +9.066266818e+01 +1.775326682e+02 +1.775326682e+02
775 +8.861199112e+01 +8.861199112e+01 +1.754819911e+02 +1.754819911e+02
836 +7.998432166e+01 +7.998432166e+01 +1.668543217e+02 +1.668543217e+02
852 +7.829570811e+01 +7.829570811e+01 +1.651657081e+02 +1.651657081e+02
857 +7.438153202e+01 +7.438153202e+01 +1.612515320e+02 +1.612515320e+02
903 +7.362242029e+01 +7.362242029e+01 +1.604924203e+02 +1.604924203e+02
910 +6.771278541e+01 +6.771278541e+01 +1.545827854e+02 +1.545827854e+02
939 +6.499184315e+01 +6.499184315e+01 +1.518618431e+02 +1.518618431e+02
967 +6.140376260e+01 +6.140376260e+01 +1.482737626e+02 +1.482737626e+02
1155 +6.020753864e+01 +6.020753864e+01 +1.470775386e+02 +1.470775386e+02
1168 +5.885504941e+01 +5.885504941e+01 +1.457250494e+02 +1.457250494e+02
1184 +5.438326629e+01 +5.438326629e+01 +1.412532663e+02 +1.412532663e+02
1335 +5.368240196e+01 +5.368240196e+01 +1.405524020e+02 +1.405524020e+02
1339 +5.236248153e+01 +5.236248153e+01 +1.392324815e+02 +1.392324815e+02
1355 +5.027976943e+01 +5.027976943e+01 +1.371497694e+02 +1.371497694e+02
1363 +4.950663487e+01 +4.950663487e+01 +1.363766349e+02 +1.363766349e+02
1370 +4.638540597e+01 +4.638540597e+01 +1.332554060e+02 +1.332554060e+02
1390 +4.559008828e+01 +4.559008828e+01 +1.324600883e+02 +1.324600883e+02
1477 +4.459770914e+01 +4.459770914e+01 +1.314677091e+02 +1.314677091e+02
1568 +4.327090693e+01 +4.327090693e+01 +1.301409069e+02 +1.301409069e+02
1611 +4.241337605e+01 +4.241337605e+01 +1.292833760e+02 +1.292833760e+02
1713 +4.116747277e+01 +4.116747277e+01 +1.280374728e+02 +1.280374728e+02
1742 +4.070614850e+01 +4.070614850e+01 +1.275761485e+02 +1.275761485e+02
1759 +3.939674652e+01 +3.939674652e+01 +1.262667465e+02 +1.262667465e+02
1790 +3.878889822e+01 +3.878889822e+01 +1.256588982e+02 +1.256588982e+02
1883 +3.796569246e+01 +3.796569246e+01 +1.248356925e+02 +1.248356925e+02
1976 +3.699838547e+01 +3.699838547e+01 +1.238683855e+02 +1.238683855e+02
2219 +3.617950510e+01 +3.617950510e+01 +1.230495051e+02 +1.230495051e+02
2280 +3.536246068e+01 +3.536246068e+01 +1.222324607e+02 +1.222324607e+02
2588 +3.460584251e+01 +3.460584251e+01 +1.214758425e+02 +1.214758425e+02
2774 +3.388432645e+01 +3.388432645e+01 +1.207543265e+02 +1.207543265e+02
% function evaluation | noise-free fitness - Fopt (-5.791000000000e+01) | best noise-free fitness - Fopt | measured fitness | best measured fitness | x1 | x2...
1 +1.894329579e+03 +1.894329579e+03 +1.836419579e+03 +1.836419579e+03
3 +1.819274514e+03 +1.819274514e+03 +1.761364514e+03 +1.761364514e+03
13 +1.759782747e+03 +1.759782747e+03 +1.701872747e+03 +1.701872747e+03
14 +1.646058387e+03 +1.646058387e+03 +1.588148387e+03 +1.588148387e+03
20 +1.606307977e+03 +1.606307977e+03 +1.548397977e+03 +1.548397977e+03
37 +1.540502087e+03 +1.540502087e+03 +1.482592087e+03 +1.482592087e+03
54 +1.434859250e+03 +1.434859250e+03 +1.376949250e+03 +1.376949250e+03
70 +1.381226352e+03 +1.381226352e+03 +1.323316352e+03 +1.323316352e+03
74 +1.349037755e+03 +1.349037755e+03 +1.291127755e+03 +1.291127755e+03
76 +1.334744906e+03 +1.334744906e+03 +1.276834906e+03 +1.276834906e+03
77 +1.314259014e+03 +1.314259014e+03 +1.256349014e+03 +1.256349014e+03
88 +1.258614670e+03 +1.258614670e+03 +1.200704670e+03 +1.200704670e+03
102 +1.203995105e+03 +1.203995105e+03 +1.146085105e+03 +1.146085105e+03
118 +1.115929103e+03 +1.115929103e+03 +1.058019103e+03 +1.058019103e+03
124 +1.085064408e+03 +1.085064408e+03 +1.027154408e+03 +1.027154408e+03
130 +9.570515995e+02 +9.570515995e+02 +8.991415995e+02 +8.991415995e+02
156 +9.466824333e+02 +9.466824333e+02 +8.887724333e+02 +8.887724333e+02
161 +9.163351551e+02 +9.163351551e+02 +8.584251551e+02 +8.584251551e+02
169 +9.040750374e+02 +9.040750374e+02 +8.461650374e+02 +8.461650374e+02
180 +8.906157151e+02 +8.906157151e+02 +8.327057151e+02 +8.327057151e+02
182 +8.310179630e+02 +8.310179630e+02 +7.731079630e+02 +7.731079630e+02
188 +7.716401949e+02 +7.716401949e+02 +7.137301949e+02 +7.137301949e+02
191 +7.400144429e+02 +7.400144429e+02 +6.821044429e+02 +6.821044429e+02
194 +6.930656621e+02 +6.930656621e+02 +6.351556621e+02 +6.351556621e+02
206 +6.360520176e+02 +6.360520176e+02 +5.781420176e+02 +5.781420176e+02
214 +6.200705662e+02 +6.200705662e+02 +5.621605662e+02 +5.621605662e+02
215 +6.122235219e+02 +6.122235219e+02 +5.543135219e+02 +5.543135219e+02
235 +5.670274862e+02 +5.670274862e+02 +5.091174862e+02 +5.091174862e+02
249 +5.619500559e+02 +5.619500559e+02 +5.040400559e+02 +5.040400559e+02
252 +4.939842701e+02 +4.939842701e+02 +4.360742701e+02 +4.360742701e+02
271 +4.815252559e+02 +4.815252559e+02 +4.236152559e+02 +4.236152559e+02
279 +4.568485148e+02 +4.568485148e+02 +3.989385148e+02 +3.989385148e+02
292 +4.361255479e+02 +4.361255479e+02 +3.782155479e+02 +3.782155479e+02
298 +3.541608829e+02 +3.541608829e+02 +2.962508829e+02 +2.962508829e+02
312 +3.272508699e+02 +3.272508699e+02 +2.693408699e+02 +2.693408699e+02
321 +2.912782760e+02 +2.912782760e+02 +2.333682760e+02 +2.333682760e+02
332 +2.794529114e+02 +2.794529114e+02 +2.215429114e+02 +2.215429114e+02
349 +2.578516775e+02 +2.578516775e+02 +1.999416775e+02 +1.999416775e+02
374 +2.143253894e+02 +2.143253894e+02 +1.564153894e+02 +1.564153894e+02
405 +2.112449817e+02 +2.112449817e+02 +1.533349817e+02 +1.533349817e+02
408 +2.066562859e+02 +2.066562859e+02 +1.487462859e+02 +1.487462859e+02
411 +1.648169344e+02 +1.648169344e+02 +1.069069344e+02 +1.069069344e+02
446 +1.553898115e+02 +1.553898115e+02 +9.747981153e+01 +9.747981153e+01
501 +1.496219045e+02 +1.496219045e+02 +9.171190451e+01 +9.171190451e+01
506 +1.425796516e+02 +1.425796516e+02 +8.466965162e+01 +8.466965162e+01
559 +1.325783933e+02 +1.325783933e+02 +7.466839332e+01 +7.466839332e+01
594 +1.294363293e+02 +1.294363293e+02 +7.152632933e+01 +7.152632933e+01
605 +1.086104393e+02 +1.086104393e+02 +5.070043926e+01 +5.070043926e+01
646 +1.067009768e+02 +1.067009768e+02 +4.879097684e+01 +4.879097684e+01
695 +1.022166605e+02 +1.022166605e+02 +4.430666053e+01 +4.430666053e+01
725 +9.549645020e+01 +9.549645020e+01 +3.758645020e+01 +3.758645020e+01
751 +8.770205473e+01 +8.770205473e+01 +2.979205473e+01 +2.979205473e+01
770 +8.636159331e+01 +8.636159331e+01 +2.845159331e+01 +2.845159331e+01
781 +8.457987844e+01 +8.457987844e+01 +2.666987844e+01 +2.666987844e+01
783 +7.782849559e+01 +7.782849559e+01 +1.991849559e+01 +1.991849559e+01
786 +7.587746394e+01 +7.587746394e+01 +1.796746394e+01 +1.796746394e+01
846 +7.035185473e+01 +7.035185473e+01 +1.244185473e+01 +1.244185473e+01
856 +6.472213551e+01 +6.472213551e+01 +6.812135510e+00 +6.812135510e+00
925 +6.372408509e+01 +6.372408509e+01 +5.814085095e+00 +5.814085095e+00
933 +6.251350835e+01 +6.251350835e+01 +4.603508349e+00 +4.603508349e+00
944 +5.935941499e+01 +5.935941499e+01 +1.449414987e+00 +1.449414987e+00
971 +5.733093582e+01 +5.733093582e+01 -5.790641850e-01 -5.790641850e-01
1003 +5.518122229e+01 +5.518122229e+01 -2.728777709e+00 -2.728777709e+00
1007 +5.287086319e+01 +5.287086319e+01 -5.039136814e+00 -5.039136814e+00
1054 +5.162504982e+01 +5.162504982e+01 -6.284950182e+00 -6.284950182e+00
1132 +5.090507915e+01 +5.090507915e+01 -7.004920853e+00 -7.004920853e+00
1135 +4.918633795e+01 +4.918633795e+01 -8.723662048e+00 -8.723662048e+00
1152 +4.883400760e+01 +4.883400760e+01 -9.075992398e+00 -9.075992398e+00
1159 +4.784145374e+01 +4.784145374e+01 -1.006854626e+01 -1.006854626e+01
1220 +4.517226076e+01 +4.517226076e+01 -1.273773924e+01 -1.273773924e+01
1286 +4.421461031e+01 +4.421461031e+01 -1.369538969e+01 -1.369538969e+01
1296 +4.333805823e+01 +4.333805823e+01 -1.457194177e+01 -1.457194177e+01
1372 +4.261315973e+01 +4.261315973e+01 -1.529684027e+01 -1.529684027e+01
1485 +4.168091982e+01 +4.168091982e+01 -1.622908018e+01 -1.622908018e+01
1646 +4.067776485e+01 +4.067776485e+01 -1.723223515e+01 -1.723223515e+01
1698 +3.975517987e+01 +3.975517987e+01 -1.815482013e+01 -1.815482013e+01
1934 +3.675101403e+01 +3.675101403e+01 -2.115898597e+01 -2.115898597e+01
2147 +3.628377392e+01 +3.628377392e+01 -2.162622608e+01 -2.162622608e+01
% function evaluation | noise-free fitness - Fopt (1.027500000000e+02) | best noise-free fitness - Fopt | measured fitness | best measured fitness | x1 | x2...
1 +2.304236070e+03 +2.304236070e+03 +2.406986070e+03 +2.406986070e+03
4 +2.272494655e+03 +2.272494655e+03 +2.375244655e+03 +2.375244655e+03
22 +2.206320584e+03 +2.206320584e+03 +2.309070584e+03 +2.309070584e+03
23 +2.177830891e+03 +2.177830891e+03 +2.280580891e+03 +2.280580891e+03
26 +2.117054989e+03 +2.117054989e+03 +2.219804989e+03 +2.219804989e+03
27 +2.053085035e+03 +2.053085035e+03 +2.155835035e+03 +2.155835035e+03
32 +1.985060693e+03 +1.985060693e+03 +2.087810693e+03 +2.087810693e+03
46 +1.931622216e+03 +1.931622216e+03 +2.034372216e+03 +2.034372216e+03
61 +1.894229420e+03 +1.894229420e+03 +1.996979420e+03 +1.996979420e+03
66 +1.807316929e+03 +1.807316929e+03 +1.910066929e+03 +1.910066929e+03
72 +1.677947788e+03 +1.677947788e+03 +1.780697788e+03 +1.780697788e+03
96 +1.600799274e+03 +1.600799274e+03 +1.703549274e+03 +1.703549274e+03
121 +1.478897170e+03 +1.478897170e+03 +1.581647170e+03 +1.581647170e+03
136 +1.443057890e+03 +1.443057890e+03 +1.545807890e+03 +1.545807890e+03
138 +1.361047424e+03 +1.361047424e+03 +1.463797424e+03 +1.463797424e+03
140 +1.322745817e+03 +1.322745817e+03 +1.425495817e+03 +1.425495817e+03
145 +1.299349155e+03 +1.299349155e+03 +1.402099155e+03 +1.402099155e+03
146 +1.261097459e+03 +1.261097459e+03 +1.363847459e+03 +1.363847459e+03
147 +1.145298977e+03 +1.145298977e+03 +1.248048977e+03 +1.248048977e+03
161 +1.022820270e+03 +1.022820270e+03 +1.125570270e+03 +1.125570270e+03
174 +9.898740665e+02 +9.898740665e+02 +1.092624066e+03 +1.092624066e+03
179 +8.988617188e+02 +8.988617188e+02 +1.001611719e+03 +1.001611719e+03
184 +8.453406270e+02 +8.453406270e+02 +9.480906270e+02 +9.480906270e+02
189 +7.918281885e+02 +7.918281885e+02 +8.945781885e+02 +8.945781885e+02
197 +7.736424769e+02 +7.736424769e+02 +8.763924769e+02 +8.763924769e+02
201 +7.055505160e+02 +7.055505160e+02 +8.083005160e+02 +8.083005160e+02
202 +6.648605028e+02 +6.648605028e+02 +7.676105028e+02 +7.676105028e+02
215 +6.600239959e+02 +6.600239959e+02 +7.627739959e+02 +7.627739959e+02
216 +6.423102233e+02 +6.423102233e+02 +7.450602233e+02 +7.450602233e+02
220 +5.996911151e+02 +5.996911151e+02 +7.024411151e+02 +7.024411151e+02
230 +5.712228637e+02 +5.712228637e+02 +6.739728637e+02 +6.739728637e+02
233 +5.325733546e+02 +5.325733546e+02 +6.353233546e+02 +6.353233546e+02
235 +4.863552790e+02 +4.863552790e+02 +5.891052790e+02 +5.891052790e+02
258 +4.613021198e+02 +4.613021198e+02 +5.640521198e+02 +5.640521198e+02
270 +4.499798850e+02 +4.499798850e+02 +5.527298850e+02 +5.527298850e+02
306 +4.387438662e+02 +4.387438662e+02 +5.414938662e+02 +5.414938662e+02
310 +3.842357505e+02 +3.842357505e+02 +4.869857505e+02 +4.869857505e+02
323 +3.328197786e+02 +3.328197786e+02 +4.355697786e+02 +4.355697786e+02
325 +3.216417011e+02 +3.216417011e+02 +4.243917011e+02 +4.243917011e+02
338 +2.798756929e+02 +2.798756929e+02 +3.826256929e+02 +3.826256929e+02
340 +2.415627514e+02 +2.415627514e+02 +3.443127514e+02 +3.443127514e+02
379 +2.162525786e+02 +2.162525786e+02 +3.190025786e+02 +3.190025786e+02
406 +2.125347967e+02 +2.125347967e+02 +3.152847967e+02 +3.152847967e+02
422 +1.904387736e+02 +1.904387736e+02 +2.931887736e+02 +2.931887736e+02
524 +1.657926013e+02 +1.657926013e+02 +2.685426013e+02 +2.685426013e+02
530 +1.602146349e+02 +1.602146349e+02 +2.629646349e+02 +2.629646349e+02
532 +1.388442105e+02 +1.388442105e+02 +2.415942105e+02 +2.415942105e+02
602 +1.342250189e+02 +1.342250189e+02 +2.369750189e+02 +2.369750189e+02
616 +1.244495467e+02 +1.244495467e+02 +2.271995467e+02 +2.271995467e+02
618 +1.223077749e+02 +1.223077749e+02 +2.250577749e+02 +2.250577749e+02
659 +1.113488044e+02 +1.113488044e+02 +2.140988044e+02 +2.140988044e+02
666 +1.080206009e+02 +1.080206009e+02 +2.107706009e+02 +2.107706009e+02
680 +9.642835345e+01 +9.642835345e+01 +1.991783535e+02 +1.991783535e+02
732 +8.048986255e+01 +8.048986255e+01 +1.832398626e+02 +1.832398626e+02
779 +7.441431677e+01 +7.441431677e+01 +1.771643168e+02 +1.771643168e+02
843 +6.813159856e+01 +6.813159856e+01 +1.708815986e+02 +1.708815986e+02
851 +6.538625774e+01 +6.538625774e+01 +1.681362577e+02 +1.681362577e+02
863 +6.419887368e+01 +6.419887368e+01 +1.669488737e+02 +1.669488737e+02
866 +6.277213073e+01 +6.277213073e+01 +1.655221307e+02 +1.655221307e+02
897 +6.163380263e+01 +6.163380263e+01 +1.643838026e+02 +1.643838026e+02
1050 +5.753312470e+01 +5.753312470e+01 +1.602831247e+02 +1.602831247e+02
1176 +4.826490832e+01 +4.826490832e+01 +1.510149083e+02 +1.510149083e+02
1298 +4.739670667e+01 +4.739670667e+01 +1.501467067e+02 +1.501467067e+02
1306 +4.496041336e+01 +4.496041336e+01 +1.477104134e+02 +1.477104134e+02
1394 +4.308970432e+01 +4.308970432e+01 +1.458397043e+02 +1.458397043e+02
1443 +3.815751808e+01 +3.815751808e+01 +1.409075181e+02 +1.409075181e+02
1633 +3.756770554e+01 +3.756770554e+01 +1.403177055e+02 +1.403177055e+02
1658 +3.493402421e+01 +3.493402421e+01 +1.376840242e+02 +1.376840242e+02
1667 +3.448129254e+01 +3.448129254e+01 +1.372312925e+02 +1.372312925e+02
1933 +3.364867996e+01 +3.364867996e+01 +1.363986800e+02 +1.363986800e+02
1955 +3.251137683e+01 +3.251137683e+01 +1.352613768e+02 +1.352613768e+02
1977 +3.210684879e+01 +3.210684879e+01 +1.348568488e+02 +1.348568488e+02
1978 +3.138978112e+01 +3.138978112e+01 +1.341397811e+02 +1.341397811e+02
1980 +2.988526253e+01 +2.988526253e+01 +1.326352625e+02 +1.326352625e+02
2084 +2.918880299e+01 +2.918880299e+01 +1.319388030e+02 +1.319388030e+02
2093 +2.867342763e+01 +2.867342763e+01 +1.314234276e+02 +1.314234276e+02
2131 +2.799207754e+01 +2.799207754e+01 +1.307420775e+02 +1.307420775e+02
2195 +2.747132171e+01 +2.747132171e+01 +1.302213217e+02 +1.302213217e+02
2241 +2.676380447e+01 +2.676380447e+01 +1.295138045e+02 +1.295138045e+02
2377 +2.625901472e+01 +2.625901472e+01 +1.290090147e+02 +1.290090147e+02
2461 +2.569988836e+01 +2.569988836e+01 +1.284498884e+02 +1.284498884e+02
2487 +2.488715048e+01 +2.488715048e+01 +1.276371505e+02 +1.276371505e+02
2543 +2.426018336e+01 +2.426018336e+01 +1.270101834e+02 +1.270101834e+02
2682 +2.363800495e+01 +2.363800495e+01 +1.263880050e+02 +1.263880050e+02
2698 +2.343775458e+01 +2.343775458e+01 +1.261877546e+02 +1.261877546e+02
2853 +2.265732294e+01 +2.265732294e+01 +1.254073229e+02 +1.254073229e+02
3031 +2.237122393e+01 +2.237122393e+01 +1.251212239e+02 +1.251212239e+02
4926 +2.187745394e+01 +2.187745394e+01 +1.246274539e+02 +1.246274539e+02
% function evaluation | noise-free fitness - Fopt (-1.175400000000e+02) | best noise-free fitness - Fopt | measured fitness | best measured fitness | x1 | x2...
1 +3.045268410e+03 +3.045268410e+03 +2.927728410e+03 +2.927728410e+03
3 +2.825646459e+03 +2.825646459e+03 +2.708106459e+03 +2.708106459e+03
11 +2.793758642e+03 +2.793758642e+03 +2.676218642e+03 +2.676218642e+03
18 +2.572426989e+03 +2.572426989e+03 +2.454886989e+03 +2.454886989e+03
40 +2.559516986e+03 +2.559516986e+03 +2.441976986e+03 +2.441976986e+03
53 +2.467976171e+03 +2.467976171e+03 +2.350436171e+03 +2.350436171e+03
58 +2.451553059e+03 +2.451553059e+03 +2.334013059e+03 +2.334013059e+03
60 +2.277232968e+03 +2.277232968e+03 +2.159692968e+03 +2.159692968e+03
74 +2.180178762e+03 +2.180178762e+03 +2.062638762e+03 +2.062638762e+03
101 +2.014582669e+03 +2.014582669e+03 +1.897042669e+03 +1.897042669e+03
128 +1.926831603e+03 +1.926831603e+03 +1.809291603e+03 +1.809291603e+03
133 +1.667791510e+03 +1.667791510e+03 +1.550251510e+03 +1.550251510e+03
167 +1.650885038e+03 +1.650885038e+03 +1.533345038e+03 +1.533345038e+03
174 +1.609204266e+03 +1.609204266e+03 +1.491664266e+03 +1.491664266e+03
178 +1.534348910e+03 +1.534348910e+03 +1.416808910e+03 +1.416808910e+03
180 +1.511694614e+03 +1.511694614e+03 +1.394154614e+03 +1.394154614e+03
187 +1.431591511e+03 +1.431591511e+03 +1.314051511e+03 +1.314051511e+03
204 +1.406316920e+03 +1.406316920e+03 +1.288776920e+03 +1.288776920e+03
205 +1.255253074e+03 +1.255253074e+03 +1.137713074e+03 +1.137713074e+03
208 +1.218308055e+03 +1.218308055e+03 +1.100768055e+03 +1.100768055e+03
220 +1.050597558e+03 +1.050597558e+03 +9.330575585e+02 +9.330575585e+02
237 +9.927713171e+02 +9.927713171e+02 +8.752313171e+02 +8.752313171e+02
254 +9.737978966e+02 +9.737978966e+02 +8.562578966e+02 +8.562578966e+02
258 +8.572960172e+02 +8.572960172e+02 +7.397560172e+02 +7.397560172e+02
263 +8.187340456e+02 +8.187340456e+02 +7.011940456e+02 +7.011940456e+02
267 +7.996589274e+02 +7.996589274e+02 +6.821189274e+02 +6.821189274e+02
274 +7.922734063e+02 +7.922734063e+02 +6.747334063e+02 +6.747334063e+02
276 +7.745838171e+02 +7.745838171e+02 +6.570438171e+02 +6.570438171e+02
280 +7.373539228e+02 +7.373539228e+02 +6.198139228e+02 +6.198139228e+02
292 +6.756707392e+02 +6.756707392e+02 +5.581307392e+02 +5.581307392e+02
299 +6.342064539e+02 +6.342064539e+02 +5.166664539e+02 +5.166664539e+02
303 +6.296319216e+02 +6.296319216e+02 +5.120919216e+02 +5.120919216e+02
304 +5.794198337e+02 +5.794198337e+02 +4.618798337e+02 +4.618798337e+02
312 +5.264337974e+02 +5.264337974e+02 +4.088937974e+02 +4.088937974e+02
315 +4.804944432e+02 +4.804944432e+02 +3.629544432e+02 +3.629544432e+02
325 +4.453399973e+02 +4.453399973e+02 +3.277999973e+02 +3.277999973e+02
333 +4.287825441e+02 +4.287825441e+02 +3.112425441e+02 +3.112425441e+02
345 +4.214865682e+02 +4.214865682e+02 +3.039465682e+02 +3.039465682e+02
351 +3.948027352e+02 +3.948027352e+02 +2.772627352e+02 +2.772627352e+02
356 +3.856361269e+02 +3.856361269e+02 +2.680961269e+02 +2.680961269e+02
357 +3.701106517e+02 +3.701106517e+02 +2.525706517e+02 +2.525706517e+02
368 +3.297438758e+02 +3.297438758e+02 +2.122038758e+02 +2.122038758e+02
391 +3.196770895e+02 +3.196770895e+02 +2.021370895e+02 +2.021370895e+02
398 +2.638983504e+02 +2.638983504e+02 +1.463583504e+02 +1.463583504e+02
425 +2.490200782e+02 +2.490200782e+02 +1.314800782e+02 +1.314800782e+02
440 +2.407967813e+02 +2.407967813e+02 +1.232567813e+02 +1.232567813e+02
450 +2.038225133e+02 +2.038225133e+02 +8.628251331e+01 +8.628251331e+01
534 +1.935425825e+02 +1.935425825e+02 +7.600258248e+01 +7.600258248e+01
580 +1.732416077e+02 +1.732416077e+02 +5.570160767e+01 +5.570160767e+01
604 +1.582397267e+02 +1.582397267e+02 +4.069972669e+01 +4.069972669e+01
660 +1.443734555e+02 +1.443734555e+02 +2.683345553e+01 +2.683345553e+01
723 +1.289551999e+02 +1.289551999e+02 +1.141519986e+01 +1.141519986e+01
724 +1.203345295e+02 +1.203345295e+02 +2.794529527e+00 +2.794529527e+00
734 +8.498827412e+01 +8.498827412e+01 -3.255172588e+01 -3.255172588e+01
811 +8.086652208e+01 +8.086652208e+01 -3.667347792e+01 -3.667347792e+01
920 +7.255470443e+01 +7.255470443e+01 -4.498529557e+01 -4.498529557e+01
1111 +6.965793748e+01 +6.965793748e+01 -4.788206252e+01 -4.788206252e+01
1264 +6.714670740e+01 +6.714670740e+01 -5.039329260e+01 -5.039329260e+01
1299 +6.540694005e+01 +6.540694005e+01 -5.213305995e+01 -5.213305995e+01
1318 +6.331387961e+01 +6.331387961e+01 -5.422612039e+01 -5.422612039e+01
1322 +6.160157278e+01 +6.160157278e+01 -5.593842722e+01 -5.593842722e+01
1356 +5.680577670e+01 +5.680577670e+01 -6.073422330e+01 -6.073422330e+01
1481 +5.504523869e+01 +5.504523869e+01 -6.249476131e+01 -6.249476131e+01
1546 +5.469210673e+01 +5.469210673e+01 -6.284789327e+01 -6.284789327e+01
1553 +5.190126929e+01 +5.190126929e+01 -6.563873071e+01 -6.563873071e+01
1580 +5.077831532e+01 +5.077831532e+01 -6.676168468e+01 -6.676168468e+01
1587 +4.887526765e+01 +4.887526765e+01 -6.866473235e+01 -6.866473235e+01
1635 +4.776567138e+01 +4.776567138e+01 -6.977432862e+01 -6.977432862e+01
1659 +4.539261550e+01 +4.539261550e+01 -7.214738450e+01 -7.214738450e+01
1677 +4.437849456e+01 +4.437849456e+01 -7.316150544e+01 -7.316150544e+01
1698 +4.343025261e+01 +4.343025261e+01 -7.410974739e+01 -7.410974739e+01
1911 +4.248473560e+01 +4.248473560e+01 -7.505526440e+01 -7.505526440e+01
2736 +4.158512627e+01 +4.158512627e+01 -7.595487373e+01 -7.595487373e+01
30559 +4.010344625e+01 +4.010344625e+01 -7.743655375e+01 -7.743655375e+01
30996 +3.953997858e+01 +3.953997858e+01 -7.800002142e+01 -7.800002142e+01
31475 +3.887202059e+01 +3.887202059e+01 -7.866797941e+01 -7.866797941e+01
% function evaluation | noise-free fitness - Fopt (-4.974800000000e+02) | best noise-free fitness - Fopt | measured fitness | best measured fitness | x1 | x2...
1 +1.680550628e+03 +1.680550628e+03 +1.183070628e+03 +1.183070628e+03
2 +1.490191258e+03 +1.490191258e+03 +9.927112581e+02 +9.927112581e+02
11 +1.466244575e+03 +1.466244575e+03 +9.687645753e+02 +9.687645753e+02
12 +1.436917606e+03 +1.436917606e+03 +9.394376056e+02 +9.394376056e+02
14 +1.410811375e+03 +1.410811375e+03 +9.133313746e+02 +9.133313746e+02
17 +1.377963561e+03 +1.377963561e+03 +8.804835612e+02 +8.804835612e+02
45 +1.314830861e+03 +1.314830861e+03 +8.173508611e+02 +8.173508611e+02
48 +1.268464757e+03 +1.268464757e+03 +7.709847572e+02 +7.709847572e+02
52 +1.250014647e+03 +1.250014647e+03 +7.525346468e+02 +7.525346468e+02
54 +1.209966630e+03 +1.209966630e+03 +7.124866303e+02 +7.124866303e+02
58 +1.080509925e+03 +1.080509925e+03 +5.830299247e+02 +5.830299247e+02
75 +1.062725809e+03 +1.062725809e+03 +5.652458093e+02 +5.652458093e+02
87 +9.715805384e+02 +9.715805384e+02 +4.741005384e+02 +4.741005384e+02
94 +9.309927437e+02 +9.309927437e+02 +4.335127437e+02 +4.335127437e+02
122 +9.037314192e+02 +9.037314192e+02 +4.062514192e+02 +4.062514192e+02
123 +8.902664163e+02 +8.902664163e+02 +3.927864163e+02 +3.927864163e+02
131 +8.428330828e+02 +8.428330828e+02 +3.453530828e+02 +3.453530828e+02
138 +7.982552652e+02 +7.982552652e+02 +3.007752652e+02 +3.007752652e+02
153 +7.773124014e+02 +7.773124014e+02 +2.798324014e+02 +2.798324014e+02
158 +7.570469431e+02 +7.570469431e+02 +2.595669431e+02 +2.595669431e+02
163 +7.103412834e+02 +7.103412834e+02 +2.128612834e+02 +2.128612834e+02
172 +6.769629338e+02 +6.769629338e+02 +1.794829338e+02 +1.794829338e+02
173 +6.498532537e+02 +6.498532537e+02 +1.523732537e+02 +1.523732537e+02
182 +6.086701003e+02 +6.086701003e+02 +1.111901003e+02 +1.111901003e+02
194 +5.976886986e+02 +5.976886986e+02 +1.002086986e+02 +1.002086986e+02
202 +5.427367908e+02 +5.427367908e+02 +4.525679080e+01 +4.525679080e+01
218 +5.164329276e+02 +5.164329276e+02 +1.895292763e+01 +1.895292763e+01
222 +5.062052664e+02 +5.062052664e+02 +8.725266450e+00 +8.725266450e+00
225 +4.718116866e+02 +4.718116866e+02 -2.566831344e+01 -2.566831344e+01
235 +4.588802572e+02 +4.588802572e+02 -3.859974284e+01 -3.859974284e+01
237 +4.447902231e+02 +4.447902231e+02 -5.268977688e+01 -5.268977688e+01
247 +4.254742992e+02 +4.254742992e+02 -7.200570080e+01 -7.200570080e+01
249 +4.034188189e+02 +4.034188189e+02 -9.406118114e+01 -9.406118114e+01
251 +3.458374508e+02 +3.458374508e+02 -1.516425492e+02 -1.516425492e+02
294 +3.299763283e+02 +3.299763283e+02 -1.675036717e+02 -1.675036717e+02
298 +2.644213888e+02 +2.644213888e+02 -2.330586112e+02 -2.330586112e+02
316 +2.590681768e+02 +2.590681768e+02 -2.384118232e+02 -2.384118232e+02
322 +2.372875546e+02 +2.372875546e+02 -2.601924454e+02 -2.601924454e+02
337 +2.290663228e+02 +2.290663228e+02 -2.684136772e+02 -2.684136772e+02
362 +2.069181283e+02 +2.069181283e+02 -2.905618717e+02 -2.905618717e+02
367 +2.039353116e+02 +2.039353116e+02 -2.935446884e+02 -2.935446884e+02
403 +1.982601943e+02 +1.982601943e+02 -2.992198057e+02 -2.992198057e+02
429 +1.932106909e+02 +1.932106909e+02 -3.042693091e+02 -3.042693091e+02
437 +1.857367328e+02 +1.857367328e+02 -3.117432672e+02 -3.117432672e+02
454 +1.641456102e+02 +1.641456102e+02 -3.333343898e+02 -3.333343898e+02
472 +1.536143711e+02 +1.536143711e+02 -3.438656289e+02 -3.438656289e+02
481 +1.481855138e+02 +1.481855138e+02 -3.492944862e+02 -3.492944862e+02
519 +1.469127777e+02 +1.469127777e+02 -3.505672223e+02 -3.505672223e+02
523 +1.394808552e+02 +1.394808552e+02 -3.579991448e+02 -3.579991448e+02
534 +1.252317333e+02 +1.252317333e+02 -3.722482667e+02 -3.722482667e+02
542 +1.190576897e+02 +1.190576897e+02 -3.784223103e+02 -3.784223103e+02
612 +1.133036247e+02 +1.133036247e+02 -3.841763753e+02 -3.841763753e+02
662 +9.602676166e+01 +9.602676166e+01 -4.014532383e+02 -4.014532383e+02
676 +9.499006031e+01 +9.499006031e+01 -4.024899397e+02 -4.024899397e+02
697 +9.195124066e+01 +9.195124066e+01 -4.055287593e+02 -4.055287593e+02
700 +9.001845584e+01 +9.001845584e+01 -4.074615442e+02 -4.074615442e+02
759 +7.987365753e+01 +7.987365753e+01 -4.176063425e+02 -4.176063425e+02
771 +7.855942328e+01 +7.855942328e+01 -4.189205767e+02 -4.189205767e+02
820 +7.548076735e+01 +7.548076735e+01 -4.219992326e+02 -4.219992326e+02
882 +7.367466068e+01 +7.367466068e+01 -4.238053393e+02 -4.238053393e+02
921 +7.127269816e+01 +7.127269816e+01 -4.262073018e+02 -4.262073018e+02
949 +6.912675366e+01 +6.912675366e+01 -4.283532463e+02 -4.283532463e+02
1103 +6.558522141e+01 +6.558522141e+01 -4.318947786e+02 -4.318947786e+02
1215 +6.456140374e+01 +6.456140374e+01 -4.329185963e+02 -4.329185963e+02
1258 +6.289664316e+01 +6.289664316e+01 -4.345833568e+02 -4.345833568e+02
1298 +5.712668271e+01 +5.712668271e+01 -4.403533173e+02 -4.403533173e+02
1336 +5.567079203e+01 +5.567079203e+01 -4.418092080e+02 -4.418092080e+02
1355 +5.459090065e+01 +5.459090065e+01 -4.428890994e+02 -4.428890994e+02
1374 +5.332959138e+01 +5.332959138e+01 -4.441504086e+02 -4.441504086e+02
1451 +5.230667436e+01 +5.230667436e+01 -4.451733256e+02 -4.451733256e+02
2267 +5.095638047e+01 +5.095638047e+01 -4.465236195e+02 -4.465236195e+02
2308 +5.007671370e+01 +5.007671370e+01 -4.474032863e+02 -4.474032863e+02
2393 +4.875150122e+01 +4.875150122e+01 -4.487284988e+02 -4.487284988e+02
