% function evaluation | noise-free fitness - Fopt (9.294000000000e+01) | best noise-free fitness - Fopt | measured fitness | best measured fitness | x1 | x2...
1 +1.311513987e+01 +1.311513987e+01 +1.060551399e+02 +1.060551399e+02 +0.0000e+00 +0.0000e+00 +0.0000e+00 +0.0000e+00 +0.0000e+00
4 +1.270960663e+01 +1.270960663e+01 +1.056496066e+02 +1.056496066e+02 -2.8946e-01 +3.1748e-01 +4.1788e-03 -1.8948e-01 -9.1815e-02
6 +7.002690791e+00 +7.002690791e+00 +9.994269079e+01 +9.994269079e+01 -1.0390e-01 -2.6064e-01 -8.8582e-02 +7.4764e-02 +4.6225e-01
8 +6.771195417e+00 +6.771195417e+00 +9.971119542e+01 +9.971119542e+01 -1.0242e-01 -4.4116e-01 -1.1622e-01 +2.1684e-01 +2.3430e-02
10 +5.000249908e+00 +5.000249908e+00 +9.794024991e+01 +9.794024991e+01 -4.5215e-01 -4.6905e-01 -3.1370e-01 +1.6926e-01 +4.4468e-01
30 +4.857355011e+00 +4.857355011e+00 +9.779735501e+01 +9.779735501e+01 -8.3142e-02 -1.1340e-01 -6.9459e-01 +2.6557e-01 +5.3035e-01
53 +4.641705649e+00 +4.641705649e+00 +9.758170565e+01 +9.758170565e+01 -3.0003e-01 -2.0263e-01 -6.3608e-01 +1.4398e-01 +2.3293e-01
62 +4.519576859e+00 +4.519576859e+00 +9.745957686e+01 +9.745957686e+01 -3.9093e-01 -3.3213e-02 -5.6925e-01 +2.4765e-01 +5.8128e-01
% function evaluation | noise-free fitness - Fopt (3.535000000000e+01) | best noise-free fitness - Fopt | measured fitness | best measured fitness | x1 | x2...
1 +4.644548928e+02 +4.644548928e+02 +4.998048928e+02 +4.998048928e+02 +0.0000e+00 +0.0000e+00 +0.0000e+00 +0.0000e+00 +0.0000e+00
2 +3.945680282e+02 +3.945680282e+02 +4.299180282e+02 +4.299180282e+02 +7.5661e-02 +3.2718e-01 +6.3121e-02 +2.0491e-01 -1.6996e-03
11 +3.721768378e+02 +3.721768378e+02 +4.075268378e+02 +4.075268378e+02 +4.7006e-01 +3.6596e-01 -2.0775e-02 -1.2370e-01 -3.3918e-01
16 +2.966216046e+02 +2.966216046e+02 +3.319716046e+02 +3.319716046e+02 +2.5465e-01 +4.8671e-01 +5.3670e-01 +2.9457e-01 -4.2357e-01
31 +2.510165572e+02 +2.510165572e+02 +2.863665572e+02 +2.863665572e+02 +1.8149e-01 +1.0625e+00 +7.4579e-01 +2.1514e-01 -7.1321e-01
42 +2.230511091e+02 +2.230511091e+02 +2.584011091e+02 +2.584011091e+02 +1.2676e+00 +8.4099e-01 +8.5940e-01 -2.6915e-01 -2.9292e-01
45 +2.067397758e+02 +2.067397758e+02 +2.420897758e+02 +2.420897758e+02 +1.2672e+00 +1.6175e+00 +6.4951e-01 -1.8626e-01 -8.9926e-01
46 +1.967169837e+02 +1.967169837e+02 +2.320669837e+02 +2.320669837e+02 +9.0405e-01 +1.2615e+00 +1.0727e+00 +1.9251e-01 -5.2528e-01
48 +1.741946983e+02 +1.741946983e+02 +2.095446983e+02 +2.095446983e+02 +1.2439e+00 +7.5937e-01 +9.9493e-01 +1.7058e-01 -8.3030e-01
54 +1.720794177e+02 +1.720794177e+02 +2.074294177e+02 +2.074294177e+02 +8.5988e-01 +1.2218e+00 +1.0482e+00 -3.0569e-01 -1.2358e+00
55 +1.434034329e+02 +1.434034329e+02 +1.787534329e+02 +1.787534329e+02 +1.8809e+00 +1.4440e+00 +1.3492e+00 -3.3222e-01 -6.3229e-01
59 +8.362626018e+01 +8.362626018e+01 +1.189762602e+02 +1.189762602e+02 +2.1846e+00 +2.3706e+00 +3.2887e+00 -8.8888e-02 -5.3275e-01
61 +4.856043728e+01 +4.856043728e+01 +8.391043728e+01 +8.391043728e+01 +1.8265e+00 +2.4695e+00 +2.8767e+00 +5.2083e-01 -8.6613e-01
71 +4.168373284e+01 +4.168373284e+01 +7.703373284e+01 +7.703373284e+01 +1.9621e+00 +8.6992e-01 +3.8172e+00 +1.7672e+00 -1.2592e-01
73 +1.965137054e+01 +1.965137054e+01 +5.500137054e+01 +5.500137054e+01 +1.7876e+00 +1.3381e+00 +4.4079e+00 -9.2691e-02 -1.5997e+00
76 +1.191520947e+01 +1.191520947e+01 +4.726520947e+01 +4.726520947e+01 +2.8795e+00 +1.2261e+00 +4.6485e+00 +1.9342e+00 -6.2785e-01
101 +1.079354372e+01 +1.079354372e+01 +4.614354372e+01 +4.614354372e+01 +2.9654e+00 +1.2533e+00 +3.5271e+00 +2.1052e+00 -1.4732e+00
103 +1.027243397e+01 +1.027243397e+01 +4.562243397e+01 +4.562243397e+01 +3.1072e+00 +9.1873e-01 +4.7530e+00 +1.3555e+00 -1.7790e+00
114 +6.994230630e+00 +6.994230630e+00 +4.234423063e+01 +4.234423063e+01 +2.6171e+00 +1.5648e+00 +4.4187e+00 +1.5214e+00 -1.7188e+00
118 +4.843126870e+00 +4.843126870e+00 +4.019312687e+01 +4.019312687e+01 +2.7376e+00 +7.5703e-01 +4.5948e+00 +1.1458e+00 -1.6549e+00
126 +4.763780499e+00 +4.763780499e+00 +4.011378050e+01 +4.011378050e+01 +2.3007e+00 +1.7003e+00 +3.7396e+00 +2.0239e+00 -1.6473e+00
128 +2.945997047e+00 +2.945997047e+00 +3.829599705e+01 +3.829599705e+01 +2.7630e+00 +6.1003e-01 +3.9386e+00 +8.6690e-01 -1.7383e+00
130 +2.581370016e+00 +2.581370016e+00 +3.793137002e+01 +3.793137002e+01 +1.9827e+00 +1.0099e+00 +3.8259e+00 +1.5763e+00 -1.4948e+00
137 +1.324940772e+00 +1.324940772e+00 +3.667494077e+01 +3.667494077e+01 +2.5501e+00 +4.3952e-01 +4.4077e+00 +1.4560e+00 -1.6442e+00
145 +1.198025609e+00 +1.198025609e+00 +3.654802561e+01 +3.654802561e+01 +2.1122e+00 +6.8680e-01 +4.1584e+00 +1.1666e+00 -1.5417e+00
220 +9.723492401e-01 +9.723492401e-01 +3.632234924e+01 +3.632234924e+01 +2.2595e+00 +8.7394e-01 +4.0867e+00 +1.3738e+00 -1.5125e+00
229 +6.072820851e-01 +6.072820851e-01 +3.595728209e+01 +3.595728209e+01 +2.5393e+00 +7.8843e-01 +4.2416e+00 +1.4776e+00 -1.4400e+00
276 +2.402427306e-01 +2.402427306e-01 +3.559024273e+01 +3.559024273e+01 +2.1337e+00 +6.5976e-01 +4.2942e+00 +1.3956e+00 -1.6835e+00
286 +1.787190015e-01 +1.787190015e-01 +3.552871900e+01 +3.552871900e+01 +2.2259e+00 +7.0458e-01 +4.2027e+00 +1.3434e+00 -1.6835e+00
338 +1.755895725e-01 +1.755895725e-01 +3.552558957e+01 +3.552558957e+01 +2.2611e+00 +7.1047e-01 +4.2080e+00 +1.2820e+00 -1.7341e+00
340 +1.523148433e-01 +1.523148433e-01 +3.550231484e+01 +3.550231484e+01 +2.2021e+00 +7.4604e-01 +4.2828e+00 +1.2549e+00 -1.7067e+00
404 +1.508962548e-01 +1.508962548e-01 +3.550089625e+01 +3.550089625e+01 +2.3219e+00 +3.7324e-01 +4.4356e+00 +1.2350e+00 -1.5770e+00
406 +1.395388591e-01 +1.395388591e-01 +3.548953886e+01 +3.548953886e+01 +2.4063e+00 +3.8872e-01 +4.4525e+00 +1.1904e+00 -1.6232e+00
427 +1.365101614e-01 +1.365101614e-01 +3.548651016e+01 +3.548651016e+01 +2.2974e+00 +4.8236e-01 +4.3939e+00 +1.2126e+00 -1.6181e+00
436 +1.305530503e-01 +1.305530503e-01 +3.548055305e+01 +3.548055305e+01 +2.3781e+00 +4.5187e-01 +4.4048e+00 +1.2535e+00 -1.5945e+00
% function evaluation | noise-free fitness - Fopt (3.820000000000e+00) | best noise-free fitness - Fopt | measured fitness | best measured fitness | x1 | x2...
1 +7.329981111e+02 +7.329981111e+02 +7.368181111e+02 +7.368181111e+02 +0.0000e+00 +0.0000e+00 +0.0000e+00 +0.0000e+00 +0.0000e+00
3 +6.901954128e+02 +6.901954128e+02 +6.940154128e+02 +6.940154128e+02 -4.8033e-01 +9.7936e-02 +2.6659e-01 +3.2502e-01 -1.2746e-02
4 +6.146781270e+02 +6.146781270e+02 +6.184981270e+02 +6.184981270e+02 +6.3056e-02 +1.7965e-01 +2.6088e-01 -3.2235e-01 +4.2792e-02
12 +5.620523463e+02 +5.620523463e+02 +5.658723463e+02 +5.658723463e+02 +4.4780e-01 -1.1191e-01 +1.0505e-01 -1.9830e-01 +3.5178e-01
17 +5.143424746e+02 +5.143424746e+02 +5.181624746e+02 +5.181624746e+02 +4.4388e-01 +4.6041e-01 +7.7760e-02 +1.1441e-01 +3.7725e-01
19 +4.585438605e+02 +4.585438605e+02 +4.623638605e+02 +4.623638605e+02 +4.8151e-01 +2.1843e-01 +3.6232e-01 -2.1373e-02 +5.4140e-01
28 +4.094870108e+02 +4.094870108e+02 +4.133070108e+02 +4.133070108e+02 +6.7502e-01 +3.4515e-01 +4.0936e-01 -3.5485e-01 +1.8994e-01
32 +3.771184958e+02 +3.771184958e+02 +3.809384958e+02 +3.809384958e+02 +1.0182e+00 +4.3186e-01 +4.2932e-01 +1.4071e-01 +4.2980e-01
34 +3.704616909e+02 +3.704616909e+02 +3.742816909e+02 +3.742816909e+02 +6.8914e-01 +6.0996e-01 +6.8796e-01 -1.1992e-01 -1.0539e-01
37 +3.067267040e+02 +3.067267040e+02 +3.105467040e+02 +3.105467040e+02 +1.0781e+00 +8.4523e-01 +5.8978e-01 -6.2645e-02 +5.9155e-02
42 +2.246413759e+02 +2.246413759e+02 +2.284613759e+02 +2.284613759e+02 +2.0690e+00 +7.1860e-01 +5.0871e-01 +2.0357e-01 +3.8751e-01
43 +2.200376239e+02 +2.200376239e+02 +2.238576239e+02 +2.238576239e+02 +1.2494e+00 +9.2892e-01 +9.0154e-01 -4.5174e-01 +1.6959e-01
47 +1.882999959e+02 +1.882999959e+02 +1.921199959e+02 +1.921199959e+02 +1.6739e+00 +7.8863e-01 +6.2485e-01 -2.3237e-01 +1.1239e-01
54 +1.115436394e+02 +1.115436394e+02 +1.153636394e+02 +1.153636394e+02 +2.0580e+00 +8.9428e-01 +8.9234e-01 -9.2014e-02 -3.4929e-01
55 +1.039463350e+02 +1.039463350e+02 +1.077663350e+02 +1.077663350e+02 +2.2062e+00 +5.3429e-01 +1.2555e+00 -2.2792e-01 +4.4593e-01
58 +7.958492986e+01 +7.958492986e+01 +8.340492986e+01 +8.340492986e+01 +3.0768e+00 +8.6499e-01 +9.1096e-01 -3.0738e-01 -7.2453e-02
60 +5.761826850e+01 +5.761826850e+01 +6.143826850e+01 +6.143826850e+01 +1.6553e+00 +1.4437e+00 +1.4484e+00 -7.3541e-02 -5.5699e-01
67 +2.262295040e+01 +2.262295040e+01 +2.644295040e+01 +2.644295040e+01 +3.1517e+00 +1.0134e+00 +1.4136e+00 -3.8415e-01 -4.9401e-01
70 +2.136164115e+01 +2.136164115e+01 +2.518164115e+01 +2.518164115e+01 +2.2080e+00 +1.7646e+00 +1.5610e+00 -1.3588e-01 -9.8278e-01
75 +8.103201450e+00 +8.103201450e+00 +1.192320145e+01 +1.192320145e+01 +3.0303e+00 +1.9840e+00 +2.1804e+00 +1.2807e-01 +2.1033e-01
85 +3.935720406e+00 +3.935720406e+00 +7.755720406e+00 +7.755720406e+00 +3.7428e+00 +1.1168e+00 +1.9624e+00 +4.5708e-01 -2.1056e-01
194 +2.729287518e+00 +2.729287518e+00 +6.549287518e+00 +6.549287518e+00 +3.8907e+00 +9.6436e-01 +2.0592e+00 -3.5435e-02 +5.1676e-01
214 +2.593346306e+00 +2.593346306e+00 +6.413346306e+00 +6.413346306e+00 +3.8733e+00 +1.0042e+00 +2.0831e+00 -3.7389e-01 +4.6278e-01
986 +2.001631799e+00 +2.001631799e+00 +5.821631799e+00 +5.821631799e+00 +3.7033e+00 +9.5388e-01 +2.4291e+00 -1.1217e+00 +5.4467e-01
1005 +6.251576637e-01 +6.251576637e-01 +4.445157664e+00 +4.445157664e+00 +3.6453e+00 +6.9153e-01 +2.3661e+00 -1.3417e+00 +6.6910e-01
1009 +5.241853068e-01 +5.241853068e-01 +4.344185307e+00 +4.344185307e+00 +3.6575e+00 +8.4329e-01 +2.2521e+00 -1.5761e+00 +7.4970e-01
% function evaluation | noise-free fitness - Fopt (2.175000000000e+01) | best noise-free fitness - Fopt | measured fitness | best measured fitness | x1 | x2...
1 +1.551430652e+02 +1.551430652e+02 +1.768930652e+02 +1.768930652e+02 +0.0000e+00 +0.0000e+00 +0.0000e+00 +0.0000e+00 +0.0000e+00
18 +1.417749996e+02 +1.417749996e+02 +1.635249996e+02 +1.635249996e+02 +2.0651e-01 +3.9118e-01 +6.2177e-01 +6.5374e-02 -2.5931e-01
27 +1.292050301e+02 +1.292050301e+02 +1.509550301e+02 +1.509550301e+02 +5.0756e-01 +5.7514e-01 +4.2099e-01 +9.9207e-02 -2.3812e-01
35 +1.287696261e+02 +1.287696261e+02 +1.505196261e+02 +1.505196261e+02 +3.0691e-01 +3.4382e-01 +2.6188e-01 +8.3498e-02 -1.8390e-01
37 +1.226835571e+02 +1.226835571e+02 +1.444335571e+02 +1.444335571e+02 +4.8586e-01 +1.4663e-01 +4.3246e-01 +3.1993e-02 -3.6784e-01
38 +1.101377933e+02 +1.101377933e+02 +1.318877933e+02 +1.318877933e+02 +8.5721e-01 +5.7763e-01 +7.1053e-01 +4.4132e-01 -1.4974e-01
42 +9.992780989e+01 +9.992780989e+01 +1.216778099e+02 +1.216778099e+02 +3.0452e-01 +4.5225e-01 +5.2035e-01 +5.5245e-01 -1.0898e+00
46 +9.766239275e+01 +9.766239275e+01 +1.194123928e+02 +1.194123928e+02 +9.7400e-01 +3.2988e-01 +4.2476e-01 +5.2674e-01 -2.3880e-01
51 +6.213035838e+01 +6.213035838e+01 +8.388035838e+01 +8.388035838e+01 +1.4887e+00 +9.1916e-01 +5.7160e-01 +1.1805e+00 -5.6884e-01
58 +6.025610009e+01 +6.025610009e+01 +8.200610009e+01 +8.200610009e+01 +1.2216e+00 +9.5526e-01 -9.3940e-02 +1.4463e+00 -1.0846e+00
64 +5.832498662e+01 +5.832498662e+01 +8.007498662e+01 +8.007498662e+01 +2.0208e+00 +6.1422e-01 +3.9519e-01 +2.1733e+00 -1.0383e-01
66 +4.884777846e+01 +4.884777846e+01 +7.059777846e+01 +7.059777846e+01 +2.4061e+00 +1.3655e+00 -5.7847e-01 +8.7278e-01 -8.2916e-01
71 +4.354513463e+01 +4.354513463e+01 +6.529513463e+01 +6.529513463e+01 +1.3430e+00 +1.7493e-01 -1.3724e-04 +2.3900e+00 -4.6542e-01
75 +3.653004866e+01 +3.653004866e+01 +5.828004866e+01 +5.828004866e+01 +1.6526e+00 +1.1347e+00 +7.9602e-01 +1.0190e+00 -1.9488e+00
76 +2.718640248e+01 +2.718640248e+01 +4.893640248e+01 +4.893640248e+01 +1.2744e+00 +7.7516e-01 -3.2913e-01 +3.1425e+00 -1.6113e+00
82 +1.471704300e+01 +1.471704300e+01 +3.646704300e+01 +3.646704300e+01 +5.0722e-01 +4.7514e-01 +5.5866e-01 +4.3240e+00 -2.0768e+00
83 +1.287638050e+01 +1.287638050e+01 +3.462638050e+01 +3.462638050e+01 +1.8784e+00 +2.7085e-01 +1.7302e-01 +4.1530e+00 -1.0447e+00
127 +5.606437412e+00 +5.606437412e+00 +2.735643741e+01 +2.735643741e+01 +1.3145e+00 +6.1291e-01 +3.1870e-01 +4.3631e+00 -2.7655e+00
174 +4.200794395e+00 +4.200794395e+00 +2.595079440e+01 +2.595079440e+01 +1.5132e+00 +3.4031e-02 -1.1612e-01 +5.2064e+00 -2.0550e+00
202 +3.056294408e+00 +3.056294408e+00 +2.480629441e+01 +2.480629441e+01 +1.4775e+00 +5.1253e-01 -1.8058e-01 +4.7843e+00 -2.2103e+00
254 +2.676495271e+00 +2.676495271e+00 +2.442649527e+01 +2.442649527e+01 +1.8200e+00 +3.7687e-01 -4.6275e-01 +5.0163e+00 -2.2294e+00
260 +2.548957602e+00 +2.548957602e+00 +2.429895760e+01 +2.429895760e+01 +1.7220e+00 +5.6778e-01 +2.8905e-02 +4.4648e+00 -1.9973e+00
289 +2.135084104e+00 +2.135084104e+00 +2.388508410e+01 +2.388508410e+01 +2.0169e+00 +4.6969e-01 -4.7492e-01 +5.0471e+00 -2.2998e+00
302 +1.900306589e+00 +1.900306589e+00 +2.365030659e+01 +2.365030659e+01 +2.0189e+00 +4.3830e-01 -4.8683e-01 +5.1307e+00 -2.1870e+00
324 +1.845478978e+00 +1.845478978e+00 +2.359547898e+01 +2.359547898e+01 +2.0099e+00 +4.2919e-01 -3.6633e-01 +5.0446e+00 -2.1038e+00
400 +1.816918941e+00 +1.816918941e+00 +2.356691894e+01 +2.356691894e+01 +2.1337e+00 +4.6130e-01 -3.8832e-01 +4.9899e+00 -2.0932e+00
% function evaluation | noise-free fitness - Fopt (6.479000000000e+01) | best noise-free fitness - Fopt | measured fitness | best measured fitness | x1 | x2...
1 +3.268637627e+01 +3.268637627e+01 +9.747637627e+01 +9.747637627e+01 +0.0000e+00 +0.0000e+00 +0.0000e+00 +0.0000e+00 +0.0000e+00
2 +3.021312084e+01 +3.021312084e+01 +9.500312084e+01 +9.500312084e+01 +2.3108e-01 -2.1514e-02 +1.5582e-01 -1.2390e-02 -2.4338e-02
20 +2.624007927e+01 +2.624007927e+01 +9.103007927e+01 +9.103007927e+01 +2.4928e-01 +6.8364e-02 +3.7389e-01 +5.4133e-01 +4.1350e-02
22 +2.546966809e+01 +2.546966809e+01 +9.025966809e+01 +9.025966809e+01 +1.2421e+00 -5.0037e-01 -2.0599e-02 +5.3754e-01 -8.6473e-02
25 +2.252934301e+01 +2.252934301e+01 +8.731934301e+01 +8.731934301e+01 +3.9486e-01 -1.6962e-01 -1.0005e-01 +6.1666e-01 -2.8033e-01
26 +1.260800729e+01 +1.260800729e+01 +7.739800729e+01 +7.739800729e+01 +4.1425e-01 -5.9436e-01 -5.2616e-01 +8.8752e-01 -2.5370e-01
31 +1.226961089e+01 +1.226961089e+01 +7.705961089e+01 +7.705961089e+01 +7.9591e-01 -5.2021e-01 +7.5839e-02 +1.0097e+00 -1.6456e-01
38 +7.820995249e+00 +7.820995249e+00 +7.261099525e+01 +7.261099525e+01 +7.2400e-01 -6.7387e-01 -2.2516e-01 +2.1646e+00 -2.6899e-01
41 +5.910158211e+00 +5.910158211e+00 +7.070015821e+01 +7.070015821e+01 +4.3530e-01 -8.5804e-01 -6.3252e-01 +1.1251e+00 -3.0593e-01
56 +5.529011781e+00 +5.529011781e+00 +7.031901178e+01 +7.031901178e+01 +3.3444e-01 -9.5974e-01 -9.1986e-02 +1.5026e+00 +4.3637e-02
59 +1.884906324e+00 +1.884906324e+00 +6.667490632e+01 +6.667490632e+01 +2.6094e-01 -1.1683e+00 -7.6895e-01 +2.0809e+00 -7.0487e-02
67 +1.820111101e+00 +1.820111101e+00 +6.661011110e+01 +6.661011110e+01 +2.2737e-01 -1.2345e+00 -9.9672e-01 +1.5342e+00 +1.4917e-01
588 +1.676946758e+00 +1.676946758e+00 +6.646694676e+01 +6.646694676e+01 +2.9720e-01 -1.2470e+00 -9.3408e-01 +1.3861e+00 +6.6334e-01
597 +1.602258495e+00 +1.602258495e+00 +6.639225849e+01 +6.639225849e+01 +2.9861e-01 -1.2244e+00 -8.9135e-01 +1.4126e+00 +7.0165e-01
611 +1.346802184e+00 +1.346802184e+00 +6.613680218e+01 +6.613680218e+01 +2.6393e-01 -1.2296e+00 -8.8993e-01 +1.4140e+00 +5.0880e-01
648 +1.223186024e+00 +1.223186024e+00 +6.601318602e+01 +6.601318602e+01 +3.1071e-01 -1.1296e+00 -9.2001e-01 +1.5324e+00 +5.0835e-01
652 +1.180904084e+00 +1.180904084e+00 +6.597090408e+01 +6.597090408e+01 +4.0254e-01 -1.1476e+00 -9.3706e-01 +1.4426e+00 +4.8736e-01
653 +1.168191735e+00 +1.168191735e+00 +6.595819173e+01 +6.595819173e+01 +2.4666e-01 -1.1744e+00 -8.9179e-01 +1.4985e+00 +4.2898e-01
666 +1.047506234e+00 +1.047506234e+00 +6.583750623e+01 +6.583750623e+01 +2.3178e-01 -1.1135e+00 -9.0893e-01 +1.5159e+00 +3.8358e-01
% function evaluation | noise-free fitness - Fopt (1.861100000000e+02) | best noise-free fitness - Fopt | measured fitness | best measured fitness | x1 | x2...
1 +1.470916729e+02 +1.470916729e+02 +3.332016729e+02 +3.332016729e+02 +0.0000e+00 +0.0000e+00 +0.0000e+00 +0.0000e+00 +0.0000e+00
3 +1.281911534e+02 +1.281911534e+02 +3.143011534e+02 +3.143011534e+02 -2.8226e-01 -2.4074e-01 -1.1365e-01 +4.1338e-02 -1.5050e-01
6 +8.858604666e+01 +8.858604666e+01 +2.746960467e+02 +2.746960467e+02 -4.9240e-02 -1.0647e-01 +3.8103e-01 -2.0995e-01 +3.0973e-01
18 +8.285366371e+01 +8.285366371e+01 +2.689636637e+02 +2.689636637e+02 -5.1773e-01 -3.9835e-01 -5.3153e-02 +9.4726e-02 +2.4487e-01
23 +7.791836264e+01 +7.791836264e+01 +2.640283626e+02 +2.640283626e+02 -1.1713e-01 -1.9911e-01 +5.5788e-01 +2.9513e-01 +7.6712e-02
39 +6.173717616e+01 +6.173717616e+01 +2.478471762e+02 +2.478471762e+02 -4.3151e-01 +2.1088e-01 +1.1748e-01 +2.1933e-01 +5.3757e-01
44 +5.205281139e+01 +5.205281139e+01 +2.381628114e+02 +2.381628114e+02 -3.3916e-01 +5.0472e-01 +3.7159e-01 +6.3532e-01 +4.0071e-01
55 +4.659857384e+01 +4.659857384e+01 +2.327085738e+02 +2.327085738e+02 +4.8294e-02 -6.8039e-02 +4.1010e-01 +7.9635e-01 +5.1104e-01
61 +3.879574706e+01 +3.879574706e+01 +2.249057471e+02 +2.249057471e+02 -4.8341e-01 -5.1591e-01 +3.6438e-01 +5.3006e-01 +4.6370e-01
67 +2.656152967e+01 +2.656152967e+01 +2.126715297e+02 +2.126715297e+02 -4.1893e-01 -3.5323e-01 +4.0281e-01 +1.3745e+00 +4.7728e-01
78 +1.960675228e+01 +1.960675228e+01 +2.057167523e+02 +2.057167523e+02 -1.7444e-01 -4.1932e-01 +9.7787e-01 +1.0198e+00 +7.3700e-01
124 +1.899972744e+01 +1.899972744e+01 +2.051097274e+02 +2.051097274e+02 -8.9548e-01 -1.7766e+00 +8.6626e-01 +1.0733e+00 +8.3862e-01
140 +8.970882915e+00 +8.970882915e+00 +1.950808829e+02 +1.950808829e+02 -9.9611e-01 -1.7090e+00 +1.7447e+00 -6.7389e-02 +9.4679e-01
146 +7.104700030e+00 +7.104700030e+00 +1.932147000e+02 +1.932147000e+02 -1.3370e+00 -1.4738e+00 +2.0643e+00 -1.7720e-01 +1.0534e+00
199 +3.873993533e+00 +3.873993533e+00 +1.899839935e+02 +1.899839935e+02 -1.6476e+00 -2.3516e+00 +2.8697e+00 -8.7928e-01 +1.1451e+00
211 +2.472743829e+00 +2.472743829e+00 +1.885827438e+02 +1.885827438e+02 -2.4255e+00 -3.3408e+00 +2.9992e+00 -1.7778e+00 +1.3944e+00
226 +9.989718782e-01 +9.989718782e-01 +1.871089719e+02 +1.871089719e+02 -2.1582e+00 -3.1240e+00 +3.0367e+00 -1.8390e+00 +1.3538e+00
463 +9.686551434e-01 +9.686551434e-01 +1.870786551e+02 +1.870786551e+02 -1.9443e+00 -2.5525e+00 +3.1270e+00 -1.8018e+00 +1.3474e+00
% function evaluation | noise-free fitness - Fopt (-1.060600000000e+02) | best noise-free fitness - Fopt | measured fitness | best measured fitness | x1 | x2...
1 +1.192279608e+02 +1.192279608e+02 +1.316796083e+01 +1.316796083e+01 +0.0000e+00 +0.0000e+00 +0.0000e+00 +0.0000e+00 +0.0000e+00
5 +1.109792626e+02 +1.109792626e+02 +4.919262599e+00 +4.919262599e+00 +2.2109e-01 +2.8642e-02 -1.6560e-01 -3.1105e-01 +1.5047e-01
6 +9.721384340e+01 +9.721384340e+01 -8.846156596e+00 -8.846156596e+00 -3.8028e-01 -3.0202e-01 +7.9247e-02 -2.0684e-01 +2.4308e-01
9 +9.137992710e+01 +9.137992710e+01 -1.468007290e+01 -1.468007290e+01 -1.4017e-01 -6.1164e-02 +2.5128e-01 -4.3846e-01 +2.2734e-01
11 +8.292598461e+01 +8.292598461e+01 -2.313401539e+01 -2.313401539e+01 -8.0937e-01 +3.2391e-02 +6.3832e-02 -3.5836e-01 +5.0441e-01
21 +8.014914353e+01 +8.014914353e+01 -2.591085647e+01 -2.591085647e+01 -4.9894e-01 +8.3460e-03 +2.6227e-01 -4.6437e-01 +3.4406e-01
22 +5.830181061e+01 +5.830181061e+01 -4.775818939e+01 -4.775818939e+01 -9.9767e-01 -2.1029e-02 -3.6977e-01 -5.9911e-02 +7.0990e-01
29 +3.719519593e+01 +3.719519593e+01 -6.886480407e+01 -6.886480407e+01 -1.0239e+00 +2.9428e-01 -7.7839e-01 -6.4741e-01 +8.8794e-01
34 +3.423408488e+01 +3.423408488e+01 -7.182591512e+01 -7.182591512e+01 -7.0130e-01 +2.5901e-01 -6.2015e-01 -9.3345e-01 +9.9155e-01
43 +3.216024144e+01 +3.216024144e+01 -7.389975856e+01 -7.389975856e+01 -3.7634e-01 +5.4471e-01 -5.9142e-01 -1.2786e+00 +9.7247e-01
62 +2.688088914e+01 +2.688088914e+01 -7.917911086e+01 -7.917911086e+01 +4.1557e-01 +4.9291e-01 -9.8456e-01 -6.4946e-01 +1.5273e+00
68 +2.571145087e+01 +2.571145087e+01 -8.034854913e+01 -8.034854913e+01 +8.4624e-02 +5.6923e-02 -8.8178e-01 -7.5159e-01 +1.2097e+00
76 +2.566105467e+01 +2.566105467e+01 -8.039894533e+01 -8.039894533e+01 -1.3125e-01 +6.7964e-01 -1.2520e+00 -1.0740e+00 +1.5162e+00
77 +2.266549828e+01 +2.266549828e+01 -8.339450172e+01 -8.339450172e+01 -3.6229e-01 +7.5422e-01 -1.7681e+00 -3.7749e-01 +1.0715e+00
82 +2.167220380e+01 +2.167220380e+01 -8.438779620e+01 -8.438779620e+01 -3.7842e-01 +6.7724e-01 -1.6234e+00 -1.4192e+00 +1.5311e+00
83 +1.934336905e+01 +1.934336905e+01 -8.671663095e+01 -8.671663095e+01 +2.0885e-01 +9.9800e-01 -1.6472e+00 -9.7055e-01 +1.6697e+00
86 +1.780206638e+01 +1.780206638e+01 -8.825793362e+01 -8.825793362e+01 -5.1134e-01 +1.2928e+00 -1.7139e+00 -1.4785e+00 +1.1154e+00
89 +1.714996412e+01 +1.714996412e+01 -8.891003588e+01 -8.891003588e+01 -4.9888e-01 +1.1253e+00 -1.9811e+00 -7.4647e-01 +1.1092e+00
91 +1.565959111e+01 +1.565959111e+01 -9.040040889e+01 -9.040040889e+01 -1.2105e-01 +1.5451e+00 -2.4077e+00 -8.8400e-01 +1.1255e+00
103 +1.217926569e+01 +1.217926569e+01 -9.388073431e+01 -9.388073431e+01 +2.6706e-01 +6.3389e-01 -1.6143e+00 -1.7573e+00 +1.0972e+00
112 +8.252711999e+00 +8.252711999e+00 -9.780728800e+01 -9.780728800e+01 +2.4448e-01 +9.2836e-01 -2.4728e+00 -1.8515e+00 -1.7366e-01
128 +6.090635473e+00 +6.090635473e+00 -9.996936453e+01 -9.996936453e+01 +6.0913e-01 +1.4199e+00 -2.4827e+00 -1.9167e+00 +4.5613e-01
136 +4.859863369e+00 +4.859863369e+00 -1.012001366e+02 -1.012001366e+02 +7.7975e-01 +1.1882e+00 -2.0260e+00 -2.3744e+00 -4.5412e-02
142 +4.464682800e+00 +4.464682800e+00 -1.015953172e+02 -1.015953172e+02 +8.3082e-01 +1.5709e+00 -2.4371e+00 -2.0879e+00 +6.8341e-02
175 +4.016785660e+00 +4.016785660e+00 -1.020432143e+02 -1.020432143e+02 +8.1852e-01 +1.0575e+00 -2.7721e+00 -2.2731e+00 +9.2465e-02
188 +3.427835195e+00 +3.427835195e+00 -1.026321648e+02 -1.026321648e+02 +1.0471e+00 +1.3879e+00 -2.7247e+00 -2.2152e+00 +3.2239e-03
198 +3.274319177e+00 +3.274319177e+00 -1.027856808e+02 -1.027856808e+02 +1.2700e+00 +1.4453e+00 -3.0435e+00 -2.2732e+00 -1.9007e-01
209 +3.156013435e+00 +3.156013435e+00 -1.029039866e+02 -1.029039866e+02 +8.7348e-01 +1.3639e+00 -2.7083e+00 -2.2863e+00 -3.6588e-01
224 +2.412806503e+00 +2.412806503e+00 -1.036471935e+02 -1.036471935e+02 +1.1141e+00 +1.7600e+00 -2.8686e+00 -2.8559e+00 -7.8354e-01
225 +2.017363369e+00 +2.017363369e+00 -1.040426366e+02 -1.040426366e+02 +1.0731e+00 +1.4260e+00 -3.4432e+00 -2.4060e+00 -7.4871e-01
260 +1.798340534e+00 +1.798340534e+00 -1.042616595e+02 -1.042616595e+02 +7.4284e-01 +1.8125e+00 -3.5211e+00 -2.6335e+00 -9.5093e-01
266 +1.566702798e+00 +1.566702798e+00 -1.044932972e+02 -1.044932972e+02 +1.1322e+00 +1.7503e+00 -3.5841e+00 -2.6549e+00 -1.0469e+00
310 +8.021819172e-01 +8.021819172e-01 -1.052578181e+02 -1.052578181e+02 +9.0964e-01 +1.6747e+00 -3.6238e+00 -2.6200e+00 -1.0530e+00
318 +3.393054275e-01 +3.393054275e-01 -1.057206946e+02 -1.057206946e+02 +9.3017e-01 +1.6548e+00 -3.4310e+00 -2.9525e+00 -1.2152e+00
% function evaluation | noise-free fitness - Fopt (-1.957000000000e+01) | best noise-free fitness - Fopt | measured fitness | best measured fitness | x1 | x2...
1 +2.102434408e+03 +2.102434408e+03 +2.082864408e+03 +2.082864408e+03 +0.0000e+00 +0.0000e+00 +0.0000e+00 +0.0000e+00 +0.0000e+00
4 +1.983508660e+03 +1.983508660e+03 +1.963938660e+03 +1.963938660e+03 +2.4644e-01 -2.7467e-01 -1.7500e-02 +9.1844e-02 +3.9703e-03
11 +1.883356990e+03 +1.883356990e+03 +1.863786990e+03 +1.863786990e+03 -4.8142e-02 +2.1522e-01 -2.6786e-01 +2.7238e-01 -4.0925e-02
20 +1.772829515e+03 +1.772829515e+03 +1.753259515e+03 +1.753259515e+03 +1.8703e-01 -7.2441e-02 -2.9596e-01 +3.6676e-01 -2.1553e-01
30 +1.600027727e+03 +1.600027727e+03 +1.580457727e+03 +1.580457727e+03 +3.8772e-01 -2.5271e-02 -4.1786e-01 +4.8679e-01 +4.0312e-01
31 +1.579575482e+03 +1.579575482e+03 +1.560005482e+03 +1.560005482e+03 +4.2977e-01 +2.9684e-02 -5.4980e-01 +4.7695e-01 -2.4242e-02
35 +1.435517067e+03 +1.435517067e+03 +1.415947067e+03 +1.415947067e+03 +4.6743e-01 -3.0137e-01 -1.0904e+00 +6.0929e-01 +1.0338e-01
41 +1.405761161e+03 +1.405761161e+03 +1.386191161e+03 +1.386191161e+03 +4.0437e-01 -4.5631e-02 -9.3629e-01 +5.2988e-01 +2.8930e-01
42 +1.158610055e+03 +1.158610055e+03 +1.139040055e+03 +1.139040055e+03 +3.1005e-01 -1.9619e-01 -1.7677e+00 +4.1446e-01 +2.1011e-01
46 +9.319758576e+02 +9.319758576e+02 +9.124058576e+02 +9.124058576e+02 +8.8615e-01 +1.2642e-01 -1.8488e+00 +6.3657e-01 +5.8858e-01
54 +5.665643025e+02 +5.665643025e+02 +5.469943025e+02 +5.469943025e+02 +1.9296e+00 -7.1033e-02 -2.3770e+00 -1.4657e-01 +4.6695e-01
55 +5.535899743e+02 +5.535899743e+02 +5.340199743e+02 +5.340199743e+02 +8.3098e-01 +5.7716e-01 -2.5800e+00 +1.5208e+00 +6.6827e-01
58 +3.068140432e+02 +3.068140432e+02 +2.872440432e+02 +2.872440432e+02 +1.2900e+00 +1.9333e-01 -3.7729e+00 -7.9721e-01 +1.6845e+00
63 +1.928490131e+02 +1.928490131e+02 +1.732790131e+02 +1.732790131e+02 +2.1132e+00 +8.8935e-01 -3.5346e+00 +2.4514e+00 +1.0309e-01
66 +1.631046554e+02 +1.631046554e+02 +1.435346554e+02 +1.435346554e+02 +3.0906e-01 +1.1065e+00 -4.4740e+00 +1.1156e+00 +9.9287e-01
71 +1.448852922e+02 +1.448852922e+02 +1.253152922e+02 +1.253152922e+02 +2.6524e+00 +3.3546e-01 -4.3873e+00 +1.1584e+00 +4.8502e-01
74 +6.878979323e+01 +6.878979323e+01 +4.921979323e+01 +4.921979323e+01 +1.8468e+00 +1.1515e+00 -5.2483e+00 +2.1483e+00 +1.4960e+00
82 +4.962862587e+01 +4.962862587e+01 +3.005862587e+01 +3.005862587e+01 +1.8082e+00 -3.3725e-01 -5.3056e+00 +1.3533e+00 +2.5088e+00
109 +2.234844297e+01 +2.234844297e+01 +2.778442968e+00 +2.778442968e+00 +2.9523e+00 -6.9831e-02 -4.4084e+00 +1.0782e+00 +2.7475e+00
115 +1.413754868e+01 +1.413754868e+01 -5.432451320e+00 -5.432451320e+00 +2.7057e+00 +2.7685e-01 -3.9984e+00 +1.3724e+00 +3.8047e+00
123 +5.888666315e+00 +5.888666315e+00 -1.368133368e+01 -1.368133368e+01 +3.4104e+00 +3.5955e-01 -4.0570e+00 +1.5587e+00 +3.7838e+00
235 +5.798348569e+00 +5.798348569e+00 -1.377165143e+01 -1.377165143e+01 +3.3980e+00 +2.2482e+00 -3.3840e+00 +1.7855e+00 +4.3346e+00
244 +4.290593479e+00 +4.290593479e+00 -1.527940652e+01 -1.527940652e+01 +3.6106e+00 +1.8739e+00 -3.5529e+00 +2.2297e+00 +3.4575e+00
266 +3.384567005e+00 +3.384567005e+00 -1.618543300e+01 -1.618543300e+01 +3.8544e+00 +1.6493e+00 -3.2316e+00 +2.2222e+00 +4.2886e+00
275 +2.557214683e+00 +2.557214683e+00 -1.701278532e+01 -1.701278532e+01 +4.3420e+00 +1.5743e+00 -3.0151e+00 +1.8913e+00 +4.0105e+00
287 +2.092163430e+00 +2.092163430e+00 -1.747783657e+01 -1.747783657e+01 +3.7826e+00 +1.1315e+00 -3.4591e+00 +1.9908e+00 +4.1043e+00
293 +1.391240748e+00 +1.391240748e+00 -1.817875925e+01 -1.817875925e+01 +4.1453e+00 +1.8071e+00 -3.3684e+00 +1.6257e+00 +4.3000e+00
334 +7.667757596e-01 +7.667757596e-01 -1.880322424e+01 -1.880322424e+01 +4.0164e+00 +9.4548e-01 -3.4543e+00 +1.9048e+00 +4.0907e+00
368 +6.324312538e-01 +6.324312538e-01 -1.893756875e+01 -1.893756875e+01 +4.0138e+00 +8.4707e-01 -3.4470e+00 +2.3813e+00 +3.9969e+00
390 +5.591281923e-01 +5.591281923e-01 -1.901087181e+01 -1.901087181e+01 +4.1804e+00 +1.0417e+00 -3.4221e+00 +2.2315e+00 +4.0086e+00
396 +4.959722699e-01 +4.959722699e-01 -1.907402773e+01 -1.907402773e+01 +4.1667e+00 +1.0828e+00 -3.4130e+00 +2.2019e+00 +3.9374e+00
402 +3.831782533e-01 +3.831782533e-01 -1.918682175e+01 -1.918682175e+01 +4.0279e+00 +1.0510e+00 -3.4779e+00 +2.2892e+00 +3.7890e+00
435 +3.784679169e-01 +3.784679169e-01 -1.919153208e+01 -1.919153208e+01 +4.0061e+00 +1.0969e+00 -3.4218e+00 +2.4493e+00 +3.7784e+00
438 +3.669357433e-01 +3.669357433e-01 -1.920306426e+01 -1.920306426e+01 +3.9669e+00 +1.0170e+00 -3.4737e+00 +2.5087e+00 +3.8701e+00
442 +3.387388522e-01 +3.387388522e-01 -1.923126115e+01 -1.923126115e+01 +3.9734e+00 +9.5506e-01 -3.4606e+00 +2.5053e+00 +3.7539e+00
% function evaluation | noise-free fitness - Fopt (3.818200000000e+02) | best noise-free fitness - Fopt | measured fitness | best measured fitness | x1 | x2...
1 +9.199837192e+02 +9.199837192e+02 +1.301803719e+03 +1.301803719e+03 +0.0000e+00 +0.0000e+00 +0.0000e+00 +0.0000e+00 +0.0000e+00
3 +8.625722516e+02 +8.625722516e+02 +1.244392252e+03 +1.244392252e+03 +6.2721e-02 +1.1039e-01 -2.1978e-01 +1.6444e-02 -1.2569e-01
12 +8.013699890e+02 +8.013699890e+02 +1.183189989e+03 +1.183189989e+03 +4.2667e-02 -4.5859e-02 +8.3393e-02 -4.4500e-02 -1.5229e-01
19 +7.866710009e+02 +7.866710009e+02 +1.168491001e+03 +1.168491001e+03 -7.7640e-02 -1.2396e-01 +3.1415e-01 -3.0602e-01 -2.0869e-01
29 +6.680162917e+02 +6.680162917e+02 +1.049836292e+03 +1.049836292e+03 -1.4217e-01 -1.2362e-01 +4.1506e-01 -5.3596e-01 -5.4641e-01
34 +6.379629519e+02 +6.379629519e+02 +1.019782952e+03 +1.019782952e+03 +1.4617e-01 +2.0025e-01 +5.5174e-01 -1.4499e-01 -3.9353e-01
39 +6.291229909e+02 +6.291229909e+02 +1.010942991e+03 +1.010942991e+03 -1.8634e-01 -8.0925e-03 +7.0319e-01 -5.0988e-01 -8.8201e-01
42 +6.012513454e+02 +6.012513454e+02 +9.830713454e+02 +9.830713454e+02 +1.7806e-01 -2.7265e-02 +2.3422e-01 -3.6801e-01 -9.3754e-01
45 +5.360985709e+02 +5.360985709e+02 +9.179185709e+02 +9.179185709e+02 -2.1782e-01 +2.4907e-01 +9.7220e-01 -8.2647e-01 -6.2537e-01
47 +4.797132592e+02 +4.797132592e+02 +8.615332592e+02 +8.615332592e+02 -1.1351e-02 -2.1668e-01 +1.7402e+00 -4.2922e-01 -1.3724e+00
53 +4.202325308e+02 +4.202325308e+02 +8.020525308e+02 +8.020525308e+02 +6.9259e-03 -2.4729e-01 +1.3054e+00 -1.7065e+00 -1.3168e+00
56 +3.606947470e+02 +3.606947470e+02 +7.425147470e+02 +7.425147470e+02 -6.6157e-01 +4.2196e-01 +1.4670e+00 -1.8381e+00 -5.8901e-01
58 +3.116341095e+02 +3.116341095e+02 +6.934541095e+02 +6.934541095e+02 +1.3521e-01 +7.4802e-01 +2.5437e+00 -9.2723e-01 -8.5140e-01
59 +2.243921324e+02 +2.243921324e+02 +6.062121324e+02 +6.062121324e+02 -1.3162e+00 +8.2608e-01 +3.7683e-01 -3.4176e+00 -9.9217e-01
66 +2.201144290e+02 +2.201144290e+02 +6.019344290e+02 +6.019344290e+02 +1.5103e-01 -9.8596e-01 +1.2807e+00 -4.8965e+00 -2.3417e+00
68 +1.962664840e+02 +1.962664840e+02 +5.780864840e+02 +5.780864840e+02 -4.7144e-01 +7.2692e-01 +2.0297e+00 -6.1550e+00 -8.3157e-01
75 +1.778789979e+02 +1.778789979e+02 +5.596989979e+02 +5.596989979e+02 -9.7664e-02 +2.5970e-01 +1.6165e+00 -5.8697e+00 -1.3937e+00
92 +1.336521664e+02 +1.336521664e+02 +5.154721664e+02 +5.154721664e+02 -2.8100e+00 -1.3283e-01 -3.3804e+00 -8.4650e+00 -6.7773e-01
94 +1.094601380e+02 +1.094601380e+02 +4.912801380e+02 +4.912801380e+02 -1.8121e-01 -4.8260e-01 -1.6145e+00 -7.7808e+00 -2.9934e+00
99 +8.230646965e+01 +8.230646965e+01 +4.641264696e+02 +4.641264696e+02 -1.8823e+00 +9.5002e-01 -3.0455e+00 -7.7060e+00 -3.5470e+00
101 +6.483175600e+01 +6.483175600e+01 +4.466517560e+02 +4.466517560e+02 -2.9429e-01 -7.5892e-01 -3.7593e+00 -9.4664e+00 -2.7364e-01
108 +4.767597672e+01 +4.767597672e+01 +4.294959767e+02 +4.294959767e+02 +2.1992e-01 +1.0537e+00 -4.6245e+00 -8.9860e+00 +4.1339e-01
158 +2.997898457e+01 +2.997898457e+01 +4.117989846e+02 +4.117989846e+02 -2.6411e-01 +9.3822e-01 -4.4362e+00 -7.3939e+00 -2.5223e+00
183 +1.233665958e+01 +1.233665958e+01 +3.941566596e+02 +3.941566596e+02 +4.0319e-02 +2.1824e+00 -2.7057e+00 -5.2037e+00 -2.0003e+00
201 +1.048210982e+01 +1.048210982e+01 +3.923021098e+02 +3.923021098e+02 +1.1801e+00 +1.5397e+00 -2.4963e+00 -6.0316e+00 -7.0799e-01
207 +6.451238467e+00 +6.451238467e+00 +3.882712385e+02 +3.882712385e+02 +9.7114e-01 +2.8475e+00 -2.5181e+00 -5.1194e+00 -2.8037e-01
274 +6.104873895e+00 +6.104873895e+00 +3.879248739e+02 +3.879248739e+02 +1.4773e+00 +1.9810e+00 -2.0830e+00 -5.1704e+00 -1.1732e+00
311 +5.406432989e+00 +5.406432989e+00 +3.872264330e+02 +3.872264330e+02 +1.0096e+00 +2.4865e+00 -2.6209e+00 -5.5700e+00 -1.0401e+00
315 +3.672451710e+00 +3.672451710e+00 +3.854924517e+02 +3.854924517e+02 +1.4047e+00 +2.3148e+00 -2.9146e+00 -5.1885e+00 -1.5560e+00
425 +3.540033277e+00 +3.540033277e+00 +3.853600333e+02 +3.853600333e+02 +1.1360e+00 +2.2510e+00 -3.1024e+00 -4.9072e+00 -2.3089e+00
452 +2.728407128e+00 +2.728407128e+00 +3.845484071e+02 +3.845484071e+02 +1.1690e+00 +2.2665e+00 -3.0625e+00 -4.7203e+00 -2.8741e+00
462 +2.241916333e+00 +2.241916333e+00 +3.840619163e+02 +3.840619163e+02 +1.2729e+00 +2.6806e+00 -3.1312e+00 -4.2482e+00 -2.5928e+00
468 +1.692456254e+00 +1.692456254e+00 +3.835124563e+02 +3.835124563e+02 +1.3053e+00 +3.0114e+00 -3.1606e+00 -4.4987e+00 -1.8866e+00
583 +1.326079014e+00 +1.326079014e+00 +3.831460790e+02 +3.831460790e+02 +1.3039e+00 +2.8155e+00 -3.2702e+00 -4.0407e+00 -2.9107e+00
593 +1.019379590e+00 +1.019379590e+00 +3.828393796e+02 +3.828393796e+02 +1.4171e+00 +2.6711e+00 -3.1339e+00 -4.1798e+00 -3.0085e+00
625 +9.047004171e-01 +9.047004171e-01 +3.827247004e+02 +3.827247004e+02 +1.6369e+00 +2.8537e+00 -3.0259e+00 -4.0803e+00 -2.9354e+00
629 +8.900085613e-01 +8.900085613e-01 +3.827100086e+02 +3.827100086e+02 +1.5456e+00 +2.7918e+00 -3.1053e+00 -4.0661e+00 -3.0110e+00
653 +6.599181235e-01 +6.599181235e-01 +3.824799181e+02 +3.824799181e+02 +1.7845e+00 +2.7859e+00 -2.9914e+00 -3.9465e+00 -2.6298e+00
662 +6.016990182e-01 +6.016990182e-01 +3.824216990e+02 +3.824216990e+02 +1.7267e+00 +2.6523e+00 -2.9069e+00 -4.0292e+00 -2.8594e+00
676 +5.037238325e-01 +5.037238325e-01 +3.823237238e+02 +3.823237238e+02 +1.7189e+00 +2.6761e+00 -2.8051e+00 -3.9282e+00 -2.8391e+00
706 +4.388211137e-01 +4.388211137e-01 +3.822588211e+02 +3.822588211e+02 +1.7785e+00 +2.7740e+00 -2.8178e+00 -3.9913e+00 -2.6580e+00
738 +4.213853854e-01 +4.213853854e-01 +3.822413854e+02 +3.822413854e+02 +1.7591e+00 +2.6813e+00 -2.7242e+00 -3.9985e+00 -2.6773e+00
751 +3.763775523e-01 +3.763775523e-01 +3.821963776e+02 +3.821963776e+02 +1.7484e+00 +2.7265e+00 -2.7544e+00 -3.9916e+00 -2.6135e+00
% function evaluation | noise-free fitness - Fopt (8.130000000000e+00) | best noise-free fitness - Fopt | measured fitness | best measured fitness | x1 | x2...
1 +5.594277904e+01 +5.594277904e+01 +6.407277904e+01 +6.407277904e+01 +0.0000e+00 +0.0000e+00 +0.0000e+00 +0.0000e+00 +0.0000e+00
15 +5.450338964e+01 +5.450338964e+01 +6.263338964e+01 +6.263338964e+01 +2.3265e-01 -2.9380e-02 +3.4319e-02 +1.0014e-01 +2.0637e-01
35 +5.351162118e+01 +5.351162118e+01 +6.164162118e+01 +6.164162118e+01 +3.8360e-01 -5.2238e-01 +2.6307e-03 +4.4476e-02 -2.4037e-01
51 +4.660613582e+01 +4.660613582e+01 +5.473613582e+01 +5.473613582e+01 +2.0182e-01 -3.9951e-01 +3.5304e-01 -5.6984e-02 -2.3607e-01
59 +4.437899526e+01 +4.437899526e+01 +5.250899526e+01 +5.250899526e+01 +6.9335e-01 -2.8029e-01 +2.9734e-01 -1.6302e-01 -1.6576e-01
92 +3.813246128e+01 +3.813246128e+01 +4.626246128e+01 +4.626246128e+01 +1.1541e+00 -3.1316e-01 +1.6806e-01 -3.5960e-01 -3.3593e-01
115 +3.127473907e+01 +3.127473907e+01 +3.940473907e+01 +3.940473907e+01 +8.9343e-01 -2.0034e-01 +8.2826e-01 -2.6760e-01 -5.6033e-01
142 +2.950277785e+01 +2.950277785e+01 +3.763277785e+01 +3.763277785e+01 +1.1986e+00 -4.5397e-01 +7.4844e-01 -2.0031e-01 -6.0699e-01
152 +2.706979219e+01 +2.706979219e+01 +3.519979219e+01 +3.519979219e+01 +1.1308e+00 -9.4184e-01 +7.8623e-01 -1.2264e-01 -1.1242e+00
159 +2.275978617e+01 +2.275978617e+01 +3.088978617e+01 +3.088978617e+01 +1.5384e+00 -6.0648e-01 +9.3930e-01 -5.3014e-01 -1.2236e+00
176 +2.132437289e+01 +2.132437289e+01 +2.945437289e+01 +2.945437289e+01 +1.6114e+00 -9.3668e-01 +1.3837e+00 -5.5772e-01 -1.3628e+00
178 +1.916027363e+01 +1.916027363e+01 +2.729027363e+01 +2.729027363e+01 +1.5712e+00 -9.1788e-01 +1.8143e+00 -9.9648e-01 -2.0651e+00
189 +1.364218145e+01 +1.364218145e+01 +2.177218145e+01 +2.177218145e+01 +2.1315e+00 -1.2620e+00 +2.0644e+00 -1.4540e+00 -1.5651e+00
198 +1.312614071e+01 +1.312614071e+01 +2.125614071e+01 +2.125614071e+01 +3.0128e+00 -4.8918e-01 +1.9432e+00 -2.5186e+00 -6.0528e-01
199 +8.835616217e+00 +8.835616217e+00 +1.696561622e+01 +1.696561622e+01 +1.7748e+00 -1.3868e+00 +1.9646e+00 -1.9036e+00 -1.7853e+00
207 +3.741899272e+00 +3.741899272e+00 +1.187189927e+01 +1.187189927e+01 +3.4432e+00 -7.9652e-01 +2.2773e+00 -2.9437e+00 -1.5291e+00
357 +3.393896006e+00 +3.393896006e+00 +1.152389601e+01 +1.152389601e+01 +3.2102e+00 -7.4472e-01 +2.8624e+00 -3.4993e+00 -1.1924e+00
412 +3.182586652e+00 +3.182586652e+00 +1.131258665e+01 +1.131258665e+01 +3.1482e+00 -6.1541e-01 +2.5519e+00 -3.4849e+00 -9.9309e-01
418 +2.316211759e+00 +2.316211759e+00 +1.044621176e+01 +1.044621176e+01 +2.8273e+00 -1.0532e+00 +2.3407e+00 -3.5309e+00 -1.1629e+00
445 +1.446806916e+00 +1.446806916e+00 +9.576806916e+00 +9.576806916e+00 +3.5732e+00 -1.0912e+00 +3.1661e+00 -3.8648e+00 -1.8937e+00
% function evaluation | noise-free fitness - Fopt (8.687000000000e+01) | best noise-free fitness - Fopt | measured fitness | best measured fitness | x1 | x2...
1 +5.800909014e+02 +5.800909014e+02 +6.669609014e+02 +6.669609014e+02 +0.0000e+00 +0.0000e+00 +0.0000e+00 +0.0000e+00 +0.0000e+00
3 +5.084178565e+02 +5.084178565e+02 +5.952878565e+02 +5.952878565e+02 +7.9384e-02 +2.2441e-01 -3.7277e-02 +3.5726e-01 -5.6844e-02
5 +4.942485306e+02 +4.942485306e+02 +5.811185306e+02 +5.811185306e+02 +2.4046e-01 +1.8913e-01 -3.0859e-01 -1.8821e-01 +3.5018e-01
11 +4.756664291e+02 +4.756664291e+02 +5.625364291e+02 +5.625364291e+02 +1.4243e-02 +2.3144e-01 -2.5009e-01 -1.3640e-01 +1.7077e-01
25 +4.113194000e+02 +4.113194000e+02 +4.981894000e+02 +4.981894000e+02 -1.9749e-01 +3.9619e-01 -4.8795e-01 +2.3264e-01 +2.6875e-01
35 +2.931465706e+02 +2.931465706e+02 +3.800165706e+02 +3.800165706e+02 -2.5620e-01 +5.0083e-01 -4.9718e-01 +4.0881e-01 +1.1011e+00
42 +2.594369496e+02 +2.594369496e+02 +3.463069496e+02 +3.463069496e+02 -4.2777e-01 +9.9514e-01 -7.4123e-01 +4.0882e-01 +5.8102e-01
46 +2.074369027e+02 +2.074369027e+02 +2.943069027e+02 +2.943069027e+02 -6.2756e-01 +8.5871e-01 -8.5405e-01 +8.8415e-01 +1.6104e+00
51 +1.965416576e+02 +1.965416576e+02 +2.834116576e+02 +2.834116576e+02 -1.8109e-01 +5.5167e-01 -1.9275e+00 +4.1247e-01 +8.1501e-01
55 +1.360354556e+02 +1.360354556e+02 +2.229054556e+02 +2.229054556e+02 -7.2899e-01 +1.7268e+00 -1.0456e+00 +1.7190e+00 +9.0152e-01
59 +9.298269357e+01 +9.298269357e+01 +1.798526936e+02 +1.798526936e+02 -6.3606e-01 +1.5515e+00 -1.3990e+00 +1.6432e+00 +1.4437e+00
66 +7.928738072e+01 +7.928738072e+01 +1.661573807e+02 +1.661573807e+02 -4.5356e-02 +2.1048e+00 -1.5761e+00 +1.5909e+00 +1.0349e+00
73 +6.168935635e+01 +6.168935635e+01 +1.485593564e+02 +1.485593564e+02 -6.3105e-01 +2.9468e+00 -1.5442e+00 +1.1692e+00 +1.6454e+00
74 +1.691041542e+01 +1.691041542e+01 +1.037804154e+02 +1.037804154e+02 -4.4135e-01 +2.0023e+00 -3.6523e+00 +4.4437e-01 +1.0112e+00
90 +1.580704949e+01 +1.580704949e+01 +1.026770495e+02 +1.026770495e+02 -2.1551e+00 +3.6015e+00 -4.3930e+00 -3.6545e-02 +1.4667e+00
145 +3.744689632e+00 +3.744689632e+00 +9.061468963e+01 +9.061468963e+01 -4.4838e-01 +3.3107e+00 -4.3237e+00 -1.4512e+00 +2.9044e+00
181 +3.154957478e+00 +3.154957478e+00 +9.002495748e+01 +9.002495748e+01 -5.8131e-01 +1.8544e+00 -4.6130e+00 -1.6003e+00 +3.4066e+00
192 +2.783504186e+00 +2.783504186e+00 +8.965350419e+01 +8.965350419e+01 -5.2995e-01 +1.8177e+00 -4.8911e+00 -1.5972e+00 +3.0950e+00
242 +2.666037774e+00 +2.666037774e+00 +8.953603777e+01 +8.953603777e+01 -4.6737e-01 +1.6534e+00 -4.7179e+00 -1.8583e+00 +3.1345e+00
% function evaluation | noise-free fitness - Fopt (-5.791000000000e+01) | best noise-free fitness - Fopt | measured fitness | best measured fitness | x1 | x2...
1 +4.717214552e+02 +4.717214552e+02 +4.138114552e+02 +4.138114552e+02 +0.0000e+00 +0.0000e+00 +0.0000e+00 +0.0000e+00 +0.0000e+00
8 +4.222246338e+02 +4.222246338e+02 +3.643146338e+02 +3.643146338e+02 -7.7299e-03 -3.5166e-01 -1.7486e-01 +1.7712e-01 +8.2929e-01
16 +3.511206155e+02 +3.511206155e+02 +2.932106155e+02 +2.932106155e+02 -6.8685e-03 -6.4579e-01 -6.2048e-02 +3.9762e-01 +8.2383e-01
18 +2.585490612e+02 +2.585490612e+02 +2.006390612e+02 +2.006390612e+02 +1.6839e-01 -9.2718e-02 +1.1328e-01 +7.8713e-01 +1.1927e+00
32 +2.409140992e+02 +2.409140992e+02 +1.830040992e+02 +1.830040992e+02 -2.1483e-01 -3.8689e-01 +2.1288e-01 +1.2603e+00 +1.1337e+00
34 +2.153909903e+02 +2.153909903e+02 +1.574809903e+02 +1.574809903e+02 +3.8055e-01 +3.3708e-01 +9.4131e-02 +1.4652e+00 +8.5533e-01
37 +1.992333164e+02 +1.992333164e+02 +1.413233164e+02 +1.413233164e+02 +6.9739e-03 -9.6318e-01 -6.1433e-01 +1.5501e+00 +9.9497e-01
43 +6.598733165e+01 +6.598733165e+01 +8.077331655e+00 +8.077331655e+00 +3.8052e-01 -2.1741e-01 -6.2013e-02 +2.7735e+00 +1.2819e+00
52 +4.875165350e+01 +4.875165350e+01 -9.158346496e+00 -9.158346496e+00 +4.3674e-01 -3.6486e-01 +1.4513e+00 +2.5961e+00 +1.8528e+00
58 +3.431319603e+01 +3.431319603e+01 -2.359680397e+01 -2.359680397e+01 +8.6396e-01 -8.4809e-01 +1.5528e+00 +3.3528e+00 +1.0575e+00
65 +3.209605402e+01 +3.209605402e+01 -2.581394598e+01 -2.581394598e+01 -4.5298e-01 -1.1235e+00 +8.7055e-01 +3.2050e+00 +1.9343e+00
67 +2.672265157e+01 +2.672265157e+01 -3.118734843e+01 -3.118734843e+01 +2.1491e+00 -1.4662e+00 +1.8723e+00 +2.0339e+00 +3.1656e+00
68 +1.316671664e+01 +1.316671664e+01 -4.474328336e+01 -4.474328336e+01 +3.2714e-02 -9.6599e-01 +2.0732e+00 +3.8128e+00 +2.1898e+00
84 +1.123599051e+01 +1.123599051e+01 -4.667400949e+01 -4.667400949e+01 +6.4385e-01 -4.1297e-01 +2.5506e-01 +3.6428e+00 +2.7832e+00
95 +8.813890176e+00 +8.813890176e+00 -4.909610982e+01 -4.909610982e+01 +1.2519e+00 -1.3845e-01 +5.3099e-02 +3.5829e+00 +3.7367e+00
203 +8.077752754e+00 +8.077752754e+00 -4.983224725e+01 -4.983224725e+01 +6.9330e-01 -3.6982e-01 +1.6936e+00 +3.5431e+00 +3.3244e+00
241 +7.815328765e+00 +7.815328765e+00 -5.009467123e+01 -5.009467123e+01 +8.7136e-01 -4.4693e-01 +1.6228e+00 +3.3728e+00 +3.4387e+00
255 +7.756583667e+00 +7.756583667e+00 -5.015341633e+01 -5.015341633e+01 +8.7427e-01 -1.8082e-01 +1.6355e+00 +3.7029e+00 +3.9520e+00
277 +7.362715320e+00 +7.362715320e+00 -5.054728468e+01 -5.054728468e+01 +8.7013e-01 -4.9285e-02 +1.6017e+00 +3.5640e+00 +3.9072e+00
570 +6.588109015e+00 +6.588109015e+00 -5.132189099e+01 -5.132189099e+01 +1.2467e+00 +1.1165e-01 +1.3265e+00 +3.3932e+00 +4.2864e+00
571 +6.432043589e+00 +6.432043589e+00 -5.147795641e+01 -5.147795641e+01 +1.2504e+00 +1.8492e-01 +1.2712e+00 +3.6512e+00 +4.2505e+00
580 +6.176331311e+00 +6.176331311e+00 -5.173366869e+01 -5.173366869e+01 +1.1585e+00 +2.2431e-01 +1.1143e+00 +3.4320e+00 +4.4392e+00
593 +6.076684458e+00 +6.076684458e+00 -5.183331554e+01 -5.183331554e+01 +1.2624e+00 +2.7461e-01 +1.0193e+00 +3.6498e+00 +4.2814e+00
598 +5.933809327e+00 +5.933809327e+00 -5.197619067e+01 -5.197619067e+01 +1.3127e+00 +2.5622e-01 +7.8062e-01 +3.5342e+00 +4.3823e+00
647 +5.866158960e+00 +5.866158960e+00 -5.204384104e+01 -5.204384104e+01 +1.2733e+00 +3.9491e-01 +6.4138e-01 +3.4965e+00 +4.5869e+00
% function evaluation | noise-free fitness - Fopt (1.027500000000e+02) | best noise-free fitness - Fopt | measured fitness | best measured fitness | x1 | x2...
1 +6.666561188e+02 +6.666561188e+02 +7.694061188e+02 +7.694061188e+02 +0.0000e+00 +0.0000e+00 +0.0000e+00 +0.0000e+00 +0.0000e+00
3 +6.078729339e+02 +6.078729339e+02 +7.106229339e+02 +7.106229339e+02 +3.2161e-01 +1.9740e-01 -2.2435e-01 -2.0870e-01 -1.2086e-02
6 +5.156854578e+02 +5.156854578e+02 +6.184354578e+02 +6.184354578e+02 +1.9478e-02 +8.8657e-03 -2.3942e-01 -3.6188e-01 +7.0103e-02
15 +4.742165658e+02 +4.742165658e+02 +5.769665658e+02 +5.769665658e+02 +1.2651e-01 +1.7167e-01 -4.7220e-01 -7.0055e-01 -1.4878e-01
20 +4.341933422e+02 +4.341933422e+02 +5.369433422e+02 +5.369433422e+02 -3.5217e-02 +1.0134e-01 -3.3669e-01 -9.2040e-01 -1.7594e-01
27 +4.261222659e+02 +4.261222659e+02 +5.288722659e+02 +5.288722659e+02 +1.7629e-01 -2.1301e-01 -1.5700e-01 -6.6790e-01 -1.3855e-01
28 +3.913771356e+02 +3.913771356e+02 +4.941271356e+02 +4.941271356e+02 -4.1376e-02 +5.6502e-02 -8.1612e-02 -8.5639e-01 +3.2690e-01
30 +3.835490868e+02 +3.835490868e+02 +4.862990868e+02 +4.862990868e+02 +5.8899e-02 -4.0176e-01 -8.8474e-01 -9.1163e-01 -8.3733e-02
34 +3.087913837e+02 +3.087913837e+02 +4.115413837e+02 +4.115413837e+02 +1.3011e-01 -1.8856e-01 -5.1953e-01 -1.1271e+00 +1.9627e-01
42 +2.302355397e+02 +2.302355397e+02 +3.329855397e+02 +3.329855397e+02 +1.6627e-01 -4.6709e-01 -4.2030e-01 -1.7645e+00 +4.0116e-01
51 +2.263337224e+02 +2.263337224e+02 +3.290837224e+02 +3.290837224e+02 -1.8207e-01 -2.8794e-01 -4.2040e-01 -1.5327e+00 +9.7322e-01
56 +2.116278578e+02 +2.116278578e+02 +3.143778578e+02 +3.143778578e+02 +4.5282e-01 -4.6505e-01 -7.2286e-01 -1.8824e+00 +7.1828e-01
58 +1.465722560e+02 +1.465722560e+02 +2.493222560e+02 +2.493222560e+02 -5.7707e-03 -1.0657e+00 -2.7616e-01 -2.3208e+00 +5.7892e-01
66 +1.217695268e+02 +1.217695268e+02 +2.245195268e+02 +2.245195268e+02 +6.8332e-01 -1.2618e+00 +1.1605e-01 -2.8216e+00 +5.8974e-01
71 +1.084926368e+02 +1.084926368e+02 +2.112426368e+02 +2.112426368e+02 +5.3715e-01 -9.9070e-01 -1.5483e-01 -2.4478e+00 +1.0102e+00
76 +1.064243057e+02 +1.064243057e+02 +2.091743057e+02 +2.091743057e+02 +2.7239e-01 -1.2920e+00 +4.3454e-01 -2.7302e+00 +6.0047e-01
78 +1.001116008e+02 +1.001116008e+02 +2.028616008e+02 +2.028616008e+02 +3.9847e-01 -8.2970e-01 -1.4754e-01 -2.4312e+00 +1.2198e+00
82 +9.808738044e+01 +9.808738044e+01 +2.008373804e+02 +2.008373804e+02 +1.9121e-01 -1.2921e+00 -5.8983e-01 -2.9010e+00 +1.4658e+00
89 +8.450241443e+01 +8.450241443e+01 +1.872524144e+02 +1.872524144e+02 -1.2824e-01 -1.2778e+00 -5.4849e-01 -2.6167e+00 +1.6127e+00
91 +7.071952886e+01 +7.071952886e+01 +1.734695289e+02 +1.734695289e+02 -4.4648e-02 -5.2243e-01 +2.5762e-01 -2.6248e+00 +2.6243e+00
156 +6.331933775e+01 +6.331933775e+01 +1.660693378e+02 +1.660693378e+02 +1.3355e+00 +1.0424e+00 -1.5498e-01 -2.7944e+00 +4.4819e+00
164 +5.150282081e+01 +5.150282081e+01 +1.542528208e+02 +1.542528208e+02 +1.0516e+00 -8.4275e-01 +3.9347e-01 -2.9987e+00 +2.9515e+00
172 +3.843017675e+01 +3.843017675e+01 +1.411801768e+02 +1.411801768e+02 +1.8368e-01 -7.5850e-01 -1.8451e-01 -3.1631e+00 +4.4756e+00
179 +3.327888070e+01 +3.327888070e+01 +1.360288807e+02 +1.360288807e+02 +6.7155e-01 -4.4080e-01 -2.3769e-01 -2.8386e+00 +4.9023e+00
183 +2.426501102e+01 +2.426501102e+01 +1.270150110e+02 +1.270150110e+02 +3.4811e-01 -1.6027e+00 +2.9427e-01 -1.9348e+00 +4.7592e+00
200 +1.973660940e+01 +1.973660940e+01 +1.224866094e+02 +1.224866094e+02 +6.1491e-01 -2.1133e+00 +2.1004e-01 -2.4232e+00 +6.2294e+00
215 +1.480322601e+01 +1.480322601e+01 +1.175532260e+02 +1.175532260e+02 +1.7793e+00 -1.7519e+00 -1.1540e-01 -1.7837e+00 +6.5734e+00
259 +1.234050232e+01 +1.234050232e+01 +1.150905023e+02 +1.150905023e+02 +5.3993e-01 -3.4792e+00 -1.8930e-01 -1.6261e+00 +5.5815e+00
264 +1.103251639e+01 +1.103251639e+01 +1.137825164e+02 +1.137825164e+02 +1.3689e-01 -3.1976e+00 +4.5679e-01 -2.3264e+00 +5.1918e+00
271 +1.038521084e+01 +1.038521084e+01 +1.131352108e+02 +1.131352108e+02 +2.5615e-01 -3.1769e+00 +3.7472e-01 -1.7125e+00 +5.8274e+00
279 +1.020362205e+01 +1.020362205e+01 +1.129536220e+02 +1.129536220e+02 +3.5664e-01 -3.5346e+00 +4.8396e-01 -1.9389e+00 +5.5381e+00
283 +7.583148739e+00 +7.583148739e+00 +1.103331487e+02 +1.103331487e+02 +4.8807e-02 -3.0993e+00 +3.4076e-01 -1.7229e+00 +5.2848e+00
286 +6.994976129e+00 +6.994976129e+00 +1.097449761e+02 +1.097449761e+02 -3.2618e-01 -3.2931e+00 +7.7970e-01 -1.9835e+00 +5.6000e+00
307 +6.501069491e+00 +6.501069491e+00 +1.092510695e+02 +1.092510695e+02 -3.1502e-01 -3.0044e+00 +7.2546e-01 -2.1119e+00 +4.0173e+00
310 +3.362562522e+00 +3.362562522e+00 +1.061125625e+02 +1.061125625e+02 -3.8114e-01 -2.8029e+00 +1.2037e+00 -2.2326e+00 +4.5426e+00
% function evaluation | noise-free fitness - Fopt (-1.175400000000e+02) | best noise-free fitness - Fopt | measured fitness | best measured fitness | x1 | x2...
1 +8.740913956e+01 +8.740913956e+01 -3.013086044e+01 -3.013086044e+01 +0.0000e+00 +0.0000e+00 +0.0000e+00 +0.0000e+00 +0.0000e+00
2 +8.232094117e+01 +8.232094117e+01 -3.521905883e+01 -3.521905883e+01 +2.4792e-01 +1.1600e-01 -3.3544e-01 +1.8931e-01 -9.3061e-02
10 +6.401965740e+01 +6.401965740e+01 -5.352034260e+01 -5.352034260e+01 +2.0748e-01 +3.6078e-01 -3.9150e-01 -2.4480e-02 +5.2189e-01
13 +5.830547787e+01 +5.830547787e+01 -5.923452213e+01 -5.923452213e+01 +3.3074e-01 -7.1394e-02 -5.5653e-01 -1.2443e-01 -3.0790e-01
18 +4.084941542e+01 +4.084941542e+01 -7.669058458e+01 -7.669058458e+01 +6.3298e-01 -2.5483e-01 -7.0058e-01 +2.3427e-01 +3.6851e-01
24 +2.782190117e+01 +2.782190117e+01 -8.971809883e+01 -8.971809883e+01 +6.1455e-01 +2.6467e-01 -3.1817e-01 -3.2604e-01 +3.4773e-01
25 +2.718857316e+01 +2.718857316e+01 -9.035142684e+01 -9.035142684e+01 +6.2003e-01 +1.8908e-01 -4.3293e-01 -2.5693e-01 +5.0887e-01
28 +1.451968079e+01 +1.451968079e+01 -1.030203192e+02 -1.030203192e+02 +1.4997e+00 -4.4759e-01 -3.4235e-01 -1.0927e-01 +8.2022e-01
46 +1.124455032e+01 +1.124455032e+01 -1.062954497e+02 -1.062954497e+02 +1.8940e+00 -2.8256e-01 +8.0981e-03 -9.3356e-02 +1.0332e+00
48 +5.149893553e+00 +5.149893553e+00 -1.123901064e+02 -1.123901064e+02 +1.4012e+00 -5.4990e-01 -4.0999e-01 -6.4759e-01 +9.2381e-01
118 +4.993342470e+00 +4.993342470e+00 -1.125466575e+02 -1.125466575e+02 +1.1003e+00 -2.1342e-01 -6.4929e-01 -4.9583e-01 +1.2353e+00
119 +4.859524197e+00 +4.859524197e+00 -1.126804758e+02 -1.126804758e+02 +1.2453e+00 -1.7203e-01 -6.9706e-01 -4.3405e-01 +1.3041e+00
159 +4.765723054e+00 +4.765723054e+00 -1.127742769e+02 -1.127742769e+02 +1.2917e+00 -1.8866e-02 -1.2151e+00 -2.8458e-01 +1.3467e+00
182 +3.423717367e+00 +3.423717367e+00 -1.141162826e+02 -1.141162826e+02 +1.1433e+00 +4.6202e-01 -1.3749e+00 -5.2659e-01 +1.1263e+00
187 +3.333736694e+00 +3.333736694e+00 -1.142062633e+02 -1.142062633e+02 +1.0716e+00 +5.6531e-01 -1.6656e+00 -6.0819e-01 +9.7700e-01
256 +3.286690897e+00 +3.286690897e+00 -1.142533091e+02 -1.142533091e+02 +1.1210e+00 +3.1051e-01 -1.3512e+00 -5.5019e-01 +9.6733e-01
% function evaluation | noise-free fitness - Fopt (-4.974800000000e+02) | best noise-free fitness - Fopt | measured fitness | best measured fitness | x1 | x2...
1 +8.556652904e+02 +8.556652904e+02 +3.581852904e+02 +3.581852904e+02 +0.0000e+00 +0.0000e+00 +0.0000e+00 +0.0000e+00 +0.0000e+00
5 +7.456450335e+02 +7.456450335e+02 +2.481650335e+02 +2.481650335e+02 +3.3736e-01 -1.2425e-01 -1.9178e-01 -1.6275e-01 -1.2732e-01
20 +6.346564865e+02 +6.346564865e+02 +1.371764865e+02 +1.371764865e+02 +2.7492e-01 -6.7214e-01 -4.4645e-01 -4.9986e-01 -2.4570e-01
29 +6.103255053e+02 +6.103255053e+02 +1.128455053e+02 +1.128455053e+02 +4.1911e-02 -4.1964e-01 +1.7730e-03 -7.2139e-02 +5.5304e-01
43 +5.558372072e+02 +5.558372072e+02 +5.835720717e+01 +5.835720717e+01 -5.3494e-01 -4.7758e-01 +4.3125e-01 -7.1743e-01 +9.4550e-01
44 +4.910738954e+02 +4.910738954e+02 -6.406104631e+00 -6.406104631e+00 -3.0028e-01 -6.4551e-01 -2.4379e-01 -6.6666e-01 +9.5625e-01
46 +4.449391071e+02 +4.449391071e+02 -5.254089291e+01 -5.254089291e+01 +1.8092e-01 -9.8652e-01 +6.2629e-01 -7.3815e-01 +1.1605e+00
52 +3.447067847e+02 +3.447067847e+02 -1.527732153e+02 -1.527732153e+02 +5.2324e-01 -2.0632e+00 +9.0149e-01 -1.0920e+00 +5.8236e-01
58 +1.946680413e+02 +1.946680413e+02 -3.028119587e+02 -3.028119587e+02 -2.2332e-01 -2.1988e+00 +6.4794e-01 -1.7120e+00 +7.4799e-01
66 +1.753525667e+02 +1.753525667e+02 -3.221274333e+02 -3.221274333e+02 -1.0615e-01 -1.4367e+00 -1.0538e+00 -1.3122e+00 +2.5902e+00
68 +1.121792930e+02 +1.121792930e+02 -3.853007070e+02 -3.853007070e+02 -5.6858e-01 -2.6985e+00 +3.0972e-02 -2.9777e+00 +7.0339e-01
75 +1.737121224e+01 +1.737121224e+01 -4.801087878e+02 -4.801087878e+02 -1.3582e+00 -5.4171e+00 -5.2805e-01 -2.4652e+00 +4.2602e-01
81 +1.304826894e+01 +1.304826894e+01 -4.844317311e+02 -4.844317311e+02 -4.9371e-01 -4.1323e+00 +2.4515e-02 -2.9510e+00 +1.2056e+00
132 +7.843009512e+00 +7.843009512e+00 -4.896369905e+02 -4.896369905e+02 -3.9111e-01 -4.6532e+00 -4.1211e-02 -2.4076e+00 +3.1498e+00
246 +6.380951483e+00 +6.380951483e+00 -4.910990485e+02 -4.910990485e+02 -9.0636e-01 -5.1280e+00 +5.1290e-01 -2.7481e+00 +1.7855e+00
267 +3.910798239e+00 +3.910798239e+00 -4.935692018e+02 -4.935692018e+02 -1.3292e+00 -4.9521e+00 +7.4475e-01 -2.6241e+00 +1.1432e+00
282 +3.729010379e+00 +3.729010379e+00 -4.937509896e+02 -4.937509896e+02 -1.5785e+00 -5.2828e+00 +7.8309e-01 -2.4294e+00 +1.1357e+00
332 +3.487805225e+00 +3.487805225e+00 -4.939921948e+02 -4.939921948e+02 -1.6163e+00 -4.5037e+00 +6.6143e-01 -2.8280e+00 +1.0548e+00
340 +2.655742644e+00 +2.655742644e+00 -4.948242574e+02 -4.948242574e+02 -1.6816e+00 -4.5279e+00 +5.7054e-01 -2.4746e+00 +1.1819e+00
