% function evaluation | noise-free fitness - Fopt (-4.620900000000e+02) | best noise-free fitness - Fopt | measured fitness | best measured fitness | x1 | x2...
1 +7.012980258e+01 +7.012980258e+01 -3.919601974e+02 -3.919601974e+02 +0.0000e+00 +0.0000e+00
8 +6.512083283e+01 +6.512083283e+01 -3.969691672e+02 -3.969691672e+02 +1.8865e-01 +1.6021e-01
9 +6.228189455e+01 +6.228189455e+01 -3.998081055e+02 -3.998081055e+02 +6.9896e-02 +6.8379e-02
11 +4.053226112e+01 +4.053226112e+01 -4.215577389e+02 -4.215577389e+02 +3.0087e-01 +4.8311e-01
16 +3.754327956e+01 +3.754327956e+01 -4.245467204e+02 -4.245467204e+02 +2.4823e-01 +7.9982e-01
19 +3.608912168e+01 +3.608912168e+01 -4.260008783e+02 -4.260008783e+02 +2.3006e-01 +1.0495e+00
23 +2.704411220e+01 +2.704411220e+01 -4.350458878e+02 -4.350458878e+02 +1.3066e+00 +8.7744e-01
30 +1.226234313e+01 +1.226234313e+01 -4.498276569e+02 -4.498276569e+02 +2.3226e-01 +2.6798e+00
78 +6.166796454e+00 +6.166796454e+00 -4.559232035e+02 -4.559232035e+02 +2.3981e-01 +2.2940e+00
110 +5.881438348e+00 +5.881438348e+00 -4.562085617e+02 -4.562085617e+02 +4.1364e-01 +2.5869e+00
132 +4.373782279e+00 +4.373782279e+00 -4.577162177e+02 -4.577162177e+02 +4.0755e-01 +2.3130e+00
155 +4.025643760e+00 +4.025643760e+00 -4.580643562e+02 -4.580643562e+02 +3.7974e-01 +2.2958e+00
307 +3.980046811e+00 +3.980046811e+00 -4.581099532e+02 -4.581099532e+02 +3.8598e-01 +2.2997e+00
% function evaluation | noise-free fitness - Fopt (7.766000000000e+01) | best noise-free fitness - Fopt | measured fitness | best measured fitness | x1 | x2...
1 +4.609031571e+01 +4.609031571e+01 +1.237503157e+02 +1.237503157e+02 +0.0000e+00 +0.0000e+00
2 +3.070908592e+01 +3.070908592e+01 +1.083690859e+02 +1.083690859e+02 +4.5108e-01 +1.7431e-01
6 +2.172062110e+01 +2.172062110e+01 +9.938062110e+01 +9.938062110e+01 +3.4635e-01 -8.5327e-02
10 +9.669155102e+00 +9.669155102e+00 +8.732915510e+01 +8.732915510e+01 +5.7565e-01 -2.7360e-01
20 +9.272779443e+00 +9.272779443e+00 +8.693277944e+01 +8.693277944e+01 +2.7022e-01 -5.1976e-01
36 +6.128200588e+00 +6.128200588e+00 +8.378820059e+01 +8.378820059e+01 +2.2200e+00 -8.5624e-01
47 +3.359215526e+00 +3.359215526e+00 +8.101921553e+01 +8.101921553e+01 +2.3633e+00 -1.1946e+00
189 +1.775250669e+00 +1.775250669e+00 +7.943525067e+01 +7.943525067e+01 +1.3853e+00 -8.7431e-01
249 +1.610913238e-01 +1.610913238e-01 +7.782109132e+01 +7.782109132e+01 +2.3758e+00 -8.5012e-01
% function evaluation | noise-free fitness - Fopt (1.156800000000e+02) | best noise-free fitness - Fopt | measured fitness | best measured fitness | x1 | x2...
1 +1.905594479e+01 +1.905594479e+01 +1.347359448e+02 +1.347359448e+02 +0.0000e+00 +0.0000e+00
12 +1.774887990e+01 +1.774887990e+01 +1.334288799e+02 +1.334288799e+02 -9.7449e-02 -3.9703e-01
17 +1.604576871e+01 +1.604576871e+01 +1.317257687e+02 +1.317257687e+02 +2.2579e-01 -3.7423e-02
27 +1.456803434e+01 +1.456803434e+01 +1.302480343e+02 +1.302480343e+02 -3.6581e-02 -3.9933e-01
29 +1.007962537e+01 +1.007962537e+01 +1.257596254e+02 +1.257596254e+02 +3.3431e-01 -3.8448e-01
42 +9.793491263e+00 +9.793491263e+00 +1.254734913e+02 +1.254734913e+02 +1.2936e-01 -3.8399e-01
57 +9.410985448e+00 +9.410985448e+00 +1.250909854e+02 +1.250909854e+02 +1.8094e-01 -3.8061e-01
90 +9.201210866e+00 +9.201210866e+00 +1.248812109e+02 +1.248812109e+02 +1.2377e-01 -4.1181e-01
91 +8.650983146e+00 +8.650983146e+00 +1.243309831e+02 +1.243309831e+02 +1.4470e-01 -3.9789e-01
102 +8.337655285e+00 +8.337655285e+00 +1.240176553e+02 +1.240176553e+02 +1.6643e-01 -4.0743e-01
117 +8.183495107e+00 +8.183495107e+00 +1.238634951e+02 +1.238634951e+02 +1.9318e-01 -3.9633e-01
124 +8.020081632e+00 +8.020081632e+00 +1.237000816e+02 +1.237000816e+02 +1.9912e-01 -4.0441e-01
% function evaluation | noise-free fitness - Fopt (-3.710000000000e+00) | best noise-free fitness - Fopt | measured fitness | best measured fitness | x1 | x2...
1 +8.293437844e+01 +8.293437844e+01 +7.922437844e+01 +7.922437844e+01 +0.0000e+00 +0.0000e+00
3 +7.473455654e+01 +7.473455654e+01 +7.102455654e+01 +7.102455654e+01 -2.4354e-01 -1.6628e-01
6 +7.305949183e+01 +7.305949183e+01 +6.934949183e+01 +6.934949183e+01 +4.0507e-01 -1.7321e-01
8 +6.159978910e+01 +6.159978910e+01 +5.788978910e+01 +5.788978910e+01 +1.0112e-02 -1.3720e-01
11 +5.388935373e+01 +5.388935373e+01 +5.017935373e+01 +5.017935373e+01 -1.1520e-01 -7.1897e-01
16 +4.928737555e+01 +4.928737555e+01 +4.557737555e+01 +4.557737555e+01 +8.1133e-02 -5.0224e-01
19 +4.802785798e+01 +4.802785798e+01 +4.431785798e+01 +4.431785798e+01 +3.6761e-01 -6.1002e-01
21 +3.402717086e+01 +3.402717086e+01 +3.031717086e+01 +3.031717086e+01 +1.0397e-01 -1.1964e+00
32 +8.499193041e+00 +8.499193041e+00 +4.789193041e+00 +4.789193041e+00 +1.1901e+00 -2.0273e+00
% function evaluation | noise-free fitness - Fopt (1.321800000000e+02) | best noise-free fitness - Fopt | measured fitness | best measured fitness | x1 | x2...
1 +5.157176513e+01 +5.157176513e+01 +1.837517651e+02 +1.837517651e+02 +0.0000e+00 +0.0000e+00
3 +4.581949182e+01 +4.581949182e+01 +1.779994918e+02 +1.779994918e+02 -9.3264e-02 +2.3927e-01
8 +4.020856490e+01 +4.020856490e+01 +1.723885649e+02 +1.723885649e+02 -1.9234e-03 +2.8189e-01
12 +3.879588055e+01 +3.879588055e+01 +1.709758805e+02 +1.709758805e+02 +8.0087e-02 +5.4709e-01
16 +3.056205624e+01 +3.056205624e+01 +1.627420562e+02 +1.627420562e+02 -8.9725e-02 +4.9331e-01
25 +2.894066690e+01 +2.894066690e+01 +1.611206669e+02 +1.611206669e+02 +4.7142e-01 +1.2326e+00
28 +2.628153723e+01 +2.628153723e+01 +1.584615372e+02 +1.584615372e+02 +4.0449e-01 +1.4648e+00
34 +1.203319215e+01 +1.203319215e+01 +1.442131922e+02 +1.442131922e+02 +6.3121e-01 +1.8062e+00
% function evaluation | noise-free fitness - Fopt (1.000000000000e+03) | best noise-free fitness - Fopt | measured fitness | best measured fitness | x1 | x2...
1 +1.432412860e+02 +1.432412860e+02 +1.143241286e+03 +1.143241286e+03 +0.0000e+00 +0.0000e+00
3 +1.304557753e+02 +1.304557753e+02 +1.130455775e+03 +1.130455775e+03 +1.2947e-02 +5.2476e-02
5 +1.128158790e+02 +1.128158790e+02 +1.112815879e+03 +1.112815879e+03 -4.9073e-02 +1.3070e-01
7 +1.008998335e+02 +1.008998335e+02 +1.100899834e+03 +1.100899834e+03 +9.2962e-02 +4.0928e-01
10 +9.267677563e+01 +9.267677563e+01 +1.092676776e+03 +1.092676776e+03 -2.7950e-01 +5.9471e-01
18 +7.699785801e+01 +7.699785801e+01 +1.076997858e+03 +1.076997858e+03 -5.2379e-01 +8.0705e-01
22 +7.038768950e+01 +7.038768950e+01 +1.070387689e+03 +1.070387689e+03 -5.4020e-01 +7.2332e-01
28 +5.453510098e+01 +5.453510098e+01 +1.054535101e+03 +1.054535101e+03 -1.5004e+00 +1.4179e+00
34 +5.329059997e+01 +5.329059997e+01 +1.053290600e+03 +1.053290600e+03 -8.3760e-01 +2.2474e+00
37 +3.308700992e+01 +3.308700992e+01 +1.033087010e+03 +1.033087010e+03 -1.4808e-01 +2.1009e+00
45 +2.334318203e+01 +2.334318203e+01 +1.023343182e+03 +1.023343182e+03 +8.7580e-01 +3.3988e+00
51 +1.596422373e+01 +1.596422373e+01 +1.015964224e+03 +1.015964224e+03 -4.2233e-01 +2.3453e+00
71 +1.328377627e+01 +1.328377627e+01 +1.013283776e+03 +1.013283776e+03 -5.0086e-01 +2.7033e+00
73 +1.168242786e+01 +1.168242786e+01 +1.011682428e+03 +1.011682428e+03 -4.7768e-01 +2.6932e+00
87 +9.476491874e+00 +9.476491874e+00 +1.009476492e+03 +1.009476492e+03 -3.0094e-01 +3.8968e+00
88 +6.956011402e+00 +6.956011402e+00 +1.006956011e+03 +1.006956011e+03 -5.5060e-01 +3.3321e+00
92 +6.593861571e+00 +6.593861571e+00 +1.006593862e+03 +1.006593862e+03 -2.5789e-01 +3.0136e+00
134 +6.269323817e+00 +6.269323817e+00 +1.006269324e+03 +1.006269324e+03 -4.5618e-01 +3.3614e+00
192 +5.038144372e+00 +5.038144372e+00 +1.005038144e+03 +1.005038144e+03 +5.8674e-01 +3.2889e+00
194 +4.468759755e+00 +4.468759755e+00 +1.004468760e+03 +1.004468760e+03 +6.5824e-01 +3.0119e+00
212 +2.525631723e+00 +2.525631723e+00 +1.002525632e+03 +1.002525632e+03 +6.1407e-01 +3.0163e+00
241 +2.229204386e+00 +2.229204386e+00 +1.002229204e+03 +1.002229204e+03 +5.4559e-01 +3.3136e+00
254 +1.917352602e+00 +1.917352602e+00 +1.001917353e+03 +1.001917353e+03 +5.6238e-01 +3.3128e+00
257 +1.633490978e+00 +1.633490978e+00 +1.001633491e+03 +1.001633491e+03 +5.4566e-01 +3.3240e+00
278 +1.432423615e+00 +1.432423615e+00 +1.001432424e+03 +1.001432424e+03 +5.4819e-01 +3.3326e+00
297 +1.186126656e+00 +1.186126656e+00 +1.001186127e+03 +1.001186127e+03 +5.7609e-01 +3.3227e+00
325 +1.088613381e+00 +1.088613381e+00 +1.001088613e+03 +1.001088613e+03 +5.7416e-01 +3.3266e+00
330 +1.012291326e+00 +1.012291326e+00 +1.001012291e+03 +1.001012291e+03 +5.7793e-01 +3.3355e+00
385 +9.985004069e-01 +9.985004069e-01 +1.000998500e+03 +1.000998500e+03 +5.8064e-01 +3.3315e+00
% function evaluation | noise-free fitness - Fopt (-1.846000000000e+01) | best noise-free fitness - Fopt | measured fitness | best measured fitness | x1 | x2...
1 +5.663387738e+01 +5.663387738e+01 +3.817387738e+01 +3.817387738e+01 +0.0000e+00 +0.0000e+00
3 +4.619967669e+01 +4.619967669e+01 +2.773967669e+01 +2.773967669e+01 -4.7553e-02 -1.3995e-01
4 +4.482560421e+01 +4.482560421e+01 +2.636560421e+01 +2.636560421e+01 +1.9795e-01 -2.1270e-01
6 +2.803927542e+01 +2.803927542e+01 +9.579275421e+00 +9.579275421e+00 -7.5615e-02 +4.7986e-01
27 +2.342615855e+01 +2.342615855e+01 +4.966158552e+00 +4.966158552e+00 -8.1883e-01 +6.7664e-01
45 +4.761678233e+00 +4.761678233e+00 -1.369832177e+01 -1.369832177e+01 +2.8795e-01 +1.6615e+00
82 +4.408789181e+00 +4.408789181e+00 -1.405121082e+01 -1.405121082e+01 +1.1205e+00 +2.0104e+00
171 +3.836041952e+00 +3.836041952e+00 -1.462395805e+01 -1.462395805e+01 +1.0953e+00 +1.6513e+00
315 +3.735717146e+00 +3.735717146e+00 -1.472428285e+01 -1.472428285e+01 +1.0877e+00 +1.6601e+00
396 +3.175285278e+00 +3.175285278e+00 -1.528471472e+01 -1.528471472e+01 +1.1974e+00 +1.7043e+00
399 +1.366510468e+00 +1.366510468e+00 -1.709348953e+01 -1.709348953e+01 +1.1396e+00 +1.6663e+00
490 +1.055008705e+00 +1.055008705e+00 -1.740499129e+01 -1.740499129e+01 +1.1564e+00 +1.6733e+00
584 +1.024769672e+00 +1.024769672e+00 -1.743523033e+01 -1.743523033e+01 +1.1757e+00 +1.6726e+00
605 +1.023124796e+00 +1.023124796e+00 -1.743687520e+01 -1.743687520e+01 +1.1757e+00 +1.6701e+00
625 +9.965088475e-01 +9.965088475e-01 -1.746349115e+01 -1.746349115e+01 +1.1666e+00 +1.6704e+00
% function evaluation | noise-free fitness - Fopt (-6.046000000000e+01) | best noise-free fitness - Fopt | measured fitness | best measured fitness | x1 | x2...
1 +1.173697082e+02 +1.173697082e+02 +5.690970819e+01 +5.690970819e+01 +0.0000e+00 +0.0000e+00
2 +1.017000050e+02 +1.017000050e+02 +4.124000500e+01 +4.124000500e+01 +2.0691e-01 +1.5313e-01
4 +6.929924691e+01 +6.929924691e+01 +8.839246908e+00 +8.839246908e+00 -1.7317e-01 +4.2140e-01
15 +6.308504781e+01 +6.308504781e+01 +2.625047811e+00 +2.625047811e+00 +2.0320e-02 +8.5302e-01
16 +5.803710062e+01 +5.803710062e+01 -2.422899381e+00 -2.422899381e+00 -9.6679e-02 +7.5668e-01
18 +5.233888859e+01 +5.233888859e+01 -8.121111415e+00 -8.121111415e+00 +4.6040e-01 +1.2047e+00
28 +2.312932139e+01 +2.312932139e+01 -3.733067861e+01 -3.733067861e+01 -1.8682e-01 +2.0305e+00
35 +2.163084659e+01 +2.163084659e+01 -3.882915341e+01 -3.882915341e+01 -6.5522e-01 +2.3744e+00
80 +1.392627500e+01 +1.392627500e+01 -4.653372500e+01 -4.653372500e+01 -1.2298e+00 +3.3482e+00
90 +1.303401127e+01 +1.303401127e+01 -4.742598873e+01 -4.742598873e+01 -1.3807e+00 +2.3624e+00
146 +1.109121565e+01 +1.109121565e+01 -4.936878435e+01 -4.936878435e+01 -1.4134e+00 +2.7492e+00
177 +9.829734801e+00 +9.829734801e+00 -5.063026520e+01 -5.063026520e+01 -1.4121e+00 +3.0574e+00
244 +9.744688406e+00 +9.744688406e+00 -5.071531159e+01 -5.071531159e+01 -1.3785e+00 +3.0633e+00
264 +9.185957191e+00 +9.185957191e+00 -5.127404281e+01 -5.127404281e+01 -1.3440e+00 +3.0356e+00
% function evaluation | noise-free fitness - Fopt (3.173300000000e+02) | best noise-free fitness - Fopt | measured fitness | best measured fitness | x1 | x2...
1 +1.328632716e+02 +1.328632716e+02 +4.501932716e+02 +4.501932716e+02 +0.0000e+00 +0.0000e+00
2 +9.588178499e+01 +9.588178499e+01 +4.132117850e+02 +4.132117850e+02 -1.5499e-01 -4.5847e-01
19 +9.492900797e+01 +9.492900797e+01 +4.122590080e+02 +4.122590080e+02 -3.5809e-01 -7.9154e-01
21 +6.896688408e+01 +6.896688408e+01 +3.862968841e+02 +3.862968841e+02 -1.0193e-01 -1.2312e+00
24 +5.855111681e+01 +5.855111681e+01 +3.758811168e+02 +3.758811168e+02 -2.5457e-02 -1.9570e+00
26 +3.858406656e+01 +3.858406656e+01 +3.559140666e+02 +3.559140666e+02 +4.6404e-02 -3.5231e+00
29 +3.167872035e+01 +3.167872035e+01 +3.490087204e+02 +3.490087204e+02 +1.6912e-01 -2.3431e+00
30 +1.384533416e+01 +1.384533416e+01 +3.311753342e+02 +3.311753342e+02 -3.6592e-01 -3.6975e+00
35 +7.840132413e+00 +7.840132413e+00 +3.251701324e+02 +3.251701324e+02 -3.2478e-01 -3.0412e+00
75 +7.735868460e+00 +7.735868460e+00 +3.250658685e+02 +3.250658685e+02 -4.8976e-01 -2.9731e+00
102 +5.919046247e+00 +5.919046247e+00 +3.232490462e+02 +3.232490462e+02 -3.7392e-01 -3.6344e+00
112 +5.042196221e+00 +5.042196221e+00 +3.223721962e+02 +3.223721962e+02 -3.9690e-01 -3.3440e+00
127 +4.830472032e+00 +4.830472032e+00 +3.221604720e+02 +3.221604720e+02 -5.0735e-01 -3.3471e+00
260 +4.408618206e+00 +4.408618206e+00 +3.217386182e+02 +3.217386182e+02 -5.3542e-01 -3.3253e+00
556 +4.354234790e+00 +4.354234790e+00 +3.216842348e+02 +3.216842348e+02 -5.2246e-01 -3.3361e+00
557 +3.980261324e+00 +3.980261324e+00 +3.213102613e+02 +3.213102613e+02 -4.7307e-01 -3.3281e+00
% function evaluation | noise-free fitness - Fopt (3.384000000000e+02) | best noise-free fitness - Fopt | measured fitness | best measured fitness | x1 | x2...
1 +1.586496925e+02 +1.586496925e+02 +4.970496925e+02 +4.970496925e+02 +0.0000e+00 +0.0000e+00
5 +1.506159689e+02 +1.506159689e+02 +4.890159689e+02 +4.890159689e+02 +4.5892e-02 -2.1500e-01
13 +1.476855371e+02 +1.476855371e+02 +4.860855371e+02 +4.860855371e+02 +1.6408e-01 -2.1929e-01
16 +1.263946306e+02 +1.263946306e+02 +4.647946306e+02 +4.647946306e+02 +3.0142e-01 -3.4325e-01
20 +1.104612271e+02 +1.104612271e+02 +4.488612271e+02 +4.488612271e+02 -8.9368e-02 -6.2889e-01
26 +9.389827601e+01 +9.389827601e+01 +4.322982760e+02 +4.322982760e+02 +7.8200e-02 -1.1976e+00
32 +8.919308450e+01 +8.919308450e+01 +4.275930845e+02 +4.275930845e+02 -3.3799e-02 -1.0439e+00
34 +5.725549641e+01 +5.725549641e+01 +3.956554964e+02 +3.956554964e+02 +3.5999e-01 -2.0257e+00
35 +3.039193188e+01 +3.039193188e+01 +3.687919319e+02 +3.687919319e+02 +1.4245e-01 -2.9955e+00
43 +2.419269914e+01 +2.419269914e+01 +3.625926991e+02 +3.625926991e+02 +4.8448e-01 -4.7966e+00
48 +2.133950467e+01 +2.133950467e+01 +3.597395047e+02 +3.597395047e+02 -1.6804e+00 -3.5670e+00
81 +9.048063719e+00 +9.048063719e+00 +3.474480637e+02 +3.474480637e+02 +3.7015e-02 -3.8251e+00
133 +8.618691915e+00 +8.618691915e+00 +3.470186919e+02 +3.470186919e+02 +1.0202e+00 -3.9002e+00
149 +5.326361664e+00 +5.326361664e+00 +3.437263617e+02 +3.437263617e+02 +1.2348e+00 -4.1716e+00
196 +1.119989145e+00 +1.119989145e+00 +3.395199891e+02 +3.395199891e+02 +2.1216e+00 -4.1822e+00
439 +9.965933321e-01 +9.965933321e-01 +3.393965933e+02 +3.393965933e+02 +1.1397e+00 -3.8660e+00
% function evaluation | noise-free fitness - Fopt (-4.940000000000e+01) | best noise-free fitness - Fopt | measured fitness | best measured fitness | x1 | x2...
1 +5.583845057e+01 +5.583845057e+01 +6.438450574e+00 +6.438450574e+00 +0.0000e+00 +0.0000e+00
2 +3.012955975e+01 +3.012955975e+01 -1.927044025e+01 -1.927044025e+01 -1.2616e-01 +3.4048e-01
% function evaluation | noise-free fitness - Fopt (-5.557000000000e+01) | best noise-free fitness - Fopt | measured fitness | best measured fitness | x1 | x2...
1 +7.896156724e+01 +7.896156724e+01 +2.339156724e+01 +2.339156724e+01 +0.0000e+00 +0.0000e+00
12 +6.657187497e+01 +6.657187497e+01 +1.100187497e+01 +1.100187497e+01 -3.0705e-02 +7.4662e-02
31 +6.599993888e+01 +6.599993888e+01 +1.042993888e+01 +1.042993888e+01 +6.5015e-02 +1.2486e-01
51 +5.539215497e+01 +5.539215497e+01 -1.778450347e-01 -1.778450347e-01 -1.4635e-01 +5.5774e-01
55 +5.364682717e+01 +5.364682717e+01 -1.923172833e+00 -1.923172833e+00 -4.4135e-02 +5.0215e-01
61 +4.864350245e+01 +4.864350245e+01 -6.926497549e+00 -6.926497549e+00 +2.1618e-02 +8.5093e-01
77 +4.092883466e+01 +4.092883466e+01 -1.464116534e+01 -1.464116534e+01 +1.1625e-03 +9.0874e-01
87 +3.831662133e+01 +3.831662133e+01 -1.725337867e+01 -1.725337867e+01 -3.5269e-02 +1.3302e+00
90 +3.597605432e+01 +3.597605432e+01 -1.959394568e+01 -1.959394568e+01 -8.4767e-02 +1.9315e+00
100 +1.698796741e+01 +1.698796741e+01 -3.858203259e+01 -3.858203259e+01 -2.0814e-02 +2.0500e+00
139 +1.598424232e+01 +1.598424232e+01 -3.958575768e+01 -3.958575768e+01 -1.3340e-02 +2.3497e+00
% function evaluation | noise-free fitness - Fopt (-1.412700000000e+02) | best noise-free fitness - Fopt | measured fitness | best measured fitness | x1 | x2...
1 +1.422157242e+02 +1.422157242e+02 +9.457242438e-01 +9.457242438e-01 +0.0000e+00 +0.0000e+00
4 +1.258330316e+02 +1.258330316e+02 -1.543696838e+01 -1.543696838e+01 -1.9227e-02 +3.2773e-01
8 +1.090378737e+02 +1.090378737e+02 -3.223212625e+01 -3.223212625e+01 -1.7839e-01 +2.4147e-01
14 +9.101926635e+01 +9.101926635e+01 -5.025073365e+01 -5.025073365e+01 -2.1037e-01 +4.8902e-01
16 +7.863901411e+01 +7.863901411e+01 -6.263098589e+01 -6.263098589e+01 -1.4327e-01 +1.0412e+00
18 +5.999092055e+01 +5.999092055e+01 -8.127907945e+01 -8.127907945e+01 -4.8780e-01 +1.6010e+00
19 +5.391112780e+01 +5.391112780e+01 -8.735887220e+01 -8.735887220e+01 -2.7012e-01 +1.7145e+00
26 +4.404524332e+01 +4.404524332e+01 -9.722475668e+01 -9.722475668e+01 -9.8670e-01 +2.6024e+00
27 +2.770436462e+01 +2.770436462e+01 -1.135656354e+02 -1.135656354e+02 -2.6103e-01 +2.8795e+00
29 +2.689007398e+01 +2.689007398e+01 -1.143799260e+02 -1.143799260e+02 -2.7417e-01 +2.8685e+00
35 +1.581415894e+01 +1.581415894e+01 -1.254558411e+02 -1.254558411e+02 -1.6440e-01 +2.7840e+00
67 +9.568887466e+00 +9.568887466e+00 -1.317011125e+02 -1.317011125e+02 +9.5415e-01 +3.0739e+00
72 +6.021259064e+00 +6.021259064e+00 -1.352487409e+02 -1.352487409e+02 +9.8701e-01 +3.7414e+00
190 +6.378603009e-01 +6.378603009e-01 -1.406321397e+02 -1.406321397e+02 +2.7896e+00 +3.4259e+00
% function evaluation | noise-free fitness - Fopt (1.822100000000e+02) | best noise-free fitness - Fopt | measured fitness | best measured fitness | x1 | x2...
1 +1.116284915e+02 +1.116284915e+02 +2.938384915e+02 +2.938384915e+02 +0.0000e+00 +0.0000e+00
11 +1.041626299e+02 +1.041626299e+02 +2.863726299e+02 +2.863726299e+02 -2.1986e-01 -7.3122e-02
24 +9.682139236e+01 +9.682139236e+01 +2.790313924e+02 +2.790313924e+02 -4.3357e-01 -3.9399e-01
28 +8.920984785e+01 +8.920984785e+01 +2.714198478e+02 +2.714198478e+02 +4.2059e-02 -4.6521e-01
38 +5.920749289e+01 +5.920749289e+01 +2.414174929e+02 +2.414174929e+02 -3.9290e-01 -1.1411e+00
43 +5.013339767e+01 +5.013339767e+01 +2.323433977e+02 +2.323433977e+02 -4.1865e-01 -1.8264e+00
50 +1.798696029e+01 +1.798696029e+01 +2.001969603e+02 +2.001969603e+02 -1.0960e-01 -2.5858e+00
76 +1.403031599e+01 +1.403031599e+01 +1.962403160e+02 +1.962403160e+02 -4.2763e-01 -3.3354e+00
92 +1.127873792e+01 +1.127873792e+01 +1.934887379e+02 +1.934887379e+02 -1.2874e+00 -3.2553e+00
102 +1.073522897e+01 +1.073522897e+01 +1.929452290e+02 +1.929452290e+02 -1.2250e+00 -3.5926e+00
188 +1.053562280e+01 +1.053562280e+01 +1.927456228e+02 +1.927456228e+02 -2.6713e-02 -2.7242e+00
193 +1.001107934e+01 +1.001107934e+01 +1.922210793e+02 +1.922210793e+02 -3.7814e-01 -3.3237e+00
213 +3.412164555e+00 +3.412164555e+00 +1.856221646e+02 +1.856221646e+02 +8.6177e-01 -3.2829e+00
339 +2.267112777e+00 +2.267112777e+00 +1.844771128e+02 +1.844771128e+02 +1.7083e+00 -2.9712e+00
376 +1.220023132e+00 +1.220023132e+00 +1.834300231e+02 +1.834300231e+02 +1.7538e+00 -2.9936e+00
442 +1.051960105e+00 +1.051960105e+00 +1.832619601e+02 +1.832619601e+02 +1.7659e+00 -2.9899e+00
481 +1.028801166e+00 +1.028801166e+00 +1.832388012e+02 +1.832388012e+02 +1.7790e+00 -2.9912e+00
519 +1.021595128e+00 +1.021595128e+00 +1.832315951e+02 +1.832315951e+02 +1.7682e+00 -2.9872e+00
553 +9.987356981e-01 +9.987356981e-01 +1.832087357e+02 +1.832087357e+02 +1.7788e+00 -2.9885e+00
% function evaluation | noise-free fitness - Fopt (8.191000000000e+01) | best noise-free fitness - Fopt | measured fitness | best measured fitness | x1 | x2...
1 +4.545695967e+01 +4.545695967e+01 +1.273669597e+02 +1.273669597e+02 +0.0000e+00 +0.0000e+00
4 +3.143803679e+01 +3.143803679e+01 +1.133480368e+02 +1.133480368e+02 +1.0931e-01 -6.8661e-02
7 +2.363872023e+01 +2.363872023e+01 +1.055487202e+02 +1.055487202e+02 +3.3447e-01 -1.5722e-01
10 +2.121043920e+01 +2.121043920e+01 +1.031204392e+02 +1.031204392e+02 +1.8242e-01 -4.8806e-01
33 +1.751029047e+01 +1.751029047e+01 +9.942029047e+01 +9.942029047e+01 +2.4987e-02 -8.8487e-01
54 +1.711967453e+01 +1.711967453e+01 +9.902967453e+01 +9.902967453e+01 +1.3635e-01 -2.9581e-01
55 +1.303466232e+01 +1.303466232e+01 +9.494466232e+01 +9.494466232e+01 +4.1445e-01 -8.9456e-01
62 +7.480668941e+00 +7.480668941e+00 +8.939066894e+01 +8.939066894e+01 +1.0207e-01 -1.0332e+00
63 +6.961292927e+00 +6.961292927e+00 +8.887129293e+01 +8.887129293e+01 +1.7871e-01 -1.2341e+00
72 +1.030239054e+00 +1.030239054e+00 +8.294023905e+01 +8.294023905e+01 +3.1403e-01 -1.2977e+00
130 +1.002849534e+00 +1.002849534e+00 +8.291284953e+01 +8.291284953e+01 +1.8209e-01 -1.2798e+00
142 +7.597944540e-01 +7.597944540e-01 +8.266979445e+01 +8.266979445e+01 +1.5233e-01 -1.3016e+00
170 +5.960405645e-01 +5.960405645e-01 +8.250604056e+01 +8.250604056e+01 +1.6332e-01 -1.2999e+00
251 +5.305040987e-01 +5.305040987e-01 +8.244050410e+01 +8.244050410e+01 +1.7008e-01 -1.3025e+00
263 +4.217722010e-01 +4.217722010e-01 +8.233177220e+01 +8.233177220e+01 +1.7658e-01 -1.2965e+00
264 +3.891546419e-01 +3.891546419e-01 +8.229915464e+01 +8.229915464e+01 +1.7861e-01 -1.2961e+00
265 +1.120198602e-01 +1.120198602e-01 +8.202201986e+01 +8.202201986e+01 +2.0351e-01 -1.2933e+00
298 +7.988100644e-02 +7.988100644e-02 +8.198988101e+01 +8.198988101e+01 +2.0022e-01 -1.3013e+00
312 +6.083794828e-02 +6.083794828e-02 +8.197083795e+01 +8.197083795e+01 +2.1098e-01 -1.3038e+00
321 +2.138039975e-03 +2.138039975e-03 +8.191213804e+01 +8.191213804e+01 +2.1620e-01 -1.2988e+00
382 +1.449122116e-03 +1.449122116e-03 +8.191144912e+01 +8.191144912e+01 +2.1792e-01 -1.3000e+00
420 +1.284960960e-04 +1.284960960e-04 +8.191012850e+01 +8.191012850e+01 +2.1924e-01 -1.2990e+00
447 +1.257786427e-04 +1.257786427e-04 +8.191012578e+01 +8.191012578e+01 +2.1887e-01 -1.2990e+00
451 +1.236401926e-05 +1.236401926e-05 +8.191001236e+01 +8.191001236e+01 +2.1903e-01 -1.2991e+00
458 +1.054587102e-07 +1.054587102e-07 +8.191000011e+01 +8.191000011e+01 +2.1918e-01 -1.2992e+00
651 +7.579302519e-09 +7.579302519e-09 +8.191000001e+01 +8.191000001e+01 +2.1920e-01 -1.2992e+00
1008 +0.000000000e+00 +0.000000000e+00 +8.191000000e+01 +8.191000000e+01 +2.1920e-01 -1.2992e+00
