% function evaluation | noise-free fitness - Fopt (-4.620900000000e+02) | best noise-free fitness - Fopt | measured fitness | best measured fitness | x1 | x2...
1 +1.226420764e+03 +1.226420764e+03 +7.643307640e+02 +7.643307640e+02
3 +1.182932418e+03 +1.182932418e+03 +7.208424180e+02 +7.208424180e+02
4 +1.163471604e+03 +1.163471604e+03 +7.013816041e+02 +7.013816041e+02
13 +1.139432042e+03 +1.139432042e+03 +6.773420416e+02 +6.773420416e+02
14 +1.103370493e+03 +1.103370493e+03 +6.412804933e+02 +6.412804933e+02
19 +1.091082792e+03 +1.091082792e+03 +6.289927920e+02 +6.289927920e+02
82 +1.054058834e+03 +1.054058834e+03 +5.919688337e+02 +5.919688337e+02
135 +1.033823573e+03 +1.033823573e+03 +5.717335726e+02 +5.717335726e+02
138 +1.022599693e+03 +1.022599693e+03 +5.605096934e+02 +5.605096934e+02
146 +9.763437053e+02 +9.763437053e+02 +5.142537053e+02 +5.142537053e+02
155 +9.332269360e+02 +9.332269360e+02 +4.711369360e+02 +4.711369360e+02
239 +9.010867108e+02 +9.010867108e+02 +4.389967108e+02 +4.389967108e+02
242 +8.467058632e+02 +8.467058632e+02 +3.846158632e+02 +3.846158632e+02
323 +8.274301930e+02 +8.274301930e+02 +3.653401930e+02 +3.653401930e+02
331 +8.032282034e+02 +8.032282034e+02 +3.411382034e+02 +3.411382034e+02
349 +7.716000937e+02 +7.716000937e+02 +3.095100937e+02 +3.095100937e+02
405 +7.582417918e+02 +7.582417918e+02 +2.961517918e+02 +2.961517918e+02
437 +7.328466158e+02 +7.328466158e+02 +2.707566158e+02 +2.707566158e+02
447 +6.930762352e+02 +6.930762352e+02 +2.309862352e+02 +2.309862352e+02
522 +6.471002901e+02 +6.471002901e+02 +1.850102901e+02 +1.850102901e+02
629 +6.343844471e+02 +6.343844471e+02 +1.722944471e+02 +1.722944471e+02
656 +6.184539671e+02 +6.184539671e+02 +1.563639671e+02 +1.563639671e+02
805 +6.093460689e+02 +6.093460689e+02 +1.472560689e+02 +1.472560689e+02
828 +5.997832842e+02 +5.997832842e+02 +1.376932842e+02 +1.376932842e+02
836 +5.620968841e+02 +5.620968841e+02 +1.000068841e+02 +1.000068841e+02
1119 +5.461727637e+02 +5.461727637e+02 +8.408276372e+01 +8.408276372e+01
1128 +5.346246512e+02 +5.346246512e+02 +7.253465122e+01 +7.253465122e+01
1136 +5.226084529e+02 +5.226084529e+02 +6.051845286e+01 +6.051845286e+01
1139 +5.054046711e+02 +5.054046711e+02 +4.331467110e+01 +4.331467110e+01
1254 +4.836101100e+02 +4.836101100e+02 +2.152011001e+01 +2.152011001e+01
1304 +4.761364898e+02 +4.761364898e+02 +1.404648979e+01 +1.404648979e+01
1355 +4.676599097e+02 +4.676599097e+02 +5.569909748e+00 +5.569909748e+00
1370 +4.570821647e+02 +4.570821647e+02 -5.007835320e+00 -5.007835320e+00
1434 +4.433395680e+02 +4.433395680e+02 -1.875043201e+01 -1.875043201e+01
1481 +4.363654043e+02 +4.363654043e+02 -2.572459569e+01 -2.572459569e+01
1511 +4.263975968e+02 +4.263975968e+02 -3.569240323e+01 -3.569240323e+01
1539 +4.156897193e+02 +4.156897193e+02 -4.640028073e+01 -4.640028073e+01
1566 +4.071864735e+02 +4.071864735e+02 -5.490352650e+01 -5.490352650e+01
1627 +3.962961133e+02 +3.962961133e+02 -6.579388669e+01 -6.579388669e+01
1710 +3.873637761e+02 +3.873637761e+02 -7.472622392e+01 -7.472622392e+01
1780 +3.790888983e+02 +3.790888983e+02 -8.300110169e+01 -8.300110169e+01
2024 +3.714218443e+02 +3.714218443e+02 -9.066815573e+01 -9.066815573e+01
% function evaluation | noise-free fitness - Fopt (7.766000000000e+01) | best noise-free fitness - Fopt | measured fitness | best measured fitness | x1 | x2...
1 +1.490301739e+03 +1.490301739e+03 +1.567961739e+03 +1.567961739e+03
4 +1.468071959e+03 +1.468071959e+03 +1.545731959e+03 +1.545731959e+03
10 +1.396133713e+03 +1.396133713e+03 +1.473793713e+03 +1.473793713e+03
18 +1.366730202e+03 +1.366730202e+03 +1.444390202e+03 +1.444390202e+03
19 +1.347237519e+03 +1.347237519e+03 +1.424897519e+03 +1.424897519e+03
28 +1.302172330e+03 +1.302172330e+03 +1.379832330e+03 +1.379832330e+03
35 +1.223293848e+03 +1.223293848e+03 +1.300953848e+03 +1.300953848e+03
62 +1.177115863e+03 +1.177115863e+03 +1.254775863e+03 +1.254775863e+03
78 +1.163656352e+03 +1.163656352e+03 +1.241316352e+03 +1.241316352e+03
141 +1.142965516e+03 +1.142965516e+03 +1.220625516e+03 +1.220625516e+03
200 +1.099513825e+03 +1.099513825e+03 +1.177173825e+03 +1.177173825e+03
205 +1.066581591e+03 +1.066581591e+03 +1.144241591e+03 +1.144241591e+03
215 +1.026375057e+03 +1.026375057e+03 +1.104035057e+03 +1.104035057e+03
260 +9.923268726e+02 +9.923268726e+02 +1.069986873e+03 +1.069986873e+03
286 +9.582144923e+02 +9.582144923e+02 +1.035874492e+03 +1.035874492e+03
292 +9.029987929e+02 +9.029987929e+02 +9.806587929e+02 +9.806587929e+02
359 +8.896555602e+02 +8.896555602e+02 +9.673155602e+02 +9.673155602e+02
366 +8.674870722e+02 +8.674870722e+02 +9.451470722e+02 +9.451470722e+02
370 +8.012490100e+02 +8.012490100e+02 +8.789090100e+02 +8.789090100e+02
489 +7.842493704e+02 +7.842493704e+02 +8.619093704e+02 +8.619093704e+02
494 +7.444977487e+02 +7.444977487e+02 +8.221577487e+02 +8.221577487e+02
550 +7.277548129e+02 +7.277548129e+02 +8.054148129e+02 +8.054148129e+02
557 +7.071725791e+02 +7.071725791e+02 +7.848325791e+02 +7.848325791e+02
627 +6.572619416e+02 +6.572619416e+02 +7.349219416e+02 +7.349219416e+02
682 +6.066258977e+02 +6.066258977e+02 +6.842858977e+02 +6.842858977e+02
852 +6.012405688e+02 +6.012405688e+02 +6.789005688e+02 +6.789005688e+02
899 +5.835265654e+02 +5.835265654e+02 +6.611865654e+02 +6.611865654e+02
933 +5.588955066e+02 +5.588955066e+02 +6.365555066e+02 +6.365555066e+02
952 +5.321206859e+02 +5.321206859e+02 +6.097806859e+02 +6.097806859e+02
1018 +5.191797138e+02 +5.191797138e+02 +5.968397138e+02 +5.968397138e+02
1230 +5.018511990e+02 +5.018511990e+02 +5.795111990e+02 +5.795111990e+02
1261 +4.862038528e+02 +4.862038528e+02 +5.638638528e+02 +5.638638528e+02
1266 +4.752962412e+02 +4.752962412e+02 +5.529562412e+02 +5.529562412e+02
1291 +4.464757193e+02 +4.464757193e+02 +5.241357193e+02 +5.241357193e+02
1413 +4.326976968e+02 +4.326976968e+02 +5.103576968e+02 +5.103576968e+02
1433 +4.093280528e+02 +4.093280528e+02 +4.869880528e+02 +4.869880528e+02
1476 +3.882408089e+02 +3.882408089e+02 +4.659008089e+02 +4.659008089e+02
1700 +3.791823954e+02 +3.791823954e+02 +4.568423954e+02 +4.568423954e+02
1721 +3.708151502e+02 +3.708151502e+02 +4.484751502e+02 +4.484751502e+02
1813 +3.572483791e+02 +3.572483791e+02 +4.349083791e+02 +4.349083791e+02
1833 +3.535782340e+02 +3.535782340e+02 +4.312382340e+02 +4.312382340e+02
1848 +3.440233270e+02 +3.440233270e+02 +4.216833270e+02 +4.216833270e+02
1857 +3.304328967e+02 +3.304328967e+02 +4.080928967e+02 +4.080928967e+02
1925 +3.226920504e+02 +3.226920504e+02 +4.003520504e+02 +4.003520504e+02
2020 +3.101928092e+02 +3.101928092e+02 +3.878528092e+02 +3.878528092e+02
2035 +3.047164476e+02 +3.047164476e+02 +3.823764476e+02 +3.823764476e+02
2080 +3.018988103e+02 +3.018988103e+02 +3.795588103e+02 +3.795588103e+02
2110 +2.951136576e+02 +2.951136576e+02 +3.727736576e+02 +3.727736576e+02
2156 +2.881598438e+02 +2.881598438e+02 +3.658198438e+02 +3.658198438e+02
2196 +2.812818650e+02 +2.812818650e+02 +3.589418650e+02 +3.589418650e+02
2303 +2.746941378e+02 +2.746941378e+02 +3.523541378e+02 +3.523541378e+02
2544 +2.689287460e+02 +2.689287460e+02 +3.465887460e+02 +3.465887460e+02
% function evaluation | noise-free fitness - Fopt (1.156800000000e+02) | best noise-free fitness - Fopt | measured fitness | best measured fitness | x1 | x2...
1 +1.393266783e+03 +1.393266783e+03 +1.508946783e+03 +1.508946783e+03
6 +1.351250080e+03 +1.351250080e+03 +1.466930080e+03 +1.466930080e+03
10 +1.318067353e+03 +1.318067353e+03 +1.433747353e+03 +1.433747353e+03
47 +1.234068612e+03 +1.234068612e+03 +1.349748612e+03 +1.349748612e+03
51 +1.191072787e+03 +1.191072787e+03 +1.306752787e+03 +1.306752787e+03
77 +1.169152725e+03 +1.169152725e+03 +1.284832725e+03 +1.284832725e+03
91 +1.143350401e+03 +1.143350401e+03 +1.259030401e+03 +1.259030401e+03
118 +1.085418265e+03 +1.085418265e+03 +1.201098265e+03 +1.201098265e+03
142 +1.034691312e+03 +1.034691312e+03 +1.150371312e+03 +1.150371312e+03
190 +9.828291803e+02 +9.828291803e+02 +1.098509180e+03 +1.098509180e+03
247 +9.614614912e+02 +9.614614912e+02 +1.077141491e+03 +1.077141491e+03
249 +9.317151951e+02 +9.317151951e+02 +1.047395195e+03 +1.047395195e+03
268 +8.949057213e+02 +8.949057213e+02 +1.010585721e+03 +1.010585721e+03
277 +8.735068790e+02 +8.735068790e+02 +9.891868790e+02 +9.891868790e+02
299 +8.708572948e+02 +8.708572948e+02 +9.865372948e+02 +9.865372948e+02
316 +8.160246547e+02 +8.160246547e+02 +9.317046547e+02 +9.317046547e+02
319 +7.970333158e+02 +7.970333158e+02 +9.127133158e+02 +9.127133158e+02
357 +7.331116937e+02 +7.331116937e+02 +8.487916937e+02 +8.487916937e+02
379 +7.243616113e+02 +7.243616113e+02 +8.400416113e+02 +8.400416113e+02
476 +6.771618897e+02 +6.771618897e+02 +7.928418897e+02 +7.928418897e+02
622 +6.549646217e+02 +6.549646217e+02 +7.706446217e+02 +7.706446217e+02
738 +6.453384397e+02 +6.453384397e+02 +7.610184397e+02 +7.610184397e+02
775 +6.115675612e+02 +6.115675612e+02 +7.272475612e+02 +7.272475612e+02
1159 +5.846057526e+02 +5.846057526e+02 +7.002857526e+02 +7.002857526e+02
1254 +5.632529242e+02 +5.632529242e+02 +6.789329242e+02 +6.789329242e+02
1378 +5.490818501e+02 +5.490818501e+02 +6.647618501e+02 +6.647618501e+02
1447 +5.362381801e+02 +5.362381801e+02 +6.519181801e+02 +6.519181801e+02
1459 +5.172922620e+02 +5.172922620e+02 +6.329722620e+02 +6.329722620e+02
1480 +5.007225374e+02 +5.007225374e+02 +6.164025374e+02 +6.164025374e+02
1552 +4.854340155e+02 +4.854340155e+02 +6.011140155e+02 +6.011140155e+02
1553 +4.758665906e+02 +4.758665906e+02 +5.915465906e+02 +5.915465906e+02
1572 +4.627813221e+02 +4.627813221e+02 +5.784613221e+02 +5.784613221e+02
1698 +4.334403580e+02 +4.334403580e+02 +5.491203580e+02 +5.491203580e+02
1720 +4.234852160e+02 +4.234852160e+02 +5.391652160e+02 +5.391652160e+02
1745 +4.152547434e+02 +4.152547434e+02 +5.309347434e+02 +5.309347434e+02
1832 +4.052858409e+02 +4.052858409e+02 +5.209658409e+02 +5.209658409e+02
1891 +3.972868041e+02 +3.972868041e+02 +5.129668041e+02 +5.129668041e+02
1922 +3.880601800e+02 +3.880601800e+02 +5.037401800e+02 +5.037401800e+02
2000 +3.800354777e+02 +3.800354777e+02 +4.957154777e+02 +4.957154777e+02
2035 +3.695302269e+02 +3.695302269e+02 +4.852102269e+02 +4.852102269e+02
2080 +3.605971109e+02 +3.605971109e+02 +4.762771109e+02 +4.762771109e+02
2167 +3.543299610e+02 +3.543299610e+02 +4.700099610e+02 +4.700099610e+02
2299 +3.439424023e+02 +3.439424023e+02 +4.596224023e+02 +4.596224023e+02
2432 +3.387037126e+02 +3.387037126e+02 +4.543837126e+02 +4.543837126e+02
3012 +3.310289219e+02 +3.310289219e+02 +4.467089219e+02 +4.467089219e+02
% function evaluation | noise-free fitness - Fopt (-3.710000000000e+00) | best noise-free fitness - Fopt | measured fitness | best measured fitness | x1 | x2...
1 +1.193510135e+03 +1.193510135e+03 +1.189800135e+03 +1.189800135e+03
3 +1.158959506e+03 +1.158959506e+03 +1.155249506e+03 +1.155249506e+03
8 +1.127581733e+03 +1.127581733e+03 +1.123871733e+03 +1.123871733e+03
13 +1.086519264e+03 +1.086519264e+03 +1.082809264e+03 +1.082809264e+03
18 +1.060508534e+03 +1.060508534e+03 +1.056798534e+03 +1.056798534e+03
48 +1.046979951e+03 +1.046979951e+03 +1.043269951e+03 +1.043269951e+03
53 +1.013435242e+03 +1.013435242e+03 +1.009725242e+03 +1.009725242e+03
61 +9.894348789e+02 +9.894348789e+02 +9.857248789e+02 +9.857248789e+02
77 +9.318473436e+02 +9.318473436e+02 +9.281373436e+02 +9.281373436e+02
123 +9.101125509e+02 +9.101125509e+02 +9.064025509e+02 +9.064025509e+02
161 +8.893604322e+02 +8.893604322e+02 +8.856504322e+02 +8.856504322e+02
188 +8.563902231e+02 +8.563902231e+02 +8.526802231e+02 +8.526802231e+02
211 +8.251415345e+02 +8.251415345e+02 +8.214315345e+02 +8.214315345e+02
229 +7.755917532e+02 +7.755917532e+02 +7.718817532e+02 +7.718817532e+02
406 +7.251553296e+02 +7.251553296e+02 +7.214453296e+02 +7.214453296e+02
440 +6.941274312e+02 +6.941274312e+02 +6.904174312e+02 +6.904174312e+02
544 +6.915133141e+02 +6.915133141e+02 +6.878033141e+02 +6.878033141e+02
620 +6.734497225e+02 +6.734497225e+02 +6.697397225e+02 +6.697397225e+02
646 +6.544069191e+02 +6.544069191e+02 +6.506969191e+02 +6.506969191e+02
864 +6.363009828e+02 +6.363009828e+02 +6.325909828e+02 +6.325909828e+02
981 +6.104129935e+02 +6.104129935e+02 +6.067029935e+02 +6.067029935e+02
1189 +5.876099538e+02 +5.876099538e+02 +5.838999538e+02 +5.838999538e+02
1190 +5.627256844e+02 +5.627256844e+02 +5.590156844e+02 +5.590156844e+02
1488 +5.262484568e+02 +5.262484568e+02 +5.225384568e+02 +5.225384568e+02
1568 +5.246788130e+02 +5.246788130e+02 +5.209688130e+02 +5.209688130e+02
1642 +4.985189277e+02 +4.985189277e+02 +4.948089277e+02 +4.948089277e+02
1649 +4.833943363e+02 +4.833943363e+02 +4.796843363e+02 +4.796843363e+02
1702 +4.778820743e+02 +4.778820743e+02 +4.741720743e+02 +4.741720743e+02
1775 +4.424041900e+02 +4.424041900e+02 +4.386941900e+02 +4.386941900e+02
1837 +4.201499003e+02 +4.201499003e+02 +4.164399003e+02 +4.164399003e+02
1879 +4.163822617e+02 +4.163822617e+02 +4.126722617e+02 +4.126722617e+02
1958 +3.945440806e+02 +3.945440806e+02 +3.908340806e+02 +3.908340806e+02
1967 +3.700592786e+02 +3.700592786e+02 +3.663492786e+02 +3.663492786e+02
1980 +3.625858062e+02 +3.625858062e+02 +3.588758062e+02 +3.588758062e+02
2011 +3.461190855e+02 +3.461190855e+02 +3.424090855e+02 +3.424090855e+02
2119 +3.350609392e+02 +3.350609392e+02 +3.313509392e+02 +3.313509392e+02
2178 +3.296407600e+02 +3.296407600e+02 +3.259307600e+02 +3.259307600e+02
2196 +3.159961477e+02 +3.159961477e+02 +3.122861477e+02 +3.122861477e+02
2318 +3.074023685e+02 +3.074023685e+02 +3.036923685e+02 +3.036923685e+02
2367 +2.972314107e+02 +2.972314107e+02 +2.935214107e+02 +2.935214107e+02
2370 +2.922255324e+02 +2.922255324e+02 +2.885155324e+02 +2.885155324e+02
2551 +2.881928210e+02 +2.881928210e+02 +2.844828210e+02 +2.844828210e+02
2599 +2.801914346e+02 +2.801914346e+02 +2.764814346e+02 +2.764814346e+02
2618 +2.748190312e+02 +2.748190312e+02 +2.711090312e+02 +2.711090312e+02
2636 +2.685467550e+02 +2.685467550e+02 +2.648367550e+02 +2.648367550e+02
2845 +2.626293222e+02 +2.626293222e+02 +2.589193222e+02 +2.589193222e+02
3301 +2.569652661e+02 +2.569652661e+02 +2.532552661e+02 +2.532552661e+02
% function evaluation | noise-free fitness - Fopt (1.321800000000e+02) | best noise-free fitness - Fopt | measured fitness | best measured fitness | x1 | x2...
1 +1.437855579e+03 +1.437855579e+03 +1.570035579e+03 +1.570035579e+03
2 +1.406757857e+03 +1.406757857e+03 +1.538937857e+03 +1.538937857e+03
6 +1.368284275e+03 +1.368284275e+03 +1.500464275e+03 +1.500464275e+03
20 +1.326563043e+03 +1.326563043e+03 +1.458743043e+03 +1.458743043e+03
35 +1.309347028e+03 +1.309347028e+03 +1.441527028e+03 +1.441527028e+03
39 +1.272878618e+03 +1.272878618e+03 +1.405058618e+03 +1.405058618e+03
59 +1.240982143e+03 +1.240982143e+03 +1.373162143e+03 +1.373162143e+03
72 +1.229558491e+03 +1.229558491e+03 +1.361738491e+03 +1.361738491e+03
78 +1.177131102e+03 +1.177131102e+03 +1.309311102e+03 +1.309311102e+03
101 +1.155884617e+03 +1.155884617e+03 +1.288064617e+03 +1.288064617e+03
125 +1.103647534e+03 +1.103647534e+03 +1.235827534e+03 +1.235827534e+03
130 +1.001360902e+03 +1.001360902e+03 +1.133540902e+03 +1.133540902e+03
173 +9.012330647e+02 +9.012330647e+02 +1.033413065e+03 +1.033413065e+03
252 +8.786900762e+02 +8.786900762e+02 +1.010870076e+03 +1.010870076e+03
255 +8.140793452e+02 +8.140793452e+02 +9.462593452e+02 +9.462593452e+02
269 +7.942858160e+02 +7.942858160e+02 +9.264658160e+02 +9.264658160e+02
341 +7.650696698e+02 +7.650696698e+02 +8.972496698e+02 +8.972496698e+02
401 +6.719056781e+02 +6.719056781e+02 +8.040856781e+02 +8.040856781e+02
495 +6.281596573e+02 +6.281596573e+02 +7.603396573e+02 +7.603396573e+02
550 +5.976197384e+02 +5.976197384e+02 +7.297997384e+02 +7.297997384e+02
677 +5.607592811e+02 +5.607592811e+02 +6.929392811e+02 +6.929392811e+02
767 +5.415391316e+02 +5.415391316e+02 +6.737191316e+02 +6.737191316e+02
857 +5.177024450e+02 +5.177024450e+02 +6.498824450e+02 +6.498824450e+02
999 +5.043359704e+02 +5.043359704e+02 +6.365159704e+02 +6.365159704e+02
1006 +4.992749791e+02 +4.992749791e+02 +6.314549791e+02 +6.314549791e+02
1349 +4.829282121e+02 +4.829282121e+02 +6.151082121e+02 +6.151082121e+02
1579 +4.587286586e+02 +4.587286586e+02 +5.909086586e+02 +5.909086586e+02
1744 +4.525752916e+02 +4.525752916e+02 +5.847552916e+02 +5.847552916e+02
1765 +4.437326642e+02 +4.437326642e+02 +5.759126642e+02 +5.759126642e+02
1778 +3.955348998e+02 +3.955348998e+02 +5.277148998e+02 +5.277148998e+02
1969 +3.790542430e+02 +3.790542430e+02 +5.112342430e+02 +5.112342430e+02
2020 +3.673620041e+02 +3.673620041e+02 +4.995420041e+02 +4.995420041e+02
2042 +3.606361997e+02 +3.606361997e+02 +4.928161997e+02 +4.928161997e+02
2054 +3.545579425e+02 +3.545579425e+02 +4.867379425e+02 +4.867379425e+02
2085 +3.418364568e+02 +3.418364568e+02 +4.740164568e+02 +4.740164568e+02
2122 +3.272476545e+02 +3.272476545e+02 +4.594276545e+02 +4.594276545e+02
2149 +3.210794396e+02 +3.210794396e+02 +4.532594396e+02 +4.532594396e+02
2183 +3.159162583e+02 +3.159162583e+02 +4.480962583e+02 +4.480962583e+02
2255 +3.045792411e+02 +3.045792411e+02 +4.367592411e+02 +4.367592411e+02
2326 +3.014422261e+02 +3.014422261e+02 +4.336222261e+02 +4.336222261e+02
2372 +2.933658494e+02 +2.933658494e+02 +4.255458494e+02 +4.255458494e+02
2413 +2.841970590e+02 +2.841970590e+02 +4.163770590e+02 +4.163770590e+02
2445 +2.813266438e+02 +2.813266438e+02 +4.135066438e+02 +4.135066438e+02
2467 +2.740896014e+02 +2.740896014e+02 +4.062696014e+02 +4.062696014e+02
2512 +2.682339447e+02 +2.682339447e+02 +4.004139447e+02 +4.004139447e+02
2566 +2.621907484e+02 +2.621907484e+02 +3.943707484e+02 +3.943707484e+02
2586 +2.568571383e+02 +2.568571383e+02 +3.890371383e+02 +3.890371383e+02
2627 +2.510667129e+02 +2.510667129e+02 +3.832467129e+02 +3.832467129e+02
2709 +2.453620121e+02 +2.453620121e+02 +3.775420121e+02 +3.775420121e+02
2882 +2.398567195e+02 +2.398567195e+02 +3.720367195e+02 +3.720367195e+02
% function evaluation | noise-free fitness - Fopt (1.000000000000e+03) | best noise-free fitness - Fopt | measured fitness | best measured fitness | x1 | x2...
1 +1.292677354e+03 +1.292677354e+03 +2.292677354e+03 +2.292677354e+03
2 +1.266920075e+03 +1.266920075e+03 +2.266920075e+03 +2.266920075e+03
4 +1.236060463e+03 +1.236060463e+03 +2.236060463e+03 +2.236060463e+03
5 +1.209654485e+03 +1.209654485e+03 +2.209654485e+03 +2.209654485e+03
7 +1.171746282e+03 +1.171746282e+03 +2.171746282e+03 +2.171746282e+03
26 +1.137975071e+03 +1.137975071e+03 +2.137975071e+03 +2.137975071e+03
29 +1.097092576e+03 +1.097092576e+03 +2.097092576e+03 +2.097092576e+03
59 +1.050090677e+03 +1.050090677e+03 +2.050090677e+03 +2.050090677e+03
93 +9.989975548e+02 +9.989975548e+02 +1.998997555e+03 +1.998997555e+03
128 +9.464028528e+02 +9.464028528e+02 +1.946402853e+03 +1.946402853e+03
311 +8.949713760e+02 +8.949713760e+02 +1.894971376e+03 +1.894971376e+03
468 +8.668077954e+02 +8.668077954e+02 +1.866807795e+03 +1.866807795e+03
502 +8.390963955e+02 +8.390963955e+02 +1.839096395e+03 +1.839096395e+03
586 +8.248555305e+02 +8.248555305e+02 +1.824855530e+03 +1.824855530e+03
699 +8.010544890e+02 +8.010544890e+02 +1.801054489e+03 +1.801054489e+03
719 +7.549869400e+02 +7.549869400e+02 +1.754986940e+03 +1.754986940e+03
737 +7.327670597e+02 +7.327670597e+02 +1.732767060e+03 +1.732767060e+03
788 +6.809045393e+02 +6.809045393e+02 +1.680904539e+03 +1.680904539e+03
916 +6.561095474e+02 +6.561095474e+02 +1.656109547e+03 +1.656109547e+03
954 +6.447618573e+02 +6.447618573e+02 +1.644761857e+03 +1.644761857e+03
1044 +6.164251033e+02 +6.164251033e+02 +1.616425103e+03 +1.616425103e+03
1163 +5.942400406e+02 +5.942400406e+02 +1.594240041e+03 +1.594240041e+03
1180 +5.854938518e+02 +5.854938518e+02 +1.585493852e+03 +1.585493852e+03
1221 +5.689028506e+02 +5.689028506e+02 +1.568902851e+03 +1.568902851e+03
1241 +5.595511891e+02 +5.595511891e+02 +1.559551189e+03 +1.559551189e+03
1266 +5.487145689e+02 +5.487145689e+02 +1.548714569e+03 +1.548714569e+03
1288 +5.259084627e+02 +5.259084627e+02 +1.525908463e+03 +1.525908463e+03
1352 +5.209242291e+02 +5.209242291e+02 +1.520924229e+03 +1.520924229e+03
1357 +4.996849701e+02 +4.996849701e+02 +1.499684970e+03 +1.499684970e+03
1546 +4.877372089e+02 +4.877372089e+02 +1.487737209e+03 +1.487737209e+03
1601 +4.769805794e+02 +4.769805794e+02 +1.476980579e+03 +1.476980579e+03
1640 +4.643432749e+02 +4.643432749e+02 +1.464343275e+03 +1.464343275e+03
1762 +4.480190384e+02 +4.480190384e+02 +1.448019038e+03 +1.448019038e+03
1836 +4.450513810e+02 +4.450513810e+02 +1.445051381e+03 +1.445051381e+03
1888 +4.333077976e+02 +4.333077976e+02 +1.433307798e+03 +1.433307798e+03
1944 +4.243270126e+02 +4.243270126e+02 +1.424327013e+03 +1.424327013e+03
2097 +4.146059420e+02 +4.146059420e+02 +1.414605942e+03 +1.414605942e+03
2205 +4.068792791e+02 +4.068792791e+02 +1.406879279e+03 +1.406879279e+03
2261 +3.969999738e+02 +3.969999738e+02 +1.396999974e+03 +1.396999974e+03
2499 +3.887211777e+02 +3.887211777e+02 +1.388721178e+03 +1.388721178e+03
% function evaluation | noise-free fitness - Fopt (-1.846000000000e+01) | best noise-free fitness - Fopt | measured fitness | best measured fitness | x1 | x2...
1 +1.221025601e+03 +1.221025601e+03 +1.202565601e+03 +1.202565601e+03
11 +1.151656383e+03 +1.151656383e+03 +1.133196383e+03 +1.133196383e+03
21 +1.138327364e+03 +1.138327364e+03 +1.119867364e+03 +1.119867364e+03
51 +1.090904741e+03 +1.090904741e+03 +1.072444741e+03 +1.072444741e+03
63 +1.063439359e+03 +1.063439359e+03 +1.044979359e+03 +1.044979359e+03
98 +1.041341812e+03 +1.041341812e+03 +1.022881812e+03 +1.022881812e+03
169 +1.018423313e+03 +1.018423313e+03 +9.999633131e+02 +9.999633131e+02
213 +9.853045600e+02 +9.853045600e+02 +9.668445600e+02 +9.668445600e+02
228 +9.726626078e+02 +9.726626078e+02 +9.542026078e+02 +9.542026078e+02
243 +9.470678478e+02 +9.470678478e+02 +9.286078478e+02 +9.286078478e+02
371 +9.037339894e+02 +9.037339894e+02 +8.852739894e+02 +8.852739894e+02
397 +8.636887899e+02 +8.636887899e+02 +8.452287899e+02 +8.452287899e+02
448 +8.508355027e+02 +8.508355027e+02 +8.323755027e+02 +8.323755027e+02
501 +8.310734491e+02 +8.310734491e+02 +8.126134491e+02 +8.126134491e+02
529 +8.109845011e+02 +8.109845011e+02 +7.925245011e+02 +7.925245011e+02
707 +7.916721993e+02 +7.916721993e+02 +7.732121993e+02 +7.732121993e+02
832 +7.711617253e+02 +7.711617253e+02 +7.527017253e+02 +7.527017253e+02
876 +7.552228234e+02 +7.552228234e+02 +7.367628234e+02 +7.367628234e+02
954 +7.208437770e+02 +7.208437770e+02 +7.023837770e+02 +7.023837770e+02
1114 +7.045880012e+02 +7.045880012e+02 +6.861280012e+02 +6.861280012e+02
1171 +6.893760895e+02 +6.893760895e+02 +6.709160895e+02 +6.709160895e+02
1239 +6.683584795e+02 +6.683584795e+02 +6.498984795e+02 +6.498984795e+02
1313 +6.604112915e+02 +6.604112915e+02 +6.419512915e+02 +6.419512915e+02
1543 +6.454276498e+02 +6.454276498e+02 +6.269676498e+02 +6.269676498e+02
% function evaluation | noise-free fitness - Fopt (-6.046000000000e+01) | best noise-free fitness - Fopt | measured fitness | best measured fitness | x1 | x2...
1 +1.331421602e+03 +1.331421602e+03 +1.270961602e+03 +1.270961602e+03
2 +1.240148962e+03 +1.240148962e+03 +1.179688962e+03 +1.179688962e+03
14 +1.212544859e+03 +1.212544859e+03 +1.152084859e+03 +1.152084859e+03
27 +1.183476095e+03 +1.183476095e+03 +1.123016095e+03 +1.123016095e+03
42 +1.169695248e+03 +1.169695248e+03 +1.109235248e+03 +1.109235248e+03
57 +1.142119201e+03 +1.142119201e+03 +1.081659201e+03 +1.081659201e+03
63 +1.107991042e+03 +1.107991042e+03 +1.047531042e+03 +1.047531042e+03
78 +1.084303887e+03 +1.084303887e+03 +1.023843887e+03 +1.023843887e+03
114 +1.050639146e+03 +1.050639146e+03 +9.901791461e+02 +9.901791461e+02
121 +1.008940134e+03 +1.008940134e+03 +9.484801339e+02 +9.484801339e+02
131 +9.796837698e+02 +9.796837698e+02 +9.192237698e+02 +9.192237698e+02
151 +9.520968459e+02 +9.520968459e+02 +8.916368459e+02 +8.916368459e+02
174 +9.277644231e+02 +9.277644231e+02 +8.673044231e+02 +8.673044231e+02
263 +9.084196984e+02 +9.084196984e+02 +8.479596984e+02 +8.479596984e+02
287 +8.676086916e+02 +8.676086916e+02 +8.071486916e+02 +8.071486916e+02
293 +8.309344769e+02 +8.309344769e+02 +7.704744769e+02 +7.704744769e+02
365 +8.020555408e+02 +8.020555408e+02 +7.415955408e+02 +7.415955408e+02
377 +7.528970648e+02 +7.528970648e+02 +6.924370648e+02 +6.924370648e+02
397 +7.194614595e+02 +7.194614595e+02 +6.590014595e+02 +6.590014595e+02
482 +7.045468088e+02 +7.045468088e+02 +6.440868088e+02 +6.440868088e+02
528 +6.703616609e+02 +6.703616609e+02 +6.099016609e+02 +6.099016609e+02
550 +6.483821814e+02 +6.483821814e+02 +5.879221814e+02 +5.879221814e+02
566 +6.411354400e+02 +6.411354400e+02 +5.806754400e+02 +5.806754400e+02
691 +6.006077024e+02 +6.006077024e+02 +5.401477024e+02 +5.401477024e+02
886 +5.380375010e+02 +5.380375010e+02 +4.775775010e+02 +4.775775010e+02
1079 +5.331005386e+02 +5.331005386e+02 +4.726405386e+02 +4.726405386e+02
1092 +5.140015071e+02 +5.140015071e+02 +4.535415071e+02 +4.535415071e+02
1103 +4.987448112e+02 +4.987448112e+02 +4.382848112e+02 +4.382848112e+02
1201 +4.886987511e+02 +4.886987511e+02 +4.282387511e+02 +4.282387511e+02
1243 +4.761703303e+02 +4.761703303e+02 +4.157103303e+02 +4.157103303e+02
1337 +4.641470379e+02 +4.641470379e+02 +4.036870379e+02 +4.036870379e+02
1372 +4.550962508e+02 +4.550962508e+02 +3.946362508e+02 +3.946362508e+02
1383 +4.367700776e+02 +4.367700776e+02 +3.763100776e+02 +3.763100776e+02
1388 +4.354134177e+02 +4.354134177e+02 +3.749534177e+02 +3.749534177e+02
1418 +4.113373856e+02 +4.113373856e+02 +3.508773856e+02 +3.508773856e+02
1499 +4.066179273e+02 +4.066179273e+02 +3.461579273e+02 +3.461579273e+02
1527 +3.966172869e+02 +3.966172869e+02 +3.361572869e+02 +3.361572869e+02
1572 +3.743622215e+02 +3.743622215e+02 +3.139022215e+02 +3.139022215e+02
1591 +3.707710018e+02 +3.707710018e+02 +3.103110018e+02 +3.103110018e+02
1600 +3.607090544e+02 +3.607090544e+02 +3.002490544e+02 +3.002490544e+02
1745 +3.483177075e+02 +3.483177075e+02 +2.878577075e+02 +2.878577075e+02
1830 +3.446636083e+02 +3.446636083e+02 +2.842036083e+02 +2.842036083e+02
1992 +3.387487603e+02 +3.387487603e+02 +2.782887603e+02 +2.782887603e+02
2326 +3.302811472e+02 +3.302811472e+02 +2.698211472e+02 +2.698211472e+02
2581 +3.231062484e+02 +3.231062484e+02 +2.626462484e+02 +2.626462484e+02
2761 +3.160465050e+02 +3.160465050e+02 +2.555865050e+02 +2.555865050e+02
3066 +3.090173406e+02 +3.090173406e+02 +2.485573406e+02 +2.485573406e+02
% function evaluation | noise-free fitness - Fopt (3.173300000000e+02) | best noise-free fitness - Fopt | measured fitness | best measured fitness | x1 | x2...
1 +1.163896019e+03 +1.163896019e+03 +1.481226019e+03 +1.481226019e+03
9 +1.136351139e+03 +1.136351139e+03 +1.453681139e+03 +1.453681139e+03
61 +1.105779006e+03 +1.105779006e+03 +1.423109006e+03 +1.423109006e+03
93 +1.076440263e+03 +1.076440263e+03 +1.393770263e+03 +1.393770263e+03
98 +1.031856393e+03 +1.031856393e+03 +1.349186393e+03 +1.349186393e+03
105 +1.021401211e+03 +1.021401211e+03 +1.338731211e+03 +1.338731211e+03
164 +9.755557742e+02 +9.755557742e+02 +1.292885774e+03 +1.292885774e+03
240 +9.488561617e+02 +9.488561617e+02 +1.266186162e+03 +1.266186162e+03
269 +9.294893990e+02 +9.294893990e+02 +1.246819399e+03 +1.246819399e+03
304 +8.821127352e+02 +8.821127352e+02 +1.199442735e+03 +1.199442735e+03
309 +8.687275141e+02 +8.687275141e+02 +1.186057514e+03 +1.186057514e+03
363 +8.283715555e+02 +8.283715555e+02 +1.145701555e+03 +1.145701555e+03
442 +8.017430748e+02 +8.017430748e+02 +1.119073075e+03 +1.119073075e+03
451 +7.357170135e+02 +7.357170135e+02 +1.053047014e+03 +1.053047014e+03
551 +7.237566645e+02 +7.237566645e+02 +1.041086665e+03 +1.041086665e+03
632 +7.057636831e+02 +7.057636831e+02 +1.023093683e+03 +1.023093683e+03
658 +6.726017144e+02 +6.726017144e+02 +9.899317144e+02 +9.899317144e+02
747 +6.438725707e+02 +6.438725707e+02 +9.612025707e+02 +9.612025707e+02
932 +6.095307664e+02 +6.095307664e+02 +9.268607664e+02 +9.268607664e+02
983 +5.967768095e+02 +5.967768095e+02 +9.141068095e+02 +9.141068095e+02
1027 +5.824297216e+02 +5.824297216e+02 +8.997597216e+02 +8.997597216e+02
1087 +5.692726875e+02 +5.692726875e+02 +8.866026875e+02 +8.866026875e+02
1138 +5.504806125e+02 +5.504806125e+02 +8.678106125e+02 +8.678106125e+02
1140 +5.415102681e+02 +5.415102681e+02 +8.588402681e+02 +8.588402681e+02
1186 +5.317598941e+02 +5.317598941e+02 +8.490898941e+02 +8.490898941e+02
1196 +5.244550645e+02 +5.244550645e+02 +8.417850645e+02 +8.417850645e+02
1228 +5.057322867e+02 +5.057322867e+02 +8.230622867e+02 +8.230622867e+02
1312 +4.995693503e+02 +4.995693503e+02 +8.168993503e+02 +8.168993503e+02
1322 +4.882018235e+02 +4.882018235e+02 +8.055318235e+02 +8.055318235e+02
1343 +4.785019615e+02 +4.785019615e+02 +7.958319615e+02 +7.958319615e+02
1350 +4.641968323e+02 +4.641968323e+02 +7.815268323e+02 +7.815268323e+02
1424 +4.565026338e+02 +4.565026338e+02 +7.738326338e+02 +7.738326338e+02
1490 +4.413741560e+02 +4.413741560e+02 +7.587041560e+02 +7.587041560e+02
1541 +4.333672247e+02 +4.333672247e+02 +7.506972247e+02 +7.506972247e+02
1551 +4.242091318e+02 +4.242091318e+02 +7.415391318e+02 +7.415391318e+02
1674 +4.166362476e+02 +4.166362476e+02 +7.339662476e+02 +7.339662476e+02
1810 +4.072487565e+02 +4.072487565e+02 +7.245787565e+02 +7.245787565e+02
2106 +3.977414104e+02 +3.977414104e+02 +7.150714104e+02 +7.150714104e+02
3549 +3.890448274e+02 +3.890448274e+02 +7.063748274e+02 +7.063748274e+02
% function evaluation | noise-free fitness - Fopt (3.384000000000e+02) | best noise-free fitness - Fopt | measured fitness | best measured fitness | x1 | x2...
1 +1.255749279e+03 +1.255749279e+03 +1.594149279e+03 +1.594149279e+03
3 +1.209415682e+03 +1.209415682e+03 +1.547815682e+03 +1.547815682e+03
25 +1.173841514e+03 +1.173841514e+03 +1.512241514e+03 +1.512241514e+03
34 +1.146465617e+03 +1.146465617e+03 +1.484865617e+03 +1.484865617e+03
35 +1.096106340e+03 +1.096106340e+03 +1.434506340e+03 +1.434506340e+03
59 +1.038961781e+03 +1.038961781e+03 +1.377361781e+03 +1.377361781e+03
98 +1.015579287e+03 +1.015579287e+03 +1.353979287e+03 +1.353979287e+03
106 +9.816435504e+02 +9.816435504e+02 +1.320043550e+03 +1.320043550e+03
189 +9.639643355e+02 +9.639643355e+02 +1.302364336e+03 +1.302364336e+03
199 +9.486780196e+02 +9.486780196e+02 +1.287078020e+03 +1.287078020e+03
216 +9.323735056e+02 +9.323735056e+02 +1.270773506e+03 +1.270773506e+03
223 +8.591128926e+02 +8.591128926e+02 +1.197512893e+03 +1.197512893e+03
331 +8.193216690e+02 +8.193216690e+02 +1.157721669e+03 +1.157721669e+03
342 +7.917035153e+02 +7.917035153e+02 +1.130103515e+03 +1.130103515e+03
410 +7.654914277e+02 +7.654914277e+02 +1.103891428e+03 +1.103891428e+03
415 +7.408794450e+02 +7.408794450e+02 +1.079279445e+03 +1.079279445e+03
433 +7.097207030e+02 +7.097207030e+02 +1.048120703e+03 +1.048120703e+03
521 +6.974419509e+02 +6.974419509e+02 +1.035841951e+03 +1.035841951e+03
602 +6.875234495e+02 +6.875234495e+02 +1.025923450e+03 +1.025923450e+03
624 +6.704573997e+02 +6.704573997e+02 +1.008857400e+03 +1.008857400e+03
644 +6.346086617e+02 +6.346086617e+02 +9.730086617e+02 +9.730086617e+02
781 +6.042477341e+02 +6.042477341e+02 +9.426477341e+02 +9.426477341e+02
861 +5.537362478e+02 +5.537362478e+02 +8.921362478e+02 +8.921362478e+02
882 +5.459843609e+02 +5.459843609e+02 +8.843843609e+02 +8.843843609e+02
886 +5.273220290e+02 +5.273220290e+02 +8.657220290e+02 +8.657220290e+02
1068 +5.238629609e+02 +5.238629609e+02 +8.622629609e+02 +8.622629609e+02
1070 +5.076434655e+02 +5.076434655e+02 +8.460434655e+02 +8.460434655e+02
1071 +4.844753907e+02 +4.844753907e+02 +8.228753907e+02 +8.228753907e+02
1164 +4.450048044e+02 +4.450048044e+02 +7.834048044e+02 +7.834048044e+02
1211 +4.260488766e+02 +4.260488766e+02 +7.644488766e+02 +7.644488766e+02
1256 +4.127745409e+02 +4.127745409e+02 +7.511745409e+02 +7.511745409e+02
1280 +3.828620628e+02 +3.828620628e+02 +7.212620628e+02 +7.212620628e+02
1361 +3.740953284e+02 +3.740953284e+02 +7.124953284e+02 +7.124953284e+02
1490 +3.525266884e+02 +3.525266884e+02 +6.909266884e+02 +6.909266884e+02
1506 +3.448801726e+02 +3.448801726e+02 +6.832801726e+02 +6.832801726e+02
1520 +3.354691566e+02 +3.354691566e+02 +6.738691566e+02 +6.738691566e+02
1665 +3.288097943e+02 +3.288097943e+02 +6.672097943e+02 +6.672097943e+02
1725 +3.215712400e+02 +3.215712400e+02 +6.599712400e+02 +6.599712400e+02
1731 +3.140757118e+02 +3.140757118e+02 +6.524757118e+02 +6.524757118e+02
1732 +3.082801163e+02 +3.082801163e+02 +6.466801163e+02 +6.466801163e+02
1768 +2.947985691e+02 +2.947985691e+02 +6.331985691e+02 +6.331985691e+02
2029 +2.876197438e+02 +2.876197438e+02 +6.260197438e+02 +6.260197438e+02
2129 +2.806395378e+02 +2.806395378e+02 +6.190395378e+02 +6.190395378e+02
2196 +2.751507120e+02 +2.751507120e+02 +6.135507120e+02 +6.135507120e+02
2223 +2.677344708e+02 +2.677344708e+02 +6.061344708e+02 +6.061344708e+02
2343 +2.602277975e+02 +2.602277975e+02 +5.986277975e+02 +5.986277975e+02
2374 +2.553341283e+02 +2.553341283e+02 +5.937341283e+02 +5.937341283e+02
2375 +2.501985560e+02 +2.501985560e+02 +5.885985560e+02 +5.885985560e+02
2394 +2.452000730e+02 +2.452000730e+02 +5.836000730e+02 +5.836000730e+02
2591 +2.398587469e+02 +2.398587469e+02 +5.782587469e+02 +5.782587469e+02
2704 +2.343861537e+02 +2.343861537e+02 +5.727861537e+02 +5.727861537e+02
3254 +2.290411294e+02 +2.290411294e+02 +5.674411294e+02 +5.674411294e+02
3669 +2.237456604e+02 +2.237456604e+02 +5.621456604e+02 +5.621456604e+02
4490 +2.187278290e+02 +2.187278290e+02 +5.571278290e+02 +5.571278290e+02
% function evaluation | noise-free fitness - Fopt (-4.940000000000e+01) | best noise-free fitness - Fopt | measured fitness | best measured fitness | x1 | x2...
1 +1.086894253e+03 +1.086894253e+03 +1.037494253e+03 +1.037494253e+03
134 +1.051097522e+03 +1.051097522e+03 +1.001697522e+03 +1.001697522e+03
136 +1.037309293e+03 +1.037309293e+03 +9.879092928e+02 +9.879092928e+02
148 +9.696647735e+02 +9.696647735e+02 +9.202647735e+02 +9.202647735e+02
179 +9.254755869e+02 +9.254755869e+02 +8.760755869e+02 +8.760755869e+02
257 +8.893282823e+02 +8.893282823e+02 +8.399282823e+02 +8.399282823e+02
344 +8.440126048e+02 +8.440126048e+02 +7.946126048e+02 +7.946126048e+02
348 +8.316363622e+02 +8.316363622e+02 +7.822363622e+02 +7.822363622e+02
376 +7.856833832e+02 +7.856833832e+02 +7.362833832e+02 +7.362833832e+02
643 +7.759839683e+02 +7.759839683e+02 +7.265839683e+02 +7.265839683e+02
656 +7.136398440e+02 +7.136398440e+02 +6.642398440e+02 +6.642398440e+02
931 +7.072327024e+02 +7.072327024e+02 +6.578327024e+02 +6.578327024e+02
1076 +6.841453805e+02 +6.841453805e+02 +6.347453805e+02 +6.347453805e+02
1283 +6.733958848e+02 +6.733958848e+02 +6.239958848e+02 +6.239958848e+02
1474 +6.594881161e+02 +6.594881161e+02 +6.100881161e+02 +6.100881161e+02
1609 +6.448067020e+02 +6.448067020e+02 +5.954067020e+02 +5.954067020e+02
1774 +6.300680638e+02 +6.300680638e+02 +5.806680638e+02 +5.806680638e+02
2821 +6.165422229e+02 +6.165422229e+02 +5.671422229e+02 +5.671422229e+02
% function evaluation | noise-free fitness - Fopt (-5.557000000000e+01) | best noise-free fitness - Fopt | measured fitness | best measured fitness | x1 | x2...
1 +1.012643693e+03 +1.012643693e+03 +9.570736927e+02 +9.570736927e+02
2 +9.692073183e+02 +9.692073183e+02 +9.136373183e+02 +9.136373183e+02
16 +9.410708538e+02 +9.410708538e+02 +8.855008538e+02 +8.855008538e+02
18 +9.151703987e+02 +9.151703987e+02 +8.596003987e+02 +8.596003987e+02
22 +9.043281961e+02 +9.043281961e+02 +8.487581961e+02 +8.487581961e+02
80 +8.525256191e+02 +8.525256191e+02 +7.969556191e+02 +7.969556191e+02
105 +8.378336673e+02 +8.378336673e+02 +7.822636673e+02 +7.822636673e+02
122 +8.239983853e+02 +8.239983853e+02 +7.684283853e+02 +7.684283853e+02
129 +7.904703367e+02 +7.904703367e+02 +7.349003367e+02 +7.349003367e+02
270 +7.579545301e+02 +7.579545301e+02 +7.023845301e+02 +7.023845301e+02
319 +7.119149318e+02 +7.119149318e+02 +6.563449318e+02 +6.563449318e+02
328 +6.764858528e+02 +6.764858528e+02 +6.209158528e+02 +6.209158528e+02
332 +6.711803091e+02 +6.711803091e+02 +6.156103091e+02 +6.156103091e+02
487 +6.509719026e+02 +6.509719026e+02 +5.954019026e+02 +5.954019026e+02
494 +6.333098100e+02 +6.333098100e+02 +5.777398100e+02 +5.777398100e+02
534 +6.215907295e+02 +6.215907295e+02 +5.660207295e+02 +5.660207295e+02
561 +6.018522632e+02 +6.018522632e+02 +5.462822632e+02 +5.462822632e+02
564 +5.685388004e+02 +5.685388004e+02 +5.129688004e+02 +5.129688004e+02
842 +5.423610890e+02 +5.423610890e+02 +4.867910890e+02 +4.867910890e+02
850 +5.340099800e+02 +5.340099800e+02 +4.784399800e+02 +4.784399800e+02
901 +5.079567433e+02 +5.079567433e+02 +4.523867433e+02 +4.523867433e+02
997 +4.862782464e+02 +4.862782464e+02 +4.307082464e+02 +4.307082464e+02
1013 +4.711722886e+02 +4.711722886e+02 +4.156022886e+02 +4.156022886e+02
1014 +4.337094017e+02 +4.337094017e+02 +3.781394017e+02 +3.781394017e+02
1221 +4.210352149e+02 +4.210352149e+02 +3.654652149e+02 +3.654652149e+02
1454 +4.037789902e+02 +4.037789902e+02 +3.482089902e+02 +3.482089902e+02
1534 +3.975038695e+02 +3.975038695e+02 +3.419338695e+02 +3.419338695e+02
1556 +3.876079087e+02 +3.876079087e+02 +3.320379087e+02 +3.320379087e+02
1722 +3.788853654e+02 +3.788853654e+02 +3.233153654e+02 +3.233153654e+02
1760 +3.713582823e+02 +3.713582823e+02 +3.157882823e+02 +3.157882823e+02
1833 +3.613087170e+02 +3.613087170e+02 +3.057387170e+02 +3.057387170e+02
1902 +3.529315395e+02 +3.529315395e+02 +2.973615395e+02 +2.973615395e+02
1956 +3.450196853e+02 +3.450196853e+02 +2.894496853e+02 +2.894496853e+02
2039 +3.380563538e+02 +3.380563538e+02 +2.824863538e+02 +2.824863538e+02
2130 +3.303808576e+02 +3.303808576e+02 +2.748108576e+02 +2.748108576e+02
2317 +3.230268504e+02 +3.230268504e+02 +2.674568504e+02 +2.674568504e+02
2562 +3.162183787e+02 +3.162183787e+02 +2.606483787e+02 +2.606483787e+02
% function evaluation | noise-free fitness - Fopt (-1.412700000000e+02) | best noise-free fitness - Fopt | measured fitness | best measured fitness | x1 | x2...
1 +1.114534052e+03 +1.114534052e+03 +9.732640521e+02 +9.732640521e+02
17 +1.087040498e+03 +1.087040498e+03 +9.457704978e+02 +9.457704978e+02
18 +1.023278440e+03 +1.023278440e+03 +8.820084397e+02 +8.820084397e+02
47 +9.511374319e+02 +9.511374319e+02 +8.098674319e+02 +8.098674319e+02
136 +9.197883488e+02 +9.197883488e+02 +7.785183488e+02 +7.785183488e+02
174 +8.722229092e+02 +8.722229092e+02 +7.309529092e+02 +7.309529092e+02
204 +8.302774572e+02 +8.302774572e+02 +6.890074572e+02 +6.890074572e+02
206 +7.639847430e+02 +7.639847430e+02 +6.227147430e+02 +6.227147430e+02
230 +7.410276675e+02 +7.410276675e+02 +5.997576675e+02 +5.997576675e+02
451 +6.915814814e+02 +6.915814814e+02 +5.503114814e+02 +5.503114814e+02
704 +6.657561416e+02 +6.657561416e+02 +5.244861416e+02 +5.244861416e+02
727 +6.498765882e+02 +6.498765882e+02 +5.086065882e+02 +5.086065882e+02
744 +6.075456610e+02 +6.075456610e+02 +4.662756610e+02 +4.662756610e+02
853 +5.945322903e+02 +5.945322903e+02 +4.532622903e+02 +4.532622903e+02
871 +5.720329949e+02 +5.720329949e+02 +4.307629949e+02 +4.307629949e+02
1061 +5.579609585e+02 +5.579609585e+02 +4.166909585e+02 +4.166909585e+02
1063 +5.489320841e+02 +5.489320841e+02 +4.076620841e+02 +4.076620841e+02
1091 +5.287874483e+02 +5.287874483e+02 +3.875174483e+02 +3.875174483e+02
1114 +4.982592934e+02 +4.982592934e+02 +3.569892934e+02 +3.569892934e+02
1214 +4.773567326e+02 +4.773567326e+02 +3.360867326e+02 +3.360867326e+02
1234 +4.647219954e+02 +4.647219954e+02 +3.234519954e+02 +3.234519954e+02
1368 +4.526750071e+02 +4.526750071e+02 +3.114050071e+02 +3.114050071e+02
1395 +4.457990474e+02 +4.457990474e+02 +3.045290474e+02 +3.045290474e+02
1471 +4.323966338e+02 +4.323966338e+02 +2.911266338e+02 +2.911266338e+02
1491 +4.245011874e+02 +4.245011874e+02 +2.832311874e+02 +2.832311874e+02
1512 +4.152699656e+02 +4.152699656e+02 +2.739999656e+02 +2.739999656e+02
1539 +4.049662889e+02 +4.049662889e+02 +2.636962889e+02 +2.636962889e+02
1555 +3.977122259e+02 +3.977122259e+02 +2.564422259e+02 +2.564422259e+02
1582 +3.877035734e+02 +3.877035734e+02 +2.464335734e+02 +2.464335734e+02
1637 +3.767283224e+02 +3.767283224e+02 +2.354583224e+02 +2.354583224e+02
1708 +3.699261875e+02 +3.699261875e+02 +2.286561875e+02 +2.286561875e+02
1760 +3.611983426e+02 +3.611983426e+02 +2.199283426e+02 +2.199283426e+02
1848 +3.543372653e+02 +3.543372653e+02 +2.130672653e+02 +2.130672653e+02
2064 +3.458249844e+02 +3.458249844e+02 +2.045549844e+02 +2.045549844e+02
2652 +3.388392268e+02 +3.388392268e+02 +1.975692268e+02 +1.975692268e+02
% function evaluation | noise-free fitness - Fopt (1.822100000000e+02) | best noise-free fitness - Fopt | measured fitness | best measured fitness | x1 | x2...
1 +1.140067270e+03 +1.140067270e+03 +1.322277270e+03 +1.322277270e+03
2 +1.102522170e+03 +1.102522170e+03 +1.284732170e+03 +1.284732170e+03
5 +9.853349530e+02 +9.853349530e+02 +1.167544953e+03 +1.167544953e+03
24 +9.646723370e+02 +9.646723370e+02 +1.146882337e+03 +1.146882337e+03
54 +9.322261027e+02 +9.322261027e+02 +1.114436103e+03 +1.114436103e+03
244 +9.096562712e+02 +9.096562712e+02 +1.091866271e+03 +1.091866271e+03
351 +8.680639200e+02 +8.680639200e+02 +1.050273920e+03 +1.050273920e+03
387 +8.351559240e+02 +8.351559240e+02 +1.017365924e+03 +1.017365924e+03
398 +8.287122348e+02 +8.287122348e+02 +1.010922235e+03 +1.010922235e+03
514 +8.083890905e+02 +8.083890905e+02 +9.905990905e+02 +9.905990905e+02
530 +7.884444123e+02 +7.884444123e+02 +9.706544123e+02 +9.706544123e+02
561 +7.739511365e+02 +7.739511365e+02 +9.561611365e+02 +9.561611365e+02
577 +7.581526387e+02 +7.581526387e+02 +9.403626387e+02 +9.403626387e+02
627 +7.381683134e+02 +7.381683134e+02 +9.203783134e+02 +9.203783134e+02
851 +7.080085631e+02 +7.080085631e+02 +8.902185631e+02 +8.902185631e+02
886 +6.864525280e+02 +6.864525280e+02 +8.686625280e+02 +8.686625280e+02
978 +6.709805046e+02 +6.709805046e+02 +8.531905046e+02 +8.531905046e+02
1011 +6.525665577e+02 +6.525665577e+02 +8.347765577e+02 +8.347765577e+02
1091 +6.439117818e+02 +6.439117818e+02 +8.261217818e+02 +8.261217818e+02
1134 +6.289392584e+02 +6.289392584e+02 +8.111492584e+02 +8.111492584e+02
1206 +6.120417689e+02 +6.120417689e+02 +7.942517689e+02 +7.942517689e+02
1222 +5.981840633e+02 +5.981840633e+02 +7.803940633e+02 +7.803940633e+02
1306 +5.880599878e+02 +5.880599878e+02 +7.702699878e+02 +7.702699878e+02
1467 +5.751010200e+02 +5.751010200e+02 +7.573110200e+02 +7.573110200e+02
1731 +5.622757215e+02 +5.622757215e+02 +7.444857215e+02 +7.444857215e+02
2338 +5.495334386e+02 +5.495334386e+02 +7.317434386e+02 +7.317434386e+02
% function evaluation | noise-free fitness - Fopt (8.191000000000e+01) | best noise-free fitness - Fopt | measured fitness | best measured fitness | x1 | x2...
1 +1.034751504e+03 +1.034751504e+03 +1.116661504e+03 +1.116661504e+03
23 +1.006441509e+03 +1.006441509e+03 +1.088351509e+03 +1.088351509e+03
26 +9.798136256e+02 +9.798136256e+02 +1.061723626e+03 +1.061723626e+03
38 +9.718709290e+02 +9.718709290e+02 +1.053780929e+03 +1.053780929e+03
44 +9.467893752e+02 +9.467893752e+02 +1.028699375e+03 +1.028699375e+03
46 +9.168375820e+02 +9.168375820e+02 +9.987475820e+02 +9.987475820e+02
75 +8.885615404e+02 +8.885615404e+02 +9.704715404e+02 +9.704715404e+02
112 +8.613555914e+02 +8.613555914e+02 +9.432655914e+02 +9.432655914e+02
164 +8.411172014e+02 +8.411172014e+02 +9.230272014e+02 +9.230272014e+02
229 +8.226753568e+02 +8.226753568e+02 +9.045853568e+02 +9.045853568e+02
411 +7.927933977e+02 +7.927933977e+02 +8.747033977e+02 +8.747033977e+02
501 +7.368476305e+02 +7.368476305e+02 +8.187576305e+02 +8.187576305e+02
608 +7.120815356e+02 +7.120815356e+02 +7.939915356e+02 +7.939915356e+02
706 +6.865182509e+02 +6.865182509e+02 +7.684282509e+02 +7.684282509e+02
827 +6.689655377e+02 +6.689655377e+02 +7.508755377e+02 +7.508755377e+02
912 +6.557644915e+02 +6.557644915e+02 +7.376744915e+02 +7.376744915e+02
1038 +6.454568392e+02 +6.454568392e+02 +7.273668392e+02 +7.273668392e+02
1090 +6.296334519e+02 +6.296334519e+02 +7.115434519e+02 +7.115434519e+02
1092 +6.160090528e+02 +6.160090528e+02 +6.979190528e+02 +6.979190528e+02
1197 +5.907743716e+02 +5.907743716e+02 +6.726843716e+02 +6.726843716e+02
1200 +5.876246387e+02 +5.876246387e+02 +6.695346387e+02 +6.695346387e+02
1229 +5.739599607e+02 +5.739599607e+02 +6.558699607e+02 +6.558699607e+02
1308 +5.436447583e+02 +5.436447583e+02 +6.255547583e+02 +6.255547583e+02
1384 +5.263268426e+02 +5.263268426e+02 +6.082368426e+02 +6.082368426e+02
1415 +5.237531675e+02 +5.237531675e+02 +6.056631675e+02 +6.056631675e+02
1506 +5.081348795e+02 +5.081348795e+02 +5.900448795e+02 +5.900448795e+02
1655 +5.005132928e+02 +5.005132928e+02 +5.824232928e+02 +5.824232928e+02
1778 +4.890000347e+02 +4.890000347e+02 +5.709100347e+02 +5.709100347e+02
2110 +4.785631316e+02 +4.785631316e+02 +5.604731316e+02 +5.604731316e+02
3145 +4.677264555e+02 +4.677264555e+02 +5.496364555e+02 +5.496364555e+02
