% function evaluation | noise-free fitness - Fopt (-4.620900000000e+02) | best noise-free fitness - Fopt | measured fitness | best measured fitness | x1 | x2...
1 +2.262090927e+02 +2.262090927e+02 -2.358809073e+02 -2.358809073e+02 +0.0000e+00 +0.0000e+00 +0.0000e+00 +0.0000e+00 +0.0000e+00 +0.0000e+00 +0.0000e+00 +0.0000e+00 +0.0000e+00 +0.0000e+00
10 +2.142007723e+02 +2.142007723e+02 -2.478892277e+02 -2.478892277e+02 +3.6637e-02 +2.4986e-01 -2.3665e-01 +5.5664e-01 -1.4886e-01 +2.0932e-01 +3.8408e-01 +1.0701e-01 +9.5577e-02 -1.3110e-01
21 +2.002777271e+02 +2.002777271e+02 -2.618122729e+02 -2.618122729e+02 +6.4592e-02 +4.9342e-01 -1.1067e-01 +2.8738e-01 -1.1045e-01 +6.3310e-01 +3.9975e-01 -3.9391e-01 +1.3755e-01 -2.5657e-01
43 +1.983869647e+02 +1.983869647e+02 -2.637030353e+02 -2.637030353e+02 +2.0504e-01 +2.6071e-01 +8.9078e-02 +8.2377e-01 +4.0351e-02 +1.3437e-01 +2.2306e-01 +2.1869e-01 +6.5828e-02 -2.3006e-01
51 +1.874769054e+02 +1.874769054e+02 -2.746130946e+02 -2.746130946e+02 +2.2708e-01 +2.7545e-01 -8.7890e-02 +9.3000e-01 -3.1371e-01 +3.3766e-01 +7.0931e-01 +4.4734e-01 +5.1772e-01 -3.1729e-01
53 +1.806956144e+02 +1.806956144e+02 -2.813943856e+02 -2.813943856e+02 +5.0615e-01 +3.2797e-01 +1.4954e-01 +8.0750e-01 -1.1351e-01 -8.0673e-03 +6.0459e-01 +1.5706e-01 +7.1449e-01 -1.4516e-01
56 +1.771638630e+02 +1.771638630e+02 -2.849261370e+02 -2.849261370e+02 +1.7166e-01 +3.7012e-01 +4.9404e-02 +7.6203e-01 -1.5330e-01 +1.1632e-01 +1.0299e-01 +1.1601e-01 +2.7770e-01 +4.6698e-02
87 +1.574932965e+02 +1.574932965e+02 -3.045967035e+02 -3.045967035e+02 +5.6760e-01 +5.4126e-01 +6.7201e-01 +1.5521e+00 -6.9960e-02 +6.1744e-01 +7.7230e-01 +4.6429e-01 +6.5594e-01 +1.8591e-01
117 +1.409082393e+02 +1.409082393e+02 -3.211817607e+02 -3.211817607e+02 +2.3607e-01 +1.3270e+00 +4.4789e-01 +8.2810e-01 +3.6991e-01 +1.8291e+00 +1.5057e+00 +5.2140e-01 +7.7532e-01 +5.9585e-01
122 +1.060578450e+02 +1.060578450e+02 -3.560321550e+02 -3.560321550e+02 +5.7158e-02 +1.3276e+00 +8.8150e-01 +1.4336e+00 +1.7561e-01 +1.7383e+00 +1.2364e+00 +1.1818e+00 +1.4460e+00 +4.7241e-01
290 +1.029562166e+02 +1.029562166e+02 -3.591337834e+02 -3.591337834e+02 -7.2450e-01 +4.2831e+00 +2.0507e+00 +3.2575e+00 -2.7763e-01 +1.1007e+00 +2.5467e+00 +2.0888e+00 +1.4195e+00 +2.7947e-01
403 +1.022331768e+02 +1.022331768e+02 -3.598568232e+02 -3.598568232e+02 -8.6931e-01 +3.7625e+00 +2.0046e+00 +1.9393e+00 -1.6217e-01 +1.5923e+00 +2.0045e+00 +2.0909e+00 +1.4746e+00 +5.6786e-01
422 +9.355977105e+01 +9.355977105e+01 -3.685302290e+02 -3.685302290e+02 -9.4780e-01 +3.2533e+00 +1.9887e+00 +1.5667e+00 -1.8302e-01 +2.0481e+00 +2.0684e+00 +1.7556e+00 +1.6611e+00 +6.4771e-01
431 +7.129877882e+01 +7.129877882e+01 -3.907912212e+02 -3.907912212e+02 -7.8308e-01 +3.1527e+00 +2.1035e+00 +2.1836e+00 -3.6474e-01 +1.6004e+00 +2.1623e+00 +2.1782e+00 +1.8356e+00 +6.3933e-01
489 +6.180566788e+01 +6.180566788e+01 -4.002843321e+02 -4.002843321e+02 -8.2352e-01 +3.3149e+00 +2.2176e+00 +1.3028e+00 -1.5571e-01 +1.5367e+00 +2.0618e+00 +2.3222e+00 +1.7955e+00 +6.2756e-01
836 +5.758101025e+01 +5.758101025e+01 -4.045089897e+02 -4.045089897e+02 -6.6358e-01 +3.2254e+00 +2.1278e+00 -1.0973e+00 +5.4490e-01 +1.6025e+00 +2.1030e+00 +2.1445e+00 +1.4278e+00 +1.0150e+00
843 +5.369198483e+01 +5.369198483e+01 -4.083980152e+02 -4.083980152e+02 -6.6158e-01 +3.1459e+00 +2.1879e+00 -1.3289e+00 +5.5546e-01 +1.5665e+00 +2.0866e+00 +2.1508e+00 +1.4443e+00 +1.0024e+00
890 +4.962398653e+01 +4.962398653e+01 -4.124660135e+02 -4.124660135e+02 -6.4671e-01 +3.2452e+00 +2.1016e+00 -1.3046e+00 +6.1337e-01 +1.6121e+00 +2.0315e+00 +2.1975e+00 +1.4726e+00 +1.0413e+00
901 +4.821538916e+01 +4.821538916e+01 -4.138746108e+02 -4.138746108e+02 -6.5119e-01 +3.1885e+00 +2.1586e+00 -1.2384e+00 +6.3720e-01 +1.5841e+00 +2.0217e+00 +2.2093e+00 +1.4613e+00 +1.0139e+00
907 +4.778917142e+01 +4.778917142e+01 -4.143008286e+02 -4.143008286e+02 -6.3877e-01 +3.2082e+00 +2.1687e+00 -1.2437e+00 +6.2230e-01 +1.6746e+00 +2.0064e+00 +2.2247e+00 +1.4557e+00 +1.0249e+00
954 +4.651728454e+01 +4.651728454e+01 -4.155727155e+02 -4.155727155e+02 -6.6480e-01 +3.1824e+00 +2.1907e+00 -1.2362e+00 +6.1042e-01 +1.6177e+00 +2.1358e+00 +2.2325e+00 +1.4421e+00 +1.0166e+00
959 +4.461278363e+01 +4.461278363e+01 -4.174772164e+02 -4.174772164e+02 -6.6173e-01 +3.2508e+00 +2.1997e+00 -1.3274e+00 +6.0819e-01 +1.6760e+00 +2.1382e+00 +2.2192e+00 +1.4633e+00 +1.0291e+00
1010 +4.288803922e+01 +4.288803922e+01 -4.192019608e+02 -4.192019608e+02 -6.7095e-01 +3.2180e+00 +2.1721e+00 -1.2672e+00 +6.0328e-01 +1.6486e+00 +2.0879e+00 +2.2021e+00 +1.4642e+00 +1.0177e+00
1037 +4.212138950e+01 +4.212138950e+01 -4.199686105e+02 -4.199686105e+02 -6.9455e-01 +3.2336e+00 +2.1986e+00 -1.3055e+00 +6.1249e-01 +1.6206e+00 +2.0818e+00 +2.2130e+00 +1.4770e+00 +1.0242e+00
1097 +4.139200120e+01 +4.139200120e+01 -4.206979988e+02 -4.206979988e+02 -7.0450e-01 +3.2288e+00 +2.1857e+00 -1.2880e+00 +5.9909e-01 +1.6289e+00 +2.0797e+00 +2.2035e+00 +1.4623e+00 +1.0250e+00
% function evaluation | noise-free fitness - Fopt (7.766000000000e+01) | best noise-free fitness - Fopt | measured fitness | best measured fitness | x1 | x2...
1 +2.727873423e+02 +2.727873423e+02 +3.504473423e+02 +3.504473423e+02 +0.0000e+00 +0.0000e+00 +0.0000e+00 +0.0000e+00 +0.0000e+00 +0.0000e+00 +0.0000e+00 +0.0000e+00 +0.0000e+00 +0.0000e+00
8 +2.537161156e+02 +2.537161156e+02 +3.313761156e+02 +3.313761156e+02 +1.9104e-01 +1.5493e-01 -1.1379e-01 +9.7931e-02 -2.6056e-02 -6.1029e-02 -3.8205e-01 -1.8680e-02 +3.5403e-01 -3.5520e-01
17 +2.181147380e+02 +2.181147380e+02 +2.957747380e+02 +2.957747380e+02 +4.9557e-01 +7.6577e-02 -2.1379e-01 -7.0135e-02 +1.1301e-01 +1.8172e-01 +8.6237e-02 -1.1088e-01 -1.8473e-01 -3.0156e-01
56 +1.823307112e+02 +1.823307112e+02 +2.599907112e+02 +2.599907112e+02 +5.5118e-01 +1.0797e-01 +5.2772e-01 -6.2293e-02 -1.2148e-01 +4.1226e-01 +1.6670e-01 -2.3238e-01 +1.2564e-01 -5.9237e-01
92 +1.739584825e+02 +1.739584825e+02 +2.516184825e+02 +2.516184825e+02 +7.8803e-01 +9.8071e-02 -2.1005e-02 -8.3747e-02 +1.9335e-01 +4.3627e-02 +5.8023e-01 -2.8560e-01 +1.7548e-01 -1.1349e+00
94 +1.521245842e+02 +1.521245842e+02 +2.297845842e+02 +2.297845842e+02 +5.9053e-01 -2.7965e-01 +2.3557e-01 +2.6464e-03 +1.3697e-02 +3.2939e-02 +1.8647e-01 -2.5800e-01 +7.6964e-02 -1.7401e+00
95 +1.465747730e+02 +1.465747730e+02 +2.242347730e+02 +2.242347730e+02 +6.4274e-01 +9.9072e-02 +2.9871e-01 -4.1107e-01 -3.9736e-02 -9.3619e-03 +5.7100e-01 -3.0874e-01 +1.0379e-01 -2.0147e+00
130 +1.383308004e+02 +1.383308004e+02 +2.159908004e+02 +2.159908004e+02 +7.4320e-01 -1.4374e-01 -1.3598e-01 +5.2850e-01 +1.9647e-01 -5.0318e-01 -1.3327e-02 +5.9958e-02 +3.2299e-01 -2.5197e+00
145 +1.315969812e+02 +1.315969812e+02 +2.092569812e+02 +2.092569812e+02 +1.0275e+00 -2.1650e-01 +6.4082e-01 +5.4199e-01 +1.8033e-01 -6.4168e-02 -1.1523e-01 +3.8749e-01 -1.7493e-01 -2.9026e+00
147 +1.254143503e+02 +1.254143503e+02 +2.030743503e+02 +2.030743503e+02 +5.1557e-01 -2.4230e-01 +4.1751e-01 +1.0369e+00 +2.5518e-01 -8.2989e-01 +2.2469e-01 +2.6337e-01 -1.4853e-01 -2.8721e+00
152 +1.114492036e+02 +1.114492036e+02 +1.891092036e+02 +1.891092036e+02 +6.1028e-01 -2.7778e-02 +6.5604e-01 +6.9972e-01 +2.3952e-01 +3.1657e-02 +1.9191e-01 +6.0645e-02 -2.1143e-01 -3.3485e+00
189 +8.581458685e+01 +8.581458685e+01 +1.634745868e+02 +1.634745868e+02 +4.1875e-01 +9.1724e-01 -1.3988e-01 +1.5649e+00 +9.6175e-01 +3.5899e-03 +1.6243e-01 -2.6583e-01 -7.0552e-02 -4.0906e+00
370 +8.208018904e+01 +8.208018904e+01 +1.597401890e+02 +1.597401890e+02 +3.2694e-01 +3.2545e-01 +4.3649e-01 +3.2061e+00 -5.6878e-01 +1.2391e+00 +5.8895e-01 +5.7869e-02 -6.0355e-01 -3.5791e+00
431 +8.061114841e+01 +8.061114841e+01 +1.582711484e+02 +1.582711484e+02 +4.0532e-01 +4.9900e-02 +4.9428e-01 +2.5316e+00 -1.8769e-01 +9.5529e-01 +6.9185e-02 +9.8645e-02 -6.3266e-01 -3.6386e+00
660 +7.119136056e+01 +7.119136056e+01 +1.488513606e+02 +1.488513606e+02 +6.7578e-01 -8.9466e-01 -1.6030e-01 +2.0447e+00 +7.3022e-01 +1.1177e+00 +1.3096e-01 +4.6975e-01 -5.7956e-01 -3.3796e+00
690 +6.923326156e+01 +6.923326156e+01 +1.468932616e+02 +1.468932616e+02 +5.2345e-01 -8.1978e-01 -1.8448e-01 +1.9246e+00 +7.1988e-01 +1.2775e+00 +6.5188e-02 +4.3967e-01 -6.1843e-01 -3.5489e+00
790 +6.084388886e+01 +6.084388886e+01 +1.385038889e+02 +1.385038889e+02 +4.0474e-01 -8.9116e-01 -3.1463e-01 +1.9189e+00 +7.2883e-01 +1.0904e+00 +1.3820e-01 +1.3112e-01 -6.1598e-01 -3.5555e+00
821 +5.386172879e+01 +5.386172879e+01 +1.315217288e+02 +1.315217288e+02 +4.7867e-01 -7.4964e-01 -1.8367e-01 +1.9439e+00 +8.2026e-01 +1.1771e+00 +3.6795e-02 +1.2699e-01 -5.8266e-01 -3.8795e+00
866 +5.256092443e+01 +5.256092443e+01 +1.302209244e+02 +1.302209244e+02 +4.2877e-01 -8.5648e-01 -1.8584e-01 +2.0083e+00 +8.0835e-01 +1.1824e+00 +4.4886e-02 +1.7006e-01 -6.3421e-01 -4.5140e+00
899 +5.132735965e+01 +5.132735965e+01 +1.289873597e+02 +1.289873597e+02 +4.6298e-01 -6.9980e-01 -7.6404e-02 +2.0340e+00 +8.7365e-01 +1.1924e+00 +1.5894e-01 +1.1396e-01 -6.0337e-01 -4.2123e+00
929 +4.231207971e+01 +4.231207971e+01 +1.199720797e+02 +1.199720797e+02 +3.6264e-01 -7.3413e-01 -1.4294e-01 +2.0467e+00 +7.9718e-01 +1.1528e+00 +8.6420e-02 +1.0712e-01 -5.9127e-01 -4.1697e+00
1052 +4.021021410e+01 +4.021021410e+01 +1.178702141e+02 +1.178702141e+02 +3.4034e-01 -7.9722e-01 -1.4274e-01 +2.0920e+00 +7.6098e-01 +1.1616e+00 +8.0635e-02 +1.0451e-01 -5.9785e-01 -4.1637e+00
1091 +3.961840843e+01 +3.961840843e+01 +1.172784084e+02 +1.172784084e+02 +3.4484e-01 -7.9769e-01 -1.3180e-01 +2.0792e+00 +7.3047e-01 +1.1660e+00 +9.8667e-02 +1.2288e-01 -5.9799e-01 -4.1763e+00
1151 +3.872156299e+01 +3.872156299e+01 +1.163815630e+02 +1.163815630e+02 +3.6243e-01 -7.7920e-01 -1.3439e-01 +2.0600e+00 +7.6537e-01 +1.1478e+00 +1.2312e-01 +1.1463e-01 -5.9577e-01 -4.1629e+00
1219 +3.780109287e+01 +3.780109287e+01 +1.154610929e+02 +1.154610929e+02 +3.6263e-01 -7.8512e-01 -1.2512e-01 +2.0596e+00 +7.7011e-01 +1.1654e+00 +1.2781e-01 +1.1642e-01 -6.0835e-01 -4.1754e+00
1296 +3.698494157e+01 +3.698494157e+01 +1.146449416e+02 +1.146449416e+02 +3.6435e-01 -8.1730e-01 -1.2847e-01 +2.0564e+00 +7.8446e-01 +1.1739e+00 +1.2952e-01 +1.2022e-01 -6.0784e-01 -4.1740e+00
1413 +3.630261384e+01 +3.630261384e+01 +1.139626138e+02 +1.139626138e+02 +3.8617e-01 -8.4332e-01 -1.3223e-01 +2.0702e+00 +7.9114e-01 +1.1638e+00 +1.3389e-01 +1.2090e-01 -6.1121e-01 -4.1701e+00
% function evaluation | noise-free fitness - Fopt (1.156800000000e+02) | best noise-free fitness - Fopt | measured fitness | best measured fitness | x1 | x2...
1 +4.174500391e+02 +4.174500391e+02 +5.331300391e+02 +5.331300391e+02 +0.0000e+00 +0.0000e+00 +0.0000e+00 +0.0000e+00 +0.0000e+00 +0.0000e+00 +0.0000e+00 +0.0000e+00 +0.0000e+00 +0.0000e+00
5 +3.943689258e+02 +3.943689258e+02 +5.100489258e+02 +5.100489258e+02 -1.8523e-01 -6.2757e-02 -6.7915e-02 +1.6115e-01 +2.8284e-02 +1.0511e-01 -1.0440e-01 -1.2267e-01 -4.6912e-02 -2.8621e-01
12 +3.830501352e+02 +3.830501352e+02 +4.987301352e+02 +4.987301352e+02 -8.6173e-02 +4.8062e-02 +2.2211e-01 +1.6025e-01 +9.3176e-02 -1.3635e-02 +1.5001e-01 +2.1091e-01 -8.6613e-02 -1.9231e-01
23 +3.624029385e+02 +3.624029385e+02 +4.780829385e+02 +4.780829385e+02 +1.9604e-02 -2.5970e-02 +3.0561e-01 +2.6199e-01 +4.7155e-01 +7.3047e-02 +4.6525e-02 -8.3228e-02 +3.7500e-01 -4.4647e-01
52 +3.231743031e+02 +3.231743031e+02 +4.388543031e+02 +4.388543031e+02 +1.2901e-01 +6.5689e-02 +4.7263e-01 -1.2571e-01 -1.5563e-01 +2.6991e-01 +3.4022e-01 +2.1739e-01 +1.2928e+00 -9.9240e-01
86 +3.158451171e+02 +3.158451171e+02 +4.315251171e+02 +4.315251171e+02 +4.2853e-01 -1.2986e-01 +2.2299e-01 +2.4263e-01 +8.9105e-02 -1.1332e-01 +3.6601e-02 +3.1453e-01 +8.4386e-01 -1.0242e+00
102 +3.037203139e+02 +3.037203139e+02 +4.194003139e+02 +4.194003139e+02 +1.5659e-01 -2.9358e-01 +1.6893e-01 +4.2406e-01 -3.0102e-01 -8.6186e-03 +2.4964e-01 +5.0572e-02 +1.3382e+00 -1.7866e+00
111 +2.955343079e+02 +2.955343079e+02 +4.112143079e+02 +4.112143079e+02 +1.3495e-01 -1.6668e-01 +1.7127e-01 +7.9990e-01 -5.4283e-01 -4.1359e-02 +7.2493e-01 +5.6737e-02 +1.5655e+00 -9.0850e-01
113 +2.917928477e+02 +2.917928477e+02 +4.074728477e+02 +4.074728477e+02 +3.4277e-01 -3.8871e-02 +3.9491e-02 +6.3815e-01 +2.0861e-02 -2.3446e-01 +2.5013e-01 -5.5103e-02 +1.3723e+00 -1.8619e+00
119 +2.711473205e+02 +2.711473205e+02 +3.868273205e+02 +3.868273205e+02 +2.2647e-01 -7.1728e-02 +3.2710e-03 +1.1418e+00 -3.6025e-01 -1.3575e-01 +5.9515e-01 +3.8874e-01 +9.8746e-01 -1.6328e+00
127 +2.666702784e+02 +2.666702784e+02 +3.823502784e+02 +3.823502784e+02 +7.1539e-02 -1.0066e-01 -2.0263e-01 +1.0208e+00 +8.4609e-02 +7.9893e-02 +8.2257e-01 -8.9243e-02 +1.4657e+00 -1.3914e+00
131 +2.626495911e+02 +2.626495911e+02 +3.783295911e+02 +3.783295911e+02 +1.1667e-01 -1.3010e-01 +1.8095e-01 +9.1415e-01 -6.4263e-02 +2.7529e-01 +6.3601e-01 +1.2690e-01 +1.7082e+00 -1.5291e+00
132 +2.566982880e+02 +2.566982880e+02 +3.723782880e+02 +3.723782880e+02 +9.8710e-02 -2.6908e-01 -4.1590e-02 +1.0459e+00 -3.7786e-01 -6.3525e-02 +7.1784e-01 +3.0401e-01 +1.5704e+00 -1.9375e+00
136 +2.345324226e+02 +2.345324226e+02 +3.502124226e+02 +3.502124226e+02 +4.8706e-02 -2.2287e-02 -4.3642e-02 +8.7297e-01 -5.4794e-01 -7.1067e-02 +1.1177e+00 -1.3181e-01 +1.7244e+00 -1.6109e+00
170 +2.301361153e+02 +2.301361153e+02 +3.458161153e+02 +3.458161153e+02 +1.1527e-01 +2.1637e-01 +2.3344e-01 +1.2202e+00 +2.7064e-01 +1.2134e-02 +1.3580e+00 +2.9712e-01 +2.1197e+00 -1.9058e+00
171 +2.289307214e+02 +2.289307214e+02 +3.446107214e+02 +3.446107214e+02 +3.9224e-01 +1.5855e-01 +1.0351e-01 +9.8140e-01 +4.7348e-02 +1.6853e-03 +1.1047e+00 +3.2749e-03 +2.2734e+00 -2.0250e+00
184 +1.995142261e+02 +1.995142261e+02 +3.151942261e+02 +3.151942261e+02 +3.0681e-01 +1.8253e-01 +1.9932e-01 +1.2004e+00 -1.1062e-01 +4.4749e-02 +1.0978e+00 -1.5604e-01 +3.5276e+00 -1.8903e+00
211 +1.705582574e+02 +1.705582574e+02 +2.862382574e+02 +2.862382574e+02 +2.4176e-01 +2.1948e-03 +1.7164e-01 +1.0815e+00 +1.2751e+00 -7.2928e-01 +2.1978e+00 -6.0668e-02 +2.3281e+00 -1.8562e+00
287 +1.525449905e+02 +1.525449905e+02 +2.682249905e+02 +2.682249905e+02 +3.4532e-01 -3.0174e-02 +1.8816e-01 +1.2107e+00 +1.7278e+00 -5.3466e-01 +2.7403e+00 -1.5480e-01 +2.9094e+00 -2.0251e+00
298 +1.405172921e+02 +1.405172921e+02 +2.561972921e+02 +2.561972921e+02 +1.7585e-01 -3.2458e-02 +1.0889e-01 +9.4139e-01 +1.9593e+00 -5.3772e-01 +2.6174e+00 -7.1408e-02 +3.3173e+00 -2.2765e+00
304 +1.319206778e+02 +1.319206778e+02 +2.476006778e+02 +2.476006778e+02 +3.3413e-02 -4.0168e-02 +1.5026e-01 +1.1215e+00 +1.6198e+00 -6.2356e-01 +2.6881e+00 -1.4890e-01 +3.1325e+00 -2.2491e+00
483 +1.257130831e+02 +1.257130831e+02 +2.413930831e+02 +2.413930831e+02 +2.8626e-01 -3.0670e-01 -5.3556e-01 +1.0361e+00 +1.9449e+00 -1.0410e+00 +2.9861e+00 -1.7256e-01 +3.4795e+00 -2.2805e+00
618 +1.129138807e+02 +1.129138807e+02 +2.285938807e+02 +2.285938807e+02 +8.3836e-02 -2.0028e-01 -5.3279e-01 +1.1074e+00 +2.0072e+00 -1.2167e+00 +3.1061e+00 -1.3248e-01 +2.8702e+00 -1.7257e+00
631 +1.111127335e+02 +1.111127335e+02 +2.267927335e+02 +2.267927335e+02 +5.1824e-02 -1.5777e-01 -7.3231e-01 +1.1175e+00 +1.9585e+00 -1.1544e+00 +3.1756e+00 -2.2913e-01 +3.1861e+00 -1.6598e+00
640 +1.076515973e+02 +1.076515973e+02 +2.233315973e+02 +2.233315973e+02 +9.5583e-02 -1.4148e-01 -5.2879e-01 +1.1472e+00 +2.0153e+00 -1.1490e+00 +3.1304e+00 -2.6804e-01 +3.6370e+00 -1.9809e+00
674 +1.047861603e+02 +1.047861603e+02 +2.204661603e+02 +2.204661603e+02 +1.8715e-01 -2.5729e-01 -6.2202e-01 +1.1043e+00 +1.7521e+00 -1.1388e+00 +3.0598e+00 -1.9637e-01 +3.5247e+00 -1.6712e+00
705 +1.007339406e+02 +1.007339406e+02 +2.164139406e+02 +2.164139406e+02 +2.2830e-01 -1.5252e-01 -4.7418e-01 +1.0453e+00 +1.8599e+00 -1.1904e+00 +3.0696e+00 -1.9090e-01 +3.5203e+00 -2.0228e+00
756 +9.748677578e+01 +9.748677578e+01 +2.131667758e+02 +2.131667758e+02 +3.6423e-01 -4.6364e-02 -5.4002e-01 +1.0438e+00 +1.9538e+00 -1.4633e+00 +3.1897e+00 -2.5383e-01 +3.8548e+00 -1.9776e+00
832 +9.510082908e+01 +9.510082908e+01 +2.107808291e+02 +2.107808291e+02 +3.7335e-01 +1.4179e-03 -4.2792e-01 +1.0105e+00 +1.9599e+00 -1.6175e+00 +3.1638e+00 -1.9574e-01 +3.9121e+00 -1.8996e+00
865 +9.048175429e+01 +9.048175429e+01 +2.061617543e+02 +2.061617543e+02 +2.5241e-01 -6.0441e-02 -4.8312e-01 +9.8755e-01 +1.9372e+00 -1.5060e+00 +3.2201e+00 -1.6670e-01 +3.8721e+00 -1.9805e+00
868 +8.615571979e+01 +8.615571979e+01 +2.018357198e+02 +2.018357198e+02 +3.1373e-01 -4.8002e-02 -5.4634e-01 +9.9345e-01 +1.9711e+00 -1.5060e+00 +3.2309e+00 -1.7474e-01 +3.9642e+00 -1.9532e+00
886 +8.415406442e+01 +8.415406442e+01 +1.998340644e+02 +1.998340644e+02 +1.8045e-01 -7.9985e-03 -4.9331e-01 +9.8165e-01 +1.9716e+00 -1.6086e+00 +3.1251e+00 -1.6868e-01 +3.8872e+00 -1.9195e+00
909 +8.310800434e+01 +8.310800434e+01 +1.987880043e+02 +1.987880043e+02 +1.5050e-01 +7.5374e-03 -5.6689e-01 +1.0089e+00 +1.9736e+00 -1.6094e+00 +3.1758e+00 -1.3677e-01 +3.9076e+00 -1.9311e+00
911 +7.708389730e+01 +7.708389730e+01 +1.927638973e+02 +1.927638973e+02 +2.0437e-01 -4.2380e-02 -5.5760e-01 +1.0020e+00 +1.9602e+00 -1.5709e+00 +3.1690e+00 -1.5530e-01 +3.8966e+00 -1.9676e+00
935 +7.535328827e+01 +7.535328827e+01 +1.910332883e+02 +1.910332883e+02 +1.6087e-01 -4.5076e-02 -5.4246e-01 +1.0406e+00 +1.8789e+00 -1.6034e+00 +3.1401e+00 -1.4810e-01 +3.9148e+00 -1.9502e+00
980 +7.387067990e+01 +7.387067990e+01 +1.895506799e+02 +1.895506799e+02 +1.9179e-01 -6.5113e-02 -5.4181e-01 +1.0478e+00 +1.8659e+00 -1.5335e+00 +3.1460e+00 -1.6150e-01 +3.9220e+00 -1.9749e+00
1089 +7.232119805e+01 +7.232119805e+01 +1.880011980e+02 +1.880011980e+02 +1.7175e-01 -3.8128e-02 -5.5554e-01 +1.0305e+00 +1.8740e+00 -1.5493e+00 +3.1309e+00 -1.6215e-01 +3.9235e+00 -1.9608e+00
1210 +7.065586065e+01 +7.065586065e+01 +1.863358606e+02 +1.863358606e+02 +1.6586e-01 -4.9901e-02 -5.8587e-01 +1.0550e+00 +1.8881e+00 -1.5372e+00 +3.1187e+00 -1.5943e-01 +3.9244e+00 -1.9468e+00
% function evaluation | noise-free fitness - Fopt (-3.710000000000e+00) | best noise-free fitness - Fopt | measured fitness | best measured fitness | x1 | x2...
1 +2.788708135e+02 +2.788708135e+02 +2.751608135e+02 +2.751608135e+02 +0.0000e+00 +0.0000e+00 +0.0000e+00 +0.0000e+00 +0.0000e+00 +0.0000e+00 +0.0000e+00 +0.0000e+00 +0.0000e+00 +0.0000e+00
4 +2.707240905e+02 +2.707240905e+02 +2.670140905e+02 +2.670140905e+02 -1.6181e-02 +2.5529e-01 +1.1828e-02 -1.9130e-01 -1.2186e-02 -4.7160e-02 -4.1227e-01 +9.7389e-02 +1.1595e-01 -1.7625e-01
13 +2.405908794e+02 +2.405908794e+02 +2.368808794e+02 +2.368808794e+02 -3.9843e-02 +3.0114e-02 -3.3710e-02 -3.4382e-01 +1.0421e-01 +2.1092e-03 -2.6469e-01 -2.3416e-01 +2.8851e-01 -8.5333e-03
50 +2.387349719e+02 +2.387349719e+02 +2.350249719e+02 +2.350249719e+02 +3.7415e-01 +2.7287e-02 -1.8534e-01 -1.0474e-01 +6.2877e-02 +4.9548e-01 -3.5352e-01 -2.2839e-01 -2.7621e-01 -2.7902e-01
62 +2.328211515e+02 +2.328211515e+02 +2.291111515e+02 +2.291111515e+02 +4.0861e-01 +2.4651e-01 -2.6207e-01 -2.2593e-01 +2.3631e-01 +5.2192e-01 -2.4283e-01 -2.0573e-01 +1.4560e-01 -2.6985e-01
74 +2.283723514e+02 +2.283723514e+02 +2.246623514e+02 +2.246623514e+02 +2.5893e-02 +1.1572e-01 -1.2393e-01 -1.5086e-01 +8.6465e-02 +4.7942e-01 -1.9611e-01 -2.8174e-01 +7.1814e-02 -2.4236e-01
78 +2.178601409e+02 +2.178601409e+02 +2.141501409e+02 +2.141501409e+02 +9.6255e-02 +1.1552e-01 -5.5716e-02 -1.6811e-01 +1.5959e-01 +5.1261e-01 -3.5655e-01 -2.2264e-01 +6.4292e-02 -2.9169e-01
121 +2.118651877e+02 +2.118651877e+02 +2.081551877e+02 +2.081551877e+02 +5.9395e-02 +1.4796e-01 -1.4374e-01 -1.7066e-01 +9.1120e-02 +4.4385e-01 -3.6420e-01 -3.5067e-01 +1.5657e-01 -2.3260e-04
126 +2.028441870e+02 +2.028441870e+02 +1.991341870e+02 +1.991341870e+02 +1.5201e-01 +2.2636e-01 -3.4207e-01 -2.7106e-02 +1.0265e-01 +5.1027e-01 -3.5669e-01 -2.8553e-01 +1.6089e-01 -1.4861e-02
150 +1.984266591e+02 +1.984266591e+02 +1.947166591e+02 +1.947166591e+02 +9.3918e-02 +1.8656e-01 -3.0036e-01 -1.0395e-01 +1.5139e-01 +4.4285e-01 -2.4776e-01 -2.4208e-01 +2.1134e-01 -1.2967e-02
202 +1.897161576e+02 +1.897161576e+02 +1.860061576e+02 +1.860061576e+02 +1.2947e-01 +2.9179e-01 -4.5529e-01 -7.5140e-02 +9.4649e-02 +4.3490e-01 -3.2628e-01 -2.3073e-01 +1.6721e-01 -2.2409e-02
258 +1.833400386e+02 +1.833400386e+02 +1.796300386e+02 +1.796300386e+02 +5.3154e-02 +2.6081e-01 -5.8742e-01 -1.5551e-01 +7.6140e-02 +4.8233e-01 -2.6742e-01 -2.4311e-01 +1.6680e-01 +1.6784e-02
324 +1.810164430e+02 +1.810164430e+02 +1.773064430e+02 +1.773064430e+02 +7.9931e-02 +1.7649e-01 -5.8957e-01 -1.7303e-01 +1.0661e-01 +4.7946e-01 -2.7457e-01 -2.4496e-01 +1.6936e-01 -1.9913e-02
% function evaluation | noise-free fitness - Fopt (1.321800000000e+02) | best noise-free fitness - Fopt | measured fitness | best measured fitness | x1 | x2...
1 +1.874009908e+02 +1.874009908e+02 +3.195809908e+02 +3.195809908e+02 +0.0000e+00 +0.0000e+00 +0.0000e+00 +0.0000e+00 +0.0000e+00 +0.0000e+00 +0.0000e+00 +0.0000e+00 +0.0000e+00 +0.0000e+00
4 +1.734862917e+02 +1.734862917e+02 +3.056662917e+02 +3.056662917e+02 +2.3302e-01 +3.7376e-02 +2.0445e-01 +1.5903e-01 +9.9787e-02 +5.0460e-02 -1.6923e-01 +7.6698e-02 -4.3528e-02 +3.4101e-01
8 +1.640718207e+02 +1.640718207e+02 +2.962518207e+02 +2.962518207e+02 +5.7544e-02 -1.8901e-01 +2.6323e-01 +1.5449e-01 -1.0012e-01 +1.5077e-01 -1.1021e-01 +2.0842e-01 +1.9187e-01 -2.4688e-01
20 +1.606147988e+02 +1.606147988e+02 +2.927947988e+02 +2.927947988e+02 +7.3078e-01 +8.9013e-03 +3.0555e-01 -1.4412e-01 +1.0335e-01 +8.4143e-02 -1.4072e-02 +1.3552e-01 +2.9287e-01 +1.7339e-01
29 +1.524708368e+02 +1.524708368e+02 +2.846508368e+02 +2.846508368e+02 +3.7316e-01 -2.0002e-01 +1.6805e-01 +6.2691e-02 -1.8755e-01 -1.2046e-02 +4.4534e-02 +4.3304e-01 +1.2265e-01 +3.6779e-01
42 +1.423611306e+02 +1.423611306e+02 +2.745411306e+02 +2.745411306e+02 +5.6626e-01 -4.7572e-01 +2.3255e-01 +1.0342e-02 -2.5633e-02 -8.8203e-02 -2.1215e-02 +5.2486e-01 +9.3125e-02 +6.2769e-01
53 +1.220048526e+02 +1.220048526e+02 +2.541848526e+02 +2.541848526e+02 +5.6778e-01 -9.4219e-02 +3.4154e-01 +7.7391e-02 -1.7571e-03 -8.6122e-03 -2.4092e-02 +3.3564e-01 +2.1543e-01 +4.2342e-01
178 +1.195952574e+02 +1.195952574e+02 +2.517752574e+02 +2.517752574e+02 +6.7228e-01 -1.3255e-01 +3.4492e-01 +6.0462e-02 -4.9349e-02 +5.2530e-01 -1.1988e-01 +4.7103e-01 +2.3914e-01 +1.0184e+00
193 +1.083953549e+02 +1.083953549e+02 +2.405753549e+02 +2.405753549e+02 +8.0785e-01 -1.9603e-01 +3.6497e-01 +9.6351e-02 +4.2026e-02 +6.8582e-01 -1.3128e-01 +4.7357e-01 +1.9118e-01 +1.0122e+00
222 +1.009410025e+02 +1.009410025e+02 +2.331210025e+02 +2.331210025e+02 +7.2455e-01 -2.0373e-01 +3.2287e-01 +6.7573e-02 +1.0266e-02 +6.5781e-01 -1.4623e-01 +4.8273e-01 +1.3713e-01 +9.9791e-01
425 +9.960736319e+01 +9.960736319e+01 +2.317873632e+02 +2.317873632e+02 +7.0975e-01 -1.2978e-01 +3.2404e-01 +6.7418e-02 +6.7013e-02 +6.6725e-01 -1.2907e-01 +5.5267e-01 +1.7235e-01 +9.9199e-01
536 +9.763157620e+01 +9.763157620e+01 +2.298115762e+02 +2.298115762e+02 +7.2263e-01 -9.3215e-02 +3.2642e-01 +7.0616e-02 +4.2153e-02 +6.4629e-01 -8.4148e-02 +5.1624e-01 +1.4898e-01 +9.8979e-01
% function evaluation | noise-free fitness - Fopt (1.000000000000e+03) | best noise-free fitness - Fopt | measured fitness | best measured fitness | x1 | x2...
1 +2.808857572e+02 +2.808857572e+02 +1.280885757e+03 +1.280885757e+03 +0.0000e+00 +0.0000e+00 +0.0000e+00 +0.0000e+00 +0.0000e+00 +0.0000e+00 +0.0000e+00 +0.0000e+00 +0.0000e+00 +0.0000e+00
13 +2.670668633e+02 +2.670668633e+02 +1.267066863e+03 +1.267066863e+03 -3.6650e-02 +1.4725e-01 -1.3052e-01 +5.1721e-02 -3.0938e-02 +3.2051e-01 -1.3710e-01 -1.5362e-01 -6.7563e-02 +3.1049e-01
21 +2.385898457e+02 +2.385898457e+02 +1.238589846e+03 +1.238589846e+03 -1.7350e-01 +1.9751e-02 -8.6521e-02 +3.7171e-02 +1.3417e-02 +1.4757e-01 -6.4082e-02 -2.8497e-02 +1.2632e-01 +5.6659e-01
41 +2.116744054e+02 +2.116744054e+02 +1.211674405e+03 +1.211674405e+03 -1.7355e-01 -2.8801e-04 -1.4175e-01 +3.9506e-01 +9.0064e-03 +1.5602e-01 +1.6087e-02 -1.0331e-01 +6.4925e-01 +7.1662e-01
80 +2.085903772e+02 +2.085903772e+02 +1.208590377e+03 +1.208590377e+03 -3.0283e-01 +1.1285e+00 -3.6381e-02 +8.5791e-01 +3.5322e-01 +2.0935e-01 -1.1607e-02 -4.0885e-01 +7.7641e-01 +8.8350e-01
85 +1.975447341e+02 +1.975447341e+02 +1.197544734e+03 +1.197544734e+03 -6.2144e-01 +5.1639e-01 -2.1254e-01 +8.9581e-01 +4.5485e-01 +2.1723e-01 +2.5520e-01 -1.0790e-01 +5.5852e-01 +1.1632e+00
104 +1.869005497e+02 +1.869005497e+02 +1.186900550e+03 +1.186900550e+03 -5.6988e-01 +6.5685e-01 -1.0187e-01 +6.9279e-01 +3.7259e-01 +2.1943e-01 -1.3972e-01 +3.1580e-01 +1.1625e+00 +5.9737e-01
137 +1.627832814e+02 +1.627832814e+02 +1.162783281e+03 +1.162783281e+03 -6.2516e-01 +3.9724e-01 -9.3694e-02 +8.0732e-01 +5.5594e-01 +3.5270e-01 -1.0164e-02 +3.8394e-01 +1.6569e+00 +1.1266e+00
148 +1.532350026e+02 +1.532350026e+02 +1.153235003e+03 +1.153235003e+03 -5.1104e-01 +6.3779e-01 -1.1208e-01 +8.8250e-01 +6.0054e-01 +4.3999e-01 -1.4989e-01 +6.2425e-01 +1.8209e+00 +1.3631e+00
171 +1.441787533e+02 +1.441787533e+02 +1.144178753e+03 +1.144178753e+03 -5.5133e-01 +5.1858e-01 -7.2177e-02 +6.6484e-01 +1.1085e+00 +3.0544e-01 +4.8782e-02 +4.0016e-01 +2.1197e+00 +1.3753e+00
209 +1.295780481e+02 +1.295780481e+02 +1.129578048e+03 +1.129578048e+03 -2.7442e-01 +5.1464e-01 -6.7787e-02 +6.8412e-01 +1.1327e+00 +2.9439e-01 +2.4010e-02 +2.7925e-01 +1.9203e+00 +1.9213e+00
230 +1.282472879e+02 +1.282472879e+02 +1.128247288e+03 +1.128247288e+03 -3.8474e-01 +6.1266e-01 -1.2486e-01 +9.1982e-01 +8.7484e-01 +4.2204e-01 -1.6328e-02 +1.9485e-01 +2.1587e+00 +2.1598e+00
236 +1.245607034e+02 +1.245607034e+02 +1.124560703e+03 +1.124560703e+03 -4.5907e-01 +6.4796e-01 -1.8945e-01 +8.4759e-01 +1.0649e+00 +4.5173e-01 +2.5585e-02 -1.9630e-01 +2.1354e+00 +2.0457e+00
243 +1.113887631e+02 +1.113887631e+02 +1.111388763e+03 +1.111388763e+03 -2.7922e-01 +6.5561e-01 -5.2830e-02 +6.0958e-01 +1.2775e+00 +4.9838e-01 -1.2927e-01 -7.0199e-02 +2.0855e+00 +2.6038e+00
256 +1.002184857e+02 +1.002184857e+02 +1.100218486e+03 +1.100218486e+03 -1.6605e-01 +8.5954e-01 -1.6013e-01 +7.8411e-01 +1.1645e+00 +2.4399e-01 -1.5682e-01 -4.5481e-01 +2.6213e+00 +2.9050e+00
262 +9.971016091e+01 +9.971016091e+01 +1.099710161e+03 +1.099710161e+03 -3.6675e-01 +7.6792e-01 -1.8510e-01 +8.5286e-01 +8.6491e-01 +5.9189e-01 -4.5422e-02 -6.3826e-02 +2.6268e+00 +3.1691e+00
266 +9.489576259e+01 +9.489576259e+01 +1.094895763e+03 +1.094895763e+03 -3.7936e-01 +5.5348e-01 -3.8962e-02 +6.8628e-01 +1.1333e+00 +8.3320e-01 +7.9644e-03 +5.9253e-03 +2.6496e+00 +2.9111e+00
334 +8.797591380e+01 +8.797591380e+01 +1.087975914e+03 +1.087975914e+03 -4.5941e-01 +5.7687e-01 -2.1047e-01 +8.2263e-01 +1.1669e+00 +6.4773e-01 +1.8338e-02 +7.3590e-02 +2.5839e+00 +3.1793e+00
347 +7.357395205e+01 +7.357395205e+01 +1.073573952e+03 +1.073573952e+03 -3.3564e-01 +7.0236e-01 -1.2258e-01 +7.6890e-01 +1.1567e+00 +6.7678e-01 +9.1905e-02 -6.3333e-02 +2.5520e+00 +2.9411e+00
439 +6.646526804e+01 +6.646526804e+01 +1.066465268e+03 +1.066465268e+03 -4.6320e-01 +7.2724e-01 -8.1573e-02 +8.6669e-01 +1.1474e+00 +6.8706e-01 -1.4631e-02 -4.5977e-02 +2.5730e+00 +3.1948e+00
444 +6.583810160e+01 +6.583810160e+01 +1.065838102e+03 +1.065838102e+03 -4.6998e-01 +7.3242e-01 -1.2374e-01 +8.8775e-01 +1.1191e+00 +7.2906e-01 -9.2745e-03 -8.3235e-02 +2.5828e+00 +3.2339e+00
690 +6.359717049e+01 +6.359717049e+01 +1.063597170e+03 +1.063597170e+03 -4.1944e-01 +7.3523e-01 -1.3026e-01 +8.6269e-01 +1.1503e+00 +7.6942e-01 -2.9126e-02 -8.0830e-02 +2.5721e+00 +3.1829e+00
691 +6.298243751e+01 +6.298243751e+01 +1.062982438e+03 +1.062982438e+03 -4.7410e-01 +7.3676e-01 -1.4156e-01 +8.5361e-01 +1.1563e+00 +7.6912e-01 -1.3141e-02 -5.8966e-02 +2.5674e+00 +3.2093e+00
706 +6.139284209e+01 +6.139284209e+01 +1.061392842e+03 +1.061392842e+03 -4.0304e-01 +6.8151e-01 -1.2539e-01 +8.9525e-01 +1.1599e+00 +7.8866e-01 -1.2790e-02 -6.4736e-02 +2.5819e+00 +3.2135e+00
756 +5.972558216e+01 +5.972558216e+01 +1.059725582e+03 +1.059725582e+03 -3.5825e-01 +6.7330e-01 -1.4307e-01 +8.6051e-01 +1.1623e+00 +7.3456e-01 -2.7708e-02 -4.5239e-02 +2.5729e+00 +3.2088e+00
816 +5.877218814e+01 +5.877218814e+01 +1.058772188e+03 +1.058772188e+03 -4.1231e-01 +6.0861e-01 -1.5866e-01 +8.6292e-01 +1.1542e+00 +7.3764e-01 -2.0409e-02 -6.3607e-02 +2.5609e+00 +3.1938e+00
% function evaluation | noise-free fitness - Fopt (-1.846000000000e+01) | best noise-free fitness - Fopt | measured fitness | best measured fitness | x1 | x2...
1 +1.692106249e+02 +1.692106249e+02 +1.507506249e+02 +1.507506249e+02 +0.0000e+00 +0.0000e+00 +0.0000e+00 +0.0000e+00 +0.0000e+00 +0.0000e+00 +0.0000e+00 +0.0000e+00 +0.0000e+00 +0.0000e+00
5 +1.642707591e+02 +1.642707591e+02 +1.458107591e+02 +1.458107591e+02 +1.8918e-01 -1.4201e-01 +8.9149e-02 -4.7357e-01 +1.0299e-01 +2.0009e-01 -2.2507e-01 +4.4902e-02 -1.3407e-01 -1.6716e-02
12 +1.402379118e+02 +1.402379118e+02 +1.217779118e+02 +1.217779118e+02 -2.4668e-02 -8.4787e-02 -7.8069e-02 -2.1152e-01 -1.5906e-01 -7.7077e-02 -2.4574e-02 -2.6988e-01 -2.1768e-01 +5.0355e-01
20 +1.360456566e+02 +1.360456566e+02 +1.175856566e+02 +1.175856566e+02 +1.1221e-01 +7.4229e-02 -8.9508e-02 -1.8741e-01 +4.1285e-02 -9.3242e-02 -1.0383e-01 -3.4293e-01 +1.1424e-01 +6.9036e-01
46 +1.226328925e+02 +1.226328925e+02 +1.041728925e+02 +1.041728925e+02 +2.2444e-01 +1.3467e-01 +5.9868e-02 -1.9931e-01 +1.4111e-01 -9.6398e-02 -4.8187e-02 -3.4487e-02 -3.8695e-01 +2.8279e-01
101 +1.101895597e+02 +1.101895597e+02 +9.172955972e+01 +9.172955972e+01 +2.5087e-01 +1.0038e-01 +4.3019e-02 -5.0018e-01 +4.2053e-01 -8.2422e-02 +9.4667e-02 +7.0091e-01 -1.3716e-01 +8.8696e-01
109 +1.018534483e+02 +1.018534483e+02 +8.339344829e+01 +8.339344829e+01 +2.5076e-01 +3.2040e-02 -6.0645e-02 -4.1773e-01 +4.5109e-01 -3.5308e-02 -1.9489e-02 +6.5559e-01 -4.3167e-01 +8.0799e-01
115 +8.572520858e+01 +8.572520858e+01 +6.726520858e+01 +6.726520858e+01 +3.0158e-01 +2.5592e-01 +8.4867e-02 -3.7571e-01 +2.9721e-01 +3.2325e-02 -5.8465e-02 +7.7754e-01 -1.5657e-01 +7.9326e-01
176 +7.281835966e+01 +7.281835966e+01 +5.435835966e+01 +5.435835966e+01 +1.2785e-01 +7.4053e-02 +9.4658e-02 -2.9210e-01 +2.3418e-01 -5.4919e-02 -4.1396e-02 +7.6415e-01 -1.6442e-01 +1.0092e+00
405 +7.196543878e+01 +7.196543878e+01 +5.350543878e+01 +5.350543878e+01 +1.2351e-01 -2.5610e-02 +1.1706e-01 -3.5653e-01 +3.8932e-01 -9.5249e-02 -6.7550e-02 +7.4895e-01 -1.5941e-01 +1.0500e+00
434 +7.056650121e+01 +7.056650121e+01 +5.210650121e+01 +5.210650121e+01 +8.8082e-02 -1.1184e-02 +8.8967e-02 -2.9042e-01 +3.4946e-01 -1.4545e-01 -2.1432e-02 +7.8569e-01 -1.5282e-01 +1.0727e+00
443 +6.893329377e+01 +6.893329377e+01 +5.047329377e+01 +5.047329377e+01 +1.1560e-01 -1.5443e-02 +8.6979e-02 -3.2068e-01 +3.5389e-01 -1.2121e-01 -4.7670e-02 +7.5205e-01 -1.5732e-01 +1.0599e+00
463 +6.742175903e+01 +6.742175903e+01 +4.896175903e+01 +4.896175903e+01 +1.2105e-01 +9.5881e-03 +6.3128e-02 -3.2369e-01 +3.3576e-01 -1.0960e-01 -6.2786e-02 +7.7991e-01 -1.4555e-01 +1.0749e+00
517 +6.588785943e+01 +6.588785943e+01 +4.742785943e+01 +4.742785943e+01 +1.3329e-01 -3.2081e-03 +5.7178e-02 -3.3764e-01 +3.0672e-01 -1.0732e-01 -3.2763e-02 +7.7051e-01 -1.4879e-01 +1.0610e+00
% function evaluation | noise-free fitness - Fopt (-6.046000000000e+01) | best noise-free fitness - Fopt | measured fitness | best measured fitness | x1 | x2...
1 +4.806637699e+02 +4.806637699e+02 +4.202037699e+02 +4.202037699e+02 +0.0000e+00 +0.0000e+00 +0.0000e+00 +0.0000e+00 +0.0000e+00 +0.0000e+00 +0.0000e+00 +0.0000e+00 +0.0000e+00 +0.0000e+00
2 +4.570223472e+02 +4.570223472e+02 +3.965623472e+02 +3.965623472e+02 -1.3031e-01 -6.5566e-02 +1.3990e-01 +1.3804e-01 +1.8876e-01 +1.2428e-01 +5.6142e-02 +3.5357e-01 +7.7590e-03 -1.1939e-01
4 +4.193685338e+02 +4.193685338e+02 +3.589085338e+02 +3.589085338e+02 -1.1854e-01 -2.5640e-01 -2.3479e-01 +6.0209e-02 -1.3653e-01 +4.9129e-01 +8.2105e-02 +4.7833e-02 +5.2883e-02 +1.8503e-01
6 +4.130569185e+02 +4.130569185e+02 +3.525969185e+02 +3.525969185e+02 -2.9806e-01 +1.0280e-01 +1.7817e-01 +6.5527e-02 +3.6160e-02 +1.2162e-01 -6.7159e-02 -1.6856e-01 +1.0201e-01 +1.7821e-01
7 +4.003515380e+02 +4.003515380e+02 +3.398915380e+02 +3.398915380e+02 +1.8911e-01 -2.0005e-01 -8.0107e-02 +3.9600e-02 -1.6103e-01 -2.4921e-01 -1.8178e-01 -3.5418e-01 -3.1565e-01 +1.4559e-01
18 +3.939992010e+02 +3.939992010e+02 +3.335392010e+02 +3.335392010e+02 -2.3569e-01 -2.3691e-01 +4.6759e-01 -5.5947e-01 -2.8933e-01 -8.8571e-02 +2.9605e-01 +1.1962e-01 -3.7217e-01 +6.0402e-01
19 +3.626143659e+02 +3.626143659e+02 +3.021543659e+02 +3.021543659e+02 -6.6006e-02 +6.4747e-02 +2.5581e-01 -4.0338e-01 +2.5239e-01 -2.6198e-01 +2.9141e-01 +9.3197e-02 -1.5256e-01 +6.5550e-01
29 +3.536963232e+02 +3.536963232e+02 +2.932363232e+02 +2.932363232e+02 -1.5296e-02 -3.0456e-01 +5.5847e-01 -4.8866e-01 -1.9733e-01 -4.0087e-01 +1.0023e-01 -4.9809e-01 -4.4247e-02 +9.0807e-01
31 +3.415571308e+02 +3.415571308e+02 +2.810971308e+02 +2.810971308e+02 -3.2900e-01 -2.5787e-01 +2.7956e-01 +1.1042e-01 -8.0326e-02 -3.0157e-01 +3.2398e-01 +4.4428e-02 -2.1972e-01 +9.3407e-01
36 +3.341456215e+02 +3.341456215e+02 +2.736856215e+02 +2.736856215e+02 +2.2217e-01 -3.0103e-01 +4.8694e-01 +2.1683e-01 +1.3088e-01 -7.4191e-02 +3.2848e-01 -6.5774e-01 +1.2269e-01 +9.4410e-01
42 +2.984660791e+02 +2.984660791e+02 +2.380060791e+02 +2.380060791e+02 -3.1747e-01 -3.3190e-01 +3.8447e-01 +3.1475e-01 +2.1575e-01 -3.8177e-01 +4.0085e-01 -3.8479e-01 -1.9166e-02 +1.3104e+00
53 +2.693436658e+02 +2.693436658e+02 +2.088836658e+02 +2.088836658e+02 -1.5912e-01 -5.1302e-01 +4.0604e-01 +5.2197e-01 +2.9040e-01 -3.5716e-01 +3.7209e-01 -5.2016e-01 +5.6731e-02 +9.6137e-01
78 +2.652447704e+02 +2.652447704e+02 +2.047847704e+02 +2.047847704e+02 +3.2330e-01 -5.3232e-01 +4.5429e-01 +2.3839e-01 +2.5587e-01 -4.5707e-01 +6.4485e-01 -6.3877e-01 +2.7215e-01 +2.0492e+00
83 +2.354670320e+02 +2.354670320e+02 +1.750070320e+02 +1.750070320e+02 -1.6070e-01 -5.7829e-01 +8.7709e-01 +5.0224e-01 +2.0787e-01 -7.2003e-01 +7.8746e-01 -1.1350e+00 +4.9060e-01 +2.0002e+00
84 +2.216418940e+02 +2.216418940e+02 +1.611818940e+02 +1.611818940e+02 +3.6123e-02 -3.2363e-01 +5.5155e-01 +4.4921e-01 +8.3495e-01 -1.6465e-01 +8.5002e-01 -3.2184e-01 +6.4234e-01 +1.7986e+00
97 +2.136383551e+02 +2.136383551e+02 +1.531783551e+02 +1.531783551e+02 +2.7652e-01 -6.9928e-01 +6.8995e-01 +5.1597e-01 +9.9395e-01 -1.4805e-01 +7.4611e-01 -9.1285e-01 +9.5114e-01 +2.1410e+00
98 +1.918956937e+02 +1.918956937e+02 +1.314356937e+02 +1.314356937e+02 +7.5422e-01 -5.1341e-01 +7.6325e-01 +4.5301e-01 +8.8001e-01 -2.2466e-01 +8.5496e-01 -1.0154e+00 +6.0399e-01 +1.6899e+00
105 +1.850899267e+02 +1.850899267e+02 +1.246299267e+02 +1.246299267e+02 +7.7963e-01 -5.0775e-01 +4.4365e-01 +4.1407e-01 +1.0034e+00 -6.2980e-02 +9.7183e-01 -8.2111e-01 +6.5839e-01 +2.7329e+00
122 +1.747383988e+02 +1.747383988e+02 +1.142783988e+02 +1.142783988e+02 +4.4894e-01 -4.7961e-01 +8.3424e-01 +1.1249e+00 +1.2349e+00 -4.2104e-01 +8.5611e-01 -6.4161e-01 +1.5415e+00 +3.1039e+00
138 +1.708345744e+02 +1.708345744e+02 +1.103745744e+02 +1.103745744e+02 +8.0732e-01 -1.1607e+00 +1.9257e-01 +1.4111e+00 +1.6767e+00 +2.9280e-01 +1.0080e+00 -1.7893e+00 +1.9835e+00 +3.3976e+00
140 +1.583474624e+02 +1.583474624e+02 +9.788746241e+01 +9.788746241e+01 +3.5669e-01 -6.4392e-01 +2.9898e-01 +1.8419e+00 +1.7706e+00 -2.8424e-01 +1.1554e+00 -9.1645e-01 +1.7280e+00 +3.6511e+00
148 +1.449347831e+02 +1.449347831e+02 +8.447478306e+01 +8.447478306e+01 +1.7423e-01 -3.7011e-01 +9.8160e-01 +2.4337e+00 +9.2494e-01 -2.5927e-01 +5.5591e-01 -1.4841e+00 +2.0357e+00 +3.6381e+00
160 +1.347676400e+02 +1.347676400e+02 +7.430764003e+01 +7.430764003e+01 -3.0263e-01 -8.8391e-01 +1.2267e+00 +2.7033e+00 +2.4305e+00 -1.6397e-01 +3.1809e-01 -1.7071e+00 +1.9858e+00 +3.8784e+00
172 +1.271425837e+02 +1.271425837e+02 +6.668258367e+01 +6.668258367e+01 +7.4788e-01 -2.7373e-01 +7.3707e-01 +2.4081e+00 +3.0500e+00 +2.1639e-01 +9.9595e-01 -2.6523e+00 +1.1145e+00 +3.8855e+00
175 +1.002245738e+02 +1.002245738e+02 +3.976457385e+01 +3.976457385e+01 +9.8786e-01 -4.6247e-01 +5.7506e-01 +1.8892e+00 +3.2802e+00 -6.3059e-01 +1.1077e+00 -2.5288e+00 +2.0416e+00 +4.4231e+00
184 +9.733460247e+01 +9.733460247e+01 +3.687460247e+01 +3.687460247e+01 +7.7724e-01 -9.7134e-01 +5.9341e-01 +1.1879e+00 +2.2356e+00 +2.0901e-01 +1.1208e+00 -2.9895e+00 +1.8226e+00 +3.9526e+00
430 +8.891798112e+01 +8.891798112e+01 +2.845798112e+01 +2.845798112e+01 -3.4736e-01 -4.4512e-01 +4.1286e-01 +2.9688e+00 +2.6986e+00 -3.2955e-01 +2.0332e+00 -2.6000e+00 +1.6832e+00 +3.9820e+00
448 +7.837749886e+01 +7.837749886e+01 +1.791749886e+01 +1.791749886e+01 -1.5187e-01 -3.8781e-01 +5.6250e-01 +2.7222e+00 +2.8197e+00 -2.5595e-01 +1.5302e+00 -2.5411e+00 +1.8920e+00 +3.8744e+00
484 +7.665532176e+01 +7.665532176e+01 +1.619532176e+01 +1.619532176e+01 -3.6364e-01 -4.6176e-01 +5.0163e-01 +2.3835e+00 +3.6770e+00 -3.1047e-01 +1.6735e+00 -3.0959e+00 +2.3391e+00 +4.2271e+00
513 +7.283810141e+01 +7.283810141e+01 +1.237810141e+01 +1.237810141e+01 -1.1389e-01 -3.4247e-01 +7.5093e-01 +2.6457e+00 +3.2873e+00 -6.9417e-01 +1.7093e+00 -3.4341e+00 +2.0236e+00 +3.9073e+00
572 +6.987762404e+01 +6.987762404e+01 +9.417624038e+00 +9.417624038e+00 -2.8973e-01 -4.5818e-01 +7.1152e-01 +2.8124e+00 +3.4907e+00 -3.2077e-01 +1.6471e+00 -3.0262e+00 +2.1343e+00 +3.9277e+00
584 +6.432133038e+01 +6.432133038e+01 +3.861330376e+00 +3.861330376e+00 -3.0054e-01 -5.1945e-01 +6.4449e-01 +2.6726e+00 +3.3224e+00 -3.7688e-01 +1.6362e+00 -2.6937e+00 +2.1052e+00 +3.9876e+00
588 +5.850593529e+01 +5.850593529e+01 -1.954064708e+00 -1.954064708e+00 -3.8680e-01 -5.4263e-01 +6.4884e-01 +2.7569e+00 +3.3730e+00 -4.2458e-01 +1.6335e+00 -2.6136e+00 +2.0878e+00 +3.9476e+00
614 +5.634148899e+01 +5.634148899e+01 -4.118511006e+00 -4.118511006e+00 -2.8549e-01 -4.2390e-01 +5.4862e-01 +2.7365e+00 +3.2135e+00 -3.1033e-01 +1.6036e+00 -2.6030e+00 +1.9422e+00 +3.9922e+00
620 +4.835569574e+01 +4.835569574e+01 -1.210430426e+01 -1.210430426e+01 -3.4554e-01 -5.0472e-01 +6.2398e-01 +2.8210e+00 +3.3106e+00 -3.4473e-01 +1.6082e+00 -2.6849e+00 +1.9798e+00 +3.9139e+00
722 +4.702362379e+01 +4.702362379e+01 -1.343637621e+01 -1.343637621e+01 -3.1867e-01 -4.7889e-01 +6.1237e-01 +2.6266e+00 +2.7886e+00 -3.0704e-01 +1.6014e+00 -2.1907e+00 +2.0084e+00 +3.8735e+00
755 +4.651280451e+01 +4.651280451e+01 -1.394719549e+01 -1.394719549e+01 -3.9018e-01 -5.0378e-01 +6.1647e-01 +2.5806e+00 +2.8267e+00 -3.2116e-01 +1.6679e+00 -2.2014e+00 +1.9985e+00 +3.9431e+00
779 +4.280380699e+01 +4.280380699e+01 -1.765619301e+01 -1.765619301e+01 -3.4574e-01 -4.8832e-01 +6.4231e-01 +2.5557e+00 +2.7580e+00 -3.1853e-01 +1.6355e+00 -2.1764e+00 +2.0375e+00 +3.9136e+00
810 +4.227524712e+01 +4.227524712e+01 -1.818475288e+01 -1.818475288e+01 -3.0106e-01 -4.9135e-01 +5.9345e-01 +2.5307e+00 +2.7581e+00 -3.5987e-01 +1.6297e+00 -2.1810e+00 +1.9976e+00 +3.9356e+00
832 +4.075635153e+01 +4.075635153e+01 -1.970364847e+01 -1.970364847e+01 -3.2458e-01 -4.8745e-01 +6.1071e-01 +2.5403e+00 +2.7803e+00 -3.2941e-01 +1.6368e+00 -2.2053e+00 +2.0149e+00 +3.9191e+00
882 +4.044384547e+01 +4.044384547e+01 -2.001615453e+01 -2.001615453e+01 -2.9469e-01 -4.6493e-01 +6.1992e-01 +2.5574e+00 +2.7716e+00 -3.3838e-01 +1.6388e+00 -2.1903e+00 +2.0219e+00 +3.9222e+00
1322 +3.980655805e+01 +3.980655805e+01 -2.065344195e+01 -2.065344195e+01 -2.6448e-01 -4.7386e-01 +6.0621e-01 +2.5271e+00 +2.7836e+00 -3.3346e-01 +1.6312e+00 -2.1821e+00 +2.0160e+00 +3.9228e+00
% function evaluation | noise-free fitness - Fopt (3.173300000000e+02) | best noise-free fitness - Fopt | measured fitness | best measured fitness | x1 | x2...
1 +4.569348900e+02 +4.569348900e+02 +7.742648900e+02 +7.742648900e+02 +0.0000e+00 +0.0000e+00 +0.0000e+00 +0.0000e+00 +0.0000e+00 +0.0000e+00 +0.0000e+00 +0.0000e+00 +0.0000e+00 +0.0000e+00
3 +4.442111377e+02 +4.442111377e+02 +7.615411377e+02 +7.615411377e+02 -3.0027e-01 -2.4107e-01 -1.9680e-01 -6.6076e-02 -1.9744e-01 -2.8584e-01 -1.9384e-01 -2.5543e-01 +3.3868e-01 -8.9134e-02
4 +4.253871240e+02 +4.253871240e+02 +7.427171240e+02 +7.427171240e+02 -3.2670e-03 +3.8013e-01 -9.2877e-02 +3.2081e-01 -1.3562e-01 -1.9716e-01 -2.4951e-02 -1.4566e-01 +1.1484e-01 -4.3952e-02
14 +4.019393827e+02 +4.019393827e+02 +7.192693827e+02 +7.192693827e+02 -1.5268e-01 +9.1106e-02 -2.3780e-01 +8.2748e-02 -1.7440e-01 +2.5712e-01 -8.4302e-02 +7.7798e-02 +3.9524e-01 -1.2601e-01
20 +3.922973721e+02 +3.922973721e+02 +7.096273721e+02 +7.096273721e+02 -2.8432e-01 -1.7491e-01 -1.5969e-01 +4.4624e-01 -1.9374e-01 +1.5933e-01 +1.1325e-01 +1.6692e-01 +4.0181e-01 -2.7179e-01
35 +3.755386585e+02 +3.755386585e+02 +6.928686585e+02 +6.928686585e+02 -1.7464e-01 -2.8442e-01 +5.8159e-02 -1.7635e-02 -4.7503e-01 +1.4543e-02 +7.5379e-02 +5.1108e-01 +4.6846e-01 -1.6738e-01
36 +3.676233044e+02 +3.676233044e+02 +6.849533044e+02 +6.849533044e+02 -3.1819e-01 -2.0504e-01 -2.1776e-01 -5.2273e-02 -1.0714e-01 -2.8007e-01 -1.2677e-02 +3.6652e-01 +8.3397e-01 -2.4025e-01
44 +3.143674342e+02 +3.143674342e+02 +6.316974342e+02 +6.316974342e+02 -2.8724e-01 -7.8972e-01 +2.4692e-01 +6.0417e-01 -2.4397e-01 -3.5654e-01 +8.7763e-02 +5.9026e-01 +1.1608e+00 +6.3586e-02
68 +2.958124485e+02 +2.958124485e+02 +6.131424485e+02 +6.131424485e+02 -6.0471e-01 -1.3965e+00 +1.7490e-01 +7.4115e-01 -2.4573e-01 -7.3263e-01 +8.6275e-02 +8.8501e-01 +1.0883e+00 -1.9051e-01
76 +2.824861220e+02 +2.824861220e+02 +5.998161220e+02 +5.998161220e+02 -6.4337e-01 -1.1360e+00 +4.9992e-01 +1.4293e+00 -6.0037e-01 -6.0056e-01 -3.7488e-01 +1.1829e+00 +1.5352e+00 -5.4714e-01
98 +2.472591500e+02 +2.472591500e+02 +5.645891500e+02 +5.645891500e+02 -4.9754e-01 -3.9727e-01 +1.6700e-01 +1.0857e+00 -4.3054e-02 -7.8487e-01 +6.8809e-01 +7.0911e-01 +1.5422e+00 -5.3589e-01
107 +2.445437789e+02 +2.445437789e+02 +5.618737789e+02 +5.618737789e+02 -2.8612e-01 -5.5605e-01 +6.4175e-01 +8.2491e-01 -5.9738e-02 -1.0716e+00 +9.1088e-01 +6.2561e-01 +1.6918e+00 -5.2329e-01
120 +2.340005846e+02 +2.340005846e+02 +5.513305846e+02 +5.513305846e+02 -5.3547e-01 -5.3338e-01 +8.7804e-01 +1.2973e+00 -5.2724e-01 -3.6712e-01 +1.4698e+00 +6.4865e-01 +1.9046e+00 -3.3275e-01
131 +2.255717295e+02 +2.255717295e+02 +5.429017295e+02 +5.429017295e+02 -2.3109e-01 -6.4969e-01 +1.1440e+00 +2.5235e-01 +2.8682e-01 -4.2408e-01 +1.8172e+00 +1.5572e+00 +1.2272e+00 -1.2939e+00
138 +1.767384928e+02 +1.767384928e+02 +4.940684928e+02 +4.940684928e+02 -9.0305e-01 -1.4063e-02 +1.4780e+00 -3.4141e-02 -1.9720e-01 -2.2244e-01 +2.1211e+00 +1.9228e+00 +2.0780e+00 -1.3019e+00
140 +1.708476593e+02 +1.708476593e+02 +4.881776593e+02 +4.881776593e+02 -4.3973e-01 -1.6316e+00 +8.4970e-01 +1.1635e+00 +1.1801e-01 +3.4511e-01 +2.2056e+00 +1.3850e+00 +2.9744e+00 -1.1107e+00
146 +1.437938340e+02 +1.437938340e+02 +4.611238340e+02 +4.611238340e+02 -1.6383e-01 -3.9455e-01 +1.5067e+00 +1.0152e+00 -6.7807e-01 -8.1123e-01 +2.0546e+00 +1.7959e+00 +2.4542e+00 -1.6962e+00
169 +1.293072019e+02 +1.293072019e+02 +4.466372019e+02 +4.466372019e+02 -9.6507e-01 -1.0155e+00 +1.4643e+00 +1.9964e+00 -1.3474e-01 -1.3397e-01 +2.1150e+00 +2.0423e+00 +2.3266e+00 -1.6885e+00
197 +1.211400061e+02 +1.211400061e+02 +4.384700061e+02 +4.384700061e+02 +3.7052e-01 -1.6562e+00 +1.0785e+00 +1.1652e+00 -8.8350e-01 -4.3455e-01 +3.3588e+00 +3.1858e+00 +2.6597e+00 -1.7547e+00
203 +1.175928795e+02 +1.175928795e+02 +4.349228795e+02 +4.349228795e+02 +5.3244e-01 -2.3240e+00 +1.4302e+00 +6.9349e-01 -6.8794e-01 -2.8669e-01 +2.6339e+00 +3.0663e+00 +2.9824e+00 -1.7570e+00
220 +1.085843123e+02 +1.085843123e+02 +4.259143123e+02 +4.259143123e+02 +4.1356e-01 -9.4491e-01 +2.2287e+00 +9.5818e-01 -2.1804e-01 +3.6960e-01 +2.0541e+00 +3.1513e+00 +3.3865e+00 -1.8989e+00
266 +1.056347393e+02 +1.056347393e+02 +4.229647393e+02 +4.229647393e+02 +4.7951e-01 -3.5091e+00 +2.7282e+00 +1.5523e+00 -6.1478e-01 -1.6612e+00 +3.0425e+00 +2.7869e+00 +3.0019e+00 -2.5802e+00
267 +9.130019342e+01 +9.130019342e+01 +4.086301934e+02 +4.086301934e+02 +4.6449e-01 -3.4760e+00 +2.8550e+00 +1.4915e+00 -4.1723e-01 -7.6284e-01 +2.5056e+00 +3.0881e+00 +3.3524e+00 -2.2811e+00
269 +9.015989067e+01 +9.015989067e+01 +4.074898907e+02 +4.074898907e+02 +4.6287e-01 -4.0448e+00 +3.1348e+00 +5.6974e-01 -2.9331e-01 -1.2387e+00 +2.7385e+00 +3.0852e+00 +3.1632e+00 -1.9847e+00
278 +5.702439972e+01 +5.702439972e+01 +3.743543997e+02 +3.743543997e+02 +5.4980e-01 -3.2441e+00 +2.4895e+00 +6.1061e-01 -2.2882e-01 -1.7099e+00 +2.4276e+00 +2.8940e+00 +2.9079e+00 -2.2171e+00
916 +5.593145068e+01 +5.593145068e+01 +3.732614507e+02 +3.732614507e+02 -3.8629e-01 -4.9383e+00 +2.4144e+00 +1.1184e+00 -1.4150e-01 -2.3407e+00 +3.2895e+00 +3.2676e+00 +2.9307e+00 -5.7369e-01
964 +5.491982708e+01 +5.491982708e+01 +3.722498271e+02 +3.722498271e+02 -4.3655e-01 -5.0273e+00 +2.4589e+00 +1.1451e+00 -1.2135e-01 -2.2900e+00 +3.3091e+00 +3.1892e+00 +2.9558e+00 -5.4779e-01
975 +5.252421583e+01 +5.252421583e+01 +3.698542158e+02 +3.698542158e+02 -4.5024e-01 -4.9988e+00 +2.4622e+00 +1.1266e+00 -1.4119e-01 -2.2695e+00 +3.3030e+00 +3.2118e+00 +2.9343e+00 -5.6855e-01
1036 +5.113341584e+01 +5.113341584e+01 +3.684634158e+02 +3.684634158e+02 -3.6529e-01 -4.9352e+00 +2.4387e+00 +1.1760e+00 -1.6384e-01 -2.3061e+00 +3.2910e+00 +3.2136e+00 +2.9109e+00 -5.7332e-01
1042 +4.949314322e+01 +4.949314322e+01 +3.668231432e+02 +3.668231432e+02 -4.5364e-01 -4.9668e+00 +2.3888e+00 +1.1702e+00 -1.9350e-01 -2.2972e+00 +3.2753e+00 +3.1984e+00 +2.9225e+00 -5.5703e-01
1109 +4.887478621e+01 +4.887478621e+01 +3.662047862e+02 +3.662047862e+02 -5.3451e-01 -4.9431e+00 +2.4267e+00 +1.1884e+00 -1.7318e-01 -2.3315e+00 +3.2935e+00 +3.1917e+00 +2.9438e+00 -5.5786e-01
1201 +4.786213883e+01 +4.786213883e+01 +3.651921388e+02 +3.651921388e+02 -4.5877e-01 -4.9632e+00 +2.4333e+00 +1.1572e+00 -1.8299e-01 -2.3467e+00 +3.2856e+00 +3.1951e+00 +2.9306e+00 -5.6267e-01
% function evaluation | noise-free fitness - Fopt (3.384000000000e+02) | best noise-free fitness - Fopt | measured fitness | best measured fitness | x1 | x2...
1 +2.317353064e+02 +2.317353064e+02 +5.701353064e+02 +5.701353064e+02 +0.0000e+00 +0.0000e+00 +0.0000e+00 +0.0000e+00 +0.0000e+00 +0.0000e+00 +0.0000e+00 +0.0000e+00 +0.0000e+00 +0.0000e+00
6 +2.020277424e+02 +2.020277424e+02 +5.404277424e+02 +5.404277424e+02 +2.7421e-01 -1.5621e-01 +4.8367e-02 +1.8396e-01 +2.0662e-01 -7.7449e-02 +5.5366e-02 +3.2408e-01 +9.5496e-02 -5.8496e-02
18 +1.957549744e+02 +1.957549744e+02 +5.341549744e+02 +5.341549744e+02 -1.9991e-01 +1.1164e-01 +2.7565e-01 +3.5082e-01 +5.0730e-01 -4.7310e-01 +1.7495e-01 -2.7636e-03 +2.7630e-01 -9.9841e-02
33 +1.863508379e+02 +1.863508379e+02 +5.247508379e+02 +5.247508379e+02 +2.2693e-01 +4.3206e-01 -4.0157e-02 +5.0428e-01 +5.7656e-01 -5.3337e-01 +1.5782e-01 +1.8175e-01 +1.7953e-01 -6.0657e-02
85 +1.818984685e+02 +1.818984685e+02 +5.202984685e+02 +5.202984685e+02 -6.2874e-01 +5.0123e-01 +2.4312e-01 +2.5753e-01 +1.1935e+00 -1.1565e+00 +1.7408e-01 +2.3403e-01 +3.9338e-01 -6.5345e-02
93 +1.529403527e+02 +1.529403527e+02 +4.913403527e+02 +4.913403527e+02 -8.7133e-01 +6.6389e-01 +4.5071e-01 +3.9415e-01 +6.6842e-01 -1.2693e+00 +6.0076e-01 +3.7436e-03 +3.7054e-01 -1.1828e-01
103 +1.339996899e+02 +1.339996899e+02 +4.723996899e+02 +4.723996899e+02 -8.8198e-01 -1.8139e-01 +5.9069e-01 +5.0377e-01 +6.2300e-01 -1.2851e+00 +4.6734e-01 +3.0519e-01 +9.1921e-01 -7.8302e-01
310 +1.081426668e+02 +1.081426668e+02 +4.465426668e+02 +4.465426668e+02 -1.5353e+00 -3.0045e+00 +9.5647e-01 +2.7363e-01 +1.0037e+00 -2.2166e+00 +1.2232e-01 +5.5130e-01 +8.7498e-01 -2.5238e+00
321 +1.054862506e+02 +1.054862506e+02 +4.438862506e+02 +4.438862506e+02 -1.2070e+00 -3.8338e+00 +7.3936e-01 -1.4007e-01 +5.7716e-01 -3.2479e+00 -1.5623e-01 +5.3496e-01 +5.6602e-01 -3.0157e+00
356 +7.943578445e+01 +7.943578445e+01 +4.178357845e+02 +4.178357845e+02 -8.0374e-01 -2.0096e+00 +6.9770e-01 +3.9120e-01 -3.7549e-01 -2.7073e+00 -3.6730e-01 -8.6838e-02 +1.2235e+00 -1.8660e+00
495 +7.078727354e+01 +7.078727354e+01 +4.091872735e+02 +4.091872735e+02 -8.3403e-01 -3.8996e+00 +8.0898e-01 +5.1862e-01 +1.3620e+00 -3.2187e+00 -3.8041e-01 -3.5070e-01 +1.5674e+00 -2.4245e+00
560 +6.377235079e+01 +6.377235079e+01 +4.021723508e+02 +4.021723508e+02 -1.0851e+00 -3.2272e+00 +7.2660e-01 +2.3120e-01 +5.9855e-01 -3.2746e+00 -4.2161e-01 -4.0624e-02 +1.3342e+00 -2.4453e+00
593 +5.303284667e+01 +5.303284667e+01 +3.914328467e+02 +3.914328467e+02 -1.0063e+00 -3.9207e+00 +6.9499e-01 +2.9846e-01 +5.2187e-01 -3.5737e+00 -3.8976e-01 -3.5589e-01 +1.6425e+00 -2.4945e+00
608 +4.632876937e+01 +4.632876937e+01 +3.847287694e+02 +3.847287694e+02 -9.9233e-01 -3.9213e+00 +8.4891e-01 +3.5797e-01 +5.3731e-01 -3.6812e+00 -4.3148e-01 -3.2377e-01 +1.6994e+00 -2.1859e+00
610 +4.304994793e+01 +4.304994793e+01 +3.814499479e+02 +3.814499479e+02 -1.0247e+00 -3.9363e+00 +7.0609e-01 +3.9955e-01 +6.4260e-01 -3.6900e+00 -3.1943e-01 -4.0107e-01 +1.6542e+00 -2.1207e+00
657 +3.937338480e+01 +3.937338480e+01 +3.777733848e+02 +3.777733848e+02 -7.8311e-01 -3.7700e+00 +7.6417e-01 +3.0446e-01 +6.0963e-01 -3.7960e+00 -3.4303e-01 -3.3372e-01 +1.6767e+00 -2.0816e+00
663 +3.851250157e+01 +3.851250157e+01 +3.769125016e+02 +3.769125016e+02 -7.5679e-01 -3.8255e+00 +7.7797e-01 +3.3594e-01 +5.5331e-01 -3.7648e+00 -3.7180e-01 -3.4726e-01 +1.7348e+00 -1.8188e+00
727 +3.703869638e+01 +3.703869638e+01 +3.754386964e+02 +3.754386964e+02 -7.9578e-01 -3.7820e+00 +7.0137e-01 +3.2369e-01 +6.6700e-01 -3.7751e+00 -3.4015e-01 -3.9451e-01 +1.6260e+00 -1.8469e+00
773 +3.623341375e+01 +3.623341375e+01 +3.746334137e+02 +3.746334137e+02 -9.1793e-01 -3.8328e+00 +7.9987e-01 +3.6103e-01 +5.2836e-01 -3.7208e+00 -4.2850e-01 -3.4748e-01 +1.6854e+00 -1.8835e+00
780 +3.327669659e+01 +3.327669659e+01 +3.716766966e+02 +3.716766966e+02 -9.0445e-01 -3.7816e+00 +8.0146e-01 +2.6137e-01 +5.4731e-01 -3.8811e+00 -3.9454e-01 -3.7679e-01 +1.7073e+00 -1.8421e+00
782 +3.050081967e+01 +3.050081967e+01 +3.689008197e+02 +3.689008197e+02 -8.6386e-01 -3.9712e+00 +7.9543e-01 +3.0651e-01 +5.7193e-01 -3.8305e+00 -3.7498e-01 -3.6665e-01 +1.6603e+00 -1.8153e+00
792 +2.659185047e+01 +2.659185047e+01 +3.649918505e+02 +3.649918505e+02 -9.1479e-01 -3.8283e+00 +7.9678e-01 +3.2136e-01 +5.2893e-01 -3.8354e+00 -3.8811e-01 -3.5283e-01 +1.7026e+00 -1.8089e+00
801 +2.619529925e+01 +2.619529925e+01 +3.645952992e+02 +3.645952992e+02 -9.0352e-01 -3.9390e+00 +7.8619e-01 +3.0294e-01 +6.0336e-01 -3.8415e+00 -3.5378e-01 -3.9543e-01 +1.7004e+00 -1.8370e+00
874 +2.567218142e+01 +2.567218142e+01 +3.640721814e+02 +3.640721814e+02 -9.2098e-01 -3.8370e+00 +7.5930e-01 +2.6192e-01 +5.9180e-01 -3.7939e+00 -3.7692e-01 -4.0683e-01 +1.6916e+00 -1.8552e+00
896 +2.474768657e+01 +2.474768657e+01 +3.631476866e+02 +3.631476866e+02 -9.4351e-01 -3.8855e+00 +7.5961e-01 +2.7527e-01 +6.3761e-01 -3.8029e+00 -3.7201e-01 -3.5466e-01 +1.6691e+00 -1.8314e+00
898 +2.403520601e+01 +2.403520601e+01 +3.624352060e+02 +3.624352060e+02 -9.6875e-01 -3.9206e+00 +7.9828e-01 +2.8540e-01 +5.5695e-01 -3.7555e+00 -3.6796e-01 -3.5885e-01 +1.6948e+00 -1.8236e+00
927 +2.370193604e+01 +2.370193604e+01 +3.621019360e+02 +3.621019360e+02 -9.7320e-01 -3.8886e+00 +7.7670e-01 +3.0931e-01 +5.6725e-01 -3.7448e+00 -3.5239e-01 -3.3251e-01 +1.7046e+00 -1.8499e+00
939 +2.161925077e+01 +2.161925077e+01 +3.600192508e+02 +3.600192508e+02 -9.6068e-01 -3.8485e+00 +7.6008e-01 +3.0439e-01 +5.5528e-01 -3.7632e+00 -3.6707e-01 -3.5670e-01 +1.6872e+00 -1.8457e+00
951 +2.102626783e+01 +2.102626783e+01 +3.594262678e+02 +3.594262678e+02 -9.8046e-01 -3.8710e+00 +7.3892e-01 +3.0874e-01 +5.6544e-01 -3.7875e+00 -3.7710e-01 -3.6039e-01 +1.7078e+00 -1.8517e+00
955 +2.046145311e+01 +2.046145311e+01 +3.588614531e+02 +3.588614531e+02 -9.6308e-01 -3.8912e+00 +7.4129e-01 +3.1285e-01 +6.0247e-01 -3.7713e+00 -3.7367e-01 -3.8506e-01 +1.7057e+00 -1.8409e+00
973 +2.026465318e+01 +2.026465318e+01 +3.586646532e+02 +3.586646532e+02 -9.6822e-01 -3.8870e+00 +7.5623e-01 +3.0742e-01 +5.7685e-01 -3.7652e+00 -3.7409e-01 -3.5771e-01 +1.7012e+00 -1.8364e+00
1020 +1.984433817e+01 +1.984433817e+01 +3.582443382e+02 +3.582443382e+02 -9.5238e-01 -3.8552e+00 +7.3637e-01 +3.1923e-01 +5.8101e-01 -3.7938e+00 -3.6787e-01 -3.6599e-01 +1.6981e+00 -1.8345e+00
1049 +1.939058275e+01 +1.939058275e+01 +3.577905827e+02 +3.577905827e+02 -9.4188e-01 -3.8830e+00 +7.3947e-01 +3.1387e-01 +5.7973e-01 -3.7853e+00 -3.6927e-01 -3.5573e-01 +1.7092e+00 -1.8328e+00
1140 +1.904010162e+01 +1.904010162e+01 +3.574401016e+02 +3.574401016e+02 -9.2327e-01 -3.8757e+00 +7.4108e-01 +3.1814e-01 +6.0235e-01 -3.7708e+00 -3.7326e-01 -3.6139e-01 +1.7094e+00 -1.8327e+00
% function evaluation | noise-free fitness - Fopt (-4.940000000000e+01) | best noise-free fitness - Fopt | measured fitness | best measured fitness | x1 | x2...
1 +3.159485035e+02 +3.159485035e+02 +2.665485035e+02 +2.665485035e+02 +0.0000e+00 +0.0000e+00 +0.0000e+00 +0.0000e+00 +0.0000e+00 +0.0000e+00 +0.0000e+00 +0.0000e+00 +0.0000e+00 +0.0000e+00
4 +2.584365850e+02 +2.584365850e+02 +2.090365850e+02 +2.090365850e+02 -1.3121e-01 -4.2675e-01 +5.0315e-03 -1.1489e-01 -3.7840e-02 +1.4468e-01 +4.7457e-01 -6.9972e-02 +1.5590e-01 -1.6158e-02
5 +2.550755488e+02 +2.550755488e+02 +2.056755488e+02 +2.056755488e+02 -8.5547e-02 -6.9109e-02 +3.0257e-01 +1.3079e-01 +1.0338e-01 +2.7725e-01 +1.3906e-01 -3.1846e-01 -8.9964e-03 -9.2554e-02
13 +2.332910630e+02 +2.332910630e+02 +1.838910630e+02 +1.838910630e+02 -9.1437e-02 -3.4720e-01 +5.8336e-02 -3.7295e-03 -2.7750e-01 +5.0910e-01 +6.3425e-01 -3.6452e-01 +1.1996e-01 -1.0525e-01
36 +2.145141128e+02 +2.145141128e+02 +1.651141128e+02 +1.651141128e+02 -2.1065e-02 -4.6085e-01 -4.4321e-01 -2.3015e-01 -1.8390e-01 +1.4350e-01 +1.0648e+00 -4.4402e-01 +1.7331e-01 -1.0765e-01
57 +1.989586591e+02 +1.989586591e+02 +1.495586591e+02 +1.495586591e+02 +7.3636e-02 -2.7561e-01 -1.4106e-01 -5.1752e-01 -3.3595e-01 +6.7751e-01 +7.1753e-01 -7.1769e-01 +4.2404e-01 -7.5003e-02
62 +1.841723168e+02 +1.841723168e+02 +1.347723168e+02 +1.347723168e+02 -8.3895e-02 -2.6964e-01 +1.9413e-02 -4.1052e-01 -3.0156e-01 +7.6705e-01 +9.9075e-01 -1.1793e+00 +9.0081e-01 -1.1303e-01
74 +1.625984068e+02 +1.625984068e+02 +1.131984068e+02 +1.131984068e+02 -8.4638e-02 -1.5587e-01 -4.4368e-01 -1.1417e-01 +1.1357e-01 +1.8172e-01 +1.0505e+00 -1.2035e+00 +1.4197e+00 +5.3855e-01
149 +1.547272170e+02 +1.547272170e+02 +1.053272170e+02 +1.053272170e+02 -6.6830e-02 -3.5043e-01 -6.2154e-01 +1.2949e-01 -3.1219e-01 +5.5582e-01 +1.5447e+00 -4.6499e-01 +1.3526e+00 +9.6847e-02
205 +1.468802092e+02 +1.468802092e+02 +9.748020919e+01 +9.748020919e+01 -4.6650e-02 -2.6373e-01 -7.5471e-01 +2.3882e-01 -3.2258e-01 +4.4752e-01 +1.5883e+00 -7.6849e-01 +1.5058e+00 +1.4818e-01
226 +1.418085123e+02 +1.418085123e+02 +9.240851229e+01 +9.240851229e+01 -4.3087e-02 -3.5190e-01 -7.6281e-01 +2.0331e-01 -4.2603e-01 +5.3031e-01 +1.6054e+00 -6.8750e-01 +1.5558e+00 +1.8505e-01
235 +1.399885840e+02 +1.399885840e+02 +9.058858400e+01 +9.058858400e+01 +8.5793e-02 -3.1817e-01 -6.8703e-01 +1.3505e-01 -3.6549e-01 +7.7426e-01 +1.6365e+00 -7.2498e-01 +1.5050e+00 +2.0600e-01
242 +1.240564077e+02 +1.240564077e+02 +7.465640766e+01 +7.465640766e+01 +3.4687e-02 -3.2643e-01 -6.9735e-01 +2.1876e-01 -3.5249e-01 +6.3424e-01 +1.6386e+00 -7.0980e-01 +1.3994e+00 +9.8312e-02
308 +1.177443758e+02 +1.177443758e+02 +6.834437576e+01 +6.834437576e+01 -2.1451e-02 -1.9557e-01 -6.6786e-01 +2.3412e-01 -4.0068e-01 +7.0939e-01 +1.6637e+00 -7.4814e-01 +1.4360e+00 +1.7087e-01
336 +1.174384263e+02 +1.174384263e+02 +6.803842626e+01 +6.803842626e+01 -2.9614e-03 -2.1803e-01 -6.8947e-01 +2.7133e-01 -3.8464e-01 +6.2168e-01 +1.6699e+00 -7.4022e-01 +1.4175e+00 +1.9623e-01
403 +1.147236034e+02 +1.147236034e+02 +6.532360342e+01 +6.532360342e+01 +1.5121e-02 -2.4559e-01 -6.7724e-01 +2.2170e-01 -4.3664e-01 +6.1878e-01 +1.6517e+00 -7.4075e-01 +1.4039e+00 +1.9128e-01
474 +1.121254269e+02 +1.121254269e+02 +6.272542692e+01 +6.272542692e+01 +2.5133e-02 -2.8128e-01 -6.5421e-01 +2.3758e-01 -4.3981e-01 +6.1594e-01 +1.6309e+00 -7.2344e-01 +1.4173e+00 +1.7393e-01
% function evaluation | noise-free fitness - Fopt (-5.557000000000e+01) | best noise-free fitness - Fopt | measured fitness | best measured fitness | x1 | x2...
1 +2.679313907e+02 +2.679313907e+02 +2.123613907e+02 +2.123613907e+02 +0.0000e+00 +0.0000e+00 +0.0000e+00 +0.0000e+00 +0.0000e+00 +0.0000e+00 +0.0000e+00 +0.0000e+00 +0.0000e+00 +0.0000e+00
3 +2.250834645e+02 +2.250834645e+02 +1.695134645e+02 +1.695134645e+02 +2.8253e-02 -6.7811e-02 +2.8470e-01 +4.1805e-01 +1.7479e-01 +1.8275e-01 +6.6916e-02 +1.2084e-01 +4.0441e-01 -1.1365e-02
21 +2.116023295e+02 +2.116023295e+02 +1.560323295e+02 +1.560323295e+02 -3.0432e-02 -2.9465e-01 -1.9641e-01 +6.2593e-02 +3.2394e-01 +7.8894e-02 +1.5196e-01 -3.5628e-02 +2.9803e-02 +3.2469e-01
59 +2.030473985e+02 +2.030473985e+02 +1.474773985e+02 +1.474773985e+02 +5.6231e-02 -2.3034e-01 -7.1018e-01 +5.9838e-01 +6.9608e-01 +7.0696e-01 -2.4602e-01 +6.6447e-01 +1.1357e-01 +6.1875e-01
63 +1.985129354e+02 +1.985129354e+02 +1.429429354e+02 +1.429429354e+02 +2.9078e-02 +8.4260e-02 -6.0273e-01 +2.8006e-01 +6.7271e-01 +1.7804e-01 +1.4782e-01 +3.9841e-01 +3.4883e-01 +8.6315e-01
90 +1.940880165e+02 +1.940880165e+02 +1.385180165e+02 +1.385180165e+02 -1.9040e-02 -1.5469e-01 -5.0542e-01 +5.6088e-01 +3.4296e-01 +1.2789e+00 +7.8514e-02 +4.3537e-01 +9.7828e-01 +8.4213e-01
107 +1.640867490e+02 +1.640867490e+02 +1.085167490e+02 +1.085167490e+02 -2.1682e-02 -4.0954e-01 -4.5357e-01 +5.9251e-01 -3.5306e-02 +1.2149e+00 +3.8551e-01 +3.1320e-01 +1.0990e+00 +7.0894e-01
108 +1.505080166e+02 +1.505080166e+02 +9.493801658e+01 +9.493801658e+01 +1.5234e-01 -3.2869e-01 -4.5333e-01 +5.1705e-01 +5.3259e-02 +1.1500e+00 +3.2514e-01 +2.8090e-01 +7.9619e-01 +1.3678e+00
124 +1.437483016e+02 +1.437483016e+02 +8.817830161e+01 +8.817830161e+01 +2.0831e-01 -5.0473e-01 -4.9394e-01 +7.1140e-01 -7.9003e-02 +1.1289e+00 +3.8769e-01 +3.4261e-02 +1.0691e+00 +1.3270e+00
129 +1.400909153e+02 +1.400909153e+02 +8.452091532e+01 +8.452091532e+01 -4.1276e-02 -3.7984e-01 -2.3843e-01 +8.0350e-01 +5.3439e-01 +1.0143e+00 +5.5023e-01 +2.9024e-02 +1.2341e+00 +6.6339e-01
155 +1.326619593e+02 +1.326619593e+02 +7.709195927e+01 +7.709195927e+01 +4.8104e-02 -5.8627e-01 -3.5413e-01 +9.5541e-01 +6.9122e-02 +1.0359e+00 +6.3304e-01 +4.8095e-02 +7.9915e-01 +7.1260e-01
167 +1.205797804e+02 +1.205797804e+02 +6.500978043e+01 +6.500978043e+01 -1.3849e-02 -4.3719e-01 -4.0676e-01 +8.0949e-01 +1.2575e-01 +9.9866e-01 +5.3282e-01 -3.5733e-01 +8.7968e-01 +1.1467e+00
332 +1.175195841e+02 +1.175195841e+02 +6.194958407e+01 +6.194958407e+01 -1.6320e-01 -2.1395e-01 -3.4196e-01 +1.2164e+00 -6.3168e-04 +1.1074e+00 +5.7696e-01 -4.1189e-01 +7.7906e-01 +1.5861e+00
365 +1.088774086e+02 +1.088774086e+02 +5.330740856e+01 +5.330740856e+01 -1.0520e-02 -3.7944e-01 -3.8756e-01 +1.4926e+00 +1.3158e-01 +9.6859e-01 +5.8424e-01 -4.6288e-01 +7.8604e-01 +1.6232e+00
376 +9.501242345e+01 +9.501242345e+01 +3.944242345e+01 +3.944242345e+01 -8.2233e-02 -3.7134e-01 -4.8323e-01 +1.5775e+00 +2.0910e-01 +1.1474e+00 +5.0831e-01 -3.4662e-01 +8.0811e-01 +1.6112e+00
377 +8.893185391e+01 +8.893185391e+01 +3.336185391e+01 +3.336185391e+01 -7.0100e-02 -3.6813e-01 -4.8686e-01 +1.5786e+00 +1.0531e-01 +1.0075e+00 +6.1606e-01 -4.4973e-01 +7.9805e-01 +1.5474e+00
500 +8.539861295e+01 +8.539861295e+01 +2.982861295e+01 +2.982861295e+01 +1.9827e-02 -3.5305e-01 -5.2734e-01 +1.7213e+00 +3.1037e-02 +1.0691e+00 +5.6347e-01 -4.0373e-01 +8.0128e-01 +1.5870e+00
501 +8.456194900e+01 +8.456194900e+01 +2.899194900e+01 +2.899194900e+01 +2.9090e-02 -3.6143e-01 -5.5055e-01 +1.6580e+00 +1.2018e-01 +1.0430e+00 +5.7606e-01 -3.3836e-01 +8.0145e-01 +1.5827e+00
524 +8.137112951e+01 +8.137112951e+01 +2.580112951e+01 +2.580112951e+01 -6.1569e-02 -4.3842e-01 -4.8777e-01 +1.6492e+00 +1.8941e-01 +1.1114e+00 +5.7558e-01 -3.7559e-01 +8.2384e-01 +1.5731e+00
597 +8.048413457e+01 +8.048413457e+01 +2.491413457e+01 +2.491413457e+01 -8.6472e-02 -3.6847e-01 -5.1932e-01 +1.6342e+00 +9.2982e-02 +1.0888e+00 +5.6817e-01 -4.1061e-01 +8.3534e-01 +1.5615e+00
639 +7.896305539e+01 +7.896305539e+01 +2.339305539e+01 +2.339305539e+01 -6.4189e-02 -3.4336e-01 -4.6735e-01 +1.6604e+00 +1.2654e-01 +1.0690e+00 +6.1812e-01 -4.0420e-01 +8.3886e-01 +1.5799e+00
659 +7.738907764e+01 +7.738907764e+01 +2.181907764e+01 +2.181907764e+01 -2.3241e-02 -3.5303e-01 -4.8723e-01 +1.6566e+00 +1.0334e-01 +1.0712e+00 +5.9500e-01 -3.7329e-01 +8.1830e-01 +1.5651e+00
797 +7.580075258e+01 +7.580075258e+01 +2.023075258e+01 +2.023075258e+01 -1.6558e-02 -3.4836e-01 -4.7839e-01 +1.6468e+00 +1.2228e-01 +1.0790e+00 +5.7391e-01 -3.9968e-01 +8.0770e-01 +1.5760e+00
% function evaluation | noise-free fitness - Fopt (-1.412700000000e+02) | best noise-free fitness - Fopt | measured fitness | best measured fitness | x1 | x2...
1 +2.941375014e+02 +2.941375014e+02 +1.528675014e+02 +1.528675014e+02 +0.0000e+00 +0.0000e+00 +0.0000e+00 +0.0000e+00 +0.0000e+00 +0.0000e+00 +0.0000e+00 +0.0000e+00 +0.0000e+00 +0.0000e+00
5 +2.695259418e+02 +2.695259418e+02 +1.282559418e+02 +1.282559418e+02 +3.7843e-02 +6.6198e-02 -2.2352e-02 +9.9822e-02 -5.1328e-01 +2.4269e-01 +4.8066e-02 -5.0024e-01 -2.4697e-01 -4.1651e-02
9 +2.533105813e+02 +2.533105813e+02 +1.120405813e+02 +1.120405813e+02 -1.1810e-01 -1.6008e-01 -1.0241e-01 -1.5464e-01 +3.6657e-01 +2.6239e-01 -3.7430e-02 +3.4915e-03 -3.3324e-01 -3.3983e-01
14 +2.422386469e+02 +2.422386469e+02 +1.009686469e+02 +1.009686469e+02 -7.0304e-02 +1.2491e-01 -7.5442e-02 +5.9842e-02 -2.2568e-01 +1.5738e-01 +4.3875e-01 -5.7483e-01 -4.1598e-01 -1.3844e-01
45 +2.354352446e+02 +2.354352446e+02 +9.416524458e+01 +9.416524458e+01 -1.8157e-01 +4.7903e-01 -1.3076e-01 -2.3837e-01 +6.7457e-02 +3.2282e-01 +9.3911e-01 -1.5898e+00 -3.0238e-01 +8.4386e-02
46 +2.200676047e+02 +2.200676047e+02 +7.879760470e+01 +7.879760470e+01 -3.4609e-01 -8.6228e-02 -4.2225e-01 -7.7134e-01 +7.8249e-02 +2.5773e-01 +1.1983e+00 -4.7218e-01 -5.9099e-02 -1.9622e-01
57 +1.962024681e+02 +1.962024681e+02 +5.493246810e+01 +5.493246810e+01 -2.4751e-01 +4.0533e-01 -2.8611e-01 -1.0449e-01 +2.4063e-01 +6.0149e-01 +1.4700e+00 -1.1236e+00 -1.8657e-01 -2.0210e-01
97 +1.533194422e+02 +1.533194422e+02 +1.204944216e+01 +1.204944216e+01 -6.2236e-02 +6.4213e-01 -6.9132e-01 -7.9259e-01 +3.7440e-01 +2.7663e-01 +1.3901e+00 -4.9652e-01 -2.2451e-02 -8.1571e-01
123 +1.270899623e+02 +1.270899623e+02 -1.418003768e+01 -1.418003768e+01 -3.1413e-01 +6.1539e-01 -2.3896e-01 -7.9933e-01 +1.8702e-01 +2.1380e-01 +1.8241e+00 -5.7244e-01 -7.4898e-03 -8.3523e-01
291 +7.747994209e+01 +7.747994209e+01 -6.379005791e+01 -6.379005791e+01 -1.6514e-01 +7.6077e-01 -1.6997e-01 -7.6026e-01 +1.7014e-01 +7.3490e-01 +2.2910e+00 -1.1002e+00 +4.5322e-01 -2.8542e+00
369 +6.204837611e+01 +6.204837611e+01 -7.922162389e+01 -7.922162389e+01 -2.4046e-01 +7.7987e-01 -3.6313e-01 -5.1932e-01 +3.0797e-01 +1.2811e+00 +1.7909e+00 -1.6924e+00 +4.3910e-01 -2.8669e+00
515 +5.546843333e+01 +5.546843333e+01 -8.580156667e+01 -8.580156667e+01 -3.2787e-01 +6.3623e-01 -3.0397e-01 -6.5249e-01 +2.0919e-01 +1.2717e+00 +1.8634e+00 -1.7309e+00 +4.7744e-01 -2.5166e+00
532 +4.758667282e+01 +4.758667282e+01 -9.368332718e+01 -9.368332718e+01 -2.8935e-01 +6.3615e-01 -3.1873e-01 -6.5830e-01 +1.8477e-01 +1.2497e+00 +1.8604e+00 -1.6944e+00 +4.4396e-01 -2.5221e+00
776 +4.646147334e+01 +4.646147334e+01 -9.480852666e+01 -9.480852666e+01 -3.0340e-01 +7.2045e-01 -3.4184e-01 -6.7667e-01 +2.1576e-01 +1.1755e+00 +1.8233e+00 -1.6866e+00 +4.4442e-01 -2.8213e+00
790 +4.482257749e+01 +4.482257749e+01 -9.644742251e+01 -9.644742251e+01 -2.9410e-01 +7.0878e-01 -3.5647e-01 -6.5775e-01 +2.0113e-01 +1.1494e+00 +1.8590e+00 -1.6672e+00 +4.6133e-01 -2.8307e+00
809 +4.461208023e+01 +4.461208023e+01 -9.665791977e+01 -9.665791977e+01 -3.0990e-01 +7.1068e-01 -3.4516e-01 -6.8489e-01 +1.9661e-01 +1.1674e+00 +1.8485e+00 -1.6641e+00 +4.7193e-01 -2.8454e+00
840 +4.319910458e+01 +4.319910458e+01 -9.807089542e+01 -9.807089542e+01 -2.8114e-01 +6.7989e-01 -3.3483e-01 -6.9792e-01 +2.1055e-01 +1.1758e+00 +1.8515e+00 -1.6808e+00 +4.5863e-01 -2.8345e+00
859 +4.259740494e+01 +4.259740494e+01 -9.867259506e+01 -9.867259506e+01 -2.7079e-01 +7.0063e-01 -3.2680e-01 -6.9642e-01 +2.0823e-01 +1.1966e+00 +1.8820e+00 -1.6649e+00 +4.4735e-01 -2.8366e+00
921 +4.157951178e+01 +4.157951178e+01 -9.969048822e+01 -9.969048822e+01 -2.4483e-01 +7.2411e-01 -3.4012e-01 -6.9250e-01 +2.0478e-01 +1.1602e+00 +1.8609e+00 -1.6653e+00 +4.5523e-01 -2.8404e+00
% function evaluation | noise-free fitness - Fopt (1.822100000000e+02) | best noise-free fitness - Fopt | measured fitness | best measured fitness | x1 | x2...
1 +2.669075388e+02 +2.669075388e+02 +4.491175388e+02 +4.491175388e+02 +0.0000e+00 +0.0000e+00 +0.0000e+00 +0.0000e+00 +0.0000e+00 +0.0000e+00 +0.0000e+00 +0.0000e+00 +0.0000e+00 +0.0000e+00
4 +2.517293945e+02 +2.517293945e+02 +4.339393945e+02 +4.339393945e+02 -2.2382e-01 -2.1522e-02 +1.8583e-01 -1.8521e-01 +2.5656e-01 +2.7581e-01 -4.4803e-01 +7.0479e-02 +1.7490e-01 +2.3242e-02
11 +2.458735523e+02 +2.458735523e+02 +4.280835523e+02 +4.280835523e+02 -3.1124e-01 +4.8528e-02 -1.4092e-01 +2.5997e-01 +1.9802e-01 +3.8558e-01 -3.8227e-01 -4.6849e-02 -6.4675e-02 +3.1289e-01
13 +2.294805563e+02 +2.294805563e+02 +4.116905563e+02 +4.116905563e+02 -3.4956e-01 +3.7958e-01 +5.2986e-02 -3.3253e-01 -8.9723e-02 +1.8214e-01 -4.9846e-01 +1.3739e-01 -4.8270e-02 -8.9850e-02
17 +2.235640371e+02 +2.235640371e+02 +4.057740371e+02 +4.057740371e+02 +1.5632e-01 +1.9896e-01 +2.4974e-02 +3.2364e-01 +4.7001e-02 +2.3446e-01 -1.2765e-01 +2.4500e-01 +1.1793e-01 +3.6919e-02
26 +2.078996312e+02 +2.078996312e+02 +3.901096312e+02 +3.901096312e+02 +6.9904e-02 +3.7816e-01 +4.0972e-02 +1.9588e-01 -1.5548e-01 +2.7451e-01 -3.8040e-02 +3.4654e-01 -3.6517e-02 -3.1000e-02
28 +2.039359996e+02 +2.039359996e+02 +3.861459996e+02 +3.861459996e+02 -1.8166e-02 +2.9258e-01 -7.2305e-02 +1.7249e-01 -1.6236e-01 +4.7628e-01 -7.1013e-02 +3.2577e-01 +8.4697e-02 -9.9231e-02
86 +1.927342366e+02 +1.927342366e+02 +3.749442366e+02 +3.749442366e+02 -7.2122e-02 -7.2920e-02 -1.1372e-01 +8.4305e-01 -1.4925e-01 +1.8002e-01 -1.7618e-02 +1.4935e-02 +1.7725e-01 -4.2965e-02
88 +1.746233420e+02 +1.746233420e+02 +3.568333420e+02 +3.568333420e+02 -1.8792e-01 +1.4178e-01 -7.5219e-02 +9.8062e-01 -2.3574e-01 +2.1849e-01 +3.1277e-01 -7.5507e-02 -1.3903e-01 -1.3788e-01
204 +1.734435538e+02 +1.734435538e+02 +3.556535538e+02 +3.556535538e+02 -1.7535e-01 +3.4466e-01 +9.8365e-02 +1.1075e+00 -1.1837e-01 +3.1223e-01 -6.7803e-02 -5.6760e-01 +7.0658e-01 +6.9720e-01
213 +1.620821557e+02 +1.620821557e+02 +3.442921557e+02 +3.442921557e+02 -8.4085e-02 +2.6080e-01 -7.3438e-03 +9.4138e-01 -2.2065e-01 +1.8301e-01 +2.1086e-01 -2.4843e-01 +6.3041e-01 +7.5882e-01
267 +1.371577513e+02 +1.371577513e+02 +3.193677513e+02 +3.193677513e+02 -5.3132e-02 +9.3175e-02 +2.8314e-02 +1.0822e+00 -6.6724e-02 +1.7378e-01 +1.6855e-01 -4.5773e-02 +4.5218e-01 +1.2004e+00
268 +1.225516516e+02 +1.225516516e+02 +3.047616516e+02 +3.047616516e+02 -1.6203e-01 +3.5196e-01 +4.2743e-02 +9.6536e-01 -1.1675e-01 +6.9024e-02 -6.9337e-02 -9.2472e-02 +4.7230e-01 +1.2081e+00
318 +1.150294045e+02 +1.150294045e+02 +2.972394045e+02 +2.972394045e+02 -3.6011e-02 +3.2864e-01 -1.2477e-01 +1.0540e+00 -1.1447e-01 +1.7390e-01 -9.7130e-02 -8.3582e-02 +6.8198e-01 +1.8763e+00
326 +1.145626009e+02 +1.145626009e+02 +2.967726009e+02 +2.967726009e+02 -9.7757e-02 +2.1614e-01 -1.0247e-02 +9.6343e-01 -2.5024e-01 +1.3205e-01 -3.2904e-02 -1.6311e-01 +7.7930e-01 +1.5520e+00
462 +1.096591624e+02 +1.096591624e+02 +2.918691624e+02 +2.918691624e+02 -2.2910e-01 +3.2592e-01 -2.5156e-02 +1.0322e+00 -1.1009e-01 +1.2615e-01 -5.1848e-01 -1.2593e-01 +7.2849e-01 +1.4723e+00
505 +1.078476824e+02 +1.078476824e+02 +2.900576824e+02 +2.900576824e+02 -2.0894e-01 +3.5030e-01 +1.6292e-02 +9.2823e-01 -1.4940e-01 +1.6709e-01 -5.0875e-01 -1.1057e-01 +7.0594e-01 +1.5240e+00
603 +1.068690950e+02 +1.068690950e+02 +2.890790950e+02 +2.890790950e+02 -1.6328e-01 +3.6844e-01 +1.2965e-03 +9.4568e-01 -1.6076e-01 +1.6432e-01 -4.8992e-01 -5.8281e-02 +7.4055e-01 +1.4533e+00
627 +1.033756175e+02 +1.033756175e+02 +2.855856175e+02 +2.855856175e+02 -9.8036e-02 +2.9994e-01 +1.7734e-02 +1.0038e+00 -1.4534e-01 +1.6041e-01 -4.7135e-01 -7.7249e-02 +7.4709e-01 +1.4920e+00
734 +1.023274117e+02 +1.023274117e+02 +2.845374117e+02 +2.845374117e+02 -1.2879e-01 +2.5541e-01 -1.5521e-03 +1.0054e+00 -1.8149e-01 +1.7736e-01 -5.0603e-01 -6.2825e-02 +7.2439e-01 +1.4834e+00
% function evaluation | noise-free fitness - Fopt (8.191000000000e+01) | best noise-free fitness - Fopt | measured fitness | best measured fitness | x1 | x2...
1 +2.446493882e+02 +2.446493882e+02 +3.265593882e+02 +3.265593882e+02 +0.0000e+00 +0.0000e+00 +0.0000e+00 +0.0000e+00 +0.0000e+00 +0.0000e+00 +0.0000e+00 +0.0000e+00 +0.0000e+00 +0.0000e+00
6 +2.333857499e+02 +2.333857499e+02 +3.152957499e+02 +3.152957499e+02 -1.4658e-01 -2.6800e-01 -9.0834e-02 -2.4134e-01 -8.6596e-02 -4.5272e-02 -3.0925e-01 +2.0581e-01 -2.8172e-02 -6.3580e-02
24 +2.254773761e+02 +2.254773761e+02 +3.073873761e+02 +3.073873761e+02 +1.7379e-01 -3.7450e-01 -1.2274e-02 -1.9979e-01 +2.3349e-01 -2.9652e-02 -2.0166e-01 +3.3806e-02 +4.8053e-02 +2.0848e-01
89 +2.151082199e+02 +2.151082199e+02 +2.970182199e+02 +2.970182199e+02 +2.5384e-01 -4.0912e-01 +1.0758e-01 -2.7665e-01 +5.3076e-01 +1.3095e-03 -2.3517e-01 +3.1114e-02 -2.8286e-01 -3.4406e-01
124 +2.056378863e+02 +2.056378863e+02 +2.875478863e+02 +2.875478863e+02 +1.0250e-01 -5.0672e-01 +6.4214e-02 -1.2456e-01 +5.1287e-01 -3.0288e-02 -3.0328e-01 +3.7789e-02 -1.7292e-01 -9.8211e-02
131 +1.990210020e+02 +1.990210020e+02 +2.809310020e+02 +2.809310020e+02 +1.7667e-01 -6.9218e-01 +1.4996e-01 -1.5358e-01 +3.9682e-01 +1.7440e-02 -3.2536e-01 +2.9714e-02 -7.0067e-02 -1.1074e-01
244 +1.948143346e+02 +1.948143346e+02 +2.767243346e+02 +2.767243346e+02 +2.0798e-01 -4.3691e-01 +1.2727e-01 -1.8339e-02 +5.6144e-01 -1.0665e-01 -2.8748e-01 +7.3599e-02 -2.4918e-02 +2.3616e-01
263 +1.899420971e+02 +1.899420971e+02 +2.718520971e+02 +2.718520971e+02 +1.4398e-01 -4.7423e-01 +1.2792e-01 +5.2391e-03 +5.4616e-01 -9.9452e-02 -2.9243e-01 +3.5284e-03 +3.4371e-02 +1.4678e-01
306 +1.832188834e+02 +1.832188834e+02 +2.651288834e+02 +2.651288834e+02 +1.2614e-01 -4.2065e-01 +1.2824e-01 +9.7882e-03 +4.6643e-01 -3.5536e-02 -2.9261e-01 -1.6100e-02 -6.8143e-03 +1.7783e-01
343 +1.797097385e+02 +1.797097385e+02 +2.616197385e+02 +2.616197385e+02 +1.8574e-01 -3.9446e-01 +1.0572e-01 -6.3198e-02 +4.4680e-01 -9.2478e-02 -2.7832e-01 -1.6064e-02 -3.6191e-03 +1.6155e-01
378 +1.766839211e+02 +1.766839211e+02 +2.585939211e+02 +2.585939211e+02 +1.5485e-01 -3.9966e-01 +1.4656e-01 -1.2420e-01 +4.3579e-01 -7.7887e-02 -2.9747e-01 +1.3680e-02 -1.6623e-02 +1.7802e-01
491 +1.728190695e+02 +1.728190695e+02 +2.547290695e+02 +2.547290695e+02 +1.8654e-01 -3.7165e-01 +1.1796e-01 -2.0680e-01 +4.9062e-01 -3.6773e-02 -3.0123e-01 +2.3834e-03 +7.1666e-03 +1.7519e-01
