% function evaluation | noise-free fitness - Fopt (-4.620900000000e+02) | best noise-free fitness - Fopt | measured fitness | best measured fitness | x1 | x2...
1 +1.181909657e+02 +1.181909657e+02 -3.438990343e+02 -3.438990343e+02 +0.0000e+00 +0.0000e+00 +0.0000e+00 +0.0000e+00 +0.0000e+00
6 +1.094104305e+02 +1.094104305e+02 -3.526795695e+02 -3.526795695e+02 +1.9638e-01 +8.4403e-02 -1.2989e-02 -9.3959e-02 -3.3181e-01
37 +1.047890422e+02 +1.047890422e+02 -3.573009578e+02 -3.573009578e+02 +1.4915e-01 +1.2718e-01 -1.9766e-01 -7.3399e-02 +4.4937e-02
46 +1.020272219e+02 +1.020272219e+02 -3.600627781e+02 -3.600627781e+02 +2.0817e-01 -8.7099e-02 -7.7898e-03 -1.8006e-01 -4.5166e-02
52 +9.507822962e+01 +9.507822962e+01 -3.670117704e+02 -3.670117704e+02 +6.5664e-02 -4.1451e-02 -5.4370e-02 -1.7317e-01 +1.0343e-01
86 +8.697353997e+01 +8.697353997e+01 -3.751164600e+02 -3.751164600e+02 +3.8686e-01 -3.6480e-02 -1.1741e-01 -1.1670e-01 +9.6247e-02
88 +8.451439272e+01 +8.451439272e+01 -3.775756073e+02 -3.775756073e+02 +4.5020e-01 +1.9632e-02 -8.2338e-02 -1.9030e-01 +5.9493e-02
141 +8.228834029e+01 +8.228834029e+01 -3.798016597e+02 -3.798016597e+02 +4.1561e-01 +1.3383e-03 -8.9563e-02 -1.6174e-01 +3.9800e-02
% function evaluation | noise-free fitness - Fopt (7.766000000000e+01) | best noise-free fitness - Fopt | measured fitness | best measured fitness | x1 | x2...
1 +1.918840342e+02 +1.918840342e+02 +2.695440342e+02 +2.695440342e+02 +0.0000e+00 +0.0000e+00 +0.0000e+00 +0.0000e+00 +0.0000e+00
3 +1.706889760e+02 +1.706889760e+02 +2.483489760e+02 +2.483489760e+02 -1.1070e-01 -5.0508e-02 +1.2224e-01 +1.5588e-01 -1.4429e-01
4 +1.672171705e+02 +1.672171705e+02 +2.448771705e+02 +2.448771705e+02 -1.1752e-01 -7.4147e-03 -6.5574e-03 -2.8816e-02 +1.9237e-01
6 +1.528880093e+02 +1.528880093e+02 +2.305480093e+02 +2.305480093e+02 -3.9467e-01 -2.6413e-01 -3.0778e-01 -1.2317e-01 +2.6261e-01
13 +1.511835376e+02 +1.511835376e+02 +2.288435376e+02 +2.288435376e+02 -1.5734e-01 +3.1390e-01 -2.0344e-01 +3.2752e-01 +2.4693e-01
14 +1.429748164e+02 +1.429748164e+02 +2.206348164e+02 +2.206348164e+02 -3.6737e-01 -7.2099e-03 -1.4334e-01 -3.4449e-02 +6.0420e-01
35 +1.376393794e+02 +1.376393794e+02 +2.152993794e+02 +2.152993794e+02 -1.5498e-01 +6.0639e-01 -4.6546e-01 +9.8011e-01 +6.8843e-01
41 +1.321542869e+02 +1.321542869e+02 +2.098142869e+02 +2.098142869e+02 -8.6635e-01 +8.7895e-01 -2.7317e-01 +6.0754e-01 +2.3240e-01
43 +9.581322716e+01 +9.581322716e+01 +1.734732272e+02 +1.734732272e+02 -5.8685e-01 +6.1866e-01 -2.2578e-01 +1.2811e+00 +7.4767e-01
55 +9.383756193e+01 +9.383756193e+01 +1.714975619e+02 +1.714975619e+02 -7.2424e-01 -1.0506e-01 -2.2301e-01 +2.0426e+00 +8.7506e-01
57 +8.542905832e+01 +8.542905832e+01 +1.630890583e+02 +1.630890583e+02 -3.1584e-01 -1.4178e-01 +2.0193e-01 +1.3145e+00 +1.0502e+00
71 +8.109502535e+01 +8.109502535e+01 +1.587550253e+02 +1.587550253e+02 -2.9080e-01 -2.0251e-01 +2.3907e-01 +2.0735e+00 +9.7296e-01
75 +7.162426929e+01 +7.162426929e+01 +1.492842693e+02 +1.492842693e+02 -1.1193e-01 -4.1942e-02 +4.0881e-01 +2.1854e+00 +2.0829e+00
83 +5.773120490e+01 +5.773120490e+01 +1.353912049e+02 +1.353912049e+02 -4.2989e-01 -6.9217e-01 +6.3937e-01 +2.1121e+00 +1.9369e+00
92 +5.461294077e+01 +5.461294077e+01 +1.322729408e+02 +1.322729408e+02 -4.0302e-01 -8.0841e-01 +5.3474e-01 +2.8471e+00 +1.2431e+00
93 +4.153414802e+01 +4.153414802e+01 +1.191941480e+02 +1.191941480e+02 -5.6566e-01 -8.8515e-01 +1.9234e-01 +2.6564e+00 +2.1953e+00
153 +3.737214757e+01 +3.737214757e+01 +1.150321476e+02 +1.150321476e+02 -5.4804e-01 -2.7759e-01 +7.8118e-01 +3.6211e+00 +1.7955e+00
157 +1.990751649e+01 +1.990751649e+01 +9.756751649e+01 +9.756751649e+01 -6.0014e-01 -5.9148e-02 +5.9468e-01 +2.8603e+00 +2.5013e+00
% function evaluation | noise-free fitness - Fopt (1.156800000000e+02) | best noise-free fitness - Fopt | measured fitness | best measured fitness | x1 | x2...
1 +2.457187506e+02 +2.457187506e+02 +3.613987506e+02 +3.613987506e+02 +0.0000e+00 +0.0000e+00 +0.0000e+00 +0.0000e+00 +0.0000e+00
2 +1.982097076e+02 +1.982097076e+02 +3.138897076e+02 +3.138897076e+02 +2.3312e-01 -4.0876e-01 +8.2975e-02 +9.2530e-02 +1.8173e-01
4 +1.926997518e+02 +1.926997518e+02 +3.083797518e+02 +3.083797518e+02 +1.7855e-01 +2.5704e-01 +3.0274e-01 +9.4054e-02 +1.9581e-01
14 +1.837488669e+02 +1.837488669e+02 +2.994288669e+02 +2.994288669e+02 -1.9962e-01 +6.0323e-01 +2.9880e-01 +3.1229e-02 +3.4974e-01
20 +1.745237248e+02 +1.745237248e+02 +2.902037248e+02 +2.902037248e+02 +1.8856e-01 +2.6488e-01 +3.4215e-01 +1.8987e-02 +3.8929e-01
44 +1.735497609e+02 +1.735497609e+02 +2.892297609e+02 +2.892297609e+02 +7.7393e-02 +1.6932e-01 -1.7358e-01 -3.7656e-04 +6.5362e-01
47 +1.684821709e+02 +1.684821709e+02 +2.841621709e+02 +2.841621709e+02 +2.8503e-02 +6.9151e-01 +1.7604e-01 +3.9718e-01 +5.0064e-01
49 +1.595412641e+02 +1.595412641e+02 +2.752212641e+02 +2.752212641e+02 -7.5083e-03 +3.5169e-01 -2.3441e-02 +5.7077e-01 +7.2163e-01
53 +1.471383074e+02 +1.471383074e+02 +2.628183074e+02 +2.628183074e+02 -1.2252e-01 +4.4131e-01 -2.0096e-01 +5.3728e-01 +6.7779e-01
77 +1.391567162e+02 +1.391567162e+02 +2.548367162e+02 +2.548367162e+02 +4.4655e-01 +5.5454e-01 -1.1215e-01 +8.4221e-01 +1.1021e+00
80 +1.301526114e+02 +1.301526114e+02 +2.458326114e+02 +2.458326114e+02 +3.0336e-01 +8.9880e-01 -1.4528e-01 +3.9257e-01 +1.6945e+00
81 +1.227671158e+02 +1.227671158e+02 +2.384471158e+02 +2.384471158e+02 +3.3769e-01 +2.4000e-01 +1.5496e-01 +8.5591e-01 +1.0617e+00
83 +1.053417517e+02 +1.053417517e+02 +2.210217517e+02 +2.210217517e+02 +4.8828e-01 +6.5669e-01 +1.8722e-01 +1.0376e+00 +1.2521e+00
93 +9.275625637e+01 +9.275625637e+01 +2.084362564e+02 +2.084362564e+02 +3.6839e-01 +8.4800e-01 -3.7307e-01 +1.5946e+00 +1.6697e+00
104 +6.822293986e+01 +6.822293986e+01 +1.839029399e+02 +1.839029399e+02 +2.3684e-01 +7.4532e-01 +1.9010e-01 +1.9693e+00 +1.7365e+00
109 +6.042879273e+01 +6.042879273e+01 +1.761087927e+02 +1.761087927e+02 +3.2884e-01 +5.0786e-01 -2.1008e-01 +2.6246e+00 +2.2951e+00
115 +5.602297367e+01 +5.602297367e+01 +1.717029737e+02 +1.717029737e+02 +3.0963e-01 +4.3444e-01 -6.8837e-01 +1.9892e+00 +2.9529e+00
125 +5.371972368e+01 +5.371972368e+01 +1.693997237e+02 +1.693997237e+02 +1.6252e-01 +9.9142e-01 -7.5156e-01 +2.9943e+00 +2.9435e+00
131 +5.117381811e+01 +5.117381811e+01 +1.668538181e+02 +1.668538181e+02 +3.4345e-01 +6.8328e-01 -7.1003e-01 +2.1964e+00 +2.7063e+00
151 +4.201578329e+01 +4.201578329e+01 +1.576957833e+02 +1.576957833e+02 +3.2166e-01 +4.6677e-01 -1.1532e+00 +3.1100e+00 +2.8465e+00
168 +3.963429020e+01 +3.963429020e+01 +1.553142902e+02 +1.553142902e+02 +1.6561e-01 +6.3897e-01 -1.1868e+00 +3.9544e+00 +2.6480e+00
173 +3.637731624e+01 +3.637731624e+01 +1.520573162e+02 +1.520573162e+02 +3.2641e-03 +7.4157e-01 -7.2409e-01 +3.1000e+00 +2.9031e+00
178 +1.460400870e+01 +1.460400870e+01 +1.302840087e+02 +1.302840087e+02 +2.2397e-01 +3.5828e-01 -3.9540e-01 +3.1026e+00 +3.2730e+00
% function evaluation | noise-free fitness - Fopt (-3.710000000000e+00) | best noise-free fitness - Fopt | measured fitness | best measured fitness | x1 | x2...
1 +2.580895641e+02 +2.580895641e+02 +2.543795641e+02 +2.543795641e+02 +0.0000e+00 +0.0000e+00 +0.0000e+00 +0.0000e+00 +0.0000e+00
2 +1.969577578e+02 +1.969577578e+02 +1.932477578e+02 +1.932477578e+02 +9.3439e-02 +1.7147e-02 +1.0977e-01 +9.9790e-02 +6.0663e-01
26 +1.884440321e+02 +1.884440321e+02 +1.847340321e+02 +1.847340321e+02 +5.8977e-01 -2.5091e-01 +1.0888e-01 +1.7604e-01 +1.4755e+00
34 +1.842718388e+02 +1.842718388e+02 +1.805618388e+02 +1.805618388e+02 -1.0961e-02 -3.1909e-01 -8.3754e-02 +1.6810e-01 +1.3712e+00
36 +1.712187399e+02 +1.712187399e+02 +1.675087399e+02 +1.675087399e+02 -1.1007e-02 -4.0556e-01 +6.5704e-02 +2.1934e-01 +1.8996e+00
43 +1.515096906e+02 +1.515096906e+02 +1.477996906e+02 +1.477996906e+02 -7.9697e-01 -1.2696e-01 -4.5342e-01 +1.7369e-01 +2.1111e+00
46 +1.231685870e+02 +1.231685870e+02 +1.194585870e+02 +1.194585870e+02 +4.8086e-01 -6.7607e-01 -5.5450e-01 +8.9300e-01 +1.6782e+00
73 +1.167908527e+02 +1.167908527e+02 +1.130808527e+02 +1.130808527e+02 +2.5885e-01 -6.9389e-02 -1.1401e+00 +1.2084e+00 +2.9540e+00
87 +8.630951335e+01 +8.630951335e+01 +8.259951335e+01 +8.259951335e+01 +8.8606e-01 -9.1343e-02 -1.2032e+00 +1.7386e+00 +2.4637e+00
117 +8.357595463e+01 +8.357595463e+01 +7.986595463e+01 +7.986595463e+01 +8.2607e-01 -8.1124e-01 -5.9408e-01 +2.2202e+00 +2.3771e+00
120 +7.652880180e+01 +7.652880180e+01 +7.281880180e+01 +7.281880180e+01 +1.0271e+00 -6.9431e-01 -6.2837e-01 +2.0402e+00 +2.4851e+00
131 +5.853162862e+01 +5.853162862e+01 +5.482162862e+01 +5.482162862e+01 +5.2945e-01 -6.2019e-01 +4.1585e-02 +3.5101e+00 +2.4904e+00
135 +5.481005686e+01 +5.481005686e+01 +5.110005686e+01 +5.110005686e+01 +8.2921e-01 -9.2936e-01 +6.7507e-01 +2.3158e+00 +2.7705e+00
172 +3.573310843e+01 +3.573310843e+01 +3.202310843e+01 +3.202310843e+01 -4.3024e-02 -1.5438e+00 -4.7395e-01 +3.4690e+00 +2.4792e+00
187 +2.719275237e+01 +2.719275237e+01 +2.348275237e+01 +2.348275237e+01 +8.0620e-02 -9.2709e-01 +1.1323e+00 +4.8453e+00 +2.8772e+00
358 +2.218190100e+01 +2.218190100e+01 +1.847190100e+01 +1.847190100e+01 -8.4829e-03 -9.4483e-01 +1.1711e+00 +3.5249e+00 +2.8707e+00
384 +1.970935056e+01 +1.970935056e+01 +1.599935056e+01 +1.599935056e+01 +2.9392e-02 -8.9820e-01 +1.1667e+00 +3.4845e+00 +2.8229e+00
396 +1.925032974e+01 +1.925032974e+01 +1.554032974e+01 +1.554032974e+01 +3.4080e-02 -8.7847e-01 +1.1334e+00 +3.4912e+00 +2.8516e+00
454 +1.809313548e+01 +1.809313548e+01 +1.438313548e+01 +1.438313548e+01 +2.2771e-02 -8.5536e-01 +1.2046e+00 +3.5086e+00 +2.8410e+00
459 +1.764854898e+01 +1.764854898e+01 +1.393854898e+01 +1.393854898e+01 +4.2526e-02 -8.4529e-01 +1.1967e+00 +3.4949e+00 +2.8427e+00
488 +1.736888048e+01 +1.736888048e+01 +1.365888048e+01 +1.365888048e+01 +7.0873e-02 -8.2694e-01 +1.1986e+00 +3.4940e+00 +2.8410e+00
576 +1.667569164e+01 +1.667569164e+01 +1.296569164e+01 +1.296569164e+01 +6.1842e-02 -7.5694e-01 +1.1863e+00 +3.4944e+00 +2.8494e+00
580 +1.659049090e+01 +1.659049090e+01 +1.288049090e+01 +1.288049090e+01 +5.3560e-02 -7.4632e-01 +1.1678e+00 +3.4978e+00 +2.8393e+00
620 +1.615194622e+01 +1.615194622e+01 +1.244194622e+01 +1.244194622e+01 +5.9956e-02 -7.0369e-01 +1.2026e+00 +3.5075e+00 +2.8480e+00
% function evaluation | noise-free fitness - Fopt (1.321800000000e+02) | best noise-free fitness - Fopt | measured fitness | best measured fitness | x1 | x2...
1 +1.867275087e+02 +1.867275087e+02 +3.189075087e+02 +3.189075087e+02 +0.0000e+00 +0.0000e+00 +0.0000e+00 +0.0000e+00 +0.0000e+00
3 +1.783175722e+02 +1.783175722e+02 +3.104975722e+02 +3.104975722e+02 +2.9733e-01 +7.7461e-02 +2.2418e-01 -2.4092e-02 +3.3584e-01
4 +1.627081385e+02 +1.627081385e+02 +2.948881385e+02 +2.948881385e+02 +8.2617e-02 +2.1281e-01 +1.5921e-01 +2.9470e-02 +2.0980e-01
17 +1.478427885e+02 +1.478427885e+02 +2.800227885e+02 +2.800227885e+02 -1.2497e-03 -2.5726e-01 +5.8972e-01 -1.2501e-01 +3.3085e-01
21 +1.432406864e+02 +1.432406864e+02 +2.754206864e+02 +2.754206864e+02 +3.8856e-01 -4.3264e-01 +1.0341e+00 -1.5224e-01 +2.0015e-01
36 +1.273066843e+02 +1.273066843e+02 +2.594866843e+02 +2.594866843e+02 +7.3013e-01 -6.0806e-02 +7.5965e-01 +1.0008e-01 +5.9942e-01
54 +1.070173255e+02 +1.070173255e+02 +2.391973255e+02 +2.391973255e+02 +4.0187e-01 -1.0456e-01 +1.2889e+00 -2.0365e-01 +1.0693e+00
64 +9.772401616e+01 +9.772401616e+01 +2.299040162e+02 +2.299040162e+02 +1.2234e+00 +1.0782e-01 +1.1518e+00 +8.0448e-02 +1.0735e+00
74 +8.257192438e+01 +8.257192438e+01 +2.147519244e+02 +2.147519244e+02 +5.3383e-01 +1.1082e-01 +1.8156e+00 +1.4451e-01 +1.3422e+00
97 +6.545757829e+01 +6.545757829e+01 +1.976375783e+02 +1.976375783e+02 +7.7492e-01 +1.3166e-01 +2.4028e+00 -4.0918e-01 +1.4909e+00
123 +6.257638769e+01 +6.257638769e+01 +1.947563877e+02 +1.947563877e+02 +6.5533e-01 +6.2072e-01 +1.4837e+00 -8.2464e-01 +1.8758e+00
124 +5.912187731e+01 +5.912187731e+01 +1.913018773e+02 +1.913018773e+02 +8.6496e-01 +1.9083e-03 +2.5686e+00 -7.8126e-01 +2.2108e+00
130 +5.834287921e+01 +5.834287921e+01 +1.905228792e+02 +1.905228792e+02 +5.8906e-01 +2.1716e-01 +2.3422e+00 -8.2262e-01 +1.6835e+00
133 +4.783878827e+01 +4.783878827e+01 +1.800187883e+02 +1.800187883e+02 +9.9419e-01 +1.5829e-01 +3.0529e+00 -1.0221e+00 +2.4520e+00
138 +4.273717185e+01 +4.273717185e+01 +1.749171718e+02 +1.749171718e+02 +5.5563e-01 +1.7491e-01 +2.3630e+00 -1.2459e+00 +2.4681e+00
179 +3.920473679e+01 +3.920473679e+01 +1.713847368e+02 +1.713847368e+02 +5.4901e-01 -8.4556e-03 +2.3545e+00 -1.4936e+00 +2.5462e+00
186 +3.728358509e+01 +3.728358509e+01 +1.694635851e+02 +1.694635851e+02 +7.4681e-01 +4.6660e-02 +2.5242e+00 -1.5138e+00 +2.1882e+00
199 +2.720535653e+01 +2.720535653e+01 +1.593853565e+02 +1.593853565e+02 +6.3903e-01 +2.9693e-02 +2.7958e+00 -1.5429e+00 +2.4325e+00
200 +2.655467884e+01 +2.655467884e+01 +1.587346788e+02 +1.587346788e+02 +6.5392e-01 +1.6154e-01 +2.8709e+00 -1.5534e+00 +2.2453e+00
211 +2.443678807e+01 +2.443678807e+01 +1.566167881e+02 +1.566167881e+02 +7.1318e-01 +4.4409e-02 +2.9123e+00 -1.6338e+00 +2.4815e+00
298 +2.227827312e+01 +2.227827312e+01 +1.544582731e+02 +1.544582731e+02 +6.3574e-01 +8.0001e-02 +2.8497e+00 -1.5188e+00 +2.4376e+00
340 +2.012956604e+01 +2.012956604e+01 +1.523095660e+02 +1.523095660e+02 +7.3605e-01 +1.8032e-01 +2.8439e+00 -1.4879e+00 +2.4751e+00
376 +1.662512526e+01 +1.662512526e+01 +1.488051253e+02 +1.488051253e+02 +7.1647e-01 +7.8884e-02 +2.8306e+00 -1.5437e+00 +2.4834e+00
427 +1.633460391e+01 +1.633460391e+01 +1.485146039e+02 +1.485146039e+02 +7.3276e-01 +1.2204e-01 +2.9078e+00 -1.5310e+00 +2.4734e+00
440 +1.601113933e+01 +1.601113933e+01 +1.481911393e+02 +1.481911393e+02 +7.0384e-01 +9.5705e-02 +2.8636e+00 -1.5121e+00 +2.4735e+00
444 +1.571351056e+01 +1.571351056e+01 +1.478935106e+02 +1.478935106e+02 +7.4324e-01 +1.1236e-01 +2.8745e+00 -1.5266e+00 +2.4765e+00
452 +1.548367190e+01 +1.548367190e+01 +1.476636719e+02 +1.476636719e+02 +7.2857e-01 +1.0821e-01 +2.8843e+00 -1.5188e+00 +2.4792e+00
460 +1.501424344e+01 +1.501424344e+01 +1.471942434e+02 +1.471942434e+02 +7.1674e-01 +1.1778e-01 +2.8711e+00 -1.5228e+00 +2.4858e+00
% function evaluation | noise-free fitness - Fopt (1.000000000000e+03) | best noise-free fitness - Fopt | measured fitness | best measured fitness | x1 | x2...
1 +1.329655761e+02 +1.329655761e+02 +1.132965576e+03 +1.132965576e+03 +0.0000e+00 +0.0000e+00 +0.0000e+00 +0.0000e+00 +0.0000e+00
2 +1.225749904e+02 +1.225749904e+02 +1.122574990e+03 +1.122574990e+03 +3.5429e-01 -3.5426e-01 -2.4055e-01 +3.4237e-01 +1.6794e-02
3 +1.165865696e+02 +1.165865696e+02 +1.116586570e+03 +1.116586570e+03 +2.3723e-01 +3.1615e-01 +1.7551e-01 +1.2385e-01 -4.7259e-02
5 +1.144899672e+02 +1.144899672e+02 +1.114489967e+03 +1.114489967e+03 -1.6964e-01 +1.8874e-01 +2.2559e-01 -2.4300e-01 -2.6461e-02
8 +1.102291065e+02 +1.102291065e+02 +1.110229107e+03 +1.110229107e+03 +8.1076e-02 +7.9779e-02 -4.6752e-02 +2.9654e-01 +2.6888e-01
11 +1.093542548e+02 +1.093542548e+02 +1.109354255e+03 +1.109354255e+03 -2.0229e-01 -1.1641e-01 +7.0503e-02 +1.6812e-01 +1.6544e-01
16 +8.276525357e+01 +8.276525357e+01 +1.082765254e+03 +1.082765254e+03 -1.1174e-01 +3.2321e-01 +6.0786e-02 -1.0761e-01 +5.0991e-01
92 +7.359320176e+01 +7.359320176e+01 +1.073593202e+03 +1.073593202e+03 -3.4636e-01 +1.1776e+00 +9.6982e-02 +1.2399e-01 +8.7758e-01
103 +6.993056388e+01 +6.993056388e+01 +1.069930564e+03 +1.069930564e+03 -3.1666e-01 +1.1355e+00 +4.0869e-02 -8.0066e-02 +8.4206e-01
111 +6.797838841e+01 +6.797838841e+01 +1.067978388e+03 +1.067978388e+03 -3.2516e-01 +1.0211e+00 +3.3111e-02 -1.6898e-01 +8.2939e-01
165 +6.660547424e+01 +6.660547424e+01 +1.066605474e+03 +1.066605474e+03 -3.4707e-01 +9.9004e-01 +1.1209e-01 -1.5990e-01 +8.4306e-01
187 +6.555744096e+01 +6.555744096e+01 +1.065557441e+03 +1.065557441e+03 -4.3010e-01 +1.0352e+00 +1.1190e-01 -1.3169e-01 +8.7685e-01
265 +6.456397648e+01 +6.456397648e+01 +1.064563976e+03 +1.064563976e+03 -3.9856e-01 +1.0658e+00 +1.0135e-01 -1.4050e-01 +8.6862e-01
% function evaluation | noise-free fitness - Fopt (-1.846000000000e+01) | best noise-free fitness - Fopt | measured fitness | best measured fitness | x1 | x2...
1 +1.192778086e+02 +1.192778086e+02 +1.008178086e+02 +1.008178086e+02 +0.0000e+00 +0.0000e+00 +0.0000e+00 +0.0000e+00 +0.0000e+00
4 +9.666066066e+01 +9.666066066e+01 +7.820066066e+01 +7.820066066e+01 +9.7563e-02 +1.6770e-01 +2.8680e-01 +2.8156e-01 +1.0953e-01
5 +8.667194624e+01 +8.667194624e+01 +6.821194624e+01 +6.821194624e+01 +1.6953e-01 -2.0536e-01 +3.3260e-01 +2.0655e-01 -1.1583e-02
13 +8.481861863e+01 +8.481861863e+01 +6.635861863e+01 +6.635861863e+01 +3.3612e-01 -1.7676e-01 +2.3876e-01 +4.7726e-02 +2.6369e-01
19 +7.576049860e+01 +7.576049860e+01 +5.730049860e+01 +5.730049860e+01 +4.0506e-01 -1.3724e-01 +3.0513e-01 +1.3077e-01 +6.1742e-01
26 +7.170132289e+01 +7.170132289e+01 +5.324132289e+01 +5.324132289e+01 +3.4656e-01 +1.9861e-01 +4.6207e-01 +5.3986e-02 +5.9969e-01
32 +6.662084381e+01 +6.662084381e+01 +4.816084381e+01 +4.816084381e+01 +3.1127e-01 +1.4569e-01 +4.0442e-01 +9.7124e-02 +5.9652e-01
48 +6.333570182e+01 +6.333570182e+01 +4.487570182e+01 +4.487570182e+01 +4.0753e-01 +3.0946e-01 +3.2165e-01 +4.5095e-01 +3.5740e-01
82 +5.672650900e+01 +5.672650900e+01 +3.826650900e+01 +3.826650900e+01 +1.1154e-01 +8.9152e-02 +3.4402e-01 +7.7100e-01 +6.6060e-01
148 +5.565682407e+01 +5.565682407e+01 +3.719682407e+01 +3.719682407e+01 +7.2889e-02 +3.2320e-01 +2.2640e-01 +7.0282e-01 +9.3157e-01
168 +5.270308114e+01 +5.270308114e+01 +3.424308114e+01 +3.424308114e+01 +1.2833e-01 +3.6713e-01 +3.9055e-01 +8.5210e-01 +8.8934e-01
171 +5.116560287e+01 +5.116560287e+01 +3.270560287e+01 +3.270560287e+01 +2.1175e-01 +3.1256e-01 +2.3249e-01 +8.3949e-01 +9.3754e-01
191 +5.001762860e+01 +5.001762860e+01 +3.155762860e+01 +3.155762860e+01 +1.5453e-01 +3.6865e-01 +1.7871e-01 +7.8176e-01 +9.2181e-01
196 +4.435105396e+01 +4.435105396e+01 +2.589105396e+01 +2.589105396e+01 +8.9196e-02 +3.3616e-01 +2.5724e-01 +7.9781e-01 +8.8979e-01
224 +3.897574311e+01 +3.897574311e+01 +2.051574311e+01 +2.051574311e+01 +2.3003e-01 +3.3645e-01 +2.7928e-01 +7.8018e-01 +9.0963e-01
234 +3.813368831e+01 +3.813368831e+01 +1.967368831e+01 +1.967368831e+01 +2.1625e-01 +3.0160e-01 +2.7373e-01 +7.8923e-01 +9.1676e-01
270 +3.745782959e+01 +3.745782959e+01 +1.899782959e+01 +1.899782959e+01 +1.8352e-01 +3.3751e-01 +3.1300e-01 +7.8606e-01 +9.2478e-01
299 +3.700920781e+01 +3.700920781e+01 +1.854920781e+01 +1.854920781e+01 +1.9186e-01 +3.2201e-01 +3.0276e-01 +7.9009e-01 +9.2824e-01
% function evaluation | noise-free fitness - Fopt (-6.046000000000e+01) | best noise-free fitness - Fopt | measured fitness | best measured fitness | x1 | x2...
1 +2.565883406e+02 +2.565883406e+02 +1.961283406e+02 +1.961283406e+02 +0.0000e+00 +0.0000e+00 +0.0000e+00 +0.0000e+00 +0.0000e+00
2 +2.347303580e+02 +2.347303580e+02 +1.742703580e+02 +1.742703580e+02 -5.6543e-02 +1.8865e-01 +1.0889e-01 -3.1582e-01 +6.7244e-02
10 +2.312494787e+02 +2.312494787e+02 +1.707894787e+02 +1.707894787e+02 -1.8648e-01 -4.4959e-02 -1.0605e-01 -3.3428e-01 +1.6565e-01
11 +2.183343894e+02 +2.183343894e+02 +1.578743894e+02 +1.578743894e+02 -8.6160e-02 +7.7818e-02 +1.4509e-01 +1.8235e-01 +3.0899e-01
20 +2.130133087e+02 +2.130133087e+02 +1.525533087e+02 +1.525533087e+02 -5.2470e-01 -5.6009e-02 -2.2460e-01 +4.5210e-01 +3.7552e-01
25 +2.066652409e+02 +2.066652409e+02 +1.462052409e+02 +1.462052409e+02 -2.8094e-01 -1.6815e-02 +2.3512e-01 +3.7803e-01 +2.0053e-01
32 +1.896244385e+02 +1.896244385e+02 +1.291644385e+02 +1.291644385e+02 -3.4786e-01 +2.6229e-01 +3.1412e-01 +3.4400e-01 +7.6692e-01
40 +1.744471194e+02 +1.744471194e+02 +1.139871194e+02 +1.139871194e+02 -4.2662e-01 +4.8532e-02 +1.0239e-01 +2.2751e-01 +7.0112e-01
57 +1.563373164e+02 +1.563373164e+02 +9.587731636e+01 +9.587731636e+01 -1.0673e-02 +1.5173e-01 +7.0131e-01 +2.6507e-01 +9.9966e-01
63 +1.509731374e+02 +1.509731374e+02 +9.051313739e+01 +9.051313739e+01 -1.1988e-01 +5.7329e-01 +1.0021e+00 -2.8707e-02 +1.5454e+00
66 +1.368426736e+02 +1.368426736e+02 +7.638267362e+01 +7.638267362e+01 -2.4111e-02 +6.6172e-01 +1.1902e+00 -1.7877e-01 +1.2635e+00
67 +1.241380525e+02 +1.241380525e+02 +6.367805248e+01 +6.367805248e+01 -4.0940e-01 +1.9543e-01 +1.0883e-01 +1.5883e-01 +1.6291e+00
78 +1.107327727e+02 +1.107327727e+02 +5.027277268e+01 +5.027277268e+01 -4.8025e-01 +6.4085e-01 +4.8011e-01 +3.5979e-01 +2.2876e+00
79 +1.082853355e+02 +1.082853355e+02 +4.782533553e+01 +4.782533553e+01 -4.7111e-01 -2.9390e-01 +6.6984e-01 +4.6381e-01 +2.3904e+00
82 +9.985885985e+01 +9.985885985e+01 +3.939885985e+01 +3.939885985e+01 -6.2009e-01 +9.2390e-02 +7.0455e-01 +9.1468e-02 +2.3808e+00
83 +8.320362049e+01 +8.320362049e+01 +2.274362049e+01 +2.274362049e+01 -2.5926e-01 +1.4072e-01 +7.1203e-01 +9.6018e-01 +2.4172e+00
96 +7.612923534e+01 +7.612923534e+01 +1.566923534e+01 +1.566923534e+01 -6.2737e-01 +4.4657e-01 +1.5161e+00 +1.2685e+00 +3.4819e+00
117 +5.961953341e+01 +5.961953341e+01 -8.404665931e-01 -8.404665931e-01 +2.1284e-01 +8.9527e-01 +1.9688e+00 +9.8769e-01 +3.2169e+00
118 +5.730304865e+01 +5.730304865e+01 -3.156951350e+00 -3.156951350e+00 +2.0695e-02 +7.0342e-01 +2.9524e+00 +1.5597e+00 +3.7519e+00
148 +4.804109071e+01 +4.804109071e+01 -1.241890929e+01 -1.241890929e+01 +7.9964e-01 +7.1046e-01 +2.8772e+00 +1.0251e+00 +2.9415e+00
156 +3.733258989e+01 +3.733258989e+01 -2.312741011e+01 -2.312741011e+01 +6.6879e-01 +8.5080e-01 +2.9638e+00 +5.4359e-01 +3.2599e+00
249 +3.693451076e+01 +3.693451076e+01 -2.352548924e+01 -2.352548924e+01 -9.8144e-02 +1.7943e+00 +3.1084e+00 +1.6938e+00 +3.2531e+00
250 +2.980124875e+01 +2.980124875e+01 -3.065875125e+01 -3.065875125e+01 +7.5324e-01 +1.7179e+00 +2.9750e+00 +1.8810e+00 +3.9197e+00
379 +2.645275437e+01 +2.645275437e+01 -3.400724563e+01 -3.400724563e+01 +7.9132e-01 +1.6491e+00 +2.4090e+00 +2.4889e+00 +3.6372e+00
405 +2.460251120e+01 +2.460251120e+01 -3.585748880e+01 -3.585748880e+01 +7.4199e-01 +1.7662e+00 +2.3835e+00 +2.4508e+00 +3.2136e+00
455 +2.369891525e+01 +2.369891525e+01 -3.676108475e+01 -3.676108475e+01 +7.0247e-01 +2.2245e+00 +2.4330e+00 +2.0621e+00 +3.8707e+00
470 +1.492505056e+01 +1.492505056e+01 -4.553494944e+01 -4.553494944e+01 +6.5891e-01 +2.2234e+00 +2.4519e+00 +2.1644e+00 +3.9818e+00
530 +1.399972116e+01 +1.399972116e+01 -4.646027884e+01 -4.646027884e+01 +6.4607e-01 +2.2932e+00 +2.3756e+00 +2.1694e+00 +3.9856e+00
541 +9.796338460e+00 +9.796338460e+00 -5.066366154e+01 -5.066366154e+01 +6.5900e-01 +2.2975e+00 +2.4094e+00 +2.2116e+00 +3.9146e+00
685 +8.824016579e+00 +8.824016579e+00 -5.163598342e+01 -5.163598342e+01 +6.4386e-01 +2.2649e+00 +2.4302e+00 +2.1875e+00 +3.9097e+00
693 +8.458282670e+00 +8.458282670e+00 -5.200171733e+01 -5.200171733e+01 +6.6834e-01 +2.2597e+00 +2.4195e+00 +2.2002e+00 +3.9005e+00
713 +7.502576306e+00 +7.502576306e+00 -5.295742369e+01 -5.295742369e+01 +6.6068e-01 +2.2519e+00 +2.3707e+00 +2.1871e+00 +3.9151e+00
783 +7.194889579e+00 +7.194889579e+00 -5.326511042e+01 -5.326511042e+01 +6.8228e-01 +2.2412e+00 +2.3836e+00 +2.1866e+00 +3.9094e+00
872 +7.040801986e+00 +7.040801986e+00 -5.341919801e+01 -5.341919801e+01 +6.9407e-01 +2.2395e+00 +2.3928e+00 +2.1931e+00 +3.9142e+00
% function evaluation | noise-free fitness - Fopt (3.173300000000e+02) | best noise-free fitness - Fopt | measured fitness | best measured fitness | x1 | x2...
1 +1.510452669e+02 +1.510452669e+02 +4.683752669e+02 +4.683752669e+02 +0.0000e+00 +0.0000e+00 +0.0000e+00 +0.0000e+00 +0.0000e+00
8 +1.452024542e+02 +1.452024542e+02 +4.625324542e+02 +4.625324542e+02 -2.2692e-01 -1.3713e-01 -4.1295e-01 -5.7369e-02 +2.4348e-01
11 +1.422360644e+02 +1.422360644e+02 +4.595660644e+02 +4.595660644e+02 -1.0746e-01 -1.7961e-01 -1.9324e-01 +4.0967e-01 -1.3668e-01
19 +1.198638209e+02 +1.198638209e+02 +4.371938209e+02 +4.371938209e+02 -4.4436e-01 -3.5241e-01 +1.3912e-01 +3.3662e-01 -1.8890e-01
28 +1.081246815e+02 +1.081246815e+02 +4.254546815e+02 +4.254546815e+02 -2.2895e-01 -2.1932e-01 +3.9204e-01 +3.8948e-01 -2.8471e-01
35 +9.465801344e+01 +9.465801344e+01 +4.119880134e+02 +4.119880134e+02 -2.8207e-01 -2.4300e-01 +5.2675e-01 +4.4199e-01 -1.4179e-02
46 +8.804637656e+01 +8.804637656e+01 +4.053763766e+02 +4.053763766e+02 -2.8668e-01 -3.3260e-01 +9.9912e-01 +2.2130e-01 +1.9743e-01
74 +7.471689835e+01 +7.471689835e+01 +3.920468983e+02 +3.920468983e+02 -7.5259e-01 -1.2787e+00 +2.2271e+00 +3.7122e-01 +4.1620e-01
78 +6.890485440e+01 +6.890485440e+01 +3.862348544e+02 +3.862348544e+02 -7.4665e-01 -1.2784e+00 +2.1812e+00 +4.1436e-01 +3.1752e-01
83 +6.331331360e+01 +6.331331360e+01 +3.806433136e+02 +3.806433136e+02 -1.4139e+00 -2.0412e+00 +3.3723e+00 +8.4270e-01 +2.0010e-01
101 +3.380897713e+01 +3.380897713e+01 +3.511389771e+02 +3.511389771e+02 -1.7113e+00 -1.8620e+00 +3.7777e+00 +9.9940e-01 +3.2555e-01
149 +3.182560192e+01 +3.182560192e+01 +3.491556019e+02 +3.491556019e+02 +4.5450e-01 -2.7573e+00 +2.6663e+00 +1.8970e+00 +1.6479e-02
303 +2.689674499e+01 +2.689674499e+01 +3.442267450e+02 +3.442267450e+02 -4.5484e-01 -4.6059e+00 +3.3072e+00 +1.8363e+00 -1.8034e-02
333 +2.590188871e+01 +2.590188871e+01 +3.432318887e+02 +3.432318887e+02 -5.0889e-01 -3.9071e+00 +2.7673e+00 +1.8613e+00 +2.6105e-01
388 +2.402230736e+01 +2.402230736e+01 +3.413523074e+02 +3.413523074e+02 -6.9479e-01 -4.1259e+00 +3.1771e+00 +1.8313e+00 +3.1956e-01
394 +1.814742414e+01 +1.814742414e+01 +3.354774241e+02 +3.354774241e+02 -6.2200e-01 -4.2059e+00 +3.1961e+00 +1.8593e+00 +2.8261e-01
474 +1.758025328e+01 +1.758025328e+01 +3.349102533e+02 +3.349102533e+02 -7.2786e-01 -4.1352e+00 +3.3054e+00 +1.8974e+00 +2.5565e-01
526 +1.596879273e+01 +1.596879273e+01 +3.332987927e+02 +3.332987927e+02 -6.2723e-01 -4.1218e+00 +3.1685e+00 +1.8968e+00 +3.0003e-01
534 +1.387158662e+01 +1.387158662e+01 +3.312015866e+02 +3.312015866e+02 -6.1519e-01 -4.1224e+00 +3.2319e+00 +1.9211e+00 +2.9792e-01
546 +1.375138892e+01 +1.375138892e+01 +3.310813889e+02 +3.310813889e+02 -6.0939e-01 -4.1256e+00 +3.3185e+00 +1.9125e+00 +2.7965e-01
550 +1.346540551e+01 +1.346540551e+01 +3.307954055e+02 +3.307954055e+02 -5.9334e-01 -4.1686e+00 +3.2846e+00 +1.9285e+00 +2.6069e-01
556 +1.316495160e+01 +1.316495160e+01 +3.304949516e+02 +3.304949516e+02 -6.1992e-01 -4.1589e+00 +3.2913e+00 +1.9083e+00 +2.6212e-01
559 +1.235455646e+01 +1.235455646e+01 +3.296845565e+02 +3.296845565e+02 -5.9769e-01 -4.1207e+00 +3.2530e+00 +1.9101e+00 +2.4631e-01
567 +1.171561028e+01 +1.171561028e+01 +3.290456103e+02 +3.290456103e+02 -5.1352e-01 -4.1346e+00 +3.3097e+00 +1.9201e+00 +2.5973e-01
574 +1.138978097e+01 +1.138978097e+01 +3.287197810e+02 +3.287197810e+02 -5.6885e-01 -4.1298e+00 +3.2754e+00 +1.9022e+00 +2.5430e-01
577 +1.109655905e+01 +1.109655905e+01 +3.284265591e+02 +3.284265591e+02 -5.0421e-01 -4.1468e+00 +3.2871e+00 +1.8820e+00 +2.7327e-01
580 +1.043739333e+01 +1.043739333e+01 +3.277673933e+02 +3.277673933e+02 -5.0314e-01 -4.1361e+00 +3.2735e+00 +1.8891e+00 +2.6389e-01
644 +1.016081484e+01 +1.016081484e+01 +3.274908148e+02 +3.274908148e+02 -5.0834e-01 -4.1287e+00 +3.2491e+00 +1.9015e+00 +2.7281e-01
661 +9.991213746e+00 +9.991213746e+00 +3.273212137e+02 +3.273212137e+02 -4.8228e-01 -4.1381e+00 +3.2473e+00 +1.8978e+00 +2.6850e-01
% function evaluation | noise-free fitness - Fopt (3.384000000000e+02) | best noise-free fitness - Fopt | measured fitness | best measured fitness | x1 | x2...
1 +1.095274171e+02 +1.095274171e+02 +4.479274171e+02 +4.479274171e+02 +0.0000e+00 +0.0000e+00 +0.0000e+00 +0.0000e+00 +0.0000e+00
4 +1.021416603e+02 +1.021416603e+02 +4.405416603e+02 +4.405416603e+02 -5.6495e-02 -1.8891e-02 -3.6142e-01 +3.9233e-01 +2.9942e-01
8 +9.423113941e+01 +9.423113941e+01 +4.326311394e+02 +4.326311394e+02 +5.5173e-02 -5.4976e-02 +3.5626e-01 +9.7055e-02 +2.1512e-02
11 +8.068408185e+01 +8.068408185e+01 +4.190840818e+02 +4.190840818e+02 +7.6697e-03 -5.3455e-02 +3.9032e-01 +1.8516e-01 +4.3724e-01
45 +7.187713303e+01 +7.187713303e+01 +4.102771330e+02 +4.102771330e+02 -6.1990e-01 -1.0710e-01 +1.4176e+00 -1.4107e-01 +6.0222e-01
46 +5.879554418e+01 +5.879554418e+01 +3.971955442e+02 +3.971955442e+02 -2.9262e-02 -4.5617e-02 +2.1445e+00 -1.6243e-01 +4.8585e-01
127 +4.788441989e+01 +4.788441989e+01 +3.862844199e+02 +3.862844199e+02 -8.7805e-01 -4.7316e-02 +1.5979e+00 +5.7400e-01 +5.7492e-01
339 +4.614390066e+01 +4.614390066e+01 +3.845439007e+02 +3.845439007e+02 -1.0396e+00 -1.1021e-01 +1.5463e+00 +5.7000e-01 +9.3679e-01
349 +3.952965778e+01 +3.952965778e+01 +3.779296578e+02 +3.779296578e+02 -8.3865e-01 -9.6906e-02 +1.5880e+00 +6.5646e-01 +9.1149e-01
390 +3.871829036e+01 +3.871829036e+01 +3.771182904e+02 +3.771182904e+02 -8.7132e-01 -1.4754e-01 +1.5464e+00 +6.6776e-01 +9.2310e-01
461 +3.787556583e+01 +3.787556583e+01 +3.762755658e+02 +3.762755658e+02 -8.7240e-01 -1.2363e-01 +1.5481e+00 +6.4998e-01 +9.3395e-01
532 +3.697361072e+01 +3.697361072e+01 +3.753736107e+02 +3.753736107e+02 -9.1415e-01 -1.1083e-01 +1.5454e+00 +6.6394e-01 +9.3269e-01
% function evaluation | noise-free fitness - Fopt (-4.940000000000e+01) | best noise-free fitness - Fopt | measured fitness | best measured fitness | x1 | x2...
1 +1.980011705e+02 +1.980011705e+02 +1.486011705e+02 +1.486011705e+02 +0.0000e+00 +0.0000e+00 +0.0000e+00 +0.0000e+00 +0.0000e+00
6 +1.793826367e+02 +1.793826367e+02 +1.299826367e+02 +1.299826367e+02 -2.4162e-01 +5.9299e-02 -4.3074e-01 +1.9978e-02 +2.9832e-01
7 +1.658433685e+02 +1.658433685e+02 +1.164433685e+02 +1.164433685e+02 +1.0818e-01 -9.0619e-02 +8.6434e-02 -1.1366e-01 +2.7880e-01
17 +1.597609256e+02 +1.597609256e+02 +1.103609256e+02 +1.103609256e+02 -3.3115e-02 +9.5922e-02 -3.9134e-01 +1.7377e-01 +5.2345e-01
22 +1.392944502e+02 +1.392944502e+02 +8.989445021e+01 +8.989445021e+01 -1.9771e-01 -1.2430e-01 -3.9567e-01 -3.2576e-02 +7.5628e-01
27 +1.260183523e+02 +1.260183523e+02 +7.661835233e+01 +7.661835233e+01 -8.7917e-02 -1.4019e-02 -3.4561e-01 +7.6200e-03 +8.5182e-01
46 +1.173149621e+02 +1.173149621e+02 +6.791496208e+01 +6.791496208e+01 +1.3769e-01 +3.6408e-01 -4.0715e-01 -1.1037e-01 +1.1774e+00
59 +1.047668783e+02 +1.047668783e+02 +5.536687834e+01 +5.536687834e+01 +1.0708e-01 -1.8077e-02 -4.3205e-01 +7.8724e-02 +1.7836e+00
69 +9.541193622e+01 +9.541193622e+01 +4.601193622e+01 +4.601193622e+01 +2.9801e-01 -1.4892e-01 -5.4144e-01 -4.0017e-02 +1.8951e+00
82 +9.123166691e+01 +9.123166691e+01 +4.183166691e+01 +4.183166691e+01 +7.0363e-01 -1.1753e-01 -4.9497e-01 -1.6347e-01 +1.8611e+00
85 +8.842365355e+01 +8.842365355e+01 +3.902365355e+01 +3.902365355e+01 +8.3854e-01 -2.3021e-01 -5.5398e-01 +8.5112e-02 +2.2653e+00
86 +6.276169745e+01 +6.276169745e+01 +1.336169745e+01 +1.336169745e+01 +7.9000e-01 -1.1000e+00 -5.1964e-01 +1.8623e-03 +2.8206e+00
122 +5.799444100e+01 +5.799444100e+01 +8.594440997e+00 +8.594440997e+00 +1.8672e+00 -1.4915e-01 -2.4020e-01 +5.8613e-02 +3.0934e+00
157 +4.204526386e+01 +4.204526386e+01 -7.354736137e+00 -7.354736137e+00 +1.5971e+00 +4.8560e-01 -4.9823e-01 -9.2757e-02 +3.4548e+00
201 +3.670481126e+01 +3.670481126e+01 -1.269518874e+01 -1.269518874e+01 +1.8246e+00 -8.2021e-02 -4.5221e-01 -1.4351e-01 +3.4500e+00
365 +3.584736832e+01 +3.584736832e+01 -1.355263168e+01 -1.355263168e+01 +2.0338e+00 +5.3977e-01 -3.7669e-01 -6.5588e-01 +3.4036e+00
438 +3.370946674e+01 +3.370946674e+01 -1.569053326e+01 -1.569053326e+01 +1.9379e+00 +5.2606e-01 -3.9939e-01 -6.4923e-01 +3.7436e+00
646 +3.260840559e+01 +3.260840559e+01 -1.679159441e+01 -1.679159441e+01 +2.1028e+00 +5.5669e-01 -4.0616e-01 -6.0019e-01 +3.7410e+00
698 +3.131515207e+01 +3.131515207e+01 -1.808484793e+01 -1.808484793e+01 +2.0146e+00 +5.4497e-01 -4.4571e-01 -6.1184e-01 +3.7312e+00
863 +3.089186233e+01 +3.089186233e+01 -1.850813767e+01 -1.850813767e+01 +2.0012e+00 +5.1679e-01 -4.3552e-01 -6.0844e-01 +3.7400e+00
% function evaluation | noise-free fitness - Fopt (-5.557000000000e+01) | best noise-free fitness - Fopt | measured fitness | best measured fitness | x1 | x2...
1 +1.375951538e+02 +1.375951538e+02 +8.202515376e+01 +8.202515376e+01 +0.0000e+00 +0.0000e+00 +0.0000e+00 +0.0000e+00 +0.0000e+00
3 +1.065244236e+02 +1.065244236e+02 +5.095442359e+01 +5.095442359e+01 +9.9833e-02 -4.4210e-02 +2.5049e-01 +3.3122e-01 +4.3215e-01
14 +1.037434674e+02 +1.037434674e+02 +4.817346743e+01 +4.817346743e+01 +9.7532e-02 +4.3300e-01 +2.2654e-01 +8.2855e-01 +3.9102e-01
19 +9.898470266e+01 +9.898470266e+01 +4.341470266e+01 +4.341470266e+01 +4.9270e-03 +2.3761e-01 -2.5525e-01 +3.1873e-01 +7.4081e-01
25 +8.468376690e+01 +8.468376690e+01 +2.911376690e+01 +2.911376690e+01 +7.5010e-02 +1.9270e-01 +2.7882e-01 +7.3805e-01 +3.3884e-01
37 +7.455988973e+01 +7.455988973e+01 +1.898988973e+01 +1.898988973e+01 -2.3462e-01 +8.1885e-01 -1.9682e-01 +7.5807e-01 +8.5719e-01
40 +7.408524577e+01 +7.408524577e+01 +1.851524577e+01 +1.851524577e+01 -1.6381e-01 +9.0508e-01 -1.9811e-01 +7.4341e-01 +6.5232e-01
63 +6.224978985e+01 +6.224978985e+01 +6.679789851e+00 +6.679789851e+00 -1.2378e+00 +1.5900e+00 -5.1307e-02 +2.0588e+00 +1.3975e+00
90 +6.012212086e+01 +6.012212086e+01 +4.552120859e+00 +4.552120859e+00 +7.7865e-02 +3.3013e+00 +4.5764e-01 +2.0002e+00 +9.4327e-01
118 +5.248786452e+01 +5.248786452e+01 -3.082135478e+00 -3.082135478e+00 +1.2293e+00 +3.5988e+00 -2.2987e-01 +2.8460e+00 +1.5986e+00
134 +4.436944515e+01 +4.436944515e+01 -1.120055485e+01 -1.120055485e+01 +1.0791e+00 +3.0014e+00 -3.5631e-01 +1.9056e+00 +1.5017e+00
139 +3.518545803e+01 +3.518545803e+01 -2.038454197e+01 -2.038454197e+01 +9.7268e-01 +2.8871e+00 -6.0348e-02 +2.9356e+00 +1.4710e+00
170 +2.575521085e+01 +2.575521085e+01 -2.981478915e+01 -2.981478915e+01 +1.8140e+00 +3.9875e+00 -2.3121e-01 +2.8422e+00 +1.0514e+00
200 +2.103240047e+01 +2.103240047e+01 -3.453759953e+01 -3.453759953e+01 +1.9685e+00 +3.1512e+00 -3.7320e-01 +2.4680e+00 +1.0692e+00
246 +1.869827273e+01 +1.869827273e+01 -3.687172727e+01 -3.687172727e+01 +1.8393e+00 +3.2478e+00 -2.1832e-01 +2.8673e+00 +1.0697e+00
319 +1.747905396e+01 +1.747905396e+01 -3.809094604e+01 -3.809094604e+01 +1.9045e+00 +2.4428e+00 -2.9880e-01 +3.3000e+00 +1.0838e+00
339 +1.517700634e+01 +1.517700634e+01 -4.039299366e+01 -4.039299366e+01 +2.0570e+00 +1.4991e+00 -3.0695e-01 +2.9266e+00 +1.0871e+00
527 +1.509016722e+01 +1.509016722e+01 -4.047983278e+01 -4.047983278e+01 +2.1162e+00 +1.5600e+00 -2.8769e-01 +2.8544e+00 +1.0868e+00
714 +1.472982053e+01 +1.472982053e+01 -4.084017947e+01 -4.084017947e+01 +2.0911e+00 +1.0277e+00 -2.6714e-01 +2.8877e+00 +1.1072e+00
729 +1.414017458e+01 +1.414017458e+01 -4.142982542e+01 -4.142982542e+01 +2.0924e+00 +9.8418e-01 -2.7370e-01 +2.8862e+00 +1.1187e+00
780 +1.399316690e+01 +1.399316690e+01 -4.157683310e+01 -4.157683310e+01 +2.0665e+00 +9.8311e-01 -2.8134e-01 +2.8863e+00 +1.1227e+00
848 +1.347102035e+01 +1.347102035e+01 -4.209897965e+01 -4.209897965e+01 +2.0287e+00 +9.9095e-01 -2.7877e-01 +2.8975e+00 +1.1187e+00
905 +1.309584522e+01 +1.309584522e+01 -4.247415478e+01 -4.247415478e+01 +1.9918e+00 +9.9756e-01 -2.5016e-01 +2.9033e+00 +1.1152e+00
% function evaluation | noise-free fitness - Fopt (-1.412700000000e+02) | best noise-free fitness - Fopt | measured fitness | best measured fitness | x1 | x2...
1 +8.762152488e+01 +8.762152488e+01 -5.364847512e+01 -5.364847512e+01 +0.0000e+00 +0.0000e+00 +0.0000e+00 +0.0000e+00 +0.0000e+00
5 +7.036701562e+01 +7.036701562e+01 -7.090298438e+01 -7.090298438e+01 +4.1846e-02 +1.8024e-01 -2.1182e-01 -4.0175e-02 +2.5597e-01
21 +5.528239936e+01 +5.528239936e+01 -8.598760064e+01 -8.598760064e+01 +3.2891e-01 +2.6219e-01 +5.6111e-01 +4.3303e-03 +2.1374e-01
36 +5.285159193e+01 +5.285159193e+01 -8.841840807e+01 -8.841840807e+01 +6.5158e-01 +4.9031e-01 -2.3921e-02 +6.4709e-02 -3.5002e-01
42 +4.840939432e+01 +4.840939432e+01 -9.286060568e+01 -9.286060568e+01 +9.0621e-01 +3.2004e-01 +1.9772e-01 +5.7155e-03 +1.3551e-01
57 +4.756694418e+01 +4.756694418e+01 -9.370305582e+01 -9.370305582e+01 +6.8790e-01 +3.6513e-01 +1.0424e-01 -4.1907e-01 -1.0108e-01
68 +4.592049222e+01 +4.592049222e+01 -9.534950778e+01 -9.534950778e+01 +1.1109e+00 +3.4201e-01 -5.8868e-02 -8.2475e-01 +2.9204e-01
69 +3.990988036e+01 +3.990988036e+01 -1.013601196e+02 -1.013601196e+02 +8.8969e-01 +4.1956e-01 -9.3672e-02 -4.8246e-01 -8.7095e-02
77 +3.369394860e+01 +3.369394860e+01 -1.075760514e+02 -1.075760514e+02 +1.0110e+00 +3.8344e-01 -7.7366e-02 -4.4967e-01 +2.1269e-01
203 +2.717041265e+01 +2.717041265e+01 -1.140995873e+02 -1.140995873e+02 +8.5846e-01 +3.2797e+00 +5.2820e-02 +1.1509e-01 +5.1823e-01
493 +2.599653197e+01 +2.599653197e+01 -1.152734680e+02 -1.152734680e+02 -2.1320e-01 +2.4907e+00 +1.5924e-02 -3.3308e-01 +8.3525e-01
508 +2.469294602e+01 +2.469294602e+01 -1.165770540e+02 -1.165770540e+02 -1.9873e-01 +2.8551e+00 -9.5861e-02 -3.3797e-01 +8.4681e-01
517 +2.150561658e+01 +2.150561658e+01 -1.197643834e+02 -1.197643834e+02 -1.9951e-01 +2.6203e+00 -1.2954e-01 -4.5115e-01 +9.3209e-01
541 +2.052852066e+01 +2.052852066e+01 -1.207414793e+02 -1.207414793e+02 -2.3077e-01 +2.6554e+00 -1.7301e-01 -4.4806e-01 +8.3671e-01
590 +1.974012889e+01 +1.974012889e+01 -1.215298711e+02 -1.215298711e+02 -1.9780e-01 +2.6392e+00 +2.3811e-02 -4.4333e-01 +8.5445e-01
688 +1.934911078e+01 +1.934911078e+01 -1.219208892e+02 -1.219208892e+02 -1.8479e-01 +2.6438e+00 -4.7078e-02 -1.3788e-03 +9.1959e-01
703 +1.704732972e+01 +1.704732972e+01 -1.242226703e+02 -1.242226703e+02 -2.9151e-01 +2.6464e+00 -7.2717e-02 -2.5081e-02 +8.6263e-01
771 +1.560804344e+01 +1.560804344e+01 -1.256619566e+02 -1.256619566e+02 -2.5015e-01 +2.6880e+00 -1.4751e-01 +2.9073e-02 +8.9270e-01
788 +1.441859327e+01 +1.441859327e+01 -1.268514067e+02 -1.268514067e+02 -2.0854e-01 +2.6463e+00 -1.5734e-01 +1.2073e-02 +8.9579e-01
802 +1.370128524e+01 +1.370128524e+01 -1.275687148e+02 -1.275687148e+02 -2.3228e-01 +2.6711e+00 -5.8642e-02 +2.6789e-02 +8.9420e-01
893 +1.318786091e+01 +1.318786091e+01 -1.280821391e+02 -1.280821391e+02 -2.0752e-01 +2.6149e+00 -6.4102e-02 +3.6992e-02 +8.8940e-01
899 +1.313556669e+01 +1.313556669e+01 -1.281344333e+02 -1.281344333e+02 -1.8231e-01 +2.5972e+00 -9.2225e-02 +1.3987e-02 +8.9344e-01
908 +1.279901691e+01 +1.279901691e+01 -1.284709831e+02 -1.284709831e+02 -1.7547e-01 +2.6018e+00 -8.9464e-02 +1.6024e-02 +8.9595e-01
918 +1.248913082e+01 +1.248913082e+01 -1.287808692e+02 -1.287808692e+02 -1.7331e-01 +2.6276e+00 -6.9599e-02 +2.5632e-02 +8.9630e-01
940 +1.221247263e+01 +1.221247263e+01 -1.290575274e+02 -1.290575274e+02 -1.9531e-01 +2.6331e+00 -1.1469e-01 +3.4110e-02 +8.9582e-01
1012 +1.198749967e+01 +1.198749967e+01 -1.292825003e+02 -1.292825003e+02 -2.1339e-01 +2.6255e+00 -8.8495e-02 +3.9715e-02 +8.9554e-01
% function evaluation | noise-free fitness - Fopt (1.822100000000e+02) | best noise-free fitness - Fopt | measured fitness | best measured fitness | x1 | x2...
1 +1.397251727e+02 +1.397251727e+02 +3.219351727e+02 +3.219351727e+02 +0.0000e+00 +0.0000e+00 +0.0000e+00 +0.0000e+00 +0.0000e+00
3 +1.358854458e+02 +1.358854458e+02 +3.180954458e+02 +3.180954458e+02 -7.8334e-02 -1.2425e-01 -2.2680e-01 +4.7083e-02 -1.5184e-01
11 +1.147438577e+02 +1.147438577e+02 +2.969538577e+02 +2.969538577e+02 -1.3578e-01 -3.8535e-01 -1.4154e-01 +4.0881e-01 +3.6449e-01
19 +1.024073722e+02 +1.024073722e+02 +2.846173722e+02 +2.846173722e+02 +1.4193e-02 -5.6947e-01 +8.7943e-02 +4.4683e-01 +4.4235e-01
22 +1.013422733e+02 +1.013422733e+02 +2.835522733e+02 +2.835522733e+02 +5.0340e-01 -1.9008e-01 -3.4890e-01 +7.5109e-01 +1.2661e-01
35 +9.404626445e+01 +9.404626445e+01 +2.762562644e+02 +2.762562644e+02 -2.0867e-02 -5.3283e-01 -4.3748e-01 +1.1793e+00 -1.6430e-02
43 +7.689247627e+01 +7.689247627e+01 +2.591024763e+02 +2.591024763e+02 -3.7481e-01 -1.0109e+00 -9.4746e-01 +1.8043e+00 -2.1037e-01
55 +7.434919216e+01 +7.434919216e+01 +2.565591922e+02 +2.565591922e+02 -2.0559e-02 -5.2589e-01 -1.0278e+00 +1.1718e+00 +1.8489e-01
58 +6.676882738e+01 +6.676882738e+01 +2.489788274e+02 +2.489788274e+02 -4.2973e-01 -6.4384e-01 -6.6366e-01 +2.3079e+00 +1.7031e-01
70 +6.476587723e+01 +6.476587723e+01 +2.469758772e+02 +2.469758772e+02 -7.0476e-01 -1.2406e+00 -6.3419e-01 +2.2308e+00 -1.9387e-01
71 +6.294504695e+01 +6.294504695e+01 +2.451550470e+02 +2.451550470e+02 -1.1793e-01 -3.7431e-01 -6.6280e-01 +2.1985e+00 -3.2604e-01
73 +6.153622198e+01 +6.153622198e+01 +2.437462220e+02 +2.437462220e+02 -2.4979e-01 -2.3017e+00 -8.6320e-01 +2.8180e+00 +1.1552e-01
74 +4.179564602e+01 +4.179564602e+01 +2.240056460e+02 +2.240056460e+02 -2.7841e-01 -1.2809e+00 -5.7977e-01 +2.9194e+00 +9.1086e-02
118 +3.834359182e+01 +3.834359182e+01 +2.205535918e+02 +2.205535918e+02 +7.5381e-01 -1.0395e+00 -5.5094e-01 +3.3463e+00 -7.2567e-02
136 +3.741599982e+01 +3.741599982e+01 +2.196259998e+02 +2.196259998e+02 +7.8631e-01 -1.8412e+00 -6.5579e-02 +2.7960e+00 -1.8514e-01
142 +3.058708221e+01 +3.058708221e+01 +2.127970822e+02 +2.127970822e+02 +6.8686e-01 -1.8559e+00 +2.2154e-02 +3.7454e+00 +4.1404e-02
245 +2.312853093e+01 +2.312853093e+01 +2.053385309e+02 +2.053385309e+02 +7.4290e-01 -2.3950e+00 -7.6249e-01 +4.2346e+00 +1.4206e-01
248 +1.839497908e+01 +1.839497908e+01 +2.006049791e+02 +2.006049791e+02 +1.0220e-01 -2.5344e+00 -4.5578e-01 +3.3567e+00 +1.5400e-01
340 +1.470978706e+01 +1.470978706e+01 +1.969197871e+02 +1.969197871e+02 -4.1433e-01 -2.3997e+00 +2.3255e-02 +4.2198e+00 +1.5060e-01
668 +1.369133684e+01 +1.369133684e+01 +1.959013368e+02 +1.959013368e+02 -8.1227e-02 -2.4868e+00 -5.6462e-01 +2.8719e+00 +1.3960e-01
702 +1.327664830e+01 +1.327664830e+01 +1.954866483e+02 +1.954866483e+02 -1.7548e-01 -2.5374e+00 -5.4080e-01 +2.8973e+00 +1.2619e-01
706 +1.218330853e+01 +1.218330853e+01 +1.943933085e+02 +1.943933085e+02 -1.5659e-01 -2.5531e+00 -5.6823e-01 +2.8924e+00 +1.3730e-01
713 +1.127642506e+01 +1.127642506e+01 +1.934864251e+02 +1.934864251e+02 -1.6545e-01 -2.5153e+00 -5.4804e-01 +2.9054e+00 +1.5440e-01
760 +1.120493460e+01 +1.120493460e+01 +1.934149346e+02 +1.934149346e+02 -1.4892e-01 -2.4936e+00 -5.6988e-01 +2.9037e+00 +1.4875e-01
957 +1.095598938e+01 +1.095598938e+01 +1.931659894e+02 +1.931659894e+02 -1.7281e-01 -2.4769e+00 -5.6478e-01 +2.8996e+00 +1.5364e-01
% function evaluation | noise-free fitness - Fopt (8.191000000000e+01) | best noise-free fitness - Fopt | measured fitness | best measured fitness | x1 | x2...
1 +2.145374042e+02 +2.145374042e+02 +2.964474042e+02 +2.964474042e+02 +0.0000e+00 +0.0000e+00 +0.0000e+00 +0.0000e+00 +0.0000e+00
9 +1.939222441e+02 +1.939222441e+02 +2.758322441e+02 +2.758322441e+02 +3.9056e-02 +5.1890e-02 +1.2643e-01 -2.4044e-01 +2.3260e-01
21 +1.660172002e+02 +1.660172002e+02 +2.479272002e+02 +2.479272002e+02 +1.5932e-01 +2.6272e-01 +1.5036e-01 -3.8521e-01 +8.5383e-02
33 +1.626207683e+02 +1.626207683e+02 +2.445307683e+02 +2.445307683e+02 +9.4203e-02 +3.4067e-01 -5.9776e-03 -4.9208e-01 +3.0510e-01
52 +1.502911593e+02 +1.502911593e+02 +2.322011593e+02 +2.322011593e+02 -1.9403e-01 -3.4358e-02 -5.1075e-01 -1.5915e+00 +3.0337e-01
53 +1.269142307e+02 +1.269142307e+02 +2.088242307e+02 +2.088242307e+02 +4.0096e-01 +3.4112e-01 +6.8360e-02 -5.4130e-01 +9.1192e-01
58 +1.064391910e+02 +1.064391910e+02 +1.883491910e+02 +1.883491910e+02 +2.0934e-01 +5.1551e-01 +1.1542e-01 -9.5339e-01 +9.1913e-01
61 +8.952544985e+01 +8.952544985e+01 +1.714354498e+02 +1.714354498e+02 +5.7147e-02 +1.0399e-01 +2.0443e-02 -1.0074e+00 +1.2517e+00
90 +8.409081658e+01 +8.409081658e+01 +1.660008166e+02 +1.660008166e+02 +5.6712e-01 -2.9233e-01 -4.4296e-01 -2.3126e+00 +2.5108e+00
92 +7.630000837e+01 +7.630000837e+01 +1.582100084e+02 +1.582100084e+02 +6.4055e-01 +6.9268e-01 -9.4154e-01 -2.9238e+00 +3.0701e+00
108 +5.996066085e+01 +5.996066085e+01 +1.418706609e+02 +1.418706609e+02 +5.6842e-01 -5.9814e-02 -3.1705e-01 -3.2863e+00 +2.5862e+00
116 +4.713448006e+01 +4.713448006e+01 +1.290444801e+02 +1.290444801e+02 -1.8556e-02 +2.9854e-01 -5.6385e-01 -1.9291e+00 +2.5175e+00
123 +3.313332132e+01 +3.313332132e+01 +1.150433213e+02 +1.150433213e+02 +1.8587e-01 +7.2663e-02 -8.2201e-01 -2.7354e+00 +3.1861e+00
142 +1.951151240e+01 +1.951151240e+01 +1.014215124e+02 +1.014215124e+02 +1.8974e-01 +4.3728e-02 -2.7334e-01 -2.7983e+00 +3.6118e+00
330 +1.453585870e+01 +1.453585870e+01 +9.644585870e+01 +9.644585870e+01 -7.8360e-01 +3.3660e-01 +7.2729e-02 -2.8393e+00 +2.8891e+00
588 +1.381735055e+01 +1.381735055e+01 +9.572735055e+01 +9.572735055e+01 -8.0115e-01 +1.1788e-01 +9.0214e-02 -2.8858e+00 +3.5446e+00
750 +1.327207988e+01 +1.327207988e+01 +9.518207988e+01 +9.518207988e+01 -7.9888e-01 +9.6175e-02 +2.2334e-01 -3.2662e+00 +3.5287e+00
760 +9.525898373e+00 +9.525898373e+00 +9.143589837e+01 +9.143589837e+01 -7.5605e-01 +6.9140e-02 +2.0861e-01 -3.2271e+00 +3.5438e+00
