% function evaluation | noise-free fitness - Fopt (1.000000000000e+03) | best noise-free fitness - Fopt | measured fitness | best measured fitness | x1 | x2...
1 +1.647212407e+03 +1.647212407e+03 +2.647212407e+03 +2.647212407e+03
8 +1.617116848e+03 +1.617116848e+03 +2.617116848e+03 +2.617116848e+03
20 +1.512246471e+03 +1.512246471e+03 +2.512246471e+03 +2.512246471e+03
41 +1.468100581e+03 +1.468100581e+03 +2.468100581e+03 +2.468100581e+03
49 +1.424560766e+03 +1.424560766e+03 +2.424560766e+03 +2.424560766e+03
70 +1.399534027e+03 +1.399534027e+03 +2.399534027e+03 +2.399534027e+03
83 +1.359138780e+03 +1.359138780e+03 +2.359138780e+03 +2.359138780e+03
104 +1.310821458e+03 +1.310821458e+03 +2.310821458e+03 +2.310821458e+03
116 +1.243651649e+03 +1.243651649e+03 +2.243651649e+03 +2.243651649e+03
130 +1.210890178e+03 +1.210890178e+03 +2.210890178e+03 +2.210890178e+03
131 +1.156733492e+03 +1.156733492e+03 +2.156733492e+03 +2.156733492e+03
138 +1.146241694e+03 +1.146241694e+03 +2.146241694e+03 +2.146241694e+03
162 +1.055487113e+03 +1.055487113e+03 +2.055487113e+03 +2.055487113e+03
167 +1.033677877e+03 +1.033677877e+03 +2.033677877e+03 +2.033677877e+03
181 +1.002803033e+03 +1.002803033e+03 +2.002803033e+03 +2.002803033e+03
186 +9.594815190e+02 +9.594815190e+02 +1.959481519e+03 +1.959481519e+03
202 +9.430560635e+02 +9.430560635e+02 +1.943056063e+03 +1.943056063e+03
205 +9.081121478e+02 +9.081121478e+02 +1.908112148e+03 +1.908112148e+03
250 +8.020842009e+02 +8.020842009e+02 +1.802084201e+03 +1.802084201e+03
270 +7.342821224e+02 +7.342821224e+02 +1.734282122e+03 +1.734282122e+03
373 +7.173566132e+02 +7.173566132e+02 +1.717356613e+03 +1.717356613e+03
376 +6.340737286e+02 +6.340737286e+02 +1.634073729e+03 +1.634073729e+03
436 +6.275695250e+02 +6.275695250e+02 +1.627569525e+03 +1.627569525e+03
453 +6.038071612e+02 +6.038071612e+02 +1.603807161e+03 +1.603807161e+03
500 +5.965961575e+02 +5.965961575e+02 +1.596596158e+03 +1.596596158e+03
501 +5.880334289e+02 +5.880334289e+02 +1.588033429e+03 +1.588033429e+03
513 +5.128142879e+02 +5.128142879e+02 +1.512814288e+03 +1.512814288e+03
610 +4.970507572e+02 +4.970507572e+02 +1.497050757e+03 +1.497050757e+03
968 +4.720486852e+02 +4.720486852e+02 +1.472048685e+03 +1.472048685e+03
1115 +4.404056777e+02 +4.404056777e+02 +1.440405678e+03 +1.440405678e+03
2009 +4.242058638e+02 +4.242058638e+02 +1.424205864e+03 +1.424205864e+03
2331 +3.911986748e+02 +3.911986748e+02 +1.391198675e+03 +1.391198675e+03
2364 +3.573520046e+02 +3.573520046e+02 +1.357352005e+03 +1.357352005e+03
2458 +3.397467684e+02 +3.397467684e+02 +1.339746768e+03 +1.339746768e+03
2481 +3.385708933e+02 +3.385708933e+02 +1.338570893e+03 +1.338570893e+03
2501 +3.139528017e+02 +3.139528017e+02 +1.313952802e+03 +1.313952802e+03
2511 +2.983858833e+02 +2.983858833e+02 +1.298385883e+03 +1.298385883e+03
2525 +2.811583816e+02 +2.811583816e+02 +1.281158382e+03 +1.281158382e+03
2558 +2.723930241e+02 +2.723930241e+02 +1.272393024e+03 +1.272393024e+03
2626 +2.673198212e+02 +2.673198212e+02 +1.267319821e+03 +1.267319821e+03
2645 +2.588500018e+02 +2.588500018e+02 +1.258850002e+03 +1.258850002e+03
2668 +2.513594552e+02 +2.513594552e+02 +1.251359455e+03 +1.251359455e+03
2697 +2.465194298e+02 +2.465194298e+02 +1.246519430e+03 +1.246519430e+03
2771 +2.440732814e+02 +2.440732814e+02 +1.244073281e+03 +1.244073281e+03
2784 +2.350175634e+02 +2.350175634e+02 +1.235017563e+03 +1.235017563e+03
2817 +2.299863108e+02 +2.299863108e+02 +1.229986311e+03 +1.229986311e+03
2861 +2.288929906e+02 +2.288929906e+02 +1.228892991e+03 +1.228892991e+03
2908 +2.227393631e+02 +2.227393631e+02 +1.222739363e+03 +1.222739363e+03
2964 +2.185785163e+02 +2.185785163e+02 +1.218578516e+03 +1.218578516e+03
3031 +2.121837006e+02 +2.121837006e+02 +1.212183701e+03 +1.212183701e+03
3172 +2.087859140e+02 +2.087859140e+02 +1.208785914e+03 +1.208785914e+03
3300 +2.039213636e+02 +2.039213636e+02 +1.203921364e+03 +1.203921364e+03
3394 +1.993798783e+02 +1.993798783e+02 +1.199379878e+03 +1.199379878e+03
3689 +1.949181997e+02 +1.949181997e+02 +1.194918200e+03 +1.194918200e+03
3833 +1.902884000e+02 +1.902884000e+02 +1.190288400e+03 +1.190288400e+03
4084 +1.860618000e+02 +1.860618000e+02 +1.186061800e+03 +1.186061800e+03
4577 +1.819676903e+02 +1.819676903e+02 +1.181967690e+03 +1.181967690e+03
% function evaluation | noise-free fitness - Fopt (7.003000000000e+01) | best noise-free fitness - Fopt | measured fitness | best measured fitness | x1 | x2...
1 +1.788306963e+03 +1.788306963e+03 +1.858336963e+03 +1.858336963e+03
2 +1.677867802e+03 +1.677867802e+03 +1.747897802e+03 +1.747897802e+03
5 +1.650576794e+03 +1.650576794e+03 +1.720606794e+03 +1.720606794e+03
11 +1.490703147e+03 +1.490703147e+03 +1.560733147e+03 +1.560733147e+03
20 +1.459126363e+03 +1.459126363e+03 +1.529156363e+03 +1.529156363e+03
30 +1.375762199e+03 +1.375762199e+03 +1.445792199e+03 +1.445792199e+03
37 +1.327753810e+03 +1.327753810e+03 +1.397783810e+03 +1.397783810e+03
42 +1.298268023e+03 +1.298268023e+03 +1.368298023e+03 +1.368298023e+03
48 +1.287841609e+03 +1.287841609e+03 +1.357871609e+03 +1.357871609e+03
67 +1.254104879e+03 +1.254104879e+03 +1.324134879e+03 +1.324134879e+03
71 +1.196723183e+03 +1.196723183e+03 +1.266753183e+03 +1.266753183e+03
84 +1.087864615e+03 +1.087864615e+03 +1.157894615e+03 +1.157894615e+03
123 +1.042746341e+03 +1.042746341e+03 +1.112776341e+03 +1.112776341e+03
127 +9.932727673e+02 +9.932727673e+02 +1.063302767e+03 +1.063302767e+03
137 +9.528228865e+02 +9.528228865e+02 +1.022852886e+03 +1.022852886e+03
180 +9.088553234e+02 +9.088553234e+02 +9.788853234e+02 +9.788853234e+02
188 +8.903889485e+02 +8.903889485e+02 +9.604189485e+02 +9.604189485e+02
210 +8.674667160e+02 +8.674667160e+02 +9.374967160e+02 +9.374967160e+02
226 +8.343188879e+02 +8.343188879e+02 +9.043488879e+02 +9.043488879e+02
232 +7.868943476e+02 +7.868943476e+02 +8.569243476e+02 +8.569243476e+02
247 +7.599074521e+02 +7.599074521e+02 +8.299374521e+02 +8.299374521e+02
270 +7.469390397e+02 +7.469390397e+02 +8.169690397e+02 +8.169690397e+02
274 +7.238310728e+02 +7.238310728e+02 +7.938610728e+02 +7.938610728e+02
301 +7.041347386e+02 +7.041347386e+02 +7.741647386e+02 +7.741647386e+02
304 +6.077360042e+02 +6.077360042e+02 +6.777660042e+02 +6.777660042e+02
458 +5.950800222e+02 +5.950800222e+02 +6.651100222e+02 +6.651100222e+02
815 +5.762810003e+02 +5.762810003e+02 +6.463110003e+02 +6.463110003e+02
831 +5.560466829e+02 +5.560466829e+02 +6.260766829e+02 +6.260766829e+02
885 +5.338601267e+02 +5.338601267e+02 +6.038901267e+02 +6.038901267e+02
925 +5.114101510e+02 +5.114101510e+02 +5.814401510e+02 +5.814401510e+02
931 +4.810928484e+02 +4.810928484e+02 +5.511228484e+02 +5.511228484e+02
1437 +4.722718683e+02 +4.722718683e+02 +5.423018683e+02 +5.423018683e+02
1442 +4.490840734e+02 +4.490840734e+02 +5.191140734e+02 +5.191140734e+02
1702 +4.431092378e+02 +4.431092378e+02 +5.131392378e+02 +5.131392378e+02
1761 +4.243115315e+02 +4.243115315e+02 +4.943415315e+02 +4.943415315e+02
1806 +3.991647392e+02 +3.991647392e+02 +4.691947392e+02 +4.691947392e+02
1810 +3.885863957e+02 +3.885863957e+02 +4.586163957e+02 +4.586163957e+02
2039 +3.780270271e+02 +3.780270271e+02 +4.480570271e+02 +4.480570271e+02
2097 +3.670352072e+02 +3.670352072e+02 +4.370652072e+02 +4.370652072e+02
2192 +3.602996351e+02 +3.602996351e+02 +4.303296351e+02 +4.303296351e+02
2199 +3.532917869e+02 +3.532917869e+02 +4.233217869e+02 +4.233217869e+02
2204 +3.410803771e+02 +3.410803771e+02 +4.111103771e+02 +4.111103771e+02
2216 +3.341120440e+02 +3.341120440e+02 +4.041420440e+02 +4.041420440e+02
2219 +3.277190923e+02 +3.277190923e+02 +3.977490923e+02 +3.977490923e+02
2250 +3.188662056e+02 +3.188662056e+02 +3.888962056e+02 +3.888962056e+02
2260 +3.111892213e+02 +3.111892213e+02 +3.812192213e+02 +3.812192213e+02
2464 +3.043163228e+02 +3.043163228e+02 +3.743463228e+02 +3.743463228e+02
2502 +3.006972739e+02 +3.006972739e+02 +3.707272739e+02 +3.707272739e+02
2515 +2.930657400e+02 +2.930657400e+02 +3.630957400e+02 +3.630957400e+02
2535 +2.795533534e+02 +2.795533534e+02 +3.495833534e+02 +3.495833534e+02
2552 +2.737132352e+02 +2.737132352e+02 +3.437432352e+02 +3.437432352e+02
2560 +2.675012092e+02 +2.675012092e+02 +3.375312092e+02 +3.375312092e+02
2584 +2.602642385e+02 +2.602642385e+02 +3.302942385e+02 +3.302942385e+02
2619 +2.552954570e+02 +2.552954570e+02 +3.253254570e+02 +3.253254570e+02
2655 +2.510827208e+02 +2.510827208e+02 +3.211127208e+02 +3.211127208e+02
2675 +2.443037650e+02 +2.443037650e+02 +3.143337650e+02 +3.143337650e+02
2731 +2.396300660e+02 +2.396300660e+02 +3.096600660e+02 +3.096600660e+02
2826 +2.336871884e+02 +2.336871884e+02 +3.037171884e+02 +3.037171884e+02
2882 +2.281332968e+02 +2.281332968e+02 +2.981632968e+02 +2.981632968e+02
3102 +2.236598498e+02 +2.236598498e+02 +2.936898498e+02 +2.936898498e+02
3475 +2.185283219e+02 +2.185283219e+02 +2.885583219e+02 +2.885583219e+02
% function evaluation | noise-free fitness - Fopt (-4.822000000000e+01) | best noise-free fitness - Fopt | measured fitness | best measured fitness | x1 | x2...
1 +1.224588598e+03 +1.224588598e+03 +1.176368598e+03 +1.176368598e+03
2 +1.161058125e+03 +1.161058125e+03 +1.112838125e+03 +1.112838125e+03
18 +1.142361324e+03 +1.142361324e+03 +1.094141324e+03 +1.094141324e+03
26 +1.109088051e+03 +1.109088051e+03 +1.060868051e+03 +1.060868051e+03
48 +1.069034001e+03 +1.069034001e+03 +1.020814001e+03 +1.020814001e+03
57 +1.041262633e+03 +1.041262633e+03 +9.930426333e+02 +9.930426333e+02
65 +9.935791626e+02 +9.935791626e+02 +9.453591626e+02 +9.453591626e+02
115 +9.770225618e+02 +9.770225618e+02 +9.288025618e+02 +9.288025618e+02
137 +9.225503709e+02 +9.225503709e+02 +8.743303709e+02 +8.743303709e+02
147 +8.120600808e+02 +8.120600808e+02 +7.638400808e+02 +7.638400808e+02
231 +7.885717494e+02 +7.885717494e+02 +7.403517494e+02 +7.403517494e+02
257 +7.719022361e+02 +7.719022361e+02 +7.236822361e+02 +7.236822361e+02
259 +7.258966981e+02 +7.258966981e+02 +6.776766981e+02 +6.776766981e+02
296 +7.194708903e+02 +7.194708903e+02 +6.712508903e+02 +6.712508903e+02
304 +6.707525388e+02 +6.707525388e+02 +6.225325388e+02 +6.225325388e+02
452 +6.451211567e+02 +6.451211567e+02 +5.969011567e+02 +5.969011567e+02
499 +6.007083339e+02 +6.007083339e+02 +5.524883339e+02 +5.524883339e+02
569 +5.575215902e+02 +5.575215902e+02 +5.093015902e+02 +5.093015902e+02
624 +4.911159101e+02 +4.911159101e+02 +4.428959101e+02 +4.428959101e+02
966 +4.888615505e+02 +4.888615505e+02 +4.406415505e+02 +4.406415505e+02
1701 +4.705461426e+02 +4.705461426e+02 +4.223261426e+02 +4.223261426e+02
1938 +4.562805003e+02 +4.562805003e+02 +4.080605003e+02 +4.080605003e+02
2031 +4.257750069e+02 +4.257750069e+02 +3.775550069e+02 +3.775550069e+02
2039 +4.166174603e+02 +4.166174603e+02 +3.683974603e+02 +3.683974603e+02
2134 +4.039807925e+02 +4.039807925e+02 +3.557607925e+02 +3.557607925e+02
2144 +3.977931342e+02 +3.977931342e+02 +3.495731342e+02 +3.495731342e+02
2172 +3.825033630e+02 +3.825033630e+02 +3.342833630e+02 +3.342833630e+02
2198 +3.722012127e+02 +3.722012127e+02 +3.239812127e+02 +3.239812127e+02
2205 +3.571733266e+02 +3.571733266e+02 +3.089533266e+02 +3.089533266e+02
2451 +3.411294444e+02 +3.411294444e+02 +2.929094444e+02 +2.929094444e+02
2499 +3.382385108e+02 +3.382385108e+02 +2.900185108e+02 +2.900185108e+02
2502 +3.225939190e+02 +3.225939190e+02 +2.743739190e+02 +2.743739190e+02
2519 +3.072717496e+02 +3.072717496e+02 +2.590517496e+02 +2.590517496e+02
2583 +2.943644261e+02 +2.943644261e+02 +2.461444261e+02 +2.461444261e+02
2592 +2.877234340e+02 +2.877234340e+02 +2.395034340e+02 +2.395034340e+02
2600 +2.778970218e+02 +2.778970218e+02 +2.296770218e+02 +2.296770218e+02
2728 +2.661031931e+02 +2.661031931e+02 +2.178831931e+02 +2.178831931e+02
2751 +2.605869504e+02 +2.605869504e+02 +2.123669504e+02 +2.123669504e+02
2779 +2.557300832e+02 +2.557300832e+02 +2.075100832e+02 +2.075100832e+02
2786 +2.467512109e+02 +2.467512109e+02 +1.985312109e+02 +1.985312109e+02
2799 +2.446224873e+02 +2.446224873e+02 +1.964024873e+02 +1.964024873e+02
2868 +2.341984581e+02 +2.341984581e+02 +1.859784581e+02 +1.859784581e+02
2916 +2.269520894e+02 +2.269520894e+02 +1.787320894e+02 +1.787320894e+02
2933 +2.237774151e+02 +2.237774151e+02 +1.755574151e+02 +1.755574151e+02
2963 +2.180648454e+02 +2.180648454e+02 +1.698448454e+02 +1.698448454e+02
3065 +2.115863370e+02 +2.115863370e+02 +1.633663370e+02 +1.633663370e+02
3205 +2.088021034e+02 +2.088021034e+02 +1.605821034e+02 +1.605821034e+02
3270 +2.041374733e+02 +2.041374733e+02 +1.559174733e+02 +1.559174733e+02
3523 +1.994608056e+02 +1.994608056e+02 +1.512408056e+02 +1.512408056e+02
4240 +1.948791398e+02 +1.948791398e+02 +1.466591398e+02 +1.466591398e+02
% function evaluation | noise-free fitness - Fopt (2.547000000000e+01) | best noise-free fitness - Fopt | measured fitness | best measured fitness | x1 | x2...
1 +1.654844505e+03 +1.654844505e+03 +1.680314505e+03 +1.680314505e+03
9 +1.594130693e+03 +1.594130693e+03 +1.619600693e+03 +1.619600693e+03
46 +1.466532124e+03 +1.466532124e+03 +1.492002124e+03 +1.492002124e+03
80 +1.442329804e+03 +1.442329804e+03 +1.467799804e+03 +1.467799804e+03
84 +1.406236436e+03 +1.406236436e+03 +1.431706436e+03 +1.431706436e+03
102 +1.378650760e+03 +1.378650760e+03 +1.404120760e+03 +1.404120760e+03
109 +1.317380912e+03 +1.317380912e+03 +1.342850912e+03 +1.342850912e+03
116 +1.252549375e+03 +1.252549375e+03 +1.278019375e+03 +1.278019375e+03
155 +1.196762885e+03 +1.196762885e+03 +1.222232885e+03 +1.222232885e+03
162 +1.172001202e+03 +1.172001202e+03 +1.197471202e+03 +1.197471202e+03
165 +1.141549952e+03 +1.141549952e+03 +1.167019952e+03 +1.167019952e+03
166 +1.120549067e+03 +1.120549067e+03 +1.146019067e+03 +1.146019067e+03
189 +1.021468439e+03 +1.021468439e+03 +1.046938439e+03 +1.046938439e+03
212 +9.495706794e+02 +9.495706794e+02 +9.750406794e+02 +9.750406794e+02
236 +9.227774358e+02 +9.227774358e+02 +9.482474358e+02 +9.482474358e+02
237 +8.841782058e+02 +8.841782058e+02 +9.096482058e+02 +9.096482058e+02
294 +8.690046989e+02 +8.690046989e+02 +8.944746989e+02 +8.944746989e+02
302 +7.660665934e+02 +7.660665934e+02 +7.915365934e+02 +7.915365934e+02
434 +7.415322265e+02 +7.415322265e+02 +7.670022265e+02 +7.670022265e+02
443 +7.369217268e+02 +7.369217268e+02 +7.623917268e+02 +7.623917268e+02
465 +6.477527455e+02 +6.477527455e+02 +6.732227455e+02 +6.732227455e+02
695 +6.369089994e+02 +6.369089994e+02 +6.623789994e+02 +6.623789994e+02
713 +6.110709850e+02 +6.110709850e+02 +6.365409850e+02 +6.365409850e+02
725 +5.850033483e+02 +5.850033483e+02 +6.104733483e+02 +6.104733483e+02
742 +5.692429265e+02 +5.692429265e+02 +5.947129265e+02 +5.947129265e+02
757 +5.275072348e+02 +5.275072348e+02 +5.529772348e+02 +5.529772348e+02
822 +5.145532282e+02 +5.145532282e+02 +5.400232282e+02 +5.400232282e+02
829 +5.053896762e+02 +5.053896762e+02 +5.308596762e+02 +5.308596762e+02
836 +4.570820470e+02 +4.570820470e+02 +4.825520470e+02 +4.825520470e+02
862 +4.463212965e+02 +4.463212965e+02 +4.717912965e+02 +4.717912965e+02
2290 +4.337868736e+02 +4.337868736e+02 +4.592568736e+02 +4.592568736e+02
2420 +4.236213789e+02 +4.236213789e+02 +4.490913789e+02 +4.490913789e+02
2549 +4.033372983e+02 +4.033372983e+02 +4.288072983e+02 +4.288072983e+02
2558 +3.811649756e+02 +3.811649756e+02 +4.066349756e+02 +4.066349756e+02
2615 +3.774246178e+02 +3.774246178e+02 +4.028946178e+02 +4.028946178e+02
2648 +3.603581752e+02 +3.603581752e+02 +3.858281752e+02 +3.858281752e+02
2678 +3.497739847e+02 +3.497739847e+02 +3.752439847e+02 +3.752439847e+02
2684 +3.362184936e+02 +3.362184936e+02 +3.616884936e+02 +3.616884936e+02
2706 +3.150311557e+02 +3.150311557e+02 +3.405011557e+02 +3.405011557e+02
2715 +3.061732594e+02 +3.061732594e+02 +3.316432594e+02 +3.316432594e+02
2745 +2.961890514e+02 +2.961890514e+02 +3.216590514e+02 +3.216590514e+02
2796 +2.895930735e+02 +2.895930735e+02 +3.150630735e+02 +3.150630735e+02
2814 +2.883415740e+02 +2.883415740e+02 +3.138115740e+02 +3.138115740e+02
2880 +2.770315073e+02 +2.770315073e+02 +3.025015073e+02 +3.025015073e+02
2893 +2.730244205e+02 +2.730244205e+02 +2.984944205e+02 +2.984944205e+02
2906 +2.691533929e+02 +2.691533929e+02 +2.946233929e+02 +2.946233929e+02
2930 +2.620278161e+02 +2.620278161e+02 +2.874978161e+02 +2.874978161e+02
2966 +2.550826736e+02 +2.550826736e+02 +2.805526736e+02 +2.805526736e+02
2979 +2.453589187e+02 +2.453589187e+02 +2.708289187e+02 +2.708289187e+02
3005 +2.338253240e+02 +2.338253240e+02 +2.592953240e+02 +2.592953240e+02
3047 +2.270528545e+02 +2.270528545e+02 +2.525228545e+02 +2.525228545e+02
3089 +2.231625708e+02 +2.231625708e+02 +2.486325708e+02 +2.486325708e+02
3138 +2.178498604e+02 +2.178498604e+02 +2.433198604e+02 +2.433198604e+02
3186 +2.123006094e+02 +2.123006094e+02 +2.377706094e+02 +2.377706094e+02
3189 +2.086030740e+02 +2.086030740e+02 +2.340730740e+02 +2.340730740e+02
3252 +2.026210465e+02 +2.026210465e+02 +2.280910465e+02 +2.280910465e+02
3302 +1.979417317e+02 +1.979417317e+02 +2.234117317e+02 +2.234117317e+02
3518 +1.947895178e+02 +1.947895178e+02 +2.202595178e+02 +2.202595178e+02
3621 +1.904625050e+02 +1.904625050e+02 +2.159325050e+02 +2.159325050e+02
3751 +1.859617790e+02 +1.859617790e+02 +2.114317790e+02 +2.114317790e+02
4080 +1.818095135e+02 +1.818095135e+02 +2.072795135e+02 +2.072795135e+02
4995 +1.777746644e+02 +1.777746644e+02 +2.032446644e+02 +2.032446644e+02
% function evaluation | noise-free fitness - Fopt (-1.008100000000e+02) | best noise-free fitness - Fopt | measured fitness | best measured fitness | x1 | x2...
1 +1.231981217e+03 +1.231981217e+03 +1.131171217e+03 +1.131171217e+03
2 +1.204186148e+03 +1.204186148e+03 +1.103376148e+03 +1.103376148e+03
6 +1.127128292e+03 +1.127128292e+03 +1.026318292e+03 +1.026318292e+03
10 +1.039591882e+03 +1.039591882e+03 +9.387818822e+02 +9.387818822e+02
42 +9.708583888e+02 +9.708583888e+02 +8.700483888e+02 +8.700483888e+02
73 +9.496610737e+02 +9.496610737e+02 +8.488510737e+02 +8.488510737e+02
77 +9.189746628e+02 +9.189746628e+02 +8.181646628e+02 +8.181646628e+02
80 +8.909362088e+02 +8.909362088e+02 +7.901262088e+02 +7.901262088e+02
291 +8.455610183e+02 +8.455610183e+02 +7.447510183e+02 +7.447510183e+02
305 +8.311372932e+02 +8.311372932e+02 +7.303272932e+02 +7.303272932e+02
332 +8.035145832e+02 +8.035145832e+02 +7.027045832e+02 +7.027045832e+02
363 +7.927626631e+02 +7.927626631e+02 +6.919526631e+02 +6.919526631e+02
388 +7.341962724e+02 +7.341962724e+02 +6.333862724e+02 +6.333862724e+02
420 +7.227866973e+02 +7.227866973e+02 +6.219766973e+02 +6.219766973e+02
457 +6.502718685e+02 +6.502718685e+02 +5.494618685e+02 +5.494618685e+02
502 +6.413563577e+02 +6.413563577e+02 +5.405463577e+02 +5.405463577e+02
1216 +6.207674789e+02 +6.207674789e+02 +5.199574789e+02 +5.199574789e+02
1234 +5.993131381e+02 +5.993131381e+02 +4.985031381e+02 +4.985031381e+02
1604 +5.658894067e+02 +5.658894067e+02 +4.650794067e+02 +4.650794067e+02
1901 +5.493634454e+02 +5.493634454e+02 +4.485534454e+02 +4.485534454e+02
2197 +5.296659855e+02 +5.296659855e+02 +4.288559855e+02 +4.288559855e+02
2349 +5.118060989e+02 +5.118060989e+02 +4.109960989e+02 +4.109960989e+02
2369 +5.006423054e+02 +5.006423054e+02 +3.998323054e+02 +3.998323054e+02
2946 +4.850418096e+02 +4.850418096e+02 +3.842318096e+02 +3.842318096e+02
3777 +4.737959848e+02 +4.737959848e+02 +3.729859848e+02 +3.729859848e+02
3823 +4.493212544e+02 +4.493212544e+02 +3.485112544e+02 +3.485112544e+02
3922 +4.260771114e+02 +4.260771114e+02 +3.252671114e+02 +3.252671114e+02
5883 +4.150034387e+02 +4.150034387e+02 +3.141934387e+02 +3.141934387e+02
5894 +3.996871649e+02 +3.996871649e+02 +2.988771649e+02 +2.988771649e+02
5923 +3.968062063e+02 +3.968062063e+02 +2.959962063e+02 +2.959962063e+02
5961 +3.868925735e+02 +3.868925735e+02 +2.860825735e+02 +2.860825735e+02
5969 +3.698115813e+02 +3.698115813e+02 +2.690015813e+02 +2.690015813e+02
6069 +3.613218784e+02 +3.613218784e+02 +2.605118784e+02 +2.605118784e+02
6080 +3.513628472e+02 +3.513628472e+02 +2.505528472e+02 +2.505528472e+02
6186 +3.446804801e+02 +3.446804801e+02 +2.438704801e+02 +2.438704801e+02
6241 +3.362692257e+02 +3.362692257e+02 +2.354592257e+02 +2.354592257e+02
6279 +3.308882341e+02 +3.308882341e+02 +2.300782341e+02 +2.300782341e+02
6316 +3.210437341e+02 +3.210437341e+02 +2.202337341e+02 +2.202337341e+02
6359 +3.159960816e+02 +3.159960816e+02 +2.151860816e+02 +2.151860816e+02
6453 +3.076065567e+02 +3.076065567e+02 +2.067965567e+02 +2.067965567e+02
6469 +3.017588071e+02 +3.017588071e+02 +2.009488071e+02 +2.009488071e+02
6648 +2.950675280e+02 +2.950675280e+02 +1.942575280e+02 +1.942575280e+02
6837 +2.882962895e+02 +2.882962895e+02 +1.874862895e+02 +1.874862895e+02
7877 +2.818381269e+02 +2.818381269e+02 +1.810281269e+02 +1.810281269e+02
% function evaluation | noise-free fitness - Fopt (-2.184000000000e+01) | best noise-free fitness - Fopt | measured fitness | best measured fitness | x1 | x2...
1 +1.698680374e+03 +1.698680374e+03 +1.676840374e+03 +1.676840374e+03
3 +1.697539209e+03 +1.697539209e+03 +1.675699209e+03 +1.675699209e+03
7 +1.592849240e+03 +1.592849240e+03 +1.571009240e+03 +1.571009240e+03
12 +1.518607992e+03 +1.518607992e+03 +1.496767992e+03 +1.496767992e+03
26 +1.472853011e+03 +1.472853011e+03 +1.451013011e+03 +1.451013011e+03
78 +1.386184010e+03 +1.386184010e+03 +1.364344010e+03 +1.364344010e+03
103 +1.271301737e+03 +1.271301737e+03 +1.249461737e+03 +1.249461737e+03
131 +1.258705018e+03 +1.258705018e+03 +1.236865018e+03 +1.236865018e+03
138 +1.180077658e+03 +1.180077658e+03 +1.158237658e+03 +1.158237658e+03
150 +1.169409876e+03 +1.169409876e+03 +1.147569876e+03 +1.147569876e+03
185 +1.068805886e+03 +1.068805886e+03 +1.046965886e+03 +1.046965886e+03
218 +1.012476865e+03 +1.012476865e+03 +9.906368646e+02 +9.906368646e+02
298 +9.902676046e+02 +9.902676046e+02 +9.684276046e+02 +9.684276046e+02
306 +9.543705951e+02 +9.543705951e+02 +9.325305951e+02 +9.325305951e+02
308 +9.296704112e+02 +9.296704112e+02 +9.078304112e+02 +9.078304112e+02
339 +8.897178194e+02 +8.897178194e+02 +8.678778194e+02 +8.678778194e+02
450 +8.503648585e+02 +8.503648585e+02 +8.285248585e+02 +8.285248585e+02
460 +8.304156307e+02 +8.304156307e+02 +8.085756307e+02 +8.085756307e+02
470 +8.116258650e+02 +8.116258650e+02 +7.897858650e+02 +7.897858650e+02
701 +7.664833687e+02 +7.664833687e+02 +7.446433687e+02 +7.446433687e+02
748 +7.414356813e+02 +7.414356813e+02 +7.195956813e+02 +7.195956813e+02
804 +7.230352751e+02 +7.230352751e+02 +7.011952751e+02 +7.011952751e+02
845 +6.980174227e+02 +6.980174227e+02 +6.761774227e+02 +6.761774227e+02
982 +6.750110945e+02 +6.750110945e+02 +6.531710945e+02 +6.531710945e+02
1028 +6.349420103e+02 +6.349420103e+02 +6.131020103e+02 +6.131020103e+02
1031 +6.106522453e+02 +6.106522453e+02 +5.888122453e+02 +5.888122453e+02
1043 +5.899860208e+02 +5.899860208e+02 +5.681460208e+02 +5.681460208e+02
1135 +5.873565255e+02 +5.873565255e+02 +5.655165255e+02 +5.655165255e+02
1198 +5.205047556e+02 +5.205047556e+02 +4.986647556e+02 +4.986647556e+02
1529 +4.916383096e+02 +4.916383096e+02 +4.697983096e+02 +4.697983096e+02
1617 +4.887102403e+02 +4.887102403e+02 +4.668702403e+02 +4.668702403e+02
1696 +4.672237945e+02 +4.672237945e+02 +4.453837945e+02 +4.453837945e+02
2177 +4.417622446e+02 +4.417622446e+02 +4.199222446e+02 +4.199222446e+02
2522 +4.331680465e+02 +4.331680465e+02 +4.113280465e+02 +4.113280465e+02
2566 +4.198768923e+02 +4.198768923e+02 +3.980368923e+02 +3.980368923e+02
2582 +4.003478302e+02 +4.003478302e+02 +3.785078302e+02 +3.785078302e+02
2589 +3.887174768e+02 +3.887174768e+02 +3.668774768e+02 +3.668774768e+02
2594 +3.627429496e+02 +3.627429496e+02 +3.409029496e+02 +3.409029496e+02
2621 +3.268142747e+02 +3.268142747e+02 +3.049742747e+02 +3.049742747e+02
2688 +3.174881040e+02 +3.174881040e+02 +2.956481040e+02 +2.956481040e+02
2690 +3.033257640e+02 +3.033257640e+02 +2.814857640e+02 +2.814857640e+02
2696 +2.996390151e+02 +2.996390151e+02 +2.777990151e+02 +2.777990151e+02
2855 +2.697884101e+02 +2.697884101e+02 +2.479484101e+02 +2.479484101e+02
2872 +2.617732846e+02 +2.617732846e+02 +2.399332846e+02 +2.399332846e+02
2883 +2.487838767e+02 +2.487838767e+02 +2.269438767e+02 +2.269438767e+02
2884 +2.414424663e+02 +2.414424663e+02 +2.196024663e+02 +2.196024663e+02
2918 +2.304295339e+02 +2.304295339e+02 +2.085895339e+02 +2.085895339e+02
2935 +2.271092315e+02 +2.271092315e+02 +2.052692315e+02 +2.052692315e+02
2986 +2.180019866e+02 +2.180019866e+02 +1.961619866e+02 +1.961619866e+02
2989 +2.097868028e+02 +2.097868028e+02 +1.879468028e+02 +1.879468028e+02
3153 +2.083921516e+02 +2.083921516e+02 +1.865521516e+02 +1.865521516e+02
3199 +2.025781117e+02 +2.025781117e+02 +1.807381117e+02 +1.807381117e+02
3226 +1.976931726e+02 +1.976931726e+02 +1.758531726e+02 +1.758531726e+02
3289 +1.907592939e+02 +1.907592939e+02 +1.689192939e+02 +1.689192939e+02
3308 +1.896841584e+02 +1.896841584e+02 +1.678441584e+02 +1.678441584e+02
3459 +1.843271194e+02 +1.843271194e+02 +1.624871194e+02 +1.624871194e+02
3510 +1.815121619e+02 +1.815121619e+02 +1.596721619e+02 +1.596721619e+02
3610 +1.776484486e+02 +1.776484486e+02 +1.558084486e+02 +1.558084486e+02
3772 +1.735892811e+02 +1.735892811e+02 +1.517492811e+02 +1.517492811e+02
4240 +1.696877441e+02 +1.696877441e+02 +1.478477441e+02 +1.478477441e+02
5195 +1.659150467e+02 +1.659150467e+02 +1.440750467e+02 +1.440750467e+02
% function evaluation | noise-free fitness - Fopt (-1.862000000000e+01) | best noise-free fitness - Fopt | measured fitness | best measured fitness | x1 | x2...
1 +1.569183741e+03 +1.569183741e+03 +1.550563741e+03 +1.550563741e+03
8 +1.544166332e+03 +1.544166332e+03 +1.525546332e+03 +1.525546332e+03
9 +1.501785457e+03 +1.501785457e+03 +1.483165457e+03 +1.483165457e+03
20 +1.455482071e+03 +1.455482071e+03 +1.436862071e+03 +1.436862071e+03
32 +1.394462792e+03 +1.394462792e+03 +1.375842792e+03 +1.375842792e+03
47 +1.367881199e+03 +1.367881199e+03 +1.349261199e+03 +1.349261199e+03
54 +1.319542828e+03 +1.319542828e+03 +1.300922828e+03 +1.300922828e+03
60 +1.305464372e+03 +1.305464372e+03 +1.286844372e+03 +1.286844372e+03
64 +1.249920687e+03 +1.249920687e+03 +1.231300687e+03 +1.231300687e+03
75 +1.203569713e+03 +1.203569713e+03 +1.184949713e+03 +1.184949713e+03
117 +1.183106271e+03 +1.183106271e+03 +1.164486271e+03 +1.164486271e+03
129 +1.167899406e+03 +1.167899406e+03 +1.149279406e+03 +1.149279406e+03
159 +1.110149273e+03 +1.110149273e+03 +1.091529273e+03 +1.091529273e+03
172 +9.887015285e+02 +9.887015285e+02 +9.700815285e+02 +9.700815285e+02
182 +9.319000879e+02 +9.319000879e+02 +9.132800879e+02 +9.132800879e+02
227 +9.036598492e+02 +9.036598492e+02 +8.850398492e+02 +8.850398492e+02
273 +8.910979655e+02 +8.910979655e+02 +8.724779655e+02 +8.724779655e+02
277 +8.680870465e+02 +8.680870465e+02 +8.494670465e+02 +8.494670465e+02
323 +8.391601633e+02 +8.391601633e+02 +8.205401633e+02 +8.205401633e+02
368 +8.060623479e+02 +8.060623479e+02 +7.874423479e+02 +7.874423479e+02
388 +7.790924329e+02 +7.790924329e+02 +7.604724329e+02 +7.604724329e+02
430 +7.729975447e+02 +7.729975447e+02 +7.543775447e+02 +7.543775447e+02
556 +7.168476789e+02 +7.168476789e+02 +6.982276789e+02 +6.982276789e+02
614 +7.042545602e+02 +7.042545602e+02 +6.856345602e+02 +6.856345602e+02
817 +6.848073050e+02 +6.848073050e+02 +6.661873050e+02 +6.661873050e+02
841 +6.503223117e+02 +6.503223117e+02 +6.317023117e+02 +6.317023117e+02
939 +6.441037946e+02 +6.441037946e+02 +6.254837946e+02 +6.254837946e+02
1217 +6.262915996e+02 +6.262915996e+02 +6.076715996e+02 +6.076715996e+02
1380 +6.161103453e+02 +6.161103453e+02 +5.974903453e+02 +5.974903453e+02
1384 +5.916450934e+02 +5.916450934e+02 +5.730250934e+02 +5.730250934e+02
1414 +5.883680544e+02 +5.883680544e+02 +5.697480544e+02 +5.697480544e+02
1442 +5.658745359e+02 +5.658745359e+02 +5.472545359e+02 +5.472545359e+02
1456 +5.302617900e+02 +5.302617900e+02 +5.116417900e+02 +5.116417900e+02
1519 +5.124159479e+02 +5.124159479e+02 +4.937959479e+02 +4.937959479e+02
1673 +5.004949895e+02 +5.004949895e+02 +4.818749895e+02 +4.818749895e+02
1725 +4.851587383e+02 +4.851587383e+02 +4.665387383e+02 +4.665387383e+02
1754 +4.770638886e+02 +4.770638886e+02 +4.584438886e+02 +4.584438886e+02
1779 +4.672304366e+02 +4.672304366e+02 +4.486104366e+02 +4.486104366e+02
1830 +4.541014704e+02 +4.541014704e+02 +4.354814704e+02 +4.354814704e+02
1878 +4.464982536e+02 +4.464982536e+02 +4.278782536e+02 +4.278782536e+02
1985 +4.365092435e+02 +4.365092435e+02 +4.178892435e+02 +4.178892435e+02
2047 +4.246369693e+02 +4.246369693e+02 +4.060169693e+02 +4.060169693e+02
2061 +4.158931820e+02 +4.158931820e+02 +3.972731820e+02 +3.972731820e+02
2155 +4.060321322e+02 +4.060321322e+02 +3.874121322e+02 +3.874121322e+02
2264 +3.966768159e+02 +3.966768159e+02 +3.780568159e+02 +3.780568159e+02
2627 +3.889989780e+02 +3.889989780e+02 +3.703789780e+02 +3.703789780e+02
% function evaluation | noise-free fitness - Fopt (2.764000000000e+01) | best noise-free fitness - Fopt | measured fitness | best measured fitness | x1 | x2...
1 +1.626746244e+03 +1.626746244e+03 +1.654386244e+03 +1.654386244e+03
3 +1.597049913e+03 +1.597049913e+03 +1.624689913e+03 +1.624689913e+03
28 +1.581145320e+03 +1.581145320e+03 +1.608785320e+03 +1.608785320e+03
31 +1.508319691e+03 +1.508319691e+03 +1.535959691e+03 +1.535959691e+03
49 +1.459990283e+03 +1.459990283e+03 +1.487630283e+03 +1.487630283e+03
57 +1.434017791e+03 +1.434017791e+03 +1.461657791e+03 +1.461657791e+03
90 +1.363838283e+03 +1.363838283e+03 +1.391478283e+03 +1.391478283e+03
108 +1.344884552e+03 +1.344884552e+03 +1.372524552e+03 +1.372524552e+03
141 +1.281531190e+03 +1.281531190e+03 +1.309171190e+03 +1.309171190e+03
179 +1.183417786e+03 +1.183417786e+03 +1.211057786e+03 +1.211057786e+03
210 +1.166256964e+03 +1.166256964e+03 +1.193896964e+03 +1.193896964e+03
219 +1.147924890e+03 +1.147924890e+03 +1.175564890e+03 +1.175564890e+03
291 +1.073028605e+03 +1.073028605e+03 +1.100668605e+03 +1.100668605e+03
316 +1.034831229e+03 +1.034831229e+03 +1.062471229e+03 +1.062471229e+03
332 +9.965920507e+02 +9.965920507e+02 +1.024232051e+03 +1.024232051e+03
405 +8.696772269e+02 +8.696772269e+02 +8.973172269e+02 +8.973172269e+02
566 +8.418576610e+02 +8.418576610e+02 +8.694976610e+02 +8.694976610e+02
572 +8.272916322e+02 +8.272916322e+02 +8.549316322e+02 +8.549316322e+02
590 +7.994732306e+02 +7.994732306e+02 +8.271132306e+02 +8.271132306e+02
601 +7.639516181e+02 +7.639516181e+02 +7.915916181e+02 +7.915916181e+02
679 +7.390041847e+02 +7.390041847e+02 +7.666441847e+02 +7.666441847e+02
713 +7.188156312e+02 +7.188156312e+02 +7.464556312e+02 +7.464556312e+02
727 +7.063349396e+02 +7.063349396e+02 +7.339749396e+02 +7.339749396e+02
740 +6.885881155e+02 +6.885881155e+02 +7.162281155e+02 +7.162281155e+02
777 +6.684105455e+02 +6.684105455e+02 +6.960505455e+02 +6.960505455e+02
882 +6.461373574e+02 +6.461373574e+02 +6.737773574e+02 +6.737773574e+02
936 +6.261464577e+02 +6.261464577e+02 +6.537864577e+02 +6.537864577e+02
942 +6.120262250e+02 +6.120262250e+02 +6.396662250e+02 +6.396662250e+02
974 +5.676766558e+02 +5.676766558e+02 +5.953166558e+02 +5.953166558e+02
1037 +5.130066618e+02 +5.130066618e+02 +5.406466618e+02 +5.406466618e+02
1126 +4.894049462e+02 +4.894049462e+02 +5.170449462e+02 +5.170449462e+02
1318 +4.748392332e+02 +4.748392332e+02 +5.024792332e+02 +5.024792332e+02
1336 +4.617372474e+02 +4.617372474e+02 +4.893772474e+02 +4.893772474e+02
2191 +4.385308891e+02 +4.385308891e+02 +4.661708891e+02 +4.661708891e+02
2238 +4.196421873e+02 +4.196421873e+02 +4.472821873e+02 +4.472821873e+02
4095 +4.120762830e+02 +4.120762830e+02 +4.397162830e+02 +4.397162830e+02
4290 +3.946063662e+02 +3.946063662e+02 +4.222463662e+02 +4.222463662e+02
5598 +3.867474896e+02 +3.867474896e+02 +4.143874896e+02 +4.143874896e+02
5624 +3.416837400e+02 +3.416837400e+02 +3.693237400e+02 +3.693237400e+02
5779 +3.342545487e+02 +3.342545487e+02 +3.618945487e+02 +3.618945487e+02
5880 +3.289978640e+02 +3.289978640e+02 +3.566378640e+02 +3.566378640e+02
5895 +3.008371529e+02 +3.008371529e+02 +3.284771529e+02 +3.284771529e+02
5932 +2.805365733e+02 +2.805365733e+02 +3.081765733e+02 +3.081765733e+02
5938 +2.704767615e+02 +2.704767615e+02 +2.981167615e+02 +2.981167615e+02
5953 +2.648711692e+02 +2.648711692e+02 +2.925111692e+02 +2.925111692e+02
5969 +2.589469132e+02 +2.589469132e+02 +2.865869132e+02 +2.865869132e+02
5992 +2.540002766e+02 +2.540002766e+02 +2.816402766e+02 +2.816402766e+02
6039 +2.491373847e+02 +2.491373847e+02 +2.767773847e+02 +2.767773847e+02
6048 +2.431906191e+02 +2.431906191e+02 +2.708306191e+02 +2.708306191e+02
6080 +2.332073747e+02 +2.332073747e+02 +2.608473747e+02 +2.608473747e+02
6096 +2.262201942e+02 +2.262201942e+02 +2.538601942e+02 +2.538601942e+02
6100 +2.234985088e+02 +2.234985088e+02 +2.511385088e+02 +2.511385088e+02
6106 +2.130239096e+02 +2.130239096e+02 +2.406639096e+02 +2.406639096e+02
6169 +1.984170175e+02 +1.984170175e+02 +2.260570175e+02 +2.260570175e+02
6204 +1.948235842e+02 +1.948235842e+02 +2.224635842e+02 +2.224635842e+02
6214 +1.847201711e+02 +1.847201711e+02 +2.123601711e+02 +2.123601711e+02
6227 +1.753453775e+02 +1.753453775e+02 +2.029853775e+02 +2.029853775e+02
6239 +1.727808559e+02 +1.727808559e+02 +2.004208559e+02 +2.004208559e+02
6248 +1.631674062e+02 +1.631674062e+02 +1.908074062e+02 +1.908074062e+02
6269 +1.593391851e+02 +1.593391851e+02 +1.869791851e+02 +1.869791851e+02
6317 +1.568625715e+02 +1.568625715e+02 +1.845025715e+02 +1.845025715e+02
6350 +1.538325942e+02 +1.538325942e+02 +1.814725942e+02 +1.814725942e+02
6451 +1.504273730e+02 +1.504273730e+02 +1.780673730e+02 +1.780673730e+02
6452 +1.472376862e+02 +1.472376862e+02 +1.748776862e+02 +1.748776862e+02
6528 +1.433993018e+02 +1.433993018e+02 +1.710393018e+02 +1.710393018e+02
6557 +1.400918079e+02 +1.400918079e+02 +1.677318079e+02 +1.677318079e+02
6573 +1.360908420e+02 +1.360908420e+02 +1.637308420e+02 +1.637308420e+02
6693 +1.333943852e+02 +1.333943852e+02 +1.610343852e+02 +1.610343852e+02
6754 +1.309996319e+02 +1.309996319e+02 +1.586396319e+02 +1.586396319e+02
6818 +1.287201736e+02 +1.287201736e+02 +1.563601736e+02 +1.563601736e+02
6853 +1.256658818e+02 +1.256658818e+02 +1.533058818e+02 +1.533058818e+02
6894 +1.227557439e+02 +1.227557439e+02 +1.503957439e+02 +1.503957439e+02
6979 +1.201532410e+02 +1.201532410e+02 +1.477932410e+02 +1.477932410e+02
7077 +1.172574452e+02 +1.172574452e+02 +1.448974452e+02 +1.448974452e+02
7218 +1.143161110e+02 +1.143161110e+02 +1.419561110e+02 +1.419561110e+02
7358 +1.120515388e+02 +1.120515388e+02 +1.396915388e+02 +1.396915388e+02
7680 +1.096118129e+02 +1.096118129e+02 +1.372518129e+02 +1.372518129e+02
8358 +1.071327220e+02 +1.071327220e+02 +1.347727220e+02 +1.347727220e+02
% function evaluation | noise-free fitness - Fopt (-1.552000000000e+01) | best noise-free fitness - Fopt | measured fitness | best measured fitness | x1 | x2...
1 +1.276674020e+03 +1.276674020e+03 +1.261154020e+03 +1.261154020e+03
8 +1.257050391e+03 +1.257050391e+03 +1.241530391e+03 +1.241530391e+03
12 +1.208354184e+03 +1.208354184e+03 +1.192834184e+03 +1.192834184e+03
36 +1.190992862e+03 +1.190992862e+03 +1.175472862e+03 +1.175472862e+03
42 +1.155796332e+03 +1.155796332e+03 +1.140276332e+03 +1.140276332e+03
46 +1.123759905e+03 +1.123759905e+03 +1.108239905e+03 +1.108239905e+03
52 +1.113422432e+03 +1.113422432e+03 +1.097902432e+03 +1.097902432e+03
110 +1.064832614e+03 +1.064832614e+03 +1.049312614e+03 +1.049312614e+03
125 +1.044740300e+03 +1.044740300e+03 +1.029220300e+03 +1.029220300e+03
133 +1.022657149e+03 +1.022657149e+03 +1.007137149e+03 +1.007137149e+03
161 +9.775178611e+02 +9.775178611e+02 +9.619978611e+02 +9.619978611e+02
167 +9.576525177e+02 +9.576525177e+02 +9.421325177e+02 +9.421325177e+02
195 +9.161469928e+02 +9.161469928e+02 +9.006269928e+02 +9.006269928e+02
205 +8.799610238e+02 +8.799610238e+02 +8.644410238e+02 +8.644410238e+02
295 +8.698162058e+02 +8.698162058e+02 +8.542962058e+02 +8.542962058e+02
296 +8.368677130e+02 +8.368677130e+02 +8.213477130e+02 +8.213477130e+02
375 +8.012360819e+02 +8.012360819e+02 +7.857160819e+02 +7.857160819e+02
396 +7.756366775e+02 +7.756366775e+02 +7.601166775e+02 +7.601166775e+02
434 +7.198758157e+02 +7.198758157e+02 +7.043558157e+02 +7.043558157e+02
533 +6.808261243e+02 +6.808261243e+02 +6.653061243e+02 +6.653061243e+02
536 +6.727603603e+02 +6.727603603e+02 +6.572403603e+02 +6.572403603e+02
979 +6.596956685e+02 +6.596956685e+02 +6.441756685e+02 +6.441756685e+02
1075 +6.001876452e+02 +6.001876452e+02 +5.846676452e+02 +5.846676452e+02
1422 +5.864421167e+02 +5.864421167e+02 +5.709221167e+02 +5.709221167e+02
1856 +5.749505136e+02 +5.749505136e+02 +5.594305136e+02 +5.594305136e+02
1874 +5.591350613e+02 +5.591350613e+02 +5.436150613e+02 +5.436150613e+02
1893 +5.260266663e+02 +5.260266663e+02 +5.105066663e+02 +5.105066663e+02
1905 +5.185150548e+02 +5.185150548e+02 +5.029950548e+02 +5.029950548e+02
1913 +5.076977444e+02 +5.076977444e+02 +4.921777444e+02 +4.921777444e+02
1919 +5.006818540e+02 +5.006818540e+02 +4.851618540e+02 +4.851618540e+02
1940 +4.864367825e+02 +4.864367825e+02 +4.709167825e+02 +4.709167825e+02
1944 +4.751522146e+02 +4.751522146e+02 +4.596322146e+02 +4.596322146e+02
1992 +4.594573733e+02 +4.594573733e+02 +4.439373733e+02 +4.439373733e+02
2055 +4.530513472e+02 +4.530513472e+02 +4.375313472e+02 +4.375313472e+02
2061 +4.430345794e+02 +4.430345794e+02 +4.275145794e+02 +4.275145794e+02
2081 +4.296394124e+02 +4.296394124e+02 +4.141194124e+02 +4.141194124e+02
2274 +4.202818788e+02 +4.202818788e+02 +4.047618788e+02 +4.047618788e+02
2289 +4.111423988e+02 +4.111423988e+02 +3.956223988e+02 +3.956223988e+02
2315 +4.049918888e+02 +4.049918888e+02 +3.894718888e+02 +3.894718888e+02
2334 +3.959779627e+02 +3.959779627e+02 +3.804579627e+02 +3.804579627e+02
2374 +3.838309233e+02 +3.838309233e+02 +3.683109233e+02 +3.683109233e+02
2430 +3.755506770e+02 +3.755506770e+02 +3.600306770e+02 +3.600306770e+02
2470 +3.700917669e+02 +3.700917669e+02 +3.545717669e+02 +3.545717669e+02
2508 +3.622354081e+02 +3.622354081e+02 +3.467154081e+02 +3.467154081e+02
2547 +3.543665247e+02 +3.543665247e+02 +3.388465247e+02 +3.388465247e+02
2757 +3.454867308e+02 +3.454867308e+02 +3.299667308e+02 +3.299667308e+02
2867 +3.382134069e+02 +3.382134069e+02 +3.226934069e+02 +3.226934069e+02
2955 +3.301950420e+02 +3.301950420e+02 +3.146750420e+02 +3.146750420e+02
3072 +3.228566401e+02 +3.228566401e+02 +3.073366401e+02 +3.073366401e+02
3397 +3.162001365e+02 +3.162001365e+02 +3.006801365e+02 +3.006801365e+02
3922 +3.089873373e+02 +3.089873373e+02 +2.934673373e+02 +2.934673373e+02
% function evaluation | noise-free fitness - Fopt (1.000000000000e+03) | best noise-free fitness - Fopt | measured fitness | best measured fitness | x1 | x2...
1 +1.883130681e+03 +1.883130681e+03 +2.883130681e+03 +2.883130681e+03
4 +1.811712227e+03 +1.811712227e+03 +2.811712227e+03 +2.811712227e+03
11 +1.716367262e+03 +1.716367262e+03 +2.716367262e+03 +2.716367262e+03
42 +1.645992837e+03 +1.645992837e+03 +2.645992837e+03 +2.645992837e+03
68 +1.620328764e+03 +1.620328764e+03 +2.620328764e+03 +2.620328764e+03
84 +1.555077772e+03 +1.555077772e+03 +2.555077772e+03 +2.555077772e+03
95 +1.499607846e+03 +1.499607846e+03 +2.499607846e+03 +2.499607846e+03
110 +1.468120394e+03 +1.468120394e+03 +2.468120394e+03 +2.468120394e+03
128 +1.444028819e+03 +1.444028819e+03 +2.444028819e+03 +2.444028819e+03
133 +1.378088734e+03 +1.378088734e+03 +2.378088734e+03 +2.378088734e+03
148 +1.324471737e+03 +1.324471737e+03 +2.324471737e+03 +2.324471737e+03
160 +1.316268065e+03 +1.316268065e+03 +2.316268065e+03 +2.316268065e+03
163 +1.268207292e+03 +1.268207292e+03 +2.268207292e+03 +2.268207292e+03
180 +1.171923005e+03 +1.171923005e+03 +2.171923005e+03 +2.171923005e+03
211 +1.147222012e+03 +1.147222012e+03 +2.147222012e+03 +2.147222012e+03
213 +1.079251799e+03 +1.079251799e+03 +2.079251799e+03 +2.079251799e+03
240 +1.071388774e+03 +1.071388774e+03 +2.071388774e+03 +2.071388774e+03
241 +1.035157790e+03 +1.035157790e+03 +2.035157790e+03 +2.035157790e+03
249 +1.018173274e+03 +1.018173274e+03 +2.018173274e+03 +2.018173274e+03
270 +9.480955841e+02 +9.480955841e+02 +1.948095584e+03 +1.948095584e+03
274 +8.959973130e+02 +8.959973130e+02 +1.895997313e+03 +1.895997313e+03
288 +8.479100122e+02 +8.479100122e+02 +1.847910012e+03 +1.847910012e+03
336 +7.823571133e+02 +7.823571133e+02 +1.782357113e+03 +1.782357113e+03
403 +7.592322067e+02 +7.592322067e+02 +1.759232207e+03 +1.759232207e+03
407 +7.493291832e+02 +7.493291832e+02 +1.749329183e+03 +1.749329183e+03
460 +7.342210972e+02 +7.342210972e+02 +1.734221097e+03 +1.734221097e+03
468 +7.244217473e+02 +7.244217473e+02 +1.724421747e+03 +1.724421747e+03
605 +6.950543236e+02 +6.950543236e+02 +1.695054324e+03 +1.695054324e+03
858 +6.800992035e+02 +6.800992035e+02 +1.680099204e+03 +1.680099204e+03
963 +6.692974638e+02 +6.692974638e+02 +1.669297464e+03 +1.669297464e+03
1019 +6.201193753e+02 +6.201193753e+02 +1.620119375e+03 +1.620119375e+03
1052 +6.119699113e+02 +6.119699113e+02 +1.611969911e+03 +1.611969911e+03
1135 +6.025291680e+02 +6.025291680e+02 +1.602529168e+03 +1.602529168e+03
1312 +5.838269033e+02 +5.838269033e+02 +1.583826903e+03 +1.583826903e+03
1533 +5.631852765e+02 +5.631852765e+02 +1.563185276e+03 +1.563185276e+03
1558 +5.024909309e+02 +5.024909309e+02 +1.502490931e+03 +1.502490931e+03
1568 +4.513283040e+02 +4.513283040e+02 +1.451328304e+03 +1.451328304e+03
1938 +4.342340091e+02 +4.342340091e+02 +1.434234009e+03 +1.434234009e+03
2704 +4.215797223e+02 +4.215797223e+02 +1.421579722e+03 +1.421579722e+03
3702 +3.969671732e+02 +3.969671732e+02 +1.396967173e+03 +1.396967173e+03
3824 +3.816577824e+02 +3.816577824e+02 +1.381657782e+03 +1.381657782e+03
3840 +3.564624902e+02 +3.564624902e+02 +1.356462490e+03 +1.356462490e+03
3928 +3.502141313e+02 +3.502141313e+02 +1.350214131e+03 +1.350214131e+03
3943 +3.380823905e+02 +3.380823905e+02 +1.338082390e+03 +1.338082390e+03
3969 +3.307706014e+02 +3.307706014e+02 +1.330770601e+03 +1.330770601e+03
4109 +2.975649288e+02 +2.975649288e+02 +1.297564929e+03 +1.297564929e+03
4140 +2.948446274e+02 +2.948446274e+02 +1.294844627e+03 +1.294844627e+03
4183 +2.802451614e+02 +2.802451614e+02 +1.280245161e+03 +1.280245161e+03
4216 +2.709757991e+02 +2.709757991e+02 +1.270975799e+03 +1.270975799e+03
4219 +2.635448507e+02 +2.635448507e+02 +1.263544851e+03 +1.263544851e+03
4261 +2.551091478e+02 +2.551091478e+02 +1.255109148e+03 +1.255109148e+03
4269 +2.490561433e+02 +2.490561433e+02 +1.249056143e+03 +1.249056143e+03
4275 +2.449658304e+02 +2.449658304e+02 +1.244965830e+03 +1.244965830e+03
4285 +2.391966404e+02 +2.391966404e+02 +1.239196640e+03 +1.239196640e+03
4364 +2.290364609e+02 +2.290364609e+02 +1.229036461e+03 +1.229036461e+03
4419 +2.224529042e+02 +2.224529042e+02 +1.222452904e+03 +1.222452904e+03
4444 +2.166731083e+02 +2.166731083e+02 +1.216673108e+03 +1.216673108e+03
4468 +2.103959643e+02 +2.103959643e+02 +1.210395964e+03 +1.210395964e+03
4511 +2.065661191e+02 +2.065661191e+02 +1.206566119e+03 +1.206566119e+03
4638 +2.039777655e+02 +2.039777655e+02 +1.203977766e+03 +1.203977766e+03
4821 +1.992921744e+02 +1.992921744e+02 +1.199292174e+03 +1.199292174e+03
4958 +1.947616138e+02 +1.947616138e+02 +1.194761614e+03 +1.194761614e+03
5102 +1.905241147e+02 +1.905241147e+02 +1.190524115e+03 +1.190524115e+03
5241 +1.861764373e+02 +1.861764373e+02 +1.186176437e+03 +1.186176437e+03
5499 +1.819359520e+02 +1.819359520e+02 +1.181935952e+03 +1.181935952e+03
% function evaluation | noise-free fitness - Fopt (-3.030200000000e+02) | best noise-free fitness - Fopt | measured fitness | best measured fitness | x1 | x2...
1 +1.691558186e+03 +1.691558186e+03 +1.388538186e+03 +1.388538186e+03
10 +1.557477297e+03 +1.557477297e+03 +1.254457297e+03 +1.254457297e+03
29 +1.514959195e+03 +1.514959195e+03 +1.211939195e+03 +1.211939195e+03
42 +1.470589368e+03 +1.470589368e+03 +1.167569368e+03 +1.167569368e+03
56 +1.416835609e+03 +1.416835609e+03 +1.113815609e+03 +1.113815609e+03
76 +1.390028088e+03 +1.390028088e+03 +1.087008088e+03 +1.087008088e+03
79 +1.324303111e+03 +1.324303111e+03 +1.021283111e+03 +1.021283111e+03
83 +1.313807538e+03 +1.313807538e+03 +1.010787538e+03 +1.010787538e+03
106 +1.249230422e+03 +1.249230422e+03 +9.462104216e+02 +9.462104216e+02
125 +1.218578698e+03 +1.218578698e+03 +9.155586979e+02 +9.155586979e+02
148 +1.141660402e+03 +1.141660402e+03 +8.386404025e+02 +8.386404025e+02
168 +1.033491967e+03 +1.033491967e+03 +7.304719668e+02 +7.304719668e+02
201 +1.021584196e+03 +1.021584196e+03 +7.185641956e+02 +7.185641956e+02
224 +9.988331140e+02 +9.988331140e+02 +6.958131140e+02 +6.958131140e+02
247 +9.493005058e+02 +9.493005058e+02 +6.462805058e+02 +6.462805058e+02
254 +8.745209639e+02 +8.745209639e+02 +5.715009639e+02 +5.715009639e+02
255 +8.629750929e+02 +8.629750929e+02 +5.599550929e+02 +5.599550929e+02
260 +8.435301627e+02 +8.435301627e+02 +5.405101627e+02 +5.405101627e+02
270 +8.225681309e+02 +8.225681309e+02 +5.195481309e+02 +5.195481309e+02
297 +7.567251850e+02 +7.567251850e+02 +4.537051850e+02 +4.537051850e+02
310 +7.219842950e+02 +7.219842950e+02 +4.189642950e+02 +4.189642950e+02
319 +6.452824017e+02 +6.452824017e+02 +3.422624017e+02 +3.422624017e+02
343 +6.250292230e+02 +6.250292230e+02 +3.220092230e+02 +3.220092230e+02
346 +6.163841406e+02 +6.163841406e+02 +3.133641406e+02 +3.133641406e+02
370 +5.883482311e+02 +5.883482311e+02 +2.853282311e+02 +2.853282311e+02
422 +5.583043928e+02 +5.583043928e+02 +2.552843928e+02 +2.552843928e+02
460 +5.143896961e+02 +5.143896961e+02 +2.113696961e+02 +2.113696961e+02
466 +5.032276148e+02 +5.032276148e+02 +2.002076148e+02 +2.002076148e+02
505 +4.982951825e+02 +4.982951825e+02 +1.952751825e+02 +1.952751825e+02
807 +4.421727135e+02 +4.421727135e+02 +1.391527135e+02 +1.391527135e+02
1101 +4.298563804e+02 +4.298563804e+02 +1.268363804e+02 +1.268363804e+02
1475 +4.257182736e+02 +4.257182736e+02 +1.226982736e+02 +1.226982736e+02
1548 +4.008609883e+02 +4.008609883e+02 +9.784098835e+01 +9.784098835e+01
1568 +3.819855805e+02 +3.819855805e+02 +7.896558055e+01 +7.896558055e+01
1700 +3.778229860e+02 +3.778229860e+02 +7.480298602e+01 +7.480298602e+01
1721 +3.592783542e+02 +3.592783542e+02 +5.625835417e+01 +5.625835417e+01
1744 +3.302824255e+02 +3.302824255e+02 +2.726242547e+01 +2.726242547e+01
1809 +3.178276412e+02 +3.178276412e+02 +1.480764122e+01 +1.480764122e+01
1858 +2.985772199e+02 +2.985772199e+02 -4.442780087e+00 -4.442780087e+00
1901 +2.878925127e+02 +2.878925127e+02 -1.512748734e+01 -1.512748734e+01
1953 +2.813320980e+02 +2.813320980e+02 -2.168790204e+01 -2.168790204e+01
1986 +2.640497041e+02 +2.640497041e+02 -3.897029586e+01 -3.897029586e+01
2074 +2.626683630e+02 +2.626683630e+02 -4.035163704e+01 -4.035163704e+01
2095 +2.470372127e+02 +2.470372127e+02 -5.598278727e+01 -5.598278727e+01
2124 +2.453672197e+02 +2.453672197e+02 -5.765278028e+01 -5.765278028e+01
2182 +2.372046949e+02 +2.372046949e+02 -6.581530510e+01 -6.581530510e+01
2204 +2.339564022e+02 +2.339564022e+02 -6.906359780e+01 -6.906359780e+01
2276 +2.260465856e+02 +2.260465856e+02 -7.697341437e+01 -7.697341437e+01
2288 +2.235515666e+02 +2.235515666e+02 -7.946843343e+01 -7.946843343e+01
2322 +2.172789272e+02 +2.172789272e+02 -8.574107282e+01 -8.574107282e+01
2453 +2.132645855e+02 +2.132645855e+02 -8.975541451e+01 -8.975541451e+01
2537 +2.086308308e+02 +2.086308308e+02 -9.438916924e+01 -9.438916924e+01
2664 +2.040734734e+02 +2.040734734e+02 -9.894652657e+01 -9.894652657e+01
2810 +1.991835468e+02 +1.991835468e+02 -1.038364532e+02 -1.038364532e+02
3067 +1.943015432e+02 +1.943015432e+02 -1.087184568e+02 -1.087184568e+02
3312 +1.903880653e+02 +1.903880653e+02 -1.126319347e+02 -1.126319347e+02
6157 +1.862057304e+02 +1.862057304e+02 -1.168142696e+02 -1.168142696e+02
% function evaluation | noise-free fitness - Fopt (4.731200000000e+02) | best noise-free fitness - Fopt | measured fitness | best measured fitness | x1 | x2...
1 +2.339049920e+03 +2.339049920e+03 +2.812169920e+03 +2.812169920e+03
2 +2.275034349e+03 +2.275034349e+03 +2.748154349e+03 +2.748154349e+03
4 +2.058153175e+03 +2.058153175e+03 +2.531273175e+03 +2.531273175e+03
11 +1.985373212e+03 +1.985373212e+03 +2.458493212e+03 +2.458493212e+03
21 +1.931587456e+03 +1.931587456e+03 +2.404707456e+03 +2.404707456e+03
24 +1.892575471e+03 +1.892575471e+03 +2.365695471e+03 +2.365695471e+03
28 +1.759868458e+03 +1.759868458e+03 +2.232988458e+03 +2.232988458e+03
37 +1.689597287e+03 +1.689597287e+03 +2.162717287e+03 +2.162717287e+03
43 +1.653430481e+03 +1.653430481e+03 +2.126550481e+03 +2.126550481e+03
63 +1.607220406e+03 +1.607220406e+03 +2.080340406e+03 +2.080340406e+03
66 +1.453982311e+03 +1.453982311e+03 +1.927102311e+03 +1.927102311e+03
77 +1.441312340e+03 +1.441312340e+03 +1.914432340e+03 +1.914432340e+03
92 +1.387013497e+03 +1.387013497e+03 +1.860133497e+03 +1.860133497e+03
99 +1.292037353e+03 +1.292037353e+03 +1.765157353e+03 +1.765157353e+03
112 +1.279247993e+03 +1.279247993e+03 +1.752367993e+03 +1.752367993e+03
114 +1.212969266e+03 +1.212969266e+03 +1.686089266e+03 +1.686089266e+03
130 +1.201382748e+03 +1.201382748e+03 +1.674502748e+03 +1.674502748e+03
137 +1.139527702e+03 +1.139527702e+03 +1.612647702e+03 +1.612647702e+03
146 +1.107900071e+03 +1.107900071e+03 +1.581020071e+03 +1.581020071e+03
150 +1.008439203e+03 +1.008439203e+03 +1.481559203e+03 +1.481559203e+03
159 +9.789489351e+02 +9.789489351e+02 +1.452068935e+03 +1.452068935e+03
161 +9.706232226e+02 +9.706232226e+02 +1.443743223e+03 +1.443743223e+03
192 +9.295750963e+02 +9.295750963e+02 +1.402695096e+03 +1.402695096e+03
231 +8.119100450e+02 +8.119100450e+02 +1.285030045e+03 +1.285030045e+03
322 +7.664430600e+02 +7.664430600e+02 +1.239563060e+03 +1.239563060e+03
354 +7.039684809e+02 +7.039684809e+02 +1.177088481e+03 +1.177088481e+03
405 +6.835136011e+02 +6.835136011e+02 +1.156633601e+03 +1.156633601e+03
423 +6.560412228e+02 +6.560412228e+02 +1.129161223e+03 +1.129161223e+03
452 +5.903037348e+02 +5.903037348e+02 +1.063423735e+03 +1.063423735e+03
890 +5.619849572e+02 +5.619849572e+02 +1.035104957e+03 +1.035104957e+03
911 +5.130596825e+02 +5.130596825e+02 +9.861796825e+02 +9.861796825e+02
1225 +4.861767097e+02 +4.861767097e+02 +9.592967097e+02 +9.592967097e+02
2907 +4.737290814e+02 +4.737290814e+02 +9.468490814e+02 +9.468490814e+02
2983 +4.501889944e+02 +4.501889944e+02 +9.233089944e+02 +9.233089944e+02
3008 +4.311369531e+02 +4.311369531e+02 +9.042569531e+02 +9.042569531e+02
3017 +4.079171087e+02 +4.079171087e+02 +8.810371087e+02 +8.810371087e+02
5053 +3.878140979e+02 +3.878140979e+02 +8.609340979e+02 +8.609340979e+02
5634 +3.685552838e+02 +3.685552838e+02 +8.416752838e+02 +8.416752838e+02
5665 +3.311075711e+02 +3.311075711e+02 +8.042275711e+02 +8.042275711e+02
5779 +3.138604376e+02 +3.138604376e+02 +7.869804376e+02 +7.869804376e+02
5791 +3.052917121e+02 +3.052917121e+02 +7.784117121e+02 +7.784117121e+02
5833 +2.896830171e+02 +2.896830171e+02 +7.628030171e+02 +7.628030171e+02
5923 +2.851247969e+02 +2.851247969e+02 +7.582447969e+02 +7.582447969e+02
5950 +2.532591357e+02 +2.532591357e+02 +7.263791357e+02 +7.263791357e+02
5991 +2.487995516e+02 +2.487995516e+02 +7.219195516e+02 +7.219195516e+02
6002 +2.437003318e+02 +2.437003318e+02 +7.168203318e+02 +7.168203318e+02
6027 +2.392931633e+02 +2.392931633e+02 +7.124131633e+02 +7.124131633e+02
6123 +2.250200067e+02 +2.250200067e+02 +6.981400067e+02 +6.981400067e+02
6144 +2.225617523e+02 +2.225617523e+02 +6.956817523e+02 +6.956817523e+02
6174 +2.172844258e+02 +2.172844258e+02 +6.904044258e+02 +6.904044258e+02
6214 +2.112096231e+02 +2.112096231e+02 +6.843296231e+02 +6.843296231e+02
6248 +2.085579231e+02 +2.085579231e+02 +6.816779231e+02 +6.816779231e+02
6254 +2.032441116e+02 +2.032441116e+02 +6.763641116e+02 +6.763641116e+02
6269 +1.915875523e+02 +1.915875523e+02 +6.647075523e+02 +6.647075523e+02
6280 +1.905269972e+02 +1.905269972e+02 +6.636469972e+02 +6.636469972e+02
6309 +1.853831633e+02 +1.853831633e+02 +6.585031633e+02 +6.585031633e+02
6317 +1.794006789e+02 +1.794006789e+02 +6.525206789e+02 +6.525206789e+02
6336 +1.771594891e+02 +1.771594891e+02 +6.502794891e+02 +6.502794891e+02
6350 +1.728331619e+02 +1.728331619e+02 +6.459531619e+02 +6.459531619e+02
6366 +1.695083653e+02 +1.695083653e+02 +6.426283653e+02 +6.426283653e+02
6394 +1.657332313e+02 +1.657332313e+02 +6.388532313e+02 +6.388532313e+02
6418 +1.620662561e+02 +1.620662561e+02 +6.351862561e+02 +6.351862561e+02
6457 +1.560519089e+02 +1.560519089e+02 +6.291719089e+02 +6.291719089e+02
6499 +1.548232068e+02 +1.548232068e+02 +6.279432068e+02 +6.279432068e+02
6533 +1.513497263e+02 +1.513497263e+02 +6.244697263e+02 +6.244697263e+02
6640 +1.473633449e+02 +1.473633449e+02 +6.204833449e+02 +6.204833449e+02
6662 +1.427048635e+02 +1.427048635e+02 +6.158248635e+02 +6.158248635e+02
6756 +1.401101827e+02 +1.401101827e+02 +6.132301827e+02 +6.132301827e+02
6801 +1.380238540e+02 +1.380238540e+02 +6.111438540e+02 +6.111438540e+02
6824 +1.339488103e+02 +1.339488103e+02 +6.070688103e+02 +6.070688103e+02
6924 +1.317331025e+02 +1.317331025e+02 +6.048531025e+02 +6.048531025e+02
7012 +1.286815345e+02 +1.286815345e+02 +6.018015345e+02 +6.018015345e+02
7142 +1.258414854e+02 +1.258414854e+02 +5.989614854e+02 +5.989614854e+02
7445 +1.230070371e+02 +1.230070371e+02 +5.961270371e+02 +5.961270371e+02
% function evaluation | noise-free fitness - Fopt (6.842100000000e+02) | best noise-free fitness - Fopt | measured fitness | best measured fitness | x1 | x2...
1 +1.428240181e+03 +1.428240181e+03 +2.112450181e+03 +2.112450181e+03
3 +1.399892548e+03 +1.399892548e+03 +2.084102548e+03 +2.084102548e+03
30 +1.377605445e+03 +1.377605445e+03 +2.061815445e+03 +2.061815445e+03
53 +1.331398025e+03 +1.331398025e+03 +2.015608025e+03 +2.015608025e+03
54 +1.274446036e+03 +1.274446036e+03 +1.958656036e+03 +1.958656036e+03
82 +1.257467787e+03 +1.257467787e+03 +1.941677787e+03 +1.941677787e+03
128 +1.196259903e+03 +1.196259903e+03 +1.880469903e+03 +1.880469903e+03
137 +1.167070060e+03 +1.167070060e+03 +1.851280060e+03 +1.851280060e+03
152 +1.139770238e+03 +1.139770238e+03 +1.823980238e+03 +1.823980238e+03
202 +1.039409386e+03 +1.039409386e+03 +1.723619386e+03 +1.723619386e+03
267 +1.018660934e+03 +1.018660934e+03 +1.702870934e+03 +1.702870934e+03
274 +9.867675569e+02 +9.867675569e+02 +1.670977557e+03 +1.670977557e+03
285 +9.703281958e+02 +9.703281958e+02 +1.654538196e+03 +1.654538196e+03
304 +9.323223043e+02 +9.323223043e+02 +1.616532304e+03 +1.616532304e+03
323 +9.067077804e+02 +9.067077804e+02 +1.590917780e+03 +1.590917780e+03
328 +8.549309824e+02 +8.549309824e+02 +1.539140982e+03 +1.539140982e+03
418 +8.281421851e+02 +8.281421851e+02 +1.512352185e+03 +1.512352185e+03
451 +7.516808059e+02 +7.516808059e+02 +1.435890806e+03 +1.435890806e+03
455 +7.235913094e+02 +7.235913094e+02 +1.407801309e+03 +1.407801309e+03
576 +6.937077658e+02 +6.937077658e+02 +1.377917766e+03 +1.377917766e+03
588 +6.632832883e+02 +6.632832883e+02 +1.347493288e+03 +1.347493288e+03
591 +6.431325935e+02 +6.431325935e+02 +1.327342593e+03 +1.327342593e+03
617 +6.149506503e+02 +6.149506503e+02 +1.299160650e+03 +1.299160650e+03
642 +5.840167665e+02 +5.840167665e+02 +1.268226767e+03 +1.268226767e+03
772 +5.592113323e+02 +5.592113323e+02 +1.243421332e+03 +1.243421332e+03
827 +5.423373412e+02 +5.423373412e+02 +1.226547341e+03 +1.226547341e+03
1021 +5.326372598e+02 +5.326372598e+02 +1.216847260e+03 +1.216847260e+03
1069 +5.218415629e+02 +5.218415629e+02 +1.206051563e+03 +1.206051563e+03
1467 +5.025874355e+02 +5.025874355e+02 +1.186797435e+03 +1.186797435e+03
1679 +4.954057993e+02 +4.954057993e+02 +1.179615799e+03 +1.179615799e+03
1919 +4.818129870e+02 +4.818129870e+02 +1.166022987e+03 +1.166022987e+03
1939 +4.780506107e+02 +4.780506107e+02 +1.162260611e+03 +1.162260611e+03
1972 +4.498462116e+02 +4.498462116e+02 +1.134056212e+03 +1.134056212e+03
3420 +4.404430518e+02 +4.404430518e+02 +1.124653052e+03 +1.124653052e+03
3429 +4.242210354e+02 +4.242210354e+02 +1.108431035e+03 +1.108431035e+03
3586 +4.080625205e+02 +4.080625205e+02 +1.092272521e+03 +1.092272521e+03
3623 +3.874171939e+02 +3.874171939e+02 +1.071627194e+03 +1.071627194e+03
3679 +3.737161049e+02 +3.737161049e+02 +1.057926105e+03 +1.057926105e+03
3708 +3.686397449e+02 +3.686397449e+02 +1.052849745e+03 +1.052849745e+03
3761 +3.562189295e+02 +3.562189295e+02 +1.040428930e+03 +1.040428930e+03
3762 +3.498104549e+02 +3.498104549e+02 +1.034020455e+03 +1.034020455e+03
3773 +3.408243397e+02 +3.408243397e+02 +1.025034340e+03 +1.025034340e+03
3788 +3.348430377e+02 +3.348430377e+02 +1.019053038e+03 +1.019053038e+03
3792 +3.137821904e+02 +3.137821904e+02 +9.979921904e+02 +9.979921904e+02
3793 +3.059988258e+02 +3.059988258e+02 +9.902088258e+02 +9.902088258e+02
3799 +2.967010395e+02 +2.967010395e+02 +9.809110395e+02 +9.809110395e+02
3828 +2.927206102e+02 +2.927206102e+02 +9.769306102e+02 +9.769306102e+02
3874 +2.869966737e+02 +2.869966737e+02 +9.712066737e+02 +9.712066737e+02
3875 +2.812481763e+02 +2.812481763e+02 +9.654581763e+02 +9.654581763e+02
3897 +2.610906720e+02 +2.610906720e+02 +9.453006720e+02 +9.453006720e+02
3916 +2.569988305e+02 +2.569988305e+02 +9.412088305e+02 +9.412088305e+02
3972 +2.439372772e+02 +2.439372772e+02 +9.281472772e+02 +9.281472772e+02
3996 +2.376155899e+02 +2.376155899e+02 +9.218255899e+02 +9.218255899e+02
4083 +2.341916368e+02 +2.341916368e+02 +9.184016368e+02 +9.184016368e+02
4113 +2.266798979e+02 +2.266798979e+02 +9.108898979e+02 +9.108898979e+02
4144 +2.237925358e+02 +2.237925358e+02 +9.080025358e+02 +9.080025358e+02
4186 +2.154954220e+02 +2.154954220e+02 +8.997054220e+02 +8.997054220e+02
4212 +2.132291549e+02 +2.132291549e+02 +8.974391549e+02 +8.974391549e+02
4284 +2.071634456e+02 +2.071634456e+02 +8.913734456e+02 +8.913734456e+02
4516 +2.040004241e+02 +2.040004241e+02 +8.882104241e+02 +8.882104241e+02
4820 +1.993281254e+02 +1.993281254e+02 +8.835381254e+02 +8.835381254e+02
5122 +1.949571396e+02 +1.949571396e+02 +8.791671396e+02 +8.791671396e+02
% function evaluation | noise-free fitness - Fopt (1.808000000000e+01) | best noise-free fitness - Fopt | measured fitness | best measured fitness | x1 | x2...
1 +1.309665531e+03 +1.309665531e+03 +1.327745531e+03 +1.327745531e+03
6 +1.272818650e+03 +1.272818650e+03 +1.290898650e+03 +1.290898650e+03
7 +1.150515038e+03 +1.150515038e+03 +1.168595038e+03 +1.168595038e+03
25 +1.119981077e+03 +1.119981077e+03 +1.138061077e+03 +1.138061077e+03
44 +1.092446918e+03 +1.092446918e+03 +1.110526918e+03 +1.110526918e+03
52 +1.056025084e+03 +1.056025084e+03 +1.074105084e+03 +1.074105084e+03
61 +1.027389277e+03 +1.027389277e+03 +1.045469277e+03 +1.045469277e+03
77 +9.923513236e+02 +9.923513236e+02 +1.010431324e+03 +1.010431324e+03
78 +9.650378676e+02 +9.650378676e+02 +9.831178676e+02 +9.831178676e+02
100 +9.369133991e+02 +9.369133991e+02 +9.549933991e+02 +9.549933991e+02
109 +9.295850157e+02 +9.295850157e+02 +9.476650157e+02 +9.476650157e+02
138 +8.927796950e+02 +8.927796950e+02 +9.108596950e+02 +9.108596950e+02
144 +8.911430082e+02 +8.911430082e+02 +9.092230082e+02 +9.092230082e+02
207 +8.555047525e+02 +8.555047525e+02 +8.735847525e+02 +8.735847525e+02
210 +8.276356759e+02 +8.276356759e+02 +8.457156759e+02 +8.457156759e+02
227 +8.074517179e+02 +8.074517179e+02 +8.255317179e+02 +8.255317179e+02
294 +7.658796686e+02 +7.658796686e+02 +7.839596686e+02 +7.839596686e+02
324 +7.585161863e+02 +7.585161863e+02 +7.765961863e+02 +7.765961863e+02
352 +7.387127118e+02 +7.387127118e+02 +7.567927118e+02 +7.567927118e+02
369 +6.681569460e+02 +6.681569460e+02 +6.862369460e+02 +6.862369460e+02
602 +6.572044177e+02 +6.572044177e+02 +6.752844177e+02 +6.752844177e+02
667 +6.277025509e+02 +6.277025509e+02 +6.457825509e+02 +6.457825509e+02
760 +6.034943290e+02 +6.034943290e+02 +6.215743290e+02 +6.215743290e+02
1148 +5.900693613e+02 +5.900693613e+02 +6.081493613e+02 +6.081493613e+02
1989 +5.830773551e+02 +5.830773551e+02 +6.011573551e+02 +6.011573551e+02
2006 +5.625695258e+02 +5.625695258e+02 +5.806495258e+02 +5.806495258e+02
2013 +5.600374917e+02 +5.600374917e+02 +5.781174917e+02 +5.781174917e+02
2020 +5.360138931e+02 +5.360138931e+02 +5.540938931e+02 +5.540938931e+02
2048 +5.241770550e+02 +5.241770550e+02 +5.422570550e+02 +5.422570550e+02
2051 +4.886540432e+02 +4.886540432e+02 +5.067340432e+02 +5.067340432e+02
2075 +4.763201643e+02 +4.763201643e+02 +4.944001643e+02 +4.944001643e+02
2103 +4.463882913e+02 +4.463882913e+02 +4.644682913e+02 +4.644682913e+02
2141 +4.365040976e+02 +4.365040976e+02 +4.545840976e+02 +4.545840976e+02
2250 +4.176568645e+02 +4.176568645e+02 +4.357368645e+02 +4.357368645e+02
2258 +4.081601529e+02 +4.081601529e+02 +4.262401529e+02 +4.262401529e+02
2294 +4.000365814e+02 +4.000365814e+02 +4.181165814e+02 +4.181165814e+02
2302 +3.973918264e+02 +3.973918264e+02 +4.154718264e+02 +4.154718264e+02
2315 +3.874852696e+02 +3.874852696e+02 +4.055652696e+02 +4.055652696e+02
2378 +3.779013938e+02 +3.779013938e+02 +3.959813938e+02 +3.959813938e+02
2402 +3.693162482e+02 +3.693162482e+02 +3.873962482e+02 +3.873962482e+02
2406 +3.579585338e+02 +3.579585338e+02 +3.760385338e+02 +3.760385338e+02
2548 +3.530309186e+02 +3.530309186e+02 +3.711109186e+02 +3.711109186e+02
2637 +3.464142516e+02 +3.464142516e+02 +3.644942516e+02 +3.644942516e+02
2657 +3.383459194e+02 +3.383459194e+02 +3.564259194e+02 +3.564259194e+02
2674 +3.306155487e+02 +3.306155487e+02 +3.486955487e+02 +3.486955487e+02
2893 +3.235361223e+02 +3.235361223e+02 +3.416161223e+02 +3.416161223e+02
3095 +3.158912444e+02 +3.158912444e+02 +3.339712444e+02 +3.339712444e+02
3403 +3.089972012e+02 +3.089972012e+02 +3.270772012e+02 +3.270772012e+02
4027 +3.019664212e+02 +3.019664212e+02 +3.200464212e+02 +3.200464212e+02
% function evaluation | noise-free fitness - Fopt (-1.537900000000e+02) | best noise-free fitness - Fopt | measured fitness | best measured fitness | x1 | x2...
1 +1.989707786e+03 +1.989707786e+03 +1.835917786e+03 +1.835917786e+03
3 +1.936674060e+03 +1.936674060e+03 +1.782884060e+03 +1.782884060e+03
13 +1.880541404e+03 +1.880541404e+03 +1.726751404e+03 +1.726751404e+03
15 +1.827265395e+03 +1.827265395e+03 +1.673475395e+03 +1.673475395e+03
26 +1.797433729e+03 +1.797433729e+03 +1.643643729e+03 +1.643643729e+03
34 +1.761236077e+03 +1.761236077e+03 +1.607446077e+03 +1.607446077e+03
53 +1.663724984e+03 +1.663724984e+03 +1.509934984e+03 +1.509934984e+03
66 +1.645449573e+03 +1.645449573e+03 +1.491659573e+03 +1.491659573e+03
68 +1.615073410e+03 +1.615073410e+03 +1.461283410e+03 +1.461283410e+03
69 +1.574699633e+03 +1.574699633e+03 +1.420909633e+03 +1.420909633e+03
80 +1.518352148e+03 +1.518352148e+03 +1.364562148e+03 +1.364562148e+03
103 +1.444351496e+03 +1.444351496e+03 +1.290561496e+03 +1.290561496e+03
115 +1.326186996e+03 +1.326186996e+03 +1.172396996e+03 +1.172396996e+03
140 +1.281454184e+03 +1.281454184e+03 +1.127664184e+03 +1.127664184e+03
148 +1.186246133e+03 +1.186246133e+03 +1.032456133e+03 +1.032456133e+03
168 +1.174018106e+03 +1.174018106e+03 +1.020228106e+03 +1.020228106e+03
169 +1.139845860e+03 +1.139845860e+03 +9.860558598e+02 +9.860558598e+02
209 +1.070650151e+03 +1.070650151e+03 +9.168601512e+02 +9.168601512e+02
238 +1.032662525e+03 +1.032662525e+03 +8.788725250e+02 +8.788725250e+02
241 +1.003465869e+03 +1.003465869e+03 +8.496758688e+02 +8.496758688e+02
242 +9.986229949e+02 +9.986229949e+02 +8.448329949e+02 +8.448329949e+02
266 +9.472668576e+02 +9.472668576e+02 +7.934768576e+02 +7.934768576e+02
278 +9.263860974e+02 +9.263860974e+02 +7.725960974e+02 +7.725960974e+02
279 +8.977737743e+02 +8.977737743e+02 +7.439837743e+02 +7.439837743e+02
282 +8.893780703e+02 +8.893780703e+02 +7.355880703e+02 +7.355880703e+02
307 +8.696949961e+02 +8.696949961e+02 +7.159049961e+02 +7.159049961e+02
349 +8.246820606e+02 +8.246820606e+02 +6.708920606e+02 +6.708920606e+02
361 +8.110613338e+02 +8.110613338e+02 +6.572713338e+02 +6.572713338e+02
388 +7.613542735e+02 +7.613542735e+02 +6.075642735e+02 +6.075642735e+02
442 +7.404071723e+02 +7.404071723e+02 +5.866171723e+02 +5.866171723e+02
450 +7.224170496e+02 +7.224170496e+02 +5.686270496e+02 +5.686270496e+02
505 +6.692945881e+02 +6.692945881e+02 +5.155045881e+02 +5.155045881e+02
535 +6.597966656e+02 +6.597966656e+02 +5.060066656e+02 +5.060066656e+02
608 +6.380601600e+02 +6.380601600e+02 +4.842701600e+02 +4.842701600e+02
684 +6.265065892e+02 +6.265065892e+02 +4.727165892e+02 +4.727165892e+02
701 +5.593473949e+02 +5.593473949e+02 +4.055573949e+02 +4.055573949e+02
862 +5.490894428e+02 +5.490894428e+02 +3.952994428e+02 +3.952994428e+02
902 +5.352816430e+02 +5.352816430e+02 +3.814916430e+02 +3.814916430e+02
1030 +5.181973189e+02 +5.181973189e+02 +3.644073189e+02 +3.644073189e+02
1069 +4.661178952e+02 +4.661178952e+02 +3.123278952e+02 +3.123278952e+02
1127 +4.543567954e+02 +4.543567954e+02 +3.005667954e+02 +3.005667954e+02
1509 +4.306600046e+02 +4.306600046e+02 +2.768700046e+02 +2.768700046e+02
2770 +4.133369053e+02 +4.133369053e+02 +2.595469053e+02 +2.595469053e+02
2937 +3.882363240e+02 +3.882363240e+02 +2.344463240e+02 +2.344463240e+02
2938 +3.345945991e+02 +3.345945991e+02 +1.808045991e+02 +1.808045991e+02
3114 +3.181825484e+02 +3.181825484e+02 +1.643925484e+02 +1.643925484e+02
3133 +3.148311493e+02 +3.148311493e+02 +1.610411493e+02 +1.610411493e+02
3135 +3.080251755e+02 +3.080251755e+02 +1.542351755e+02 +1.542351755e+02
3142 +2.894755472e+02 +2.894755472e+02 +1.356855472e+02 +1.356855472e+02
3197 +2.807502823e+02 +2.807502823e+02 +1.269602823e+02 +1.269602823e+02
3235 +2.748625542e+02 +2.748625542e+02 +1.210725542e+02 +1.210725542e+02
3270 +2.672052140e+02 +2.672052140e+02 +1.134152140e+02 +1.134152140e+02
3306 +2.619517944e+02 +2.619517944e+02 +1.081617944e+02 +1.081617944e+02
3312 +2.511786254e+02 +2.511786254e+02 +9.738862538e+01 +9.738862538e+01
3403 +2.450903411e+02 +2.450903411e+02 +9.130034107e+01 +9.130034107e+01
3436 +2.390750190e+02 +2.390750190e+02 +8.528501896e+01 +8.528501896e+01
3464 +2.338549045e+02 +2.338549045e+02 +8.006490448e+01 +8.006490448e+01
3556 +2.276894301e+02 +2.276894301e+02 +7.389943013e+01 +7.389943013e+01
3564 +2.236856733e+02 +2.236856733e+02 +6.989567331e+01 +6.989567331e+01
3632 +2.185453619e+02 +2.185453619e+02 +6.475536187e+01 +6.475536187e+01
3750 +2.124896641e+02 +2.124896641e+02 +5.869966412e+01 +5.869966412e+01
3814 +2.087231937e+02 +2.087231937e+02 +5.493319373e+01 +5.493319373e+01
3996 +2.040757315e+02 +2.040757315e+02 +5.028573148e+01 +5.028573148e+01
4123 +1.993760341e+02 +1.993760341e+02 +4.558603409e+01 +4.558603409e+01
4335 +1.946372077e+02 +1.946372077e+02 +4.084720773e+01 +4.084720773e+01
