% function evaluation | noise-free fitness - Fopt (1.000000000000e+03) | best noise-free fitness - Fopt | measured fitness | best measured fitness | x1 | x2...
1 +3.833297738e+02 +3.833297738e+02 +1.383329774e+03 +1.383329774e+03 +0.0000e+00 +0.0000e+00 +0.0000e+00 +0.0000e+00 +0.0000e+00
3 +3.609925529e+02 +3.609925529e+02 +1.360992553e+03 +1.360992553e+03 -1.1842e-01 +2.5305e-01 +7.9280e-02 -1.5732e-01 +1.5021e-01
5 +3.409159004e+02 +3.409159004e+02 +1.340915900e+03 +1.340915900e+03 +3.0284e-01 +2.4731e-01 -1.7836e-01 -2.0314e-02 -2.1049e-01
7 +3.317922161e+02 +3.317922161e+02 +1.331792216e+03 +1.331792216e+03 +1.1640e-01 -8.5636e-03 +3.8301e-01 -3.1022e-02 -2.3007e-02
10 +2.745347809e+02 +2.745347809e+02 +1.274534781e+03 +1.274534781e+03 -4.8774e-02 +2.1977e-01 +6.3809e-01 +3.7617e-01 -1.8655e-01
19 +2.564450728e+02 +2.564450728e+02 +1.256445073e+03 +1.256445073e+03 +4.8229e-02 +9.3955e-02 +9.1448e-01 +9.5954e-01 -1.0682e-01
28 +2.436922392e+02 +2.436922392e+02 +1.243692239e+03 +1.243692239e+03 -2.5257e-01 +6.0517e-01 +7.2082e-01 +5.0303e-01 +3.0247e-01
35 +2.144480831e+02 +2.144480831e+02 +1.214448083e+03 +1.214448083e+03 +7.7761e-02 -1.2360e-02 +7.7105e-01 +1.5276e+00 +4.3697e-01
37 +2.111114022e+02 +2.111114022e+02 +1.211111402e+03 +1.211111402e+03 +3.5465e-01 +8.5942e-01 +1.8943e-01 +2.0833e+00 -6.9677e-02
42 +1.969956150e+02 +1.969956150e+02 +1.196995615e+03 +1.196995615e+03 -1.7746e-01 +1.2857e+00 -4.3206e-01 +3.2347e+00 -8.7072e-02
43 +1.580862161e+02 +1.580862161e+02 +1.158086216e+03 +1.158086216e+03 +3.9555e-01 +1.8296e-01 +1.5631e+00 +2.5357e+00 +8.1102e-01
59 +1.520220410e+02 +1.520220410e+02 +1.152022041e+03 +1.152022041e+03 -9.1406e-01 +8.6541e-01 +1.2246e+00 +3.7150e+00 +9.4099e-01
62 +1.222616780e+02 +1.222616780e+02 +1.122261678e+03 +1.122261678e+03 +7.7172e-01 +2.4566e+00 +5.5868e-01 +4.5768e+00 +1.4108e+00
65 +1.057752598e+02 +1.057752598e+02 +1.105775260e+03 +1.105775260e+03 +9.6284e-03 +2.4946e+00 -1.6386e-01 +3.6498e+00 +4.8153e-01
66 +6.314622396e+01 +6.314622396e+01 +1.063146224e+03 +1.063146224e+03 +1.1137e-01 +2.5329e+00 +2.5527e+00 +3.6968e+00 +1.2463e+00
114 +5.282158421e+01 +5.282158421e+01 +1.052821584e+03 +1.052821584e+03 -1.6616e+00 +1.5250e+00 +2.3472e+00 +5.5786e+00 +3.9943e+00
150 +4.171370272e+01 +4.171370272e+01 +1.041713703e+03 +1.041713703e+03 -1.5907e+00 +4.3333e+00 +2.3132e+00 +4.9529e+00 +3.5251e+00
176 +4.063123705e+01 +4.063123705e+01 +1.040631237e+03 +1.040631237e+03 -1.4397e+00 +3.5553e+00 +2.3657e+00 +4.5690e+00 +3.9418e+00
209 +2.777604104e+01 +2.777604104e+01 +1.027776041e+03 +1.027776041e+03 -5.4872e-01 +3.5138e+00 +2.5018e+00 +4.7052e+00 +1.7346e+00
236 +2.188348469e+01 +2.188348469e+01 +1.021883485e+03 +1.021883485e+03 -9.5509e-01 +3.9048e+00 +2.7394e+00 +4.3562e+00 +2.5750e+00
490 +1.901729463e+01 +1.901729463e+01 +1.019017295e+03 +1.019017295e+03 -1.1708e+00 +2.6819e+00 +2.9192e+00 +4.2806e+00 +3.0231e+00
595 +1.796803931e+01 +1.796803931e+01 +1.017968039e+03 +1.017968039e+03 -1.1345e+00 +2.7123e+00 +2.8070e+00 +3.5753e+00 +3.0891e+00
637 +1.080756342e+01 +1.080756342e+01 +1.010807563e+03 +1.010807563e+03 -1.2184e+00 +2.6506e+00 +2.8637e+00 +3.6670e+00 +3.0392e+00
658 +1.066497552e+01 +1.066497552e+01 +1.010664976e+03 +1.010664976e+03 -1.1470e+00 +2.6315e+00 +2.8847e+00 +3.7205e+00 +3.0934e+00
665 +1.001481379e+01 +1.001481379e+01 +1.010014814e+03 +1.010014814e+03 -1.1918e+00 +2.6141e+00 +2.9491e+00 +3.6606e+00 +3.0797e+00
685 +9.160543990e+00 +9.160543990e+00 +1.009160544e+03 +1.009160544e+03 -1.1928e+00 +2.6763e+00 +2.8619e+00 +3.6909e+00 +3.1127e+00
686 +8.631919018e+00 +8.631919018e+00 +1.008631919e+03 +1.008631919e+03 -1.1761e+00 +2.6910e+00 +2.8256e+00 +3.6668e+00 +3.0810e+00
696 +8.034456920e+00 +8.034456920e+00 +1.008034457e+03 +1.008034457e+03 -1.1618e+00 +2.6778e+00 +2.8822e+00 +3.6569e+00 +3.0766e+00
734 +7.766491027e+00 +7.766491027e+00 +1.007766491e+03 +1.007766491e+03 -1.1586e+00 +2.6953e+00 +2.8523e+00 +3.6614e+00 +3.0776e+00
736 +7.628285723e+00 +7.628285723e+00 +1.007628286e+03 +1.007628286e+03 -1.1714e+00 +2.6612e+00 +2.8871e+00 +3.6631e+00 +3.0678e+00
773 +7.377316548e+00 +7.377316548e+00 +1.007377317e+03 +1.007377317e+03 -1.1818e+00 +2.6346e+00 +2.8773e+00 +3.6669e+00 +3.0982e+00
827 +7.240236472e+00 +7.240236472e+00 +1.007240236e+03 +1.007240236e+03 -1.1839e+00 +2.6706e+00 +2.8659e+00 +3.6638e+00 +3.0875e+00
880 +7.076945587e+00 +7.076945587e+00 +1.007076946e+03 +1.007076946e+03 -1.1894e+00 +2.6585e+00 +2.8771e+00 +3.6613e+00 +3.0794e+00
% function evaluation | noise-free fitness - Fopt (7.003000000000e+01) | best noise-free fitness - Fopt | measured fitness | best measured fitness | x1 | x2...
1 +1.421420674e+02 +1.421420674e+02 +2.121720674e+02 +2.121720674e+02 +0.0000e+00 +0.0000e+00 +0.0000e+00 +0.0000e+00 +0.0000e+00
20 +1.411555515e+02 +1.411555515e+02 +2.111855515e+02 +2.111855515e+02 +2.2274e-01 +2.2955e-01 -3.5700e-01 -1.7363e-01 -4.9301e-02
43 +1.124979621e+02 +1.124979621e+02 +1.825279621e+02 +1.825279621e+02 -1.4124e-01 -2.3274e-01 -5.9850e-01 -7.7356e-01 -4.6884e-01
54 +9.370501204e+01 +9.370501204e+01 +1.637350120e+02 +1.637350120e+02 -5.7887e-01 -5.8653e-01 -8.9716e-01 -1.3538e+00 -3.3226e-01
58 +8.348962416e+01 +8.348962416e+01 +1.535196242e+02 +1.535196242e+02 -1.8901e-01 -6.4491e-01 -7.5649e-01 -2.2824e+00 +9.4627e-02
65 +7.238527085e+01 +7.238527085e+01 +1.424152708e+02 +1.424152708e+02 +7.3641e-02 +4.8686e-02 -4.1146e-01 -2.3532e+00 -8.8194e-01
72 +6.738099501e+01 +6.738099501e+01 +1.374109950e+02 +1.374109950e+02 +8.0605e-02 -8.1989e-01 -1.6624e+00 -1.6237e+00 -5.9210e-01
89 +6.512644719e+01 +6.512644719e+01 +1.351564472e+02 +1.351564472e+02 -4.0264e-01 -6.1705e-01 -9.9360e-01 -1.7373e+00 -1.3260e+00
110 +4.198099307e+01 +4.198099307e+01 +1.120109931e+02 +1.120109931e+02 +1.1332e+00 -3.1793e-01 -1.7677e+00 -3.2190e+00 -9.1248e-01
184 +2.899619931e+01 +2.899619931e+01 +9.902619931e+01 +9.902619931e+01 +3.6397e-01 -1.7618e+00 -2.4530e+00 -2.9963e+00 -2.0863e+00
210 +2.361721186e+01 +2.361721186e+01 +9.364721186e+01 +9.364721186e+01 +3.4956e-01 -1.9376e+00 -3.3602e+00 -2.4099e+00 -1.3665e+00
319 +2.275843879e+01 +2.275843879e+01 +9.278843879e+01 +9.278843879e+01 -6.5866e-01 -1.2875e+00 -4.1099e+00 -2.3503e+00 +4.0143e-02
329 +2.082490494e+01 +2.082490494e+01 +9.085490494e+01 +9.085490494e+01 -1.2493e+00 -1.2824e+00 -3.9515e+00 -1.8159e+00 -1.1138e-01
342 +2.025147163e+01 +2.025147163e+01 +9.028147163e+01 +9.028147163e+01 -6.7696e-01 -1.8137e+00 -4.4666e+00 -1.9318e+00 +1.3102e+00
471 +1.440767561e+01 +1.440767561e+01 +8.443767561e+01 +8.443767561e+01 -4.0446e-01 -1.6526e+00 -4.1762e+00 -2.2497e+00 +7.5729e-02
506 +1.386561953e+01 +1.386561953e+01 +8.389561953e+01 +8.389561953e+01 -1.4218e+00 -1.7588e+00 -4.3015e+00 -2.3172e+00 +3.2826e-01
610 +1.315256369e+01 +1.315256369e+01 +8.318256369e+01 +8.318256369e+01 -1.3781e+00 -1.8659e+00 -4.2942e+00 -2.2542e+00 +4.5104e-01
629 +1.240398260e+01 +1.240398260e+01 +8.243398260e+01 +8.243398260e+01 -1.4048e+00 -1.7951e+00 -4.3558e+00 -2.3190e+00 +4.1819e-01
662 +9.564395862e+00 +9.564395862e+00 +7.959439586e+01 +7.959439586e+01 -1.3915e+00 -1.8442e+00 -4.3219e+00 -2.2756e+00 +3.7026e-01
673 +7.328738238e+00 +7.328738238e+00 +7.735873824e+01 +7.735873824e+01 -1.4271e+00 -1.8102e+00 -4.3807e+00 -2.2033e+00 +4.0133e-01
724 +7.206952113e+00 +7.206952113e+00 +7.723695211e+01 +7.723695211e+01 -1.4336e+00 -1.8663e+00 -4.3455e+00 -2.1781e+00 +3.7034e-01
746 +6.917151499e+00 +6.917151499e+00 +7.694715150e+01 +7.694715150e+01 -1.4346e+00 -1.8391e+00 -4.3431e+00 -2.2076e+00 +4.0202e-01
758 +6.498150276e+00 +6.498150276e+00 +7.652815028e+01 +7.652815028e+01 -1.4161e+00 -1.8551e+00 -4.3483e+00 -2.1889e+00 +4.4806e-01
790 +6.348439447e+00 +6.348439447e+00 +7.637843945e+01 +7.637843945e+01 -1.4278e+00 -1.8726e+00 -4.3577e+00 -2.1786e+00 +4.1469e-01
815 +6.233254508e+00 +6.233254508e+00 +7.626325451e+01 +7.626325451e+01 -1.4106e+00 -1.8703e+00 -4.3606e+00 -2.1919e+00 +4.2372e-01
846 +6.096467467e+00 +6.096467467e+00 +7.612646747e+01 +7.612646747e+01 -1.4057e+00 -1.8816e+00 -4.3559e+00 -2.1894e+00 +4.2840e-01
883 +6.017213170e+00 +6.017213170e+00 +7.604721317e+01 +7.604721317e+01 -1.4055e+00 -1.8819e+00 -4.3609e+00 -2.1807e+00 +4.4377e-01
% function evaluation | noise-free fitness - Fopt (-4.822000000000e+01) | best noise-free fitness - Fopt | measured fitness | best measured fitness | x1 | x2...
1 +1.511162314e+02 +1.511162314e+02 +1.028962314e+02 +1.028962314e+02 +0.0000e+00 +0.0000e+00 +0.0000e+00 +0.0000e+00 +0.0000e+00
3 +1.404218010e+02 +1.404218010e+02 +9.220180099e+01 +9.220180099e+01 -3.4998e-02 +9.7091e-02 -1.3873e-01 +4.8358e-02 +5.2791e-01
14 +1.340986573e+02 +1.340986573e+02 +8.587865727e+01 +8.587865727e+01 -6.0948e-01 +1.5971e-01 -1.6916e-01 -6.1926e-02 -4.9043e-02
17 +1.242352024e+02 +1.242352024e+02 +7.601520240e+01 +7.601520240e+01 -1.0111e-01 +2.8367e-01 -2.9908e-01 +5.8406e-01 +2.7321e-01
20 +1.069313743e+02 +1.069313743e+02 +5.871137432e+01 +5.871137432e+01 +1.2262e-01 +2.5549e-01 -4.7471e-01 +4.0878e-01 -3.4057e-01
31 +1.030163854e+02 +1.030163854e+02 +5.479638536e+01 +5.479638536e+01 +1.9768e-01 +2.4467e-03 -3.8135e-01 +3.4953e-01 -5.6626e-01
35 +9.000867426e+01 +9.000867426e+01 +4.178867426e+01 +4.178867426e+01 -2.4728e-01 -1.6509e-01 -6.1586e-01 +3.2668e-01 -6.4385e-01
43 +6.875342745e+01 +6.875342745e+01 +2.053342745e+01 +2.053342745e+01 +1.7489e-01 -6.2386e-01 -4.9233e-01 +3.9953e-01 -1.3005e+00
61 +6.219250498e+01 +6.219250498e+01 +1.397250498e+01 +1.397250498e+01 +1.4944e-01 -2.5733e-01 -1.8641e-01 +5.9232e-01 -1.7555e+00
75 +5.150175434e+01 +5.150175434e+01 +3.281754336e+00 +3.281754336e+00 +2.3215e-03 -3.2190e-01 -9.8409e-01 +6.5585e-01 -2.1342e+00
85 +4.253773136e+01 +4.253773136e+01 -5.682268645e+00 -5.682268645e+00 -2.5076e-01 -9.2322e-01 -1.0227e+00 +1.9799e-02 -3.3223e+00
106 +3.892238604e+01 +3.892238604e+01 -9.297613963e+00 -9.297613963e+00 -3.5400e+00 +6.8527e-02 -1.0946e+00 +1.5568e-01 -5.0182e+00
117 +3.221786675e+01 +3.221786675e+01 -1.600213325e+01 -1.600213325e+01 -2.5672e+00 -5.2340e-01 -2.0284e+00 +8.8737e-01 -3.3926e+00
134 +3.016606212e+01 +3.016606212e+01 -1.805393788e+01 -1.805393788e+01 -3.4567e+00 -2.1126e+00 -1.5422e+00 +9.0920e-01 -3.7319e+00
139 +2.728103171e+01 +2.728103171e+01 -2.093896829e+01 -2.093896829e+01 -2.6160e+00 -1.9205e+00 -2.2540e+00 +1.1271e+00 -3.7646e+00
153 +2.489788833e+01 +2.489788833e+01 -2.332211167e+01 -2.332211167e+01 -3.0590e+00 -1.8670e+00 -2.4224e+00 -1.7009e-01 -4.0111e+00
170 +2.204707797e+01 +2.204707797e+01 -2.617292203e+01 -2.617292203e+01 -3.8334e+00 -1.4450e+00 -1.8107e+00 +1.1757e+00 -4.2546e+00
269 +1.158660513e+01 +1.158660513e+01 -3.663339487e+01 -3.663339487e+01 -2.7176e+00 -8.1826e-01 -1.9747e+00 +8.9508e-01 -3.8758e+00
477 +1.078949869e+01 +1.078949869e+01 -3.743050131e+01 -3.743050131e+01 -2.3044e+00 -8.7071e-01 -1.3549e+00 +1.0375e-01 -5.1649e+00
516 +1.012487341e+01 +1.012487341e+01 -3.809512659e+01 -3.809512659e+01 -2.3427e+00 -9.1416e-01 -1.3296e+00 +9.8784e-02 -5.1239e+00
525 +9.300681003e+00 +9.300681003e+00 -3.891931900e+01 -3.891931900e+01 -2.3544e+00 -9.3067e-01 -1.4257e+00 +6.5667e-02 -5.1724e+00
527 +9.055422939e+00 +9.055422939e+00 -3.916457706e+01 -3.916457706e+01 -2.3413e+00 -8.9529e-01 -1.3422e+00 +9.6691e-02 -5.1312e+00
545 +8.779453193e+00 +8.779453193e+00 -3.944054681e+01 -3.944054681e+01 -2.3607e+00 -9.3116e-01 -1.3790e+00 +7.3322e-02 -5.1705e+00
562 +8.478139881e+00 +8.478139881e+00 -3.974186012e+01 -3.974186012e+01 -2.3343e+00 -9.2503e-01 -1.3857e+00 +8.1448e-02 -5.1520e+00
634 +8.247592934e+00 +8.247592934e+00 -3.997240707e+01 -3.997240707e+01 -2.3327e+00 -9.1317e-01 -1.3632e+00 +8.3755e-02 -5.1295e+00
689 +8.060844412e+00 +8.060844412e+00 -4.015915559e+01 -4.015915559e+01 -2.3184e+00 -9.0445e-01 -1.3636e+00 +8.7690e-02 -5.1357e+00
% function evaluation | noise-free fitness - Fopt (2.547000000000e+01) | best noise-free fitness - Fopt | measured fitness | best measured fitness | x1 | x2...
1 +1.434467868e+02 +1.434467868e+02 +1.689167868e+02 +1.689167868e+02 +0.0000e+00 +0.0000e+00 +0.0000e+00 +0.0000e+00 +0.0000e+00
2 +9.690402697e+01 +9.690402697e+01 +1.223740270e+02 +1.223740270e+02 -1.3351e-01 +2.2987e-02 -1.5908e-01 -8.1889e-03 -1.5823e-01
54 +8.806218660e+01 +8.806218660e+01 +1.135321866e+02 +1.135321866e+02 -2.0720e-01 -2.4916e-02 -2.6862e-01 +9.9621e-03 -2.4478e-01
73 +8.416287595e+01 +8.416287595e+01 +1.096328759e+02 +1.096328759e+02 -1.1270e-01 +1.2837e-01 -3.3259e-01 +3.8666e-02 -2.5271e-01
140 +8.238371910e+01 +8.238371910e+01 +1.078537191e+02 +1.078537191e+02 +4.8377e-03 +2.4471e-02 -3.1839e-01 +7.2329e-02 -3.2182e-01
224 +8.106622950e+01 +8.106622950e+01 +1.065362295e+02 +1.065362295e+02 +1.8428e-02 +4.8300e-02 -3.0615e-01 +7.8809e-02 -2.8062e-01
414 +7.925490846e+01 +7.925490846e+01 +1.047249085e+02 +1.047249085e+02 -5.4355e-02 +7.7379e-02 -2.8542e-01 +3.6661e-02 -2.2679e-01
607 +7.761917186e+01 +7.761917186e+01 +1.030891719e+02 +1.030891719e+02 -7.4069e-02 +8.8111e-02 -2.6613e-01 +2.8686e-02 -1.6802e-01
% function evaluation | noise-free fitness - Fopt (-1.008100000000e+02) | best noise-free fitness - Fopt | measured fitness | best measured fitness | x1 | x2...
1 +7.698999316e+01 +7.698999316e+01 -2.382000684e+01 -2.382000684e+01 +0.0000e+00 +0.0000e+00 +0.0000e+00 +0.0000e+00 +0.0000e+00
3 +7.123061136e+01 +7.123061136e+01 -2.957938864e+01 -2.957938864e+01 +3.4950e-01 +1.0223e-01 -1.2251e-01 +2.5927e-01 +3.0965e-01
10 +5.367128322e+01 +5.367128322e+01 -4.713871678e+01 -4.713871678e+01 -8.4719e-04 -1.4060e-01 -7.3511e-02 -1.1413e-01 +1.5127e-01
28 +3.848808506e+01 +3.848808506e+01 -6.232191494e+01 -6.232191494e+01 +6.2442e-01 -9.4813e-02 -8.6685e-02 +1.4097e-01 +3.4558e-01
59 +3.764398845e+01 +3.764398845e+01 -6.316601155e+01 -6.316601155e+01 +4.1008e-02 -4.0014e-01 -1.1411e-01 -1.3489e-01 +6.6171e-01
99 +2.981912090e+01 +2.981912090e+01 -7.099087910e+01 -7.099087910e+01 +1.9305e-02 -4.0128e-01 -1.3895e-01 -3.6859e-03 +6.0107e-01
155 +2.930490198e+01 +2.930490198e+01 -7.150509802e+01 -7.150509802e+01 +7.2785e-01 -6.2422e-01 +9.3439e-02 -1.1994e-01 +2.8998e-01
170 +2.726890042e+01 +2.726890042e+01 -7.354109958e+01 -7.354109958e+01 +6.2488e-01 -6.5502e-01 +1.2765e-01 -1.5212e-01 +3.8492e-01
175 +2.678442427e+01 +2.678442427e+01 -7.402557573e+01 -7.402557573e+01 +6.0603e-01 -6.1094e-01 +1.4414e-01 -1.2236e-01 +3.6825e-01
188 +2.424897656e+01 +2.424897656e+01 -7.656102344e+01 -7.656102344e+01 +6.0962e-01 -6.0962e-01 +1.5811e-01 -1.6738e-01 +4.2214e-01
216 +2.330197065e+01 +2.330197065e+01 -7.750802935e+01 -7.750802935e+01 +6.4078e-01 -5.8798e-01 +1.2236e-01 -2.0726e-01 +3.6559e-01
224 +2.119388349e+01 +2.119388349e+01 -7.961611651e+01 -7.961611651e+01 +6.3116e-01 -5.3311e-01 +1.2899e-01 -2.2085e-01 +3.8243e-01
260 +2.046280047e+01 +2.046280047e+01 -8.034719953e+01 -8.034719953e+01 +5.8199e-01 -5.1899e-01 +1.3944e-01 -2.4669e-01 +3.9044e-01
264 +2.016395214e+01 +2.016395214e+01 -8.064604786e+01 -8.064604786e+01 +5.9477e-01 -5.0059e-01 +1.5076e-01 -2.3175e-01 +3.9152e-01
343 +1.994126772e+01 +1.994126772e+01 -8.086873228e+01 -8.086873228e+01 +5.9528e-01 -4.7940e-01 +1.5508e-01 -2.4226e-01 +4.0418e-01
% function evaluation | noise-free fitness - Fopt (-2.184000000000e+01) | best noise-free fitness - Fopt | measured fitness | best measured fitness | x1 | x2...
1 +2.440598184e+02 +2.440598184e+02 +2.222198184e+02 +2.222198184e+02 +0.0000e+00 +0.0000e+00 +0.0000e+00 +0.0000e+00 +0.0000e+00
2 +2.168648372e+02 +2.168648372e+02 +1.950248372e+02 +1.950248372e+02 -1.4025e-01 -6.6370e-01 -1.5872e-02 -2.0752e-01 -1.5684e-02
3 +1.983706356e+02 +1.983706356e+02 +1.765306356e+02 +1.765306356e+02 -5.4165e-03 -3.6623e-01 -2.3324e-02 -1.7102e-02 +2.3579e-01
7 +1.765321429e+02 +1.765321429e+02 +1.546921429e+02 +1.546921429e+02 +2.1852e-01 -9.6695e-02 -4.4382e-02 +1.6589e-01 +1.7639e-01
16 +1.600593007e+02 +1.600593007e+02 +1.382193007e+02 +1.382193007e+02 +2.6022e-01 -1.8364e-01 -2.9023e-01 +2.7624e-01 +3.4461e-01
24 +1.448428741e+02 +1.448428741e+02 +1.230028741e+02 +1.230028741e+02 +2.4721e-01 -1.0440e+00 -7.7055e-01 -3.9514e-02 +5.1197e-01
36 +1.043609761e+02 +1.043609761e+02 +8.252097613e+01 +8.252097613e+01 +6.3663e-01 -1.8355e+00 -1.4773e+00 -1.6154e-01 +1.0451e+00
46 +9.631771246e+01 +9.631771246e+01 +7.447771246e+01 +7.447771246e+01 +4.5446e-01 -2.4422e+00 -2.0422e+00 -6.4269e-01 +1.0344e+00
48 +8.758334430e+01 +8.758334430e+01 +6.574334430e+01 +6.574334430e+01 +5.9835e-01 -4.2866e-01 -1.3195e+00 +1.7101e-01 +1.4914e+00
56 +6.449480253e+01 +6.449480253e+01 +4.265480253e+01 +4.265480253e+01 +1.0254e+00 -2.4206e+00 -2.4413e+00 +2.4684e-01 +2.1569e+00
59 +4.587205344e+01 +4.587205344e+01 +2.403205344e+01 +2.403205344e+01 +5.4335e-01 -2.5659e+00 -2.5055e+00 +5.9442e-02 +1.8031e+00
74 +3.663361682e+01 +3.663361682e+01 +1.479361682e+01 +1.479361682e+01 +7.7577e-01 -2.1165e+00 -1.4370e+00 +1.5516e-01 +2.9952e+00
94 +3.205353920e+01 +3.205353920e+01 +1.021353920e+01 +1.021353920e+01 +1.3429e+00 -2.1281e+00 -2.4005e+00 -4.1612e-02 +3.6424e+00
146 +2.240804966e+01 +2.240804966e+01 +5.680496613e-01 +5.680496613e-01 +1.4880e+00 -2.2401e+00 -2.1078e+00 +9.9891e-03 +3.7077e+00
151 +1.891113722e+01 +1.891113722e+01 -2.928862780e+00 -2.928862780e+00 +1.2097e+00 -2.8174e+00 -2.6984e+00 -3.6079e-02 +3.8548e+00
536 +1.773647681e+01 +1.773647681e+01 -4.103523193e+00 -4.103523193e+00 +2.5433e+00 -2.5555e+00 -3.1962e+00 -3.1169e-01 +3.4410e+00
651 +1.494250555e+01 +1.494250555e+01 -6.897494446e+00 -6.897494446e+00 +2.9348e+00 -2.8122e+00 -4.0478e+00 -2.8889e-01 +3.4961e+00
664 +9.145765528e+00 +9.145765528e+00 -1.269423447e+01 -1.269423447e+01 +2.9426e+00 -2.3307e+00 -4.3709e+00 -3.0553e-01 +3.4113e+00
681 +6.676485763e+00 +6.676485763e+00 -1.516351424e+01 -1.516351424e+01 +2.9342e+00 -2.2662e+00 -4.2909e+00 -2.8200e-01 +3.5002e+00
706 +4.928877216e+00 +4.928877216e+00 -1.691112278e+01 -1.691112278e+01 +2.8703e+00 -2.2821e+00 -4.2875e+00 -2.7366e-01 +3.4988e+00
750 +3.737515846e+00 +3.737515846e+00 -1.810248415e+01 -1.810248415e+01 +2.9135e+00 -2.2934e+00 -4.2943e+00 -2.7031e-01 +3.4561e+00
799 +3.439483597e+00 +3.439483597e+00 -1.840051640e+01 -1.840051640e+01 +2.9224e+00 -2.3060e+00 -4.2951e+00 -2.8721e-01 +3.4696e+00
817 +3.314651945e+00 +3.314651945e+00 -1.852534806e+01 -1.852534806e+01 +2.9142e+00 -2.2922e+00 -4.3095e+00 -2.8681e-01 +3.4661e+00
824 +3.262448404e+00 +3.262448404e+00 -1.857755160e+01 -1.857755160e+01 +2.9167e+00 -2.2872e+00 -4.3151e+00 -2.9368e-01 +3.4696e+00
856 +3.217119336e+00 +3.217119336e+00 -1.862288066e+01 -1.862288066e+01 +2.9286e+00 -2.3137e+00 -4.3112e+00 -2.9378e-01 +3.4803e+00
891 +3.159336329e+00 +3.159336329e+00 -1.868066367e+01 -1.868066367e+01 +2.9283e+00 -2.2877e+00 -4.3187e+00 -3.0139e-01 +3.4737e+00
908 +3.085575844e+00 +3.085575844e+00 -1.875442416e+01 -1.875442416e+01 +2.9207e+00 -2.3036e+00 -4.3188e+00 -2.9815e-01 +3.4859e+00
953 +3.010483797e+00 +3.010483797e+00 -1.882951620e+01 -1.882951620e+01 +2.9289e+00 -2.2999e+00 -4.3136e+00 -3.0744e-01 +3.4901e+00
% function evaluation | noise-free fitness - Fopt (-1.862000000000e+01) | best noise-free fitness - Fopt | measured fitness | best measured fitness | x1 | x2...
1 +1.468099024e+02 +1.468099024e+02 +1.281899024e+02 +1.281899024e+02 +0.0000e+00 +0.0000e+00 +0.0000e+00 +0.0000e+00 +0.0000e+00
2 +1.394446162e+02 +1.394446162e+02 +1.208246162e+02 +1.208246162e+02 -4.0952e-03 +1.6741e-01 -2.3070e-01 -5.5077e-02 -4.1987e-02
3 +1.155438407e+02 +1.155438407e+02 +9.692384075e+01 +9.692384075e+01 +4.6361e-02 +1.5912e-01 +5.7743e-03 +3.5994e-01 +2.1819e-03
8 +1.007480475e+02 +1.007480475e+02 +8.212804752e+01 +8.212804752e+01 +5.6143e-01 -5.0128e-01 -2.2460e-01 -7.7866e-03 -1.0367e-01
18 +9.553540903e+01 +9.553540903e+01 +7.691540903e+01 +7.691540903e+01 +5.9922e-01 -4.6663e-02 -1.6633e-01 -3.1959e-01 -2.8209e-01
19 +9.511894680e+01 +9.511894680e+01 +7.649894680e+01 +7.649894680e+01 +2.5186e-01 -1.1027e-02 -8.4543e-02 +3.4933e-01 -2.3486e-01
21 +8.761343394e+01 +8.761343394e+01 +6.899343394e+01 +6.899343394e+01 +2.8169e-01 +3.5352e-01 -8.7014e-02 +1.0764e-01 -5.8077e-01
38 +7.150587450e+01 +7.150587450e+01 +5.288587450e+01 +5.288587450e+01 +2.7777e-01 +1.7647e-01 -1.3575e-01 +2.7646e-01 -7.2964e-01
58 +6.911307142e+01 +6.911307142e+01 +5.049307142e+01 +5.049307142e+01 +7.3857e-01 +2.7708e-01 +8.7504e-02 +6.0850e-01 -5.2244e-01
79 +6.520682755e+01 +6.520682755e+01 +4.658682755e+01 +4.658682755e+01 +1.1634e+00 +5.9030e-01 +2.5444e-01 +6.9340e-01 -3.8586e-01
84 +6.326009423e+01 +6.326009423e+01 +4.464009423e+01 +4.464009423e+01 +8.6130e-01 +7.6748e-01 -2.0818e-01 +4.5957e-01 -5.1680e-01
94 +6.245819061e+01 +6.245819061e+01 +4.383819061e+01 +4.383819061e+01 +8.0362e-01 +5.2803e-01 +2.2535e-01 +3.1502e-01 -8.5223e-01
100 +5.923147330e+01 +5.923147330e+01 +4.061147330e+01 +4.061147330e+01 +1.0348e+00 +6.9349e-01 +3.1759e-02 +6.1041e-01 -7.1641e-01
111 +5.352971903e+01 +5.352971903e+01 +3.490971903e+01 +3.490971903e+01 +1.3630e+00 +8.3773e-01 -1.3031e-01 +8.9518e-01 -4.2667e-01
114 +4.756049781e+01 +4.756049781e+01 +2.894049781e+01 +2.894049781e+01 +1.2033e+00 +6.5660e-01 -3.2618e-02 +1.0654e+00 -7.4871e-01
143 +1.730400868e+01 +1.730400868e+01 -1.315991324e+00 -1.315991324e+00 +9.9617e-01 +9.4435e-01 +5.3842e-01 +1.3759e+00 -1.3995e+00
226 +8.335229902e+00 +8.335229902e+00 -1.028477010e+01 -1.028477010e+01 +1.4482e+00 +7.6876e-01 +5.2780e-01 +2.0570e+00 -1.4129e+00
533 +8.004167418e+00 +8.004167418e+00 -1.061583258e+01 -1.061583258e+01 +1.0449e+00 +9.7804e-01 +3.2211e-01 +1.4700e+00 -1.4916e+00
546 +7.811290898e+00 +7.811290898e+00 -1.080870910e+01 -1.080870910e+01 +1.0218e+00 +1.0121e+00 +3.1603e-01 +1.4460e+00 -1.4779e+00
566 +7.753788244e+00 +7.753788244e+00 -1.086621176e+01 -1.086621176e+01 +1.0375e+00 +9.9690e-01 +3.2518e-01 +1.4331e+00 -1.4806e+00
580 +7.510840814e+00 +7.510840814e+00 -1.110915919e+01 -1.110915919e+01 +1.0203e+00 +9.8549e-01 +3.1431e-01 +1.4462e+00 -1.4819e+00
605 +7.369752324e+00 +7.369752324e+00 -1.125024768e+01 -1.125024768e+01 +1.0143e+00 +9.8325e-01 +3.1541e-01 +1.4267e+00 -1.4924e+00
656 +7.199506146e+00 +7.199506146e+00 -1.142049385e+01 -1.142049385e+01 +1.0155e+00 +9.7319e-01 +3.2250e-01 +1.4134e+00 -1.4865e+00
687 +7.041999198e+00 +7.041999198e+00 -1.157800080e+01 -1.157800080e+01 +9.9967e-01 +9.6500e-01 +3.3860e-01 +1.4011e+00 -1.4667e+00
% function evaluation | noise-free fitness - Fopt (2.764000000000e+01) | best noise-free fitness - Fopt | measured fitness | best measured fitness | x1 | x2...
1 +2.710928497e+02 +2.710928497e+02 +2.987328497e+02 +2.987328497e+02 +0.0000e+00 +0.0000e+00 +0.0000e+00 +0.0000e+00 +0.0000e+00
2 +2.349491168e+02 +2.349491168e+02 +2.625891168e+02 +2.625891168e+02 +1.8209e-01 +1.5013e-01 +2.3516e-01 +1.1832e-01 -8.9440e-02
3 +2.223164027e+02 +2.223164027e+02 +2.499564027e+02 +2.499564027e+02 +1.4802e-01 +1.7058e-01 +3.3097e-02 +2.3463e-01 -8.3511e-02
6 +2.048892137e+02 +2.048892137e+02 +2.325292137e+02 +2.325292137e+02 +2.8736e-01 -3.6861e-02 -2.2128e-02 +9.3812e-03 +4.8541e-02
16 +2.022731327e+02 +2.022731327e+02 +2.299131327e+02 +2.299131327e+02 +4.0583e-01 +2.2758e-01 +4.7287e-02 +1.2365e-01 +2.4839e-02
24 +1.975307322e+02 +1.975307322e+02 +2.251707322e+02 +2.251707322e+02 +1.5469e-01 +1.7264e-01 +2.5400e-01 +5.7595e-01 -1.0714e-01
34 +1.599675483e+02 +1.599675483e+02 +1.876075483e+02 +1.876075483e+02 +2.4690e-01 +2.3381e-01 +1.7002e-01 +6.5099e-01 +1.9350e-02
51 +1.428932141e+02 +1.428932141e+02 +1.705332141e+02 +1.705332141e+02 -1.0921e-01 +6.7374e-02 +1.0434e-01 +1.1915e+00 +3.4186e-01
61 +1.284696440e+02 +1.284696440e+02 +1.561096440e+02 +1.561096440e+02 +8.8287e-02 +1.0435e-01 +1.2097e-01 +1.0802e+00 +4.5055e-01
73 +1.092901455e+02 +1.092901455e+02 +1.369301455e+02 +1.369301455e+02 +5.2522e-02 +2.3357e-01 +3.0127e-03 +1.4846e+00 +7.2239e-01
74 +1.046480945e+02 +1.046480945e+02 +1.322880945e+02 +1.322880945e+02 +2.5559e-01 +6.6348e-02 -1.0437e-01 +1.0581e+00 +4.3625e-01
90 +9.885426953e+01 +9.885426953e+01 +1.264942695e+02 +1.264942695e+02 +8.6233e-02 +5.7488e-01 +4.5163e-02 +1.2796e+00 +1.2169e+00
105 +9.533915807e+01 +9.533915807e+01 +1.229791581e+02 +1.229791581e+02 +1.0516e-02 +3.3790e-01 +1.1508e-01 +1.5207e+00 +7.3696e-01
130 +8.945046900e+01 +8.945046900e+01 +1.170904690e+02 +1.170904690e+02 +3.5725e-02 +2.9544e-01 -7.4565e-01 +1.5002e+00 +7.8344e-01
141 +6.607463430e+01 +6.607463430e+01 +9.371463430e+01 +9.371463430e+01 +3.5703e-01 +8.1913e-01 -1.0592e+00 +2.0478e+00 +1.4154e+00
187 +6.089178888e+01 +6.089178888e+01 +8.853178888e+01 +8.853178888e+01 +5.2011e-01 -8.7847e-02 -1.6673e+00 +2.3764e+00 +1.7342e+00
188 +5.546509780e+01 +5.546509780e+01 +8.310509780e+01 +8.310509780e+01 +2.5652e-01 +2.4255e+00 -2.6146e+00 +3.3840e+00 +6.6559e-01
190 +4.786355712e+01 +4.786355712e+01 +7.550355712e+01 +7.550355712e+01 +9.8494e-01 +2.5329e+00 -1.8637e+00 +2.2605e+00 +1.3589e+00
271 +4.779925336e+01 +4.779925336e+01 +7.543925336e+01 +7.543925336e+01 +1.3377e+00 +4.7464e-01 -4.2348e+00 +2.3993e+00 +1.4874e+00
319 +4.592518965e+01 +4.592518965e+01 +7.356518965e+01 +7.356518965e+01 +1.2606e+00 -3.6683e-01 -2.9702e+00 +1.9167e+00 +1.4316e+00
337 +4.553528366e+01 +4.553528366e+01 +7.317528366e+01 +7.317528366e+01 +8.6624e-01 -1.6080e-01 -3.3554e+00 +2.5073e+00 +1.2571e+00
343 +4.045196437e+01 +4.045196437e+01 +6.809196437e+01 +6.809196437e+01 +1.4374e+00 +2.6629e-01 -4.3242e+00 +2.3317e+00 +8.1071e-01
378 +3.723198086e+01 +3.723198086e+01 +6.487198086e+01 +6.487198086e+01 +7.7556e-01 +7.0590e-01 -3.2953e+00 +2.5192e+00 +9.7588e-01
387 +3.459986339e+01 +3.459986339e+01 +6.223986339e+01 +6.223986339e+01 +1.5878e+00 +1.0540e+00 -2.7939e+00 +2.2510e+00 +5.8752e-01
405 +2.957758034e+01 +2.957758034e+01 +5.721758034e+01 +5.721758034e+01 +1.7193e+00 +1.4499e+00 -2.1627e+00 +2.3584e+00 +1.2924e+00
409 +2.753851825e+01 +2.753851825e+01 +5.517851825e+01 +5.517851825e+01 +2.0736e+00 +1.3823e+00 -2.9500e+00 +2.4916e+00 +9.0921e-01
460 +2.390410655e+01 +2.390410655e+01 +5.154410655e+01 +5.154410655e+01 +2.6574e+00 +1.0360e+00 -1.0264e+00 +1.9013e+00 +1.3716e+00
491 +1.134910172e+01 +1.134910172e+01 +3.898910172e+01 +3.898910172e+01 +2.2173e+00 -7.2417e-02 -3.1092e+00 +2.0198e+00 +1.6884e+00
1848 +9.740102644e+00 +9.740102644e+00 +3.738010264e+01 +3.738010264e+01 +3.4136e+00 +3.9841e-01 -1.9826e+00 +1.3617e+00 +2.0472e+00
1913 +9.507845109e+00 +9.507845109e+00 +3.714784511e+01 +3.714784511e+01 +3.3948e+00 +3.7138e-01 -1.9529e+00 +1.3409e+00 +2.0839e+00
1935 +9.289798926e+00 +9.289798926e+00 +3.692979893e+01 +3.692979893e+01 +3.3774e+00 +3.8322e-01 -1.9804e+00 +1.3791e+00 +2.0514e+00
1955 +9.079209354e+00 +9.079209354e+00 +3.671920935e+01 +3.671920935e+01 +3.4025e+00 +3.8870e-01 -1.9604e+00 +1.3886e+00 +2.0464e+00
1976 +8.830269582e+00 +8.830269582e+00 +3.647026958e+01 +3.647026958e+01 +3.3807e+00 +3.8638e-01 -1.9537e+00 +1.3683e+00 +2.0643e+00
2026 +8.692849552e+00 +8.692849552e+00 +3.633284955e+01 +3.633284955e+01 +3.3788e+00 +4.0673e-01 -1.9392e+00 +1.3607e+00 +2.0601e+00
2069 +8.486064662e+00 +8.486064662e+00 +3.612606466e+01 +3.612606466e+01 +3.3612e+00 +3.9938e-01 -1.9472e+00 +1.3478e+00 +2.0639e+00
2120 +8.312162458e+00 +8.312162458e+00 +3.595216246e+01 +3.595216246e+01 +3.3566e+00 +3.9858e-01 -1.9394e+00 +1.3297e+00 +2.0688e+00
2220 +8.125829341e+00 +8.125829341e+00 +3.576582934e+01 +3.576582934e+01 +3.3516e+00 +4.0094e-01 -1.9245e+00 +1.3127e+00 +2.0815e+00
% function evaluation | noise-free fitness - Fopt (-1.552000000000e+01) | best noise-free fitness - Fopt | measured fitness | best measured fitness | x1 | x2...
1 +1.885053434e+02 +1.885053434e+02 +1.729853434e+02 +1.729853434e+02 +0.0000e+00 +0.0000e+00 +0.0000e+00 +0.0000e+00 +0.0000e+00
2 +1.696548557e+02 +1.696548557e+02 +1.541348557e+02 +1.541348557e+02 +2.0424e-01 +1.3606e-01 +2.7025e-01 +4.0264e-01 +6.7810e-03
13 +1.545181273e+02 +1.545181273e+02 +1.389981273e+02 +1.389981273e+02 +6.1797e-02 +9.5656e-02 +3.0283e-01 +3.2641e-01 -4.7717e-01
20 +1.263201824e+02 +1.263201824e+02 +1.108001824e+02 +1.108001824e+02 +1.3125e-01 +1.6740e-01 +4.0194e-01 +5.1743e-01 -4.7855e-01
30 +1.189175475e+02 +1.189175475e+02 +1.033975475e+02 +1.033975475e+02 +4.5609e-01 +3.0055e-01 +4.0191e-01 +3.1599e-01 -5.3531e-01
66 +1.146775210e+02 +1.146775210e+02 +9.915752095e+01 +9.915752095e+01 +1.3838e-01 +1.7924e-01 +1.1772e+00 +1.0992e+00 -4.9039e-01
68 +9.987958510e+01 +9.987958510e+01 +8.435958510e+01 +8.435958510e+01 +4.7640e-01 +2.0718e-01 +1.4165e+00 +9.6418e-01 -8.4289e-01
72 +9.400883489e+01 +9.400883489e+01 +7.848883489e+01 +7.848883489e+01 +4.4274e-01 +3.0768e-01 +1.4067e+00 +9.4517e-01 -8.4650e-01
76 +7.651713643e+01 +7.651713643e+01 +6.099713643e+01 +6.099713643e+01 +6.1384e-01 +2.7735e-01 +1.5891e+00 +1.4309e+00 -8.1112e-01
98 +6.759065258e+01 +6.759065258e+01 +5.207065258e+01 +5.207065258e+01 +4.4102e-01 -4.3658e-02 +2.1171e+00 +1.8537e+00 -8.9155e-01
115 +5.209353911e+01 +5.209353911e+01 +3.657353911e+01 +3.657353911e+01 +4.6121e-01 -2.9149e-01 +3.1870e+00 +1.8905e+00 -1.0721e+00
123 +4.757049664e+01 +4.757049664e+01 +3.205049664e+01 +3.205049664e+01 +4.7422e-01 -3.2744e-01 +3.4636e+00 +7.2100e-01 -1.1626e+00
126 +3.554787850e+01 +3.554787850e+01 +2.002787850e+01 +2.002787850e+01 +8.6700e-01 -2.9145e-01 +3.2441e+00 +2.4570e+00 -8.5434e-01
211 +2.863783855e+01 +2.863783855e+01 +1.311783855e+01 +1.311783855e+01 +1.1356e+00 -1.5887e-01 +3.4029e+00 +1.6525e+00 -1.5878e+00
358 +2.653713835e+01 +2.653713835e+01 +1.101713835e+01 +1.101713835e+01 +1.0114e+00 -3.6514e-01 +3.7482e+00 +1.0895e+00 -1.7765e+00
367 +2.425228732e+01 +2.425228732e+01 +8.732287324e+00 +8.732287324e+00 +1.0198e+00 -5.3040e-01 +3.7032e+00 +1.1310e+00 -1.7651e+00
373 +2.248343450e+01 +2.248343450e+01 +6.963434497e+00 +6.963434497e+00 +9.5766e-01 -4.7368e-01 +3.7667e+00 +1.1623e+00 -1.7836e+00
386 +2.222393362e+01 +2.222393362e+01 +6.703933625e+00 +6.703933625e+00 +9.2390e-01 -6.9725e-01 +3.8031e+00 +1.1274e+00 -1.7446e+00
398 +2.127229995e+01 +2.127229995e+01 +5.752299951e+00 +5.752299951e+00 +9.1443e-01 -6.5388e-01 +3.7529e+00 +1.2872e+00 -1.7572e+00
405 +1.972970942e+01 +1.972970942e+01 +4.209709420e+00 +4.209709420e+00 +9.8412e-01 -5.3871e-01 +3.7340e+00 +1.1862e+00 -1.7651e+00
422 +1.909105628e+01 +1.909105628e+01 +3.571056284e+00 +3.571056284e+00 +9.2851e-01 -5.5545e-01 +3.7434e+00 +1.1996e+00 -1.7569e+00
460 +1.894554338e+01 +1.894554338e+01 +3.425543382e+00 +3.425543382e+00 +9.6845e-01 -5.7854e-01 +3.7572e+00 +1.1927e+00 -1.7555e+00
% function evaluation | noise-free fitness - Fopt (1.000000000000e+03) | best noise-free fitness - Fopt | measured fitness | best measured fitness | x1 | x2...
1 +2.356124806e+02 +2.356124806e+02 +1.235612481e+03 +1.235612481e+03 +0.0000e+00 +0.0000e+00 +0.0000e+00 +0.0000e+00 +0.0000e+00
4 +2.203375199e+02 +2.203375199e+02 +1.220337520e+03 +1.220337520e+03 +1.6070e-01 +2.7364e-01 +1.7699e-01 +2.6845e-02 -1.5363e-01
13 +2.001096994e+02 +2.001096994e+02 +1.200109699e+03 +1.200109699e+03 -1.9741e-01 -1.0582e-01 +5.1135e-01 +3.3369e-01 -1.3294e-01
21 +1.917965370e+02 +1.917965370e+02 +1.191796537e+03 +1.191796537e+03 -4.2374e-01 +1.7508e-01 +3.2564e-01 +6.1068e-01 -2.1273e-01
28 +1.786953016e+02 +1.786953016e+02 +1.178695302e+03 +1.178695302e+03 -4.7834e-01 +3.8990e-01 +1.9111e-01 +9.2968e-01 -7.2624e-01
41 +1.762041585e+02 +1.762041585e+02 +1.176204159e+03 +1.176204159e+03 -4.6938e-01 -3.5262e-01 +1.9762e-01 +7.9524e-01 +2.4616e-01
51 +1.284322360e+02 +1.284322360e+02 +1.128432236e+03 +1.128432236e+03 -1.8538e+00 -2.2784e-02 +1.5457e-01 +5.3878e-01 +2.2172e-01
66 +8.848378065e+01 +8.848378065e+01 +1.088483781e+03 +1.088483781e+03 -3.3069e+00 -3.7261e-01 +2.6487e-02 +3.5576e-01 +5.4813e-01
124 +7.285457527e+01 +7.285457527e+01 +1.072854575e+03 +1.072854575e+03 -2.6361e+00 -8.5899e-01 -2.3146e-01 -4.3683e-01 -1.3835e+00
138 +7.128228440e+01 +7.128228440e+01 +1.071282284e+03 +1.071282284e+03 -3.4756e+00 -1.6705e+00 +2.5553e-03 -1.1335e+00 -5.3140e-01
140 +6.760691244e+01 +6.760691244e+01 +1.067606912e+03 +1.067606912e+03 -2.9466e+00 -9.4367e-01 -6.7659e-01 -1.6438e+00 -1.5527e+00
148 +5.877594703e+01 +5.877594703e+01 +1.058775947e+03 +1.058775947e+03 -4.5649e+00 -1.2642e+00 -1.2059e+00 -2.3731e+00 -2.4123e+00
158 +4.638500333e+01 +4.638500333e+01 +1.046385003e+03 +1.046385003e+03 -4.0002e+00 -8.8234e-01 -8.8789e-01 -2.3798e+00 -3.5639e+00
171 +2.006381587e+01 +2.006381587e+01 +1.020063816e+03 +1.020063816e+03 -3.0338e+00 -1.7082e+00 -7.1670e-01 -1.7932e+00 -3.5121e+00
359 +1.318132135e+01 +1.318132135e+01 +1.013181321e+03 +1.013181321e+03 -2.4001e+00 -2.2645e+00 -2.8114e+00 -2.5140e+00 -3.8229e+00
594 +1.205792732e+01 +1.205792732e+01 +1.012057927e+03 +1.012057927e+03 -2.6200e+00 -2.4130e+00 -2.3112e+00 -3.0743e+00 -4.1168e+00
605 +3.073449536e+00 +3.073449536e+00 +1.003073450e+03 +1.003073450e+03 -2.6289e+00 -2.4013e+00 -2.2598e+00 -3.0213e+00 -3.9981e+00
626 +2.849628942e+00 +2.849628942e+00 +1.002849629e+03 +1.002849629e+03 -2.6530e+00 -2.4103e+00 -2.2433e+00 -3.0092e+00 -4.0221e+00
759 +2.252849575e+00 +2.252849575e+00 +1.002252850e+03 +1.002252850e+03 -2.7129e+00 -2.3831e+00 -2.2159e+00 -3.0219e+00 -3.9563e+00
799 +2.233190750e+00 +2.233190750e+00 +1.002233191e+03 +1.002233191e+03 -2.6863e+00 -2.3831e+00 -2.1979e+00 -3.0193e+00 -4.0201e+00
807 +1.627970910e+00 +1.627970910e+00 +1.001627971e+03 +1.001627971e+03 -2.6798e+00 -2.3825e+00 -2.2220e+00 -3.0138e+00 -3.9993e+00
815 +1.223499496e+00 +1.223499496e+00 +1.001223499e+03 +1.001223499e+03 -2.6787e+00 -2.4022e+00 -2.2262e+00 -3.0107e+00 -3.9638e+00
900 +1.101355560e+00 +1.101355560e+00 +1.001101356e+03 +1.001101356e+03 -2.6744e+00 -2.4107e+00 -2.2299e+00 -3.0021e+00 -3.9670e+00
939 +1.069317993e+00 +1.069317993e+00 +1.001069318e+03 +1.001069318e+03 -2.6732e+00 -2.4246e+00 -2.2251e+00 -3.0069e+00 -3.9697e+00
958 +1.046403190e+00 +1.046403190e+00 +1.001046403e+03 +1.001046403e+03 -2.6769e+00 -2.4253e+00 -2.2263e+00 -3.0084e+00 -3.9629e+00
993 +1.010675292e+00 +1.010675292e+00 +1.001010675e+03 +1.001010675e+03 -2.6734e+00 -2.4239e+00 -2.2253e+00 -3.0038e+00 -3.9634e+00
1044 +9.969119134e-01 +9.969119134e-01 +1.000996912e+03 +1.000996912e+03 -2.6773e+00 -2.4232e+00 -2.2235e+00 -3.0059e+00 -3.9587e+00
% function evaluation | noise-free fitness - Fopt (-3.030200000000e+02) | best noise-free fitness - Fopt | measured fitness | best measured fitness | x1 | x2...
1 +2.211345946e+02 +2.211345946e+02 -8.188540543e+01 -8.188540543e+01 +0.0000e+00 +0.0000e+00 +0.0000e+00 +0.0000e+00 +0.0000e+00
2 +2.153237530e+02 +2.153237530e+02 -8.769624695e+01 -8.769624695e+01 -6.2666e-02 -1.2227e-01 -6.5631e-02 -3.2780e-02 -1.2914e-02
7 +1.914327048e+02 +1.914327048e+02 -1.115872952e+02 -1.115872952e+02 -1.7042e-01 +1.8682e-01 +2.5197e-01 +4.0122e-02 +4.3908e-01
29 +1.819856536e+02 +1.819856536e+02 -1.210343464e+02 -1.210343464e+02 -2.0599e-01 -3.2098e-01 +7.3579e-01 -2.4178e-01 +2.4591e-01
54 +1.721074373e+02 +1.721074373e+02 -1.309125627e+02 -1.309125627e+02 -4.8336e-01 -3.0358e-01 +9.0658e-01 +6.0834e-02 +6.1028e-01
59 +1.639229181e+02 +1.639229181e+02 -1.390970819e+02 -1.390970819e+02 -5.0512e-01 -4.2117e-01 +8.9187e-01 +1.1013e-01 +9.6946e-01
69 +1.407363100e+02 +1.407363100e+02 -1.622836900e+02 -1.622836900e+02 -1.0054e+00 -6.6996e-01 +7.3804e-01 +2.0263e-01 +1.1657e+00
77 +1.297642065e+02 +1.297642065e+02 -1.732557935e+02 -1.732557935e+02 -1.4266e+00 -3.3394e-01 +6.8197e-01 +4.2413e-01 +1.5293e+00
82 +1.257678218e+02 +1.257678218e+02 -1.772521782e+02 -1.772521782e+02 -1.4334e+00 -3.9708e-01 +9.6905e-01 +5.6588e-01 +1.2942e+00
85 +9.241025783e+01 +9.241025783e+01 -2.106097422e+02 -2.106097422e+02 -1.6557e+00 -7.5190e-01 +4.4240e-01 -8.8820e-02 +1.2097e+00
101 +9.079599735e+01 +9.079599735e+01 -2.122240026e+02 -2.122240026e+02 -1.9671e+00 -1.4814e+00 +1.2633e+00 +6.8386e-01 +1.8994e+00
109 +8.115558175e+01 +8.115558175e+01 -2.218644183e+02 -2.218644183e+02 -1.4443e+00 -1.0064e+00 +1.2666e+00 -8.0610e-01 +2.0051e+00
110 +7.817393811e+01 +7.817393811e+01 -2.248460619e+02 -2.248460619e+02 -2.8365e+00 -7.1524e-01 +1.6541e+00 -2.1223e-01 +3.6288e+00
119 +6.104816035e+01 +6.104816035e+01 -2.419718397e+02 -2.419718397e+02 -2.4049e+00 -9.4267e-01 +2.2350e+00 -6.0195e-01 +2.6511e+00
137 +5.704697632e+01 +5.704697632e+01 -2.459730237e+02 -2.459730237e+02 -4.3064e+00 -4.4505e-01 +6.9265e-01 -8.0523e-01 +2.5667e+00
150 +5.543134668e+01 +5.543134668e+01 -2.475886533e+02 -2.475886533e+02 -5.0193e+00 -7.6544e-01 +2.3111e+00 -1.8751e+00 +5.0224e+00
169 +3.749998262e+01 +3.749998262e+01 -2.655200174e+02 -2.655200174e+02 -4.9444e+00 -1.6375e+00 +4.7198e+00 -2.5512e+00 +3.2629e+00
188 +2.385785459e+01 +2.385785459e+01 -2.791621454e+02 -2.791621454e+02 -4.1202e+00 -2.3841e+00 +2.0530e+00 -2.6316e+00 +3.0041e+00
197 +1.497659803e+01 +1.497659803e+01 -2.880434020e+02 -2.880434020e+02 -3.1620e+00 -2.4527e+00 +2.7599e+00 -2.1874e+00 +3.3379e+00
420 +1.036000279e+01 +1.036000279e+01 -2.926599972e+02 -2.926599972e+02 -4.1367e+00 -1.4939e+00 +3.9079e+00 -3.2523e+00 +3.4599e+00
622 +1.021006651e+01 +1.021006651e+01 -2.928099335e+02 -2.928099335e+02 -4.2000e+00 -1.5944e+00 +3.8843e+00 -3.1768e+00 +3.9015e+00
693 +9.915188910e+00 +9.915188910e+00 -2.931048111e+02 -2.931048111e+02 -4.2095e+00 -1.6304e+00 +3.8891e+00 -3.1806e+00 +3.8870e+00
699 +9.582645023e+00 +9.582645023e+00 -2.934373550e+02 -2.934373550e+02 -4.1821e+00 -1.6224e+00 +3.8811e+00 -3.1671e+00 +3.8977e+00
702 +9.466825365e+00 +9.466825365e+00 -2.935531746e+02 -2.935531746e+02 -4.2016e+00 -1.6421e+00 +3.8643e+00 -3.1685e+00 +3.8866e+00
728 +9.145981573e+00 +9.145981573e+00 -2.938740184e+02 -2.938740184e+02 -4.1857e+00 -1.6362e+00 +3.8471e+00 -3.1583e+00 +3.8981e+00
736 +9.085965051e+00 +9.085965051e+00 -2.939340349e+02 -2.939340349e+02 -4.1823e+00 -1.6364e+00 +3.8556e+00 -3.1690e+00 +3.8984e+00
% function evaluation | noise-free fitness - Fopt (4.731200000000e+02) | best noise-free fitness - Fopt | measured fitness | best measured fitness | x1 | x2...
1 +1.926884387e+02 +1.926884387e+02 +6.658084387e+02 +6.658084387e+02 +0.0000e+00 +0.0000e+00 +0.0000e+00 +0.0000e+00 +0.0000e+00
4 +1.620316096e+02 +1.620316096e+02 +6.351516096e+02 +6.351516096e+02 -1.6349e-01 +2.3465e-01 +3.2283e-01 -2.1917e-01 +7.3185e-02
19 +1.408223737e+02 +1.408223737e+02 +6.139423737e+02 +6.139423737e+02 +2.7414e-01 +1.3291e-01 +7.5689e-01 -4.0387e-02 +1.7264e-01
25 +1.349766805e+02 +1.349766805e+02 +6.080966805e+02 +6.080966805e+02 +2.5558e-01 -2.6760e-02 +2.8010e-01 -1.7947e-01 -2.6660e-01
26 +1.203971752e+02 +1.203971752e+02 +5.935171752e+02 +5.935171752e+02 +7.3920e-01 +8.4314e-02 +1.0290e+00 -2.9040e-02 +1.1221e-01
32 +1.047347648e+02 +1.047347648e+02 +5.778547648e+02 +5.778547648e+02 +6.5650e-01 +2.4608e-01 +7.7229e-01 -3.9010e-01 -3.5353e-01
36 +9.467696351e+01 +9.467696351e+01 +5.677969635e+02 +5.677969635e+02 +1.3216e+00 +1.3867e-01 +7.3219e-01 -7.9556e-01 -1.3644e-01
39 +7.501392856e+01 +7.501392856e+01 +5.481339286e+02 +5.481339286e+02 +9.9062e-01 -1.4111e-01 +8.1279e-01 -1.2382e-02 -2.1905e-01
49 +5.762595243e+01 +5.762595243e+01 +5.307459524e+02 +5.307459524e+02 +1.1189e+00 +1.0953e-01 +1.3409e+00 -6.3190e-01 -1.4830e-01
59 +3.418897883e+01 +3.418897883e+01 +5.073089788e+02 +5.073089788e+02 +1.3147e+00 -5.4839e-01 +1.3979e+00 -4.5650e-01 -3.3453e-01
117 +2.766854747e+01 +2.766854747e+01 +5.007885475e+02 +5.007885475e+02 +7.5495e-01 -5.0205e-01 +2.6497e+00 -6.9326e-01 +1.8870e-01
239 +2.490749953e+01 +2.490749953e+01 +4.980274995e+02 +4.980274995e+02 +9.2509e-01 +5.6221e-01 +2.4197e+00 -2.3491e+00 -1.7975e+00
591 +2.375133992e+01 +2.375133992e+01 +4.968713399e+02 +4.968713399e+02 +1.6110e+00 -1.0336e+00 +1.7124e+00 -2.0328e-01 -4.0141e-01
630 +2.055208929e+01 +2.055208929e+01 +4.936720893e+02 +4.936720893e+02 +1.6811e+00 -8.1970e-01 +2.0873e+00 -1.1933e+00 -2.3146e-01
789 +2.029086946e+01 +2.029086946e+01 +4.934108695e+02 +4.934108695e+02 +2.1464e+00 -1.2267e+00 +2.2447e+00 -1.1375e+00 -6.2679e-01
850 +1.957884227e+01 +1.957884227e+01 +4.926988423e+02 +4.926988423e+02 +2.1294e+00 -1.1853e+00 +2.2416e+00 -1.2517e+00 -6.4623e-01
858 +1.838292782e+01 +1.838292782e+01 +4.915029278e+02 +4.915029278e+02 +2.2167e+00 -1.1751e+00 +2.2523e+00 -1.2055e+00 -6.7485e-01
860 +1.777526173e+01 +1.777526173e+01 +4.908952617e+02 +4.908952617e+02 +2.2230e+00 -1.2036e+00 +2.2563e+00 -1.1624e+00 -6.6968e-01
867 +1.697517729e+01 +1.697517729e+01 +4.900951773e+02 +4.900951773e+02 +2.1694e+00 -1.2261e+00 +2.2579e+00 -1.1764e+00 -6.5228e-01
886 +1.634331710e+01 +1.634331710e+01 +4.894633171e+02 +4.894633171e+02 +2.1437e+00 -1.1954e+00 +2.2643e+00 -1.1811e+00 -6.7340e-01
935 +1.617608672e+01 +1.617608672e+01 +4.892960867e+02 +4.892960867e+02 +2.1687e+00 -1.1888e+00 +2.2530e+00 -1.1796e+00 -6.7767e-01
% function evaluation | noise-free fitness - Fopt (6.842100000000e+02) | best noise-free fitness - Fopt | measured fitness | best measured fitness | x1 | x2...
1 +1.229157813e+02 +1.229157813e+02 +8.071257813e+02 +8.071257813e+02 +0.0000e+00 +0.0000e+00 +0.0000e+00 +0.0000e+00 +0.0000e+00
10 +1.201734667e+02 +1.201734667e+02 +8.043834667e+02 +8.043834667e+02 -1.3366e-01 -2.8995e-01 +1.0011e-01 -4.2719e-02 +5.6114e-02
15 +9.343877727e+01 +9.343877727e+01 +7.776487773e+02 +7.776487773e+02 +5.4704e-02 -3.0830e-01 -3.7484e-01 +2.7247e-01 -9.9146e-02
43 +9.164114855e+01 +9.164114855e+01 +7.758511485e+02 +7.758511485e+02 -9.4238e-02 +8.1459e-02 -1.4801e-01 +8.6400e-02 -1.5510e-01
45 +8.425658115e+01 +8.425658115e+01 +7.684665811e+02 +7.684665811e+02 -9.3585e-02 +1.2523e-01 -2.0343e-01 -6.1285e-02 -1.3441e-01
72 +8.285838852e+01 +8.285838852e+01 +7.670683885e+02 +7.670683885e+02 -5.0017e-02 -1.1418e-01 -3.0178e-01 +4.1457e-03 +4.3327e-02
98 +7.999324591e+01 +7.999324591e+01 +7.642032459e+02 +7.642032459e+02 -2.0538e-01 +2.4444e-01 -2.5826e-01 -3.4106e-02 -2.0554e-02
109 +7.776756728e+01 +7.776756728e+01 +7.619775673e+02 +7.619775673e+02 -7.9333e-02 +1.1676e-01 -3.0283e-01 +5.9802e-02 -1.0452e-01
116 +7.752873154e+01 +7.752873154e+01 +7.617387315e+02 +7.617387315e+02 -1.1464e-01 +2.4330e-01 -2.6426e-01 +2.9459e-03 -1.8410e-02
162 +7.523914849e+01 +7.523914849e+01 +7.594491485e+02 +7.594491485e+02 -1.8152e-01 +1.5439e-01 -2.7124e-01 +4.1581e-02 -1.1977e-01
% function evaluation | noise-free fitness - Fopt (1.808000000000e+01) | best noise-free fitness - Fopt | measured fitness | best measured fitness | x1 | x2...
1 +1.012681463e+02 +1.012681463e+02 +1.193481463e+02 +1.193481463e+02 +0.0000e+00 +0.0000e+00 +0.0000e+00 +0.0000e+00 +0.0000e+00
2 +8.568817286e+01 +8.568817286e+01 +1.037681729e+02 +1.037681729e+02 -7.1863e-02 +1.2311e-01 +2.0750e-02 -1.5156e-01 +2.5401e-01
3 +5.610910253e+01 +5.610910253e+01 +7.418910253e+01 +7.418910253e+01 +2.3612e-01 +6.0046e-02 +2.1601e-01 +1.6472e-01 +2.4002e-02
15 +5.242207624e+01 +5.242207624e+01 +7.050207624e+01 +7.050207624e+01 -1.9859e-01 +6.1395e-02 +2.6230e-01 +2.4335e-01 +2.1397e-02
43 +4.855520564e+01 +4.855520564e+01 +6.663520564e+01 +6.663520564e+01 -3.4183e-01 +5.4946e-01 +5.3598e-01 -1.0754e-01 -7.8538e-02
47 +4.291751800e+01 +4.291751800e+01 +6.099751800e+01 +6.099751800e+01 -7.5519e-01 -9.8535e-03 +7.5881e-01 +6.3246e-01 -4.5384e-01
131 +2.984201657e+01 +2.984201657e+01 +4.792201657e+01 +4.792201657e+01 -4.4524e-01 +5.1123e-01 +3.8184e-01 +6.3963e-01 -1.1449e+00
147 +1.713799741e+01 +1.713799741e+01 +3.521799741e+01 +3.521799741e+01 +1.3121e-01 +1.8341e+00 +1.3185e+00 -3.4050e-01 -1.0222e+00
696 +1.697683502e+01 +1.697683502e+01 +3.505683502e+01 +3.505683502e+01 +2.2403e-02 +1.6887e+00 +8.2402e-01 -7.8280e-01 +2.4316e-02
% function evaluation | noise-free fitness - Fopt (-1.537900000000e+02) | best noise-free fitness - Fopt | measured fitness | best measured fitness | x1 | x2...
1 +7.649054338e+01 +7.649054338e+01 -7.729945662e+01 -7.729945662e+01 +0.0000e+00 +0.0000e+00 +0.0000e+00 +0.0000e+00 +0.0000e+00
2 +6.635934554e+01 +6.635934554e+01 -8.743065446e+01 -8.743065446e+01 -1.2360e-01 +5.4665e-02 -2.0308e-01 -2.8060e-01 +6.8708e-02
3 +4.620433600e+01 +4.620433600e+01 -1.075856640e+02 -1.075856640e+02 +8.1793e-02 -7.5138e-02 +1.3383e-01 -2.0907e-01 -1.2977e-02
14 +2.874175701e+01 +2.874175701e+01 -1.250482430e+02 -1.250482430e+02 +1.5913e-01 -2.0394e-01 -1.2585e-01 -1.8822e-01 -5.0333e-01
67 +2.326447293e+01 +2.326447293e+01 -1.305255271e+02 -1.305255271e+02 +1.7333e-01 -1.7625e-01 -4.8748e-02 -1.9729e-01 -4.8569e-01
108 +1.941090659e+01 +1.941090659e+01 -1.343790934e+02 -1.343790934e+02 +2.1338e-01 -1.9833e-01 -2.2588e-02 -2.9987e-01 -4.3081e-01
123 +1.703320273e+01 +1.703320273e+01 -1.367567973e+02 -1.367567973e+02 +1.4974e-01 -2.1137e-01 -1.1273e-01 -2.7058e-01 -4.1326e-01
138 +1.616261766e+01 +1.616261766e+01 -1.376273823e+02 -1.376273823e+02 +1.9106e-01 -2.1890e-01 -4.4754e-02 -3.0523e-01 -4.3703e-01
184 +1.562605273e+01 +1.562605273e+01 -1.381639473e+02 -1.381639473e+02 +1.9708e-01 -1.9556e-01 -8.7674e-02 -3.4671e-01 -4.4378e-01
187 +1.515024531e+01 +1.515024531e+01 -1.386397547e+02 -1.386397547e+02 +1.5181e-01 -2.0597e-01 -1.3842e-01 -3.5830e-01 -4.6042e-01
188 +1.461005311e+01 +1.461005311e+01 -1.391799469e+02 -1.391799469e+02 +1.4004e-01 -2.3497e-01 -9.1140e-02 -3.2449e-01 -4.6432e-01
189 +1.440995688e+01 +1.440995688e+01 -1.393800431e+02 -1.393800431e+02 +1.8765e-01 -1.9805e-01 -7.8677e-02 -3.2273e-01 -4.7808e-01
266 +1.404251933e+01 +1.404251933e+01 -1.397474807e+02 -1.397474807e+02 +1.5080e-01 -2.2871e-01 -9.0726e-02 -3.2552e-01 -4.4752e-01
