% function evaluation | noise-free fitness - Fopt (1.000000000000e+03) | best noise-free fitness - Fopt | measured fitness | best measured fitness | x1 | x2...
1 +4.236494560e+02 +4.236494560e+02 +1.423649456e+03 +1.423649456e+03 +0.0000e+00 +0.0000e+00 +0.0000e+00
3 +3.984821828e+02 +3.984821828e+02 +1.398482183e+03 +1.398482183e+03 -9.4879e-02 -2.7386e-01 +1.1562e-01
4 +3.886902402e+02 +3.886902402e+02 +1.388690240e+03 +1.388690240e+03 -1.1541e-01 -4.0977e-01 +1.5908e-01
7 +3.589461081e+02 +3.589461081e+02 +1.358946108e+03 +1.358946108e+03 -8.9137e-02 -2.2143e-01 +2.0020e-01
10 +3.391399676e+02 +3.391399676e+02 +1.339139968e+03 +1.339139968e+03 -3.8321e-01 -2.1070e-01 +2.8319e-01
12 +3.213772444e+02 +3.213772444e+02 +1.321377244e+03 +1.321377244e+03 -6.8065e-01 -4.2765e-01 +1.5365e-01
20 +3.091462419e+02 +3.091462419e+02 +1.309146242e+03 +1.309146242e+03 -3.9748e-01 -3.8692e-01 +5.3509e-01
22 +2.977822505e+02 +2.977822505e+02 +1.297782251e+03 +1.297782251e+03 -8.4136e-01 -6.9036e-01 +5.5340e-01
23 +2.801880325e+02 +2.801880325e+02 +1.280188033e+03 +1.280188033e+03 -9.4372e-01 -3.1944e-01 +3.0542e-01
31 +2.242581294e+02 +2.242581294e+02 +1.224258129e+03 +1.224258129e+03 -1.5980e+00 -5.2323e-01 +8.0345e-01
32 +2.142365343e+02 +2.142365343e+02 +1.214236534e+03 +1.214236534e+03 -1.9438e+00 -2.3477e-01 +3.6778e-01
35 +1.593466244e+02 +1.593466244e+02 +1.159346624e+03 +1.159346624e+03 -3.8461e+00 -5.8486e-01 +6.8059e-01
37 +1.306167971e+02 +1.306167971e+02 +1.130616797e+03 +1.130616797e+03 -2.4614e+00 -1.8728e-01 +8.7254e-01
45 +1.213902642e+02 +1.213902642e+02 +1.121390264e+03 +1.121390264e+03 -5.1703e+00 -2.8115e-01 +1.5280e-01
47 +1.112774319e+02 +1.112774319e+02 +1.111277432e+03 +1.111277432e+03 -2.2892e+00 -2.0747e-01 +1.3810e+00
48 +1.052533912e+02 +1.052533912e+02 +1.105253391e+03 +1.105253391e+03 -3.5747e+00 -2.5604e-01 +1.5904e+00
49 +7.974593543e+01 +7.974593543e+01 +1.079745935e+03 +1.079745935e+03 -6.1397e+00 -1.4679e-01 +6.0592e-01
53 +7.268903968e+01 +7.268903968e+01 +1.072689040e+03 +1.072689040e+03 -5.5522e+00 -2.1322e-01 +1.4386e+00
60 +5.977581954e+01 +5.977581954e+01 +1.059775820e+03 +1.059775820e+03 -3.4942e+00 +1.0396e+00 +1.8479e+00
61 +5.370921078e+01 +5.370921078e+01 +1.053709211e+03 +1.053709211e+03 -7.2576e+00 +2.1828e+00 +2.0601e+00
67 +3.217532604e+01 +3.217532604e+01 +1.032175326e+03 +1.032175326e+03 -4.0443e+00 +1.7115e+00 +1.9789e+00
88 +2.469127003e+01 +2.469127003e+01 +1.024691270e+03 +1.024691270e+03 -4.7432e+00 +3.4863e+00 +2.4260e+00
136 +2.396649196e+01 +2.396649196e+01 +1.023966492e+03 +1.023966492e+03 -5.0464e+00 +2.7460e+00 +2.4244e+00
141 +4.566424628e+00 +4.566424628e+00 +1.004566425e+03 +1.004566425e+03 -3.0859e+00 +2.6331e+00 +4.1280e+00
% function evaluation | noise-free fitness - Fopt (7.003000000000e+01) | best noise-free fitness - Fopt | measured fitness | best measured fitness | x1 | x2...
1 +1.296769467e+02 +1.296769467e+02 +1.997069467e+02 +1.997069467e+02 +0.0000e+00 +0.0000e+00 +0.0000e+00
5 +1.255700792e+02 +1.255700792e+02 +1.956000792e+02 +1.956000792e+02 +1.1232e-02 +2.3274e-01 +7.7359e-02
6 +1.229921817e+02 +1.229921817e+02 +1.930221817e+02 +1.930221817e+02 +1.4592e-01 -4.0764e-01 +1.6974e-02
13 +1.123325254e+02 +1.123325254e+02 +1.823625254e+02 +1.823625254e+02 -4.0819e-02 -1.6866e-01 -1.2868e-01
14 +1.006555399e+02 +1.006555399e+02 +1.706855399e+02 +1.706855399e+02 +1.4058e-01 -2.1753e-01 +1.3536e-03
19 +9.463005633e+01 +9.463005633e+01 +1.646600563e+02 +1.646600563e+02 +2.5791e-02 -3.1652e-01 +7.9853e-02
27 +8.982530543e+01 +8.982530543e+01 +1.598553054e+02 +1.598553054e+02 +1.2479e-01 -7.8506e-01 +4.1516e-02
41 +6.847827329e+01 +6.847827329e+01 +1.385082733e+02 +1.385082733e+02 +3.2892e-01 -7.4629e-01 -2.0192e-01
53 +5.805165597e+01 +5.805165597e+01 +1.280816560e+02 +1.280816560e+02 -1.2981e-02 -1.1088e+00 -4.6714e-01
74 +4.226734354e+01 +4.226734354e+01 +1.122973435e+02 +1.122973435e+02 -4.4736e-02 -1.7881e+00 -5.4956e-01
158 +4.168387317e+01 +4.168387317e+01 +1.117138732e+02 +1.117138732e+02 -3.6518e-02 -2.1638e+00 -1.5354e+00
175 +3.793040803e+01 +3.793040803e+01 +1.079604080e+02 +1.079604080e+02 +3.9512e-02 -2.4565e+00 -8.0796e-01
187 +2.897350667e+01 +2.897350667e+01 +9.900350667e+01 +9.900350667e+01 -2.1067e-03 -1.5616e+00 -1.5883e+00
212 +2.550669300e+01 +2.550669300e+01 +9.553669300e+01 +9.553669300e+01 +1.7239e-01 -1.9505e+00 -2.0209e+00
268 +2.054702440e+01 +2.054702440e+01 +9.057702440e+01 +9.057702440e+01 -4.2788e-02 -2.0057e+00 -3.5514e+00
305 +1.816153036e+01 +1.816153036e+01 +8.819153036e+01 +8.819153036e+01 +5.4764e-02 -1.0012e-01 -3.9830e+00
348 +1.685968696e+01 +1.685968696e+01 +8.688968696e+01 +8.688968696e+01 -4.7096e-01 -7.5890e-01 -3.8312e+00
355 +1.599390129e+01 +1.599390129e+01 +8.602390129e+01 +8.602390129e+01 -5.1742e-01 -7.3985e-01 -3.7800e+00
359 +1.031763790e+01 +1.031763790e+01 +8.034763790e+01 +8.034763790e+01 -8.1375e-01 -1.0567e+00 -3.7592e+00
400 +7.941768662e+00 +7.941768662e+00 +7.797176866e+01 +7.797176866e+01 -4.5718e-01 -1.3071e+00 -3.9940e+00
466 +7.644844228e+00 +7.644844228e+00 +7.767484423e+01 +7.767484423e+01 -1.2854e-01 -1.4161e+00 -3.5465e+00
480 +7.455867246e+00 +7.455867246e+00 +7.748586725e+01 +7.748586725e+01 -1.3393e-01 -1.3088e+00 -3.5939e+00
485 +4.619840996e+00 +4.619840996e+00 +7.464984100e+01 +7.464984100e+01 -1.4664e-01 -1.3545e+00 -3.5812e+00
495 +4.554129426e+00 +4.554129426e+00 +7.458412943e+01 +7.458412943e+01 -1.7957e-01 -1.3620e+00 -3.5824e+00
508 +4.314690232e+00 +4.314690232e+00 +7.434469023e+01 +7.434469023e+01 -1.8731e-01 -1.3985e+00 -3.5410e+00
509 +3.130415938e+00 +3.130415938e+00 +7.316041594e+01 +7.316041594e+01 -1.6440e-01 -1.3796e+00 -3.5625e+00
526 +2.403321149e+00 +2.403321149e+00 +7.243332115e+01 +7.243332115e+01 -1.3481e-01 -1.3749e+00 -3.5387e+00
553 +2.146094079e+00 +2.146094079e+00 +7.217609408e+01 +7.217609408e+01 -1.4175e-01 -1.3686e+00 -3.5286e+00
577 +2.117903572e+00 +2.117903572e+00 +7.214790357e+01 +7.214790357e+01 -1.3449e-01 -1.3713e+00 -3.5268e+00
579 +2.013158979e+00 +2.013158979e+00 +7.204315898e+01 +7.204315898e+01 -1.3682e-01 -1.3636e+00 -3.5317e+00
669 +1.994586518e+00 +1.994586518e+00 +7.202458652e+01 +7.202458652e+01 -1.3395e-01 -1.3617e+00 -3.5319e+00
% function evaluation | noise-free fitness - Fopt (-4.822000000000e+01) | best noise-free fitness - Fopt | measured fitness | best measured fitness | x1 | x2...
1 +2.095914222e+02 +2.095914222e+02 +1.613714222e+02 +1.613714222e+02 +0.0000e+00 +0.0000e+00 +0.0000e+00
3 +1.688104852e+02 +1.688104852e+02 +1.205904852e+02 +1.205904852e+02 +1.1278e-02 -2.6795e-01 -2.3600e-01
14 +1.293579130e+02 +1.293579130e+02 +8.113791300e+01 +8.113791300e+01 -2.1310e-01 -2.1161e-01 -7.2530e-01
21 +1.033369026e+02 +1.033369026e+02 +5.511690259e+01 +5.511690259e+01 -7.7950e-02 -3.0014e-01 -9.0097e-01
26 +8.508120307e+01 +8.508120307e+01 +3.686120307e+01 +3.686120307e+01 -4.7057e-01 -3.0671e-01 -7.6716e-01
28 +8.246784118e+01 +8.246784118e+01 +3.424784118e+01 +3.424784118e+01 -3.3729e-01 +6.5914e-02 -1.0756e+00
35 +7.675137544e+01 +7.675137544e+01 +2.853137544e+01 +2.853137544e+01 -6.6026e-01 +1.0012e-01 -1.0516e+00
36 +5.775206908e+01 +5.775206908e+01 +9.532069077e+00 +9.532069077e+00 -5.4669e-01 -3.8474e-01 -1.9014e+00
38 +4.681072320e+01 +4.681072320e+01 -1.409276801e+00 -1.409276801e+00 -1.6075e-01 -8.0488e-02 -2.3099e+00
43 +4.489508082e+01 +4.489508082e+01 -3.324919183e+00 -3.324919183e+00 -4.1549e-01 -4.4524e-01 -1.5119e+00
44 +3.161403800e+01 +3.161403800e+01 -1.660596200e+01 -1.660596200e+01 -1.1100e+00 -6.7974e-01 -3.0143e+00
73 +1.740899780e+01 +1.740899780e+01 -3.081100220e+01 -3.081100220e+01 -2.1407e+00 -2.5143e-01 -1.1695e+00
114 +5.777295711e+00 +5.777295711e+00 -4.244270429e+01 -4.244270429e+01 -1.4246e+00 -5.9310e-01 -2.1831e+00
154 +4.275223902e+00 +4.275223902e+00 -4.394477610e+01 -4.394477610e+01 -1.5519e+00 -6.0352e-01 -1.9879e+00
449 +4.204680986e+00 +4.204680986e+00 -4.401531901e+01 -4.401531901e+01 -1.6993e+00 -1.8433e+00 -1.8162e+00
594 +3.598955906e+00 +3.598955906e+00 -4.462104409e+01 -4.462104409e+01 -1.6586e+00 -1.7419e+00 -2.4060e+00
628 +2.622551684e+00 +2.622551684e+00 -4.559744832e+01 -4.559744832e+01 -1.6721e+00 -1.7564e+00 -2.3796e+00
651 +2.096903342e+00 +2.096903342e+00 -4.612309666e+01 -4.612309666e+01 -1.6816e+00 -1.7638e+00 -2.3516e+00
761 +2.085873127e+00 +2.085873127e+00 -4.613412687e+01 -4.613412687e+01 -1.6762e+00 -1.7633e+00 -2.3560e+00
785 +2.029917485e+00 +2.029917485e+00 -4.619008252e+01 -4.619008252e+01 -1.6743e+00 -1.7622e+00 -2.3520e+00
827 +1.994486342e+00 +1.994486342e+00 -4.622551366e+01 -4.622551366e+01 -1.6805e+00 -1.7611e+00 -2.3378e+00
% function evaluation | noise-free fitness - Fopt (2.547000000000e+01) | best noise-free fitness - Fopt | measured fitness | best measured fitness | x1 | x2...
1 +3.449735612e+02 +3.449735612e+02 +3.704435612e+02 +3.704435612e+02 +0.0000e+00 +0.0000e+00 +0.0000e+00
3 +3.038004115e+02 +3.038004115e+02 +3.292704115e+02 +3.292704115e+02 +1.1237e-01 -4.1881e-01 +2.0939e-02
7 +2.554126298e+02 +2.554126298e+02 +2.808826298e+02 +2.808826298e+02 -3.1856e-01 -2.0955e-01 -2.0217e-01
12 +2.384163907e+02 +2.384163907e+02 +2.638863907e+02 +2.638863907e+02 -2.1931e-01 -6.1832e-01 -2.4047e-01
13 +2.258832143e+02 +2.258832143e+02 +2.513532143e+02 +2.513532143e+02 -5.3448e-01 -3.8742e-01 -1.0818e-01
18 +1.802477697e+02 +1.802477697e+02 +2.057177697e+02 +2.057177697e+02 -9.0575e-01 -6.1533e-01 -2.1204e-01
23 +1.259654677e+02 +1.259654677e+02 +1.514354677e+02 +1.514354677e+02 -9.2929e-01 -8.1903e-01 -4.1181e-01
26 +8.412824897e+01 +8.412824897e+01 +1.095982490e+02 +1.095982490e+02 -1.7646e+00 -1.3242e+00 -1.5649e-01
31 +5.999011040e+01 +5.999011040e+01 +8.546011040e+01 +8.546011040e+01 -1.3347e+00 -2.6636e+00 +2.5430e-01
36 +5.230050680e+01 +5.230050680e+01 +7.777050680e+01 +7.777050680e+01 -2.2797e+00 -1.7336e+00 -9.0030e-01
39 +4.986712745e+01 +4.986712745e+01 +7.533712745e+01 +7.533712745e+01 -3.1336e+00 -1.1727e+00 +5.0848e-01
42 +1.590026889e+01 +1.590026889e+01 +4.137026889e+01 +4.137026889e+01 -3.3757e+00 -2.8623e+00 -5.2705e-01
102 +1.353413217e+01 +1.353413217e+01 +3.900413217e+01 +3.900413217e+01 -3.0146e+00 -3.0979e+00 +1.9993e-01
196 +9.769500596e+00 +9.769500596e+00 +3.523950060e+01 +3.523950060e+01 -4.1100e+00 -3.1951e+00 +5.8779e-01
224 +7.972108566e+00 +7.972108566e+00 +3.344210857e+01 +3.344210857e+01 -3.7647e+00 -2.8975e+00 +4.8142e-01
285 +7.131160805e+00 +7.131160805e+00 +3.260116080e+01 +3.260116080e+01 -3.3225e+00 -2.8304e+00 +5.7356e-01
329 +5.703758877e+00 +5.703758877e+00 +3.117375888e+01 +3.117375888e+01 -3.3129e+00 -2.7944e+00 +5.5380e-01
333 +5.472031835e+00 +5.472031835e+00 +3.094203184e+01 +3.094203184e+01 -3.3029e+00 -2.8279e+00 +5.5735e-01
384 +5.207468150e+00 +5.207468150e+00 +3.067746815e+01 +3.067746815e+01 -3.3060e+00 -2.7915e+00 +5.0053e-01
425 +5.010128088e+00 +5.010128088e+00 +3.048012809e+01 +3.048012809e+01 -3.2932e+00 -2.8099e+00 +5.2402e-01
% function evaluation | noise-free fitness - Fopt (-1.008100000000e+02) | best noise-free fitness - Fopt | measured fitness | best measured fitness | x1 | x2...
1 +4.702658538e+01 +4.702658538e+01 -5.378341462e+01 -5.378341462e+01 +0.0000e+00 +0.0000e+00 +0.0000e+00
2 +3.704083032e+01 +3.704083032e+01 -6.376916968e+01 -6.376916968e+01 +1.8023e-01 -1.0700e-01 +2.3555e-01
5 +2.495924526e+01 +2.495924526e+01 -7.585075474e+01 -7.585075474e+01 +1.3006e-02 +4.4058e-01 +2.0106e-01
14 +1.884469259e+01 +1.884469259e+01 -8.196530741e+01 -8.196530741e+01 +5.6301e-01 +4.0647e-02 +5.6843e-01
31 +1.849035805e+01 +1.849035805e+01 -8.231964195e+01 -8.231964195e+01 -3.8486e-01 +3.7852e-01 -5.3668e-02
50 +1.192510444e+01 +1.192510444e+01 -8.888489556e+01 -8.888489556e+01 -1.0009e-01 +4.2280e-01 +3.3851e-01
75 +9.915934262e+00 +9.915934262e+00 -9.089406574e+01 -9.089406574e+01 -1.7255e-01 +4.1466e-01 +3.1642e-01
111 +7.385642023e+00 +7.385642023e+00 -9.342435798e+01 -9.342435798e+01 -2.4355e-01 +5.7592e-01 +3.7332e-01
215 +7.137699271e+00 +7.137699271e+00 -9.367230073e+01 -9.367230073e+01 -1.9905e-01 +4.8967e-01 +3.3930e-01
232 +7.060313169e+00 +7.060313169e+00 -9.374968683e+01 -9.374968683e+01 -1.8443e-01 +5.1520e-01 +3.4836e-01
246 +6.201977324e+00 +6.201977324e+00 -9.460802268e+01 -9.460802268e+01 -1.9716e-01 +5.4015e-01 +3.6349e-01
250 +5.699884753e+00 +5.699884753e+00 -9.511011525e+01 -9.511011525e+01 -1.8559e-01 +5.4466e-01 +3.8118e-01
258 +5.510071929e+00 +5.510071929e+00 -9.529992807e+01 -9.529992807e+01 -1.8763e-01 +5.6394e-01 +3.8986e-01
281 +5.195971198e+00 +5.195971198e+00 -9.561402880e+01 -9.561402880e+01 -2.1482e-01 +5.8995e-01 +4.0714e-01
338 +5.110298820e+00 +5.110298820e+00 -9.569970118e+01 -9.569970118e+01 -2.1647e-01 +5.8683e-01 +4.0049e-01
348 +5.003175310e+00 +5.003175310e+00 -9.580682469e+01 -9.580682469e+01 -2.0914e-01 +5.7967e-01 +3.9740e-01
% function evaluation | noise-free fitness - Fopt (-2.184000000000e+01) | best noise-free fitness - Fopt | measured fitness | best measured fitness | x1 | x2...
1 +9.394040419e+01 +9.394040419e+01 +7.210040419e+01 +7.210040419e+01 +0.0000e+00 +0.0000e+00 +0.0000e+00
2 +9.037566286e+01 +9.037566286e+01 +6.853566286e+01 +6.853566286e+01 -1.4067e-01 +6.8475e-02 -4.8954e-02
3 +8.745248721e+01 +8.745248721e+01 +6.561248721e+01 +6.561248721e+01 -1.2967e-01 -2.2158e-01 -3.3704e-02
8 +8.103412713e+01 +8.103412713e+01 +5.919412713e+01 +5.919412713e+01 -1.9519e-02 +1.6478e-01 +1.0615e-02
14 +7.474889450e+01 +7.474889450e+01 +5.290889450e+01 +5.290889450e+01 -2.1881e-01 -1.6228e-01 +4.9372e-02
15 +5.868420607e+01 +5.868420607e+01 +3.684420607e+01 +3.684420607e+01 +1.5825e-01 -1.3418e-01 -3.0446e-02
80 +5.428954965e+01 +5.428954965e+01 +3.244954965e+01 +3.244954965e+01 +1.7260e-01 -2.0666e-01 -2.8259e-02
90 +5.360584682e+01 +5.360584682e+01 +3.176584682e+01 +3.176584682e+01 +1.9092e-01 -1.8738e-01 -3.9399e-02
% function evaluation | noise-free fitness - Fopt (-1.862000000000e+01) | best noise-free fitness - Fopt | measured fitness | best measured fitness | x1 | x2...
1 +4.628432060e+01 +4.628432060e+01 +2.766432060e+01 +2.766432060e+01 +0.0000e+00 +0.0000e+00 +0.0000e+00
6 +4.242784597e+01 +4.242784597e+01 +2.380784597e+01 +2.380784597e+01 -8.1902e-02 +3.7908e-01 +8.1503e-02
16 +3.453472681e+01 +3.453472681e+01 +1.591472681e+01 +1.591472681e+01 -4.1371e-01 +3.7989e-01 +1.4481e-01
17 +2.871661181e+01 +2.871661181e+01 +1.009661181e+01 +1.009661181e+01 +3.5911e-01 -3.8738e-01 +2.5238e-01
26 +2.739842311e+01 +2.739842311e+01 +8.778423113e+00 +8.778423113e+00 +1.2738e-01 +3.4462e-01 +2.5485e-01
59 +2.253441629e+01 +2.253441629e+01 +3.914416288e+00 +3.914416288e+00 +5.0773e-01 -2.8940e-01 +4.5968e-01
% function evaluation | noise-free fitness - Fopt (2.764000000000e+01) | best noise-free fitness - Fopt | measured fitness | best measured fitness | x1 | x2...
1 +8.192861730e+01 +8.192861730e+01 +1.095686173e+02 +1.095686173e+02 +0.0000e+00 +0.0000e+00 +0.0000e+00
9 +6.875984643e+01 +6.875984643e+01 +9.639984643e+01 +9.639984643e+01 +3.9421e-01 +2.8590e-01 -1.8755e-01
16 +6.291359525e+01 +6.291359525e+01 +9.055359525e+01 +9.055359525e+01 +3.4694e-01 +2.1525e-01 -3.1659e-01
19 +5.783867655e+01 +5.783867655e+01 +8.547867655e+01 +8.547867655e+01 +6.3620e-01 +7.0826e-01 -2.4831e-01
32 +5.455449322e+01 +5.455449322e+01 +8.219449322e+01 +8.219449322e+01 +4.3429e-01 +4.6469e-01 +2.4777e-01
45 +4.191502297e+01 +4.191502297e+01 +6.955502297e+01 +6.955502297e+01 +8.8159e-01 +6.9324e-01 -2.1405e-01
% function evaluation | noise-free fitness - Fopt (-1.552000000000e+01) | best noise-free fitness - Fopt | measured fitness | best measured fitness | x1 | x2...
1 +2.345105610e+02 +2.345105610e+02 +2.189905610e+02 +2.189905610e+02 +0.0000e+00 +0.0000e+00 +0.0000e+00
3 +2.187395265e+02 +2.187395265e+02 +2.032195265e+02 +2.032195265e+02 +2.6182e-01 +1.3406e-01 -4.1718e-02
8 +2.021600343e+02 +2.021600343e+02 +1.866400343e+02 +1.866400343e+02 -5.0828e-02 +1.1954e-01 +3.1582e-01
10 +1.825769818e+02 +1.825769818e+02 +1.670569818e+02 +1.670569818e+02 +5.1385e-02 +2.7071e-01 +9.2879e-01
16 +1.776042037e+02 +1.776042037e+02 +1.620842037e+02 +1.620842037e+02 -3.8610e-01 +3.1428e-01 +5.1438e-01
18 +1.475126285e+02 +1.475126285e+02 +1.319926285e+02 +1.319926285e+02 -5.4142e-01 +1.1510e-01 +1.3758e+00
20 +1.267203409e+02 +1.267203409e+02 +1.112003409e+02 +1.112003409e+02 +4.6118e-01 -1.4761e-01 +1.4811e+00
27 +8.134183187e+01 +8.134183187e+01 +6.582183187e+01 +6.582183187e+01 +1.5792e-01 +1.2411e-01 +1.8044e+00
30 +4.581762661e+01 +4.581762661e+01 +3.029762661e+01 +3.029762661e+01 +1.4469e-01 +3.9655e-01 +4.4347e+00
125 +2.701031833e+01 +2.701031833e+01 +1.149031833e+01 +1.149031833e+01 +1.4664e+00 +3.6172e-01 +3.9753e+00
169 +2.665264566e+01 +2.665264566e+01 +1.113264566e+01 +1.113264566e+01 +1.3469e+00 -2.4305e+00 +5.0212e+00
171 +2.199527840e+01 +2.199527840e+01 +6.475278399e+00 +6.475278399e+00 +1.1421e+00 -2.4316e+00 +3.9135e+00
186 +1.794897304e+01 +1.794897304e+01 +2.428973035e+00 +2.428973035e+00 +1.7276e+00 -1.2752e+00 +4.6365e+00
203 +1.609373914e+01 +1.609373914e+01 +5.737391432e-01 +5.737391432e-01 +1.7345e+00 -1.5509e+00 +3.2263e+00
247 +1.345940010e+01 +1.345940010e+01 -2.060599903e+00 -2.060599903e+00 +1.6305e+00 -1.6727e+00 +4.0828e+00
300 +1.221729357e+01 +1.221729357e+01 -3.302706433e+00 -3.302706433e+00 +1.7256e+00 -7.7105e-01 +3.4923e+00
303 +1.114101749e+01 +1.114101749e+01 -4.378982506e+00 -4.378982506e+00 +1.7013e+00 -1.1424e+00 +3.7747e+00
323 +6.342139371e+00 +6.342139371e+00 -9.177860629e+00 -9.177860629e+00 +1.6762e+00 -1.1663e+00 +3.8242e+00
391 +5.133656922e+00 +5.133656922e+00 -1.038634308e+01 -1.038634308e+01 +1.8662e+00 -2.3478e+00 +4.1165e+00
403 +4.765197822e+00 +4.765197822e+00 -1.075480218e+01 -1.075480218e+01 +1.7806e+00 -1.9026e+00 +3.6971e+00
451 +4.586318280e+00 +4.586318280e+00 -1.093368172e+01 -1.093368172e+01 +1.8389e+00 -1.9317e+00 +3.7677e+00
481 +4.375321944e+00 +4.375321944e+00 -1.114467806e+01 -1.114467806e+01 +1.7675e+00 -1.9177e+00 +3.7054e+00
% function evaluation | noise-free fitness - Fopt (1.000000000000e+03) | best noise-free fitness - Fopt | measured fitness | best measured fitness | x1 | x2...
1 +1.373875535e+02 +1.373875535e+02 +1.137387554e+03 +1.137387554e+03 +0.0000e+00 +0.0000e+00 +0.0000e+00
4 +1.267602454e+02 +1.267602454e+02 +1.126760245e+03 +1.126760245e+03 +2.4624e-01 -1.3035e-01 +2.7216e-02
14 +1.240003718e+02 +1.240003718e+02 +1.124000372e+03 +1.124000372e+03 +1.8946e-01 +7.9355e-02 -8.6098e-02
21 +1.164870376e+02 +1.164870376e+02 +1.116487038e+03 +1.116487038e+03 +3.1983e-02 +1.3112e-01 -2.6390e-01
31 +1.082280119e+02 +1.082280119e+02 +1.108228012e+03 +1.108228012e+03 -9.2238e-02 +1.0461e-01 -2.6504e-01
41 +1.046211764e+02 +1.046211764e+02 +1.104621176e+03 +1.104621176e+03 -9.8205e-02 -2.2370e-02 -2.7777e-01
42 +1.017496795e+02 +1.017496795e+02 +1.101749679e+03 +1.101749679e+03 +3.6724e-02 +1.9835e-01 -4.5531e-01
47 +9.796961646e+01 +9.796961646e+01 +1.097969616e+03 +1.097969616e+03 -2.9861e-01 +1.8648e-01 -4.3710e-01
79 +9.689638962e+01 +9.689638962e+01 +1.096896390e+03 +1.096896390e+03 -6.4985e-02 +1.3923e-01 -3.4193e-01
111 +9.517617721e+01 +9.517617721e+01 +1.095176177e+03 +1.095176177e+03 -5.1877e-02 +1.3257e-01 -3.2380e-01
% function evaluation | noise-free fitness - Fopt (-3.030200000000e+02) | best noise-free fitness - Fopt | measured fitness | best measured fitness | x1 | x2...
1 +4.298959019e+02 +4.298959019e+02 +1.268759019e+02 +1.268759019e+02 +0.0000e+00 +0.0000e+00 +0.0000e+00
3 +4.147342164e+02 +4.147342164e+02 +1.117142164e+02 +1.117142164e+02 -3.1813e-02 +1.0571e-01 -1.0190e-02
5 +3.465402200e+02 +3.465402200e+02 +4.352021998e+01 +4.352021998e+01 -4.1815e-01 -1.0135e-01 -2.4002e-02
11 +2.955445696e+02 +2.955445696e+02 -7.475430377e+00 -7.475430377e+00 -6.8178e-01 -6.1767e-01 +1.0490e-01
18 +2.680922371e+02 +2.680922371e+02 -3.492776293e+01 -3.492776293e+01 -6.0343e-01 -3.1839e-01 +7.1651e-01
28 +2.469785239e+02 +2.469785239e+02 -5.604147612e+01 -5.604147612e+01 -6.3257e-01 -9.8385e-01 +1.1321e+00
29 +2.151429647e+02 +2.151429647e+02 -8.787703529e+01 -8.787703529e+01 -7.1533e-01 -7.3233e-01 +6.6300e-01
33 +1.723521865e+02 +1.723521865e+02 -1.306678135e+02 -1.306678135e+02 -1.4013e+00 -4.7823e-01 +9.1851e-01
34 +1.430501635e+02 +1.430501635e+02 -1.599698365e+02 -1.599698365e+02 -1.5091e+00 -1.2748e+00 +1.1153e+00
36 +8.911371026e+01 +8.911371026e+01 -2.139062897e+02 -2.139062897e+02 -2.4452e+00 -5.8370e-01 +8.7202e-01
42 +5.551221525e+01 +5.551221525e+01 -2.475077847e+02 -2.475077847e+02 -2.3868e+00 -1.1088e+00 +1.2126e+00
44 +4.399944881e+01 +4.399944881e+01 -2.590205512e+02 -2.590205512e+02 -5.2345e+00 +4.0160e-01 +1.6472e+00
49 +2.641942875e+01 +2.641942875e+01 -2.766005712e+02 -2.766005712e+02 -3.8380e+00 -1.6088e+00 +2.2194e+00
75 +1.941684048e+01 +1.941684048e+01 -2.836031595e+02 -2.836031595e+02 -5.2047e+00 -3.0028e-01 +6.2518e-01
121 +1.450730015e+01 +1.450730015e+01 -2.885126998e+02 -2.885126998e+02 -3.8126e+00 -1.0516e+00 +2.6173e+00
125 +1.411893654e+01 +1.411893654e+01 -2.889010635e+02 -2.889010635e+02 -4.5687e+00 -1.4510e+00 +2.0677e+00
175 +9.653796231e+00 +9.653796231e+00 -2.933662038e+02 -2.933662038e+02 -3.2737e+00 -1.0139e+00 +2.6655e+00
180 +7.079929062e+00 +7.079929062e+00 -2.959400709e+02 -2.959400709e+02 -4.3880e+00 -1.4960e+00 +2.2179e+00
313 +6.234492115e+00 +6.234492115e+00 -2.967855079e+02 -2.967855079e+02 -3.0846e+00 -1.0521e+00 +2.6769e+00
427 +2.740753185e+00 +2.740753185e+00 -3.002792468e+02 -3.002792468e+02 -4.0158e+00 -9.7167e-01 +2.4995e+00
473 +1.962467050e+00 +1.962467050e+00 -3.010575329e+02 -3.010575329e+02 -3.5479e+00 -1.0970e+00 +2.6298e+00
600 +1.475567150e+00 +1.475567150e+00 -3.015444329e+02 -3.015444329e+02 -3.9892e+00 -1.0215e+00 +2.5541e+00
604 +1.010159323e+00 +1.010159323e+00 -3.020098407e+02 -3.020098407e+02 -3.9499e+00 -1.0325e+00 +2.5870e+00
641 +6.693520838e-01 +6.693520838e-01 -3.023506479e+02 -3.023506479e+02 -3.9778e+00 -1.0016e+00 +2.5323e+00
647 +6.416617960e-01 +6.416617960e-01 -3.023783382e+02 -3.023783382e+02 -3.9689e+00 -1.0261e+00 +2.5066e+00
657 +4.323264174e-01 +4.323264174e-01 -3.025876736e+02 -3.025876736e+02 -3.9764e+00 -1.0123e+00 +2.5269e+00
679 +3.472659657e-01 +3.472659657e-01 -3.026727340e+02 -3.026727340e+02 -3.9818e+00 -1.0164e+00 +2.5296e+00
681 +3.383770658e-01 +3.383770658e-01 -3.026816229e+02 -3.026816229e+02 -3.9910e+00 -1.0163e+00 +2.5140e+00
689 +1.931107255e-01 +1.931107255e-01 -3.028268893e+02 -3.028268893e+02 -3.9861e+00 -1.0298e+00 +2.5292e+00
691 +1.295192587e-01 +1.295192587e-01 -3.028904807e+02 -3.028904807e+02 -3.9781e+00 -1.0234e+00 +2.5218e+00
695 +1.324407074e-02 +1.324407074e-02 -3.030067559e+02 -3.030067559e+02 -3.9766e+00 -1.0364e+00 +2.5241e+00
728 +3.516292208e-03 +3.516292208e-03 -3.030164837e+02 -3.030164837e+02 -3.9770e+00 -1.0403e+00 +2.5275e+00
757 +1.862042152e-03 +1.862042152e-03 -3.030181380e+02 -3.030181380e+02 -3.9791e+00 -1.0397e+00 +2.5216e+00
790 +2.613884891e-04 +2.613884891e-04 -3.030197386e+02 -3.030197386e+02 -3.9781e+00 -1.0398e+00 +2.5248e+00
848 +1.401545002e-04 +1.401545002e-04 -3.030198598e+02 -3.030198598e+02 -3.9780e+00 -1.0398e+00 +2.5245e+00
851 +1.324841188e-04 +1.324841188e-04 -3.030198675e+02 -3.030198675e+02 -3.9785e+00 -1.0395e+00 +2.5238e+00
853 +6.881441402e-05 +6.881441402e-05 -3.030199312e+02 -3.030199312e+02 -3.9786e+00 -1.0401e+00 +2.5240e+00
900 +4.183851689e-05 +4.183851689e-05 -3.030199582e+02 -3.030199582e+02 -3.9784e+00 -1.0401e+00 +2.5237e+00
919 +1.596423891e-05 +1.596423891e-05 -3.030199840e+02 -3.030199840e+02 -3.9785e+00 -1.0399e+00 +2.5238e+00
950 +6.446049326e-06 +6.446049326e-06 -3.030199936e+02 -3.030199936e+02 -3.9785e+00 -1.0399e+00 +2.5239e+00
974 +5.160305875e-06 +5.160305875e-06 -3.030199948e+02 -3.030199948e+02 -3.9785e+00 -1.0399e+00 +2.5239e+00
983 +1.772816915e-06 +1.772816915e-06 -3.030199982e+02 -3.030199982e+02 -3.9784e+00 -1.0400e+00 +2.5240e+00
989 +4.495992698e-07 +4.495992698e-07 -3.030199996e+02 -3.030199996e+02 -3.9784e+00 -1.0400e+00 +2.5240e+00
1032 +2.795237606e-07 +2.795237606e-07 -3.030199997e+02 -3.030199997e+02 -3.9784e+00 -1.0400e+00 +2.5240e+00
1042 +1.178217985e-07 +1.178217985e-07 -3.030199999e+02 -3.030199999e+02 -3.9784e+00 -1.0400e+00 +2.5240e+00
1043 +4.618925686e-08 +4.618925686e-08 -3.030200000e+02 -3.030200000e+02 -3.9784e+00 -1.0400e+00 +2.5240e+00
1050 +3.252142733e-08 +3.252142733e-08 -3.030200000e+02 -3.030200000e+02 -3.9784e+00 -1.0400e+00 +2.5240e+00
1055 +3.558341177e-09 +3.558341177e-09 -3.030200000e+02 -3.030200000e+02 -3.9784e+00 -1.0400e+00 +2.5240e+00
1479 +0.000000000e+00 +0.000000000e+00 -3.030200000e+02 -3.030200000e+02 -3.9784e+00 -1.0400e+00 +2.5240e+00
% function evaluation | noise-free fitness - Fopt (4.731200000000e+02) | best noise-free fitness - Fopt | measured fitness | best measured fitness | x1 | x2...
1 +9.035711173e+01 +9.035711173e+01 +5.634771117e+02 +5.634771117e+02 +0.0000e+00 +0.0000e+00 +0.0000e+00
3 +8.652616809e+01 +8.652616809e+01 +5.596461681e+02 +5.596461681e+02 +1.8423e-01 -1.4173e-01 +3.3629e-01
5 +7.670721881e+01 +7.670721881e+01 +5.498272188e+02 +5.498272188e+02 +2.2644e-01 -3.3464e-01 +2.7552e-01
25 +6.872627482e+01 +6.872627482e+01 +5.418462748e+02 +5.418462748e+02 -1.6596e-01 -5.0247e-01 +1.0004e+00
32 +6.267761412e+01 +6.267761412e+01 +5.357976141e+02 +5.357976141e+02 -6.8642e-01 -2.8609e-01 +4.4357e-01
33 +5.088440025e+01 +5.088440025e+01 +5.240044003e+02 +5.240044003e+02 -1.0895e-01 -1.3105e-01 +1.2553e+00
40 +4.992239689e+01 +4.992239689e+01 +5.230423969e+02 +5.230423969e+02 +3.3235e-03 -7.1674e-01 +1.4047e+00
42 +4.204498159e+01 +4.204498159e+01 +5.151649816e+02 +5.151649816e+02 -4.7895e-01 +1.1863e-01 +9.6950e-01
59 +3.802983369e+01 +3.802983369e+01 +5.111498337e+02 +5.111498337e+02 -8.1640e-01 +3.5560e-03 +1.5837e+00
60 +3.363932109e+01 +3.363932109e+01 +5.067593211e+02 +5.067593211e+02 -5.5905e-01 -9.6867e-01 +1.9348e+00
77 +3.157403643e+01 +3.157403643e+01 +5.046940364e+02 +5.046940364e+02 -5.8916e-01 -2.3996e-01 +2.0030e+00
79 +2.623670020e+01 +2.623670020e+01 +4.993567002e+02 +4.993567002e+02 -8.8959e-01 -1.0724e+00 +2.8295e+00
85 +2.396694708e+01 +2.396694708e+01 +4.970869471e+02 +4.970869471e+02 -7.4395e-01 -4.3427e-01 +2.2693e+00
93 +1.155701189e+01 +1.155701189e+01 +4.846770119e+02 +4.846770119e+02 +2.7679e-01 -4.0311e-01 +3.4377e+00
99 +8.392641521e+00 +8.392641521e+00 +4.815126415e+02 +4.815126415e+02 +9.0444e-01 -6.0360e-01 +2.4189e+00
109 +6.017237459e+00 +6.017237459e+00 +4.791372375e+02 +4.791372375e+02 +6.8378e-01 -3.8821e-01 +3.7541e+00
% function evaluation | noise-free fitness - Fopt (6.842100000000e+02) | best noise-free fitness - Fopt | measured fitness | best measured fitness | x1 | x2...
1 +1.172424853e+02 +1.172424853e+02 +8.014524853e+02 +8.014524853e+02 +0.0000e+00 +0.0000e+00 +0.0000e+00
2 +8.559241158e+01 +8.559241158e+01 +7.698024116e+02 +7.698024116e+02 +3.1173e-02 +2.8193e-03 -3.8111e-01
8 +7.176385485e+01 +7.176385485e+01 +7.559738549e+02 +7.559738549e+02 +2.7194e-02 +1.4449e-01 -2.8807e-01
18 +6.318111007e+01 +6.318111007e+01 +7.473911101e+02 +7.473911101e+02 -2.7725e-01 +3.7169e-01 +3.3960e-02
24 +4.920107474e+01 +4.920107474e+01 +7.334110747e+02 +7.334110747e+02 -2.9918e-01 +5.0259e-01 -7.9314e-01
26 +3.780664659e+01 +3.780664659e+01 +7.220166466e+02 +7.220166466e+02 -6.4877e-01 +5.4574e-02 -5.8187e-01
32 +3.406770961e+01 +3.406770961e+01 +7.182777096e+02 +7.182777096e+02 -2.6028e-01 +7.6276e-01 -7.2290e-01
91 +2.653521158e+01 +2.653521158e+01 +7.107452116e+02 +7.107452116e+02 -1.4892e+00 +3.8815e-01 -1.6254e+00
113 +2.519330107e+01 +2.519330107e+01 +7.094033011e+02 +7.094033011e+02 -1.8110e+00 +5.6613e-01 -3.3611e+00
146 +2.054228220e+01 +2.054228220e+01 +7.047522822e+02 +7.047522822e+02 -1.8179e+00 +2.9572e+00 -2.9576e+00
264 +1.303923966e+01 +1.303923966e+01 +6.972492397e+02 +6.972492397e+02 -4.1669e+00 +8.1244e-01 -3.5130e+00
270 +1.084482228e+01 +1.084482228e+01 +6.950548223e+02 +6.950548223e+02 -3.6351e+00 +1.0788e+00 -3.2910e+00
278 +6.320412401e+00 +6.320412401e+00 +6.905304124e+02 +6.905304124e+02 -3.9351e+00 -3.5585e-01 -3.2784e+00
340 +5.654648853e+00 +5.654648853e+00 +6.898646489e+02 +6.898646489e+02 -3.5599e+00 -1.3252e+00 -2.3699e+00
473 +5.053054259e+00 +5.053054259e+00 +6.892630543e+02 +6.892630543e+02 -3.4178e+00 +9.7950e-02 -2.3170e+00
498 +3.022761778e+00 +3.022761778e+00 +6.872327618e+02 +6.872327618e+02 -3.8501e+00 +5.2498e-01 -2.9092e+00
1061 +3.003377728e+00 +3.003377728e+00 +6.872133777e+02 +6.872133777e+02 -3.8688e+00 -2.4439e-01 -3.3485e+00
% function evaluation | noise-free fitness - Fopt (1.808000000000e+01) | best noise-free fitness - Fopt | measured fitness | best measured fitness | x1 | x2...
1 +1.345342067e+02 +1.345342067e+02 +1.526142067e+02 +1.526142067e+02 +0.0000e+00 +0.0000e+00 +0.0000e+00
6 +1.306766128e+02 +1.306766128e+02 +1.487566128e+02 +1.487566128e+02 -8.0835e-02 +3.9637e-02 +2.1594e-01
10 +1.188436557e+02 +1.188436557e+02 +1.369236557e+02 +1.369236557e+02 -7.3352e-02 +7.4970e-02 +2.8276e-01
19 +9.915792864e+01 +9.915792864e+01 +1.172379286e+02 +1.172379286e+02 +6.7402e-03 +3.4113e-01 +3.5136e-01
50 +7.732757586e+01 +7.732757586e+01 +9.540757586e+01 +9.540757586e+01 +1.2660e-01 +1.0693e-01 +9.9614e-01
55 +6.721292251e+01 +6.721292251e+01 +8.529292251e+01 +8.529292251e+01 -1.2217e-02 +1.1957e-01 +1.5309e+00
60 +6.156157538e+01 +6.156157538e+01 +7.964157538e+01 +7.964157538e+01 -1.0359e-02 +5.1137e-01 +1.4199e+00
62 +5.274008267e+01 +5.274008267e+01 +7.082008267e+01 +7.082008267e+01 +2.6972e-01 +4.0285e-01 +1.2616e+00
67 +4.731716351e+01 +4.731716351e+01 +6.539716351e+01 +6.539716351e+01 +4.1525e-01 +7.8627e-01 +1.3339e+00
77 +3.013792455e+01 +3.013792455e+01 +4.821792455e+01 +4.821792455e+01 +2.2863e-01 +6.9779e-01 +1.6654e+00
93 +2.452812456e+01 +2.452812456e+01 +4.260812456e+01 +4.260812456e+01 +5.6088e-01 +6.9588e-01 +2.5255e+00
123 +1.323729372e+01 +1.323729372e+01 +3.131729372e+01 +3.131729372e+01 +4.0737e-01 +1.5316e+00 +4.7058e+00
211 +8.045600877e+00 +8.045600877e+00 +2.612560088e+01 +2.612560088e+01 +1.7150e+00 +1.0198e+00 +2.8727e+00
386 +5.993695835e+00 +5.993695835e+00 +2.407369583e+01 +2.407369583e+01 +1.0131e+00 +1.5289e+00 +2.4462e+00
397 +5.067330159e+00 +5.067330159e+00 +2.314733016e+01 +2.314733016e+01 +1.0006e+00 +1.5234e+00 +2.4467e+00
400 +3.387637693e+00 +3.387637693e+00 +2.146763769e+01 +2.146763769e+01 +9.9117e-01 +1.5444e+00 +2.4774e+00
420 +3.266187405e+00 +3.266187405e+00 +2.134618741e+01 +2.134618741e+01 +9.7358e-01 +1.5555e+00 +2.4334e+00
454 +2.885502060e+00 +2.885502060e+00 +2.096550206e+01 +2.096550206e+01 +9.3130e-01 +1.5475e+00 +2.4239e+00
459 +2.199949657e+00 +2.199949657e+00 +2.027994966e+01 +2.027994966e+01 +9.4683e-01 +1.5393e+00 +2.4566e+00
470 +2.166907731e+00 +2.166907731e+00 +2.024690773e+01 +2.024690773e+01 +9.4989e-01 +1.5385e+00 +2.4524e+00
481 +2.081725838e+00 +2.081725838e+00 +2.016172584e+01 +2.016172584e+01 +9.6603e-01 +1.5378e+00 +2.4586e+00
557 +2.033240473e+00 +2.033240473e+00 +2.011324047e+01 +2.011324047e+01 +9.5987e-01 +1.5436e+00 +2.4627e+00
614 +1.993679043e+00 +1.993679043e+00 +2.007367904e+01 +2.007367904e+01 +9.6065e-01 +1.5418e+00 +2.4587e+00
% function evaluation | noise-free fitness - Fopt (-1.537900000000e+02) | best noise-free fitness - Fopt | measured fitness | best measured fitness | x1 | x2...
1 +1.422392582e+01 +1.422392582e+01 -1.395660742e+02 -1.395660742e+02 +0.0000e+00 +0.0000e+00 +0.0000e+00
33 +1.187896694e+01 +1.187896694e+01 -1.419110331e+02 -1.419110331e+02 +3.4287e-05 +1.1339e-01 +1.8129e-01
45 +4.818727944e+00 +4.818727944e+00 -1.489712721e+02 -1.489712721e+02 -3.5411e-01 -3.1449e-01 +4.3582e-02
85 +3.334435427e+00 +3.334435427e+00 -1.504555646e+02 -1.504555646e+02 -4.5970e-01 -3.6020e-01 +7.0855e-02
96 +2.912704323e+00 +2.912704323e+00 -1.508772957e+02 -1.508772957e+02 -5.3203e-01 -2.8390e-01 +7.8597e-02
138 +1.120675195e+00 +1.120675195e+00 -1.526693248e+02 -1.526693248e+02 -1.7296e-01 +1.1474e-01 +8.8887e-03
180 +1.937035629e-01 +1.937035629e-01 -1.535962964e+02 -1.535962964e+02 -1.0863e-01 +1.2868e-01 +3.8729e-02
203 +1.321746931e-01 +1.321746931e-01 -1.536578253e+02 -1.536578253e+02 -1.4664e-01 +1.3238e-01 +2.4316e-02
274 +7.464736812e-02 +7.464736812e-02 -1.537153526e+02 -1.537153526e+02 -1.2700e-01 +1.3348e-01 +2.2567e-02
319 +1.641225164e-02 +1.641225164e-02 -1.537735877e+02 -1.537735877e+02 -1.1735e-01 +1.2671e-01 +1.9301e-02
325 +1.142220359e-02 +1.142220359e-02 -1.537785778e+02 -1.537785778e+02 -1.2863e-01 +1.2608e-01 +1.9696e-02
346 +1.111072431e-02 +1.111072431e-02 -1.537788893e+02 -1.537788893e+02 -1.2454e-01 +1.2895e-01 +2.2415e-02
349 +5.352068458e-03 +5.352068458e-03 -1.537846479e+02 -1.537846479e+02 -1.1938e-01 +1.2606e-01 +2.4657e-02
354 +2.104230533e-03 +2.104230533e-03 -1.537878958e+02 -1.537878958e+02 -1.2005e-01 +1.2597e-01 +2.2927e-02
382 +9.690299039e-04 +9.690299039e-04 -1.537890310e+02 -1.537890310e+02 -1.2541e-01 +1.2682e-01 +2.2244e-02
397 +3.743481979e-04 +3.743481979e-04 -1.537896257e+02 -1.537896257e+02 -1.2394e-01 +1.2617e-01 +2.2689e-02
452 +1.022647832e-04 +1.022647832e-04 -1.537898977e+02 -1.537898977e+02 -1.2367e-01 +1.2649e-01 +2.2094e-02
455 +3.503341216e-05 +3.503341216e-05 -1.537899650e+02 -1.537899650e+02 -1.2326e-01 +1.2649e-01 +2.2202e-02
481 +2.647181293e-05 +2.647181293e-05 -1.537899735e+02 -1.537899735e+02 -1.2283e-01 +1.2639e-01 +2.2455e-02
502 +2.101079190e-06 +2.101079190e-06 -1.537899979e+02 -1.537899979e+02 -1.2319e-01 +1.2643e-01 +2.2402e-02
557 +1.202297483e-06 +1.202297483e-06 -1.537899988e+02 -1.537899988e+02 -1.2324e-01 +1.2639e-01 +2.2413e-02
559 +1.128528112e-06 +1.128528112e-06 -1.537899989e+02 -1.537899989e+02 -1.2327e-01 +1.2641e-01 +2.2395e-02
567 +4.455156386e-07 +4.455156386e-07 -1.537899996e+02 -1.537899996e+02 -1.2324e-01 +1.2640e-01 +2.2404e-02
579 +3.108497140e-07 +3.108497140e-07 -1.537899997e+02 -1.537899997e+02 -1.2321e-01 +1.2639e-01 +2.2398e-02
581 +1.093074218e-07 +1.093074218e-07 -1.537899999e+02 -1.537899999e+02 -1.2321e-01 +1.2639e-01 +2.2395e-02
604 +7.220870657e-08 +7.220870657e-08 -1.537899999e+02 -1.537899999e+02 -1.2319e-01 +1.2639e-01 +2.2402e-02
628 +1.195817845e-08 +1.195817845e-08 -1.537900000e+02 -1.537900000e+02 -1.2320e-01 +1.2640e-01 +2.2401e-02
657 +2.144020073e-09 +2.144020073e-09 -1.537900000e+02 -1.537900000e+02 -1.2320e-01 +1.2640e-01 +2.2398e-02
965 +0.000000000e+00 +0.000000000e+00 -1.537900000e+02 -1.537900000e+02 -1.2320e-01 +1.2640e-01 +2.2400e-02
