% function evaluation | noise-free fitness - Fopt (1.000000000000e+03) | best noise-free fitness - Fopt | measured fitness | best measured fitness | x1 | x2...
1 +3.071729850e+02 +3.071729850e+02 +1.307172985e+03 +1.307172985e+03 +0.0000e+00 +0.0000e+00 +0.0000e+00 +0.0000e+00 +0.0000e+00 +0.0000e+00 +0.0000e+00 +0.0000e+00 +0.0000e+00 +0.0000e+00
2 +2.632598095e+02 +2.632598095e+02 +1.263259810e+03 +1.263259810e+03 +2.7287e-01 +2.7159e-01 +2.3108e-01 -8.1763e-02 +2.2913e-01 +2.0647e-01 +1.9217e-01 +1.8056e-01 +3.2176e-01 -5.0543e-02
4 +2.359665990e+02 +2.359665990e+02 +1.235966599e+03 +1.235966599e+03 -7.2790e-02 +8.2316e-02 -3.7163e-01 +3.5468e-01 -2.9398e-01 -1.5204e-01 +1.9774e-02 +2.3893e-01 -1.8984e-02 +5.7201e-01
13 +2.056663430e+02 +2.056663430e+02 +1.205666343e+03 +1.205666343e+03 -3.0638e-01 +2.8048e-01 +3.3729e-02 +2.5186e-01 -1.8055e-01 -3.9596e-01 +1.5905e-01 +1.7649e-01 +3.6994e-02 +4.6541e-02
165 +1.767894578e+02 +1.767894578e+02 +1.176789458e+03 +1.176789458e+03 -4.6534e-01 +7.9616e-02 +2.5610e-01 -6.4449e-02 -1.2248e-02 -7.8779e-01 -3.6180e-02 -3.9043e-02 +4.9680e-02 +8.3852e-01
284 +1.706389351e+02 +1.706389351e+02 +1.170638935e+03 +1.170638935e+03 -6.3093e-01 +6.4906e-02 +5.6754e-01 -3.9879e-02 +9.3554e-02 -9.5449e-01 +9.9875e-02 +3.1495e-01 +4.0049e-02 +6.8034e-01
315 +1.628348519e+02 +1.628348519e+02 +1.162834852e+03 +1.162834852e+03 -6.9066e-01 +7.0436e-02 +7.2348e-01 +1.5655e-02 +1.7422e-01 -8.8747e-01 +3.4291e-02 +2.5241e-01 +6.9015e-02 +6.2976e-01
320 +1.586416453e+02 +1.586416453e+02 +1.158641645e+03 +1.158641645e+03 -7.0500e-01 +7.9294e-02 +5.6695e-01 +7.5401e-02 +1.6883e-01 -9.6418e-01 +1.1468e-01 +1.5874e-01 -2.7808e-02 +6.2157e-01
347 +1.577724402e+02 +1.577724402e+02 +1.157772440e+03 +1.157772440e+03 -7.1620e-01 +1.3436e-01 +6.2504e-01 +1.2031e-01 +2.6093e-01 -8.4923e-01 +9.1382e-02 +1.4109e-01 +5.0604e-03 +6.1918e-01
348 +1.506301244e+02 +1.506301244e+02 +1.150630124e+03 +1.150630124e+03 -6.8580e-01 +9.7130e-02 +5.8661e-01 +1.0414e-01 +1.5787e-01 -9.2343e-01 +8.4308e-02 +2.0078e-01 +6.6137e-03 +6.2894e-01
417 +1.442991023e+02 +1.442991023e+02 +1.144299102e+03 +1.144299102e+03 -7.7790e-01 +1.4801e-01 +6.2780e-01 +9.9417e-02 +1.6969e-01 -9.4718e-01 +2.7150e-02 +1.6232e-01 -2.0589e-02 +5.5105e-01
% function evaluation | noise-free fitness - Fopt (7.003000000000e+01) | best noise-free fitness - Fopt | measured fitness | best measured fitness | x1 | x2...
1 +3.532304115e+02 +3.532304115e+02 +4.232604115e+02 +4.232604115e+02 +0.0000e+00 +0.0000e+00 +0.0000e+00 +0.0000e+00 +0.0000e+00 +0.0000e+00 +0.0000e+00 +0.0000e+00 +0.0000e+00 +0.0000e+00
5 +3.291620687e+02 +3.291620687e+02 +3.991920687e+02 +3.991920687e+02 -2.4097e-01 -1.6162e-01 -1.9405e-01 +1.9006e-01 +2.1944e-02 -3.5305e-01 -2.1915e-01 -3.2827e-01 +3.7916e-02 +1.7171e-01
13 +3.181852633e+02 +3.181852633e+02 +3.882152633e+02 +3.882152633e+02 +1.9629e-01 +5.0894e-02 +2.2356e-02 -6.1268e-01 +1.4464e-01 -4.6622e-01 -1.3794e-01 -4.1480e-02 -1.2005e-01 -5.0686e-02
16 +2.990949489e+02 +2.990949489e+02 +3.691249489e+02 +3.691249489e+02 -3.5360e-01 -1.5986e-01 -7.6882e-02 -3.6438e-02 -1.4755e-01 +9.6316e-02 -8.3808e-02 +5.7041e-02 -5.4024e-01 +9.5533e-02
51 +2.901283147e+02 +2.901283147e+02 +3.601583147e+02 +3.601583147e+02 -1.0902e-01 +2.5847e-01 -7.9321e-01 +4.0685e-03 +1.3481e-01 -1.7383e-01 -8.8089e-02 -1.3600e-01 -3.2105e-01 +9.9383e-02
57 +2.713544159e+02 +2.713544159e+02 +3.413844159e+02 +3.413844159e+02 -2.0048e-01 +8.7341e-02 -4.6767e-01 +1.1464e-01 +2.7559e-01 -8.8261e-02 -1.9770e-01 +4.2858e-02 -5.3641e-01 +8.3353e-02
66 +2.639269140e+02 +2.639269140e+02 +3.339569140e+02 +3.339569140e+02 +9.3313e-02 +1.8062e-01 -1.1182e+00 -2.1243e-02 +3.4217e-01 -2.3052e-01 -2.6666e-01 +1.4820e-01 -2.0315e-01 +1.9294e-01
77 +2.597467028e+02 +2.597467028e+02 +3.297767028e+02 +3.297767028e+02 +1.5686e-02 +1.0382e-01 -9.9624e-01 -2.0159e-01 +3.2387e-01 -3.6626e-01 -1.8048e-01 +7.8245e-02 -3.0159e-01 -2.9136e-04
103 +2.566921898e+02 +2.566921898e+02 +3.267221898e+02 +3.267221898e+02 -4.0430e-02 +1.9117e-01 -1.2109e+00 -2.6213e-01 +2.9223e-01 -4.5232e-01 -5.2822e-01 +1.4754e-01 -1.4531e-01 -2.3186e-01
121 +2.474703568e+02 +2.474703568e+02 +3.175003568e+02 +3.175003568e+02 -5.3987e-03 +1.6240e-01 -1.7578e+00 -2.4443e-01 -4.3986e-02 -8.2633e-01 -2.7913e-01 +8.1563e-02 -1.0694e-02 -2.7997e-01
122 +2.416237586e+02 +2.416237586e+02 +3.116537586e+02 +3.116537586e+02 +3.3052e-01 +2.8561e-02 -1.3103e+00 -8.2669e-01 +8.0774e-02 -3.9243e-01 -3.4942e-01 +1.3984e-01 -3.7714e-02 -1.5544e-01
124 +2.327219236e+02 +2.327219236e+02 +3.027519236e+02 +3.027519236e+02 -4.7011e-02 +1.3517e-01 -1.6395e+00 -4.0396e-01 -5.7562e-02 -6.3450e-01 -1.1842e-01 -4.8988e-02 -6.2542e-02 -6.5208e-02
131 +1.806360305e+02 +1.806360305e+02 +2.506660305e+02 +2.506660305e+02 +4.3929e-02 +2.9185e-01 -1.7460e+00 -2.1440e-01 -9.6395e-02 -6.6273e-01 -1.9488e-02 +1.1378e-01 +3.0782e-02 -2.1449e-01
152 +1.708716924e+02 +1.708716924e+02 +2.409016924e+02 +2.409016924e+02 -6.4858e-02 +2.9102e-01 -2.4139e+00 -4.1072e-01 -1.3700e-01 -2.8255e-01 +2.7681e-04 +1.6006e-01 -2.6397e-01 -1.3277e-02
248 +1.649048909e+02 +1.649048909e+02 +2.349348909e+02 +2.349348909e+02 +2.1940e-01 -4.3314e-02 -3.1453e+00 -5.5079e-02 +2.1489e-01 -1.3401e+00 -6.8726e-01 -1.2022e-02 +4.3412e-01 +2.9081e-01
250 +1.476542653e+02 +1.476542653e+02 +2.176842653e+02 +2.176842653e+02 +5.0464e-01 -5.4327e-01 -2.6804e+00 +7.1091e-03 -1.8334e-01 -1.2189e+00 -4.0453e-01 -1.8237e-01 +2.0355e-01 +6.2446e-02
290 +1.395136784e+02 +1.395136784e+02 +2.095436784e+02 +2.095436784e+02 +4.4067e-01 -5.2700e-01 -2.6755e+00 +4.9915e-02 -3.5902e-01 -1.4223e+00 -4.6157e-01 -2.0341e-01 +1.3991e-01 -2.4434e-02
474 +1.286414250e+02 +1.286414250e+02 +1.986714250e+02 +1.986714250e+02 +7.7440e-01 -1.8751e-01 -2.3997e+00 -2.7179e-03 -2.1777e-02 -1.9816e+00 -2.8466e-01 -1.2257e-01 -2.4893e-01 -3.6495e-01
489 +1.228989935e+02 +1.228989935e+02 +1.929289935e+02 +1.929289935e+02 +8.2676e-01 -1.5173e-01 -2.3920e+00 -2.9172e-02 -7.7137e-02 -1.8367e+00 -2.4881e-01 -1.1595e-01 -1.6538e-01 -2.4662e-01
490 +1.097965630e+02 +1.097965630e+02 +1.798265630e+02 +1.798265630e+02 +8.1137e-01 -2.7128e-01 -2.3738e+00 +5.3028e-02 -4.3620e-02 -1.8161e+00 -1.9631e-01 -1.4358e-01 -2.5466e-01 -2.7485e-01
512 +1.088453760e+02 +1.088453760e+02 +1.788753760e+02 +1.788753760e+02 +8.7908e-01 -2.8647e-01 -2.3898e+00 +9.3994e-02 -5.1050e-02 -1.8409e+00 -2.4705e-01 -1.6784e-01 -2.4425e-01 -2.3443e-01
717 +1.068122956e+02 +1.068122956e+02 +1.768422956e+02 +1.768422956e+02 +8.2947e-01 -2.6915e-01 -2.3685e+00 +2.1468e-02 -3.6086e-02 -1.7885e+00 -2.2518e-01 -1.3808e-01 -2.5634e-01 -2.3504e-01
841 +1.044226734e+02 +1.044226734e+02 +1.744526734e+02 +1.744526734e+02 +8.9947e-01 -2.7850e-01 -2.3713e+00 +7.5176e-02 -3.9628e-02 -1.8001e+00 -2.1230e-01 -1.2517e-01 -2.0865e-01 -2.3654e-01
968 +1.022513563e+02 +1.022513563e+02 +1.722813563e+02 +1.722813563e+02 +9.9391e-01 -3.1244e-01 -2.3753e+00 +1.1424e-01 -5.3775e-02 -1.8112e+00 -2.0301e-01 -1.1767e-01 -1.8535e-01 -2.5220e-01
% function evaluation | noise-free fitness - Fopt (-4.822000000000e+01) | best noise-free fitness - Fopt | measured fitness | best measured fitness | x1 | x2...
1 +6.524062290e+02 +6.524062290e+02 +6.041862290e+02 +6.041862290e+02 +0.0000e+00 +0.0000e+00 +0.0000e+00 +0.0000e+00 +0.0000e+00 +0.0000e+00 +0.0000e+00 +0.0000e+00 +0.0000e+00 +0.0000e+00
2 +6.395591418e+02 +6.395591418e+02 +5.913391418e+02 +5.913391418e+02 +8.2367e-02 -1.4869e-01 +8.0013e-02 +1.4923e-01 -1.0920e-02 +5.1596e-01 +9.3591e-02 +7.7993e-02 +3.9962e-01 +1.0008e-01
4 +5.550010164e+02 +5.550010164e+02 +5.067810164e+02 +5.067810164e+02 +1.9514e-01 -8.6056e-03 -7.1479e-02 +4.7465e-01 -2.2503e-04 +7.8314e-02 -2.6584e-01 -1.0287e-01 -2.5815e-01 +3.3442e-01
14 +4.852113835e+02 +4.852113835e+02 +4.369913835e+02 +4.369913835e+02 +1.2558e-01 +4.5686e-02 +1.2695e-01 +7.6791e-01 -1.3456e-01 -4.5624e-02 -2.3048e-01 -2.0601e-01 -2.1393e-01 +1.6135e-01
22 +4.431803314e+02 +4.431803314e+02 +3.949603314e+02 +3.949603314e+02 +2.0729e-01 -8.1664e-02 -1.5878e-01 +5.0195e-01 -6.1767e-01 +3.4524e-01 -4.0400e-01 -1.0460e-01 -4.4089e-01 +2.9511e-01
35 +4.301060683e+02 +4.301060683e+02 +3.818860683e+02 +3.818860683e+02 -1.5071e-02 +3.9876e-01 -2.9724e-02 +1.1528e+00 -9.8071e-01 +2.8870e-01 -4.4745e-01 +3.0819e-01 -7.0512e-01 +2.1482e-01
40 +3.787612338e+02 +3.787612338e+02 +3.305412338e+02 +3.305412338e+02 -9.5054e-02 +1.4899e-01 +1.2586e-02 +7.6095e-01 -7.9871e-01 +3.3229e-01 -1.1569e-01 +7.8186e-02 -4.4848e-01 +4.6397e-01
43 +3.483177266e+02 +3.483177266e+02 +3.000977266e+02 +3.000977266e+02 -4.6793e-01 -1.1340e-01 +2.4828e-01 +1.2634e+00 -1.0234e+00 +6.3748e-01 -3.9707e-01 +5.2525e-01 -5.9765e-01 +8.9482e-01
50 +3.356640736e+02 +3.356640736e+02 +2.874440736e+02 +2.874440736e+02 +1.6129e-01 +4.5018e-01 +7.5766e-01 +1.5517e+00 -1.1918e+00 +6.9847e-01 -1.6826e-01 +4.0581e-01 -1.0120e+00 +2.6333e-01
70 +3.221070492e+02 +3.221070492e+02 +2.738870492e+02 +2.738870492e+02 -5.6731e-01 -1.2209e-01 +2.6174e-01 +1.8932e+00 -1.7004e+00 +6.1412e-01 -2.4325e-01 +5.7104e-01 -2.9214e-01 +6.9874e-01
75 +2.756915355e+02 +2.756915355e+02 +2.274715355e+02 +2.274715355e+02 -4.9755e-01 -1.4071e-01 +1.7355e-01 +1.7767e+00 -2.0773e+00 +3.0690e-01 -6.8031e-01 +5.8443e-01 -7.7281e-01 +1.2118e+00
85 +2.143031546e+02 +2.143031546e+02 +1.660831546e+02 +1.660831546e+02 -2.5259e-01 -6.2429e-01 -7.3053e-02 +1.9456e+00 -2.0815e+00 +8.9400e-01 -9.4848e-01 +2.8503e-01 -1.0982e+00 +1.3924e+00
92 +2.114202663e+02 +2.114202663e+02 +1.632002663e+02 +1.632002663e+02 -4.2527e-01 -5.4546e-01 -9.7724e-02 +2.6543e+00 -2.3220e+00 +1.1417e+00 -1.3202e-01 -5.3122e-01 -1.1284e+00 +1.0878e+00
118 +2.030837329e+02 +2.030837329e+02 +1.548637329e+02 +1.548637329e+02 +7.8474e-02 -1.3080e+00 -5.1194e-01 +1.3967e+00 -2.2709e+00 +5.9259e-01 +1.0242e-03 -8.0521e-01 -1.6542e+00 +1.9203e+00
137 +1.575269035e+02 +1.575269035e+02 +1.093069035e+02 +1.093069035e+02 -3.0717e-01 -1.2750e+00 -8.4549e-01 +1.4080e+00 -2.0088e+00 +1.4939e+00 +5.3223e-01 -9.0958e-01 -2.0362e+00 +1.1382e+00
181 +1.470496362e+02 +1.470496362e+02 +9.882963619e+01 +9.882963619e+01 -5.5665e-01 -1.5070e+00 -1.8359e+00 +9.9422e-01 -2.5860e+00 +2.1773e+00 -6.7488e-01 -4.5352e-01 -2.4278e+00 +1.1464e+00
185 +1.421588905e+02 +1.421588905e+02 +9.393889052e+01 +9.393889052e+01 -1.9277e-01 -6.0647e-01 -1.1134e+00 -3.7994e-01 -2.4554e+00 +2.4072e+00 -1.5633e+00 -4.5113e-01 -1.9646e+00 +2.0585e+00
191 +1.403400129e+02 +1.403400129e+02 +9.212001288e+01 +9.212001288e+01 -8.8383e-01 -1.7275e+00 -1.7307e+00 +6.9991e-01 -2.4646e+00 +2.6769e+00 -1.0205e+00 -8.1852e-01 -1.9376e+00 +1.5987e+00
200 +1.268589892e+02 +1.268589892e+02 +7.863898924e+01 +7.863898924e+01 -8.8364e-01 -8.8734e-01 -9.3586e-01 +7.5416e-01 -2.8815e+00 +1.9684e+00 -2.6714e-01 -6.8483e-01 -1.9880e+00 +2.4674e+00
209 +1.249927164e+02 +1.249927164e+02 +7.677271637e+01 +7.677271637e+01 -1.3335e+00 -1.4526e+00 -1.0896e+00 +1.9175e+00 -3.1284e+00 +2.1772e+00 -1.1509e+00 +8.1436e-02 -9.0543e-01 +2.3501e+00
233 +9.183599998e+01 +9.183599998e+01 +4.361599998e+01 +4.361599998e+01 -1.3414e+00 -1.1305e+00 -5.7673e-01 +1.1527e+00 -3.1789e+00 +2.5936e+00 +2.1670e-01 +3.5085e-01 -7.6161e-01 +3.0285e+00
260 +9.045326705e+01 +9.045326705e+01 +4.223326705e+01 +4.223326705e+01 -1.8401e+00 -1.9184e+00 -8.5548e-01 +1.2968e+00 -3.3701e+00 +1.7704e+00 -9.4294e-01 +1.2207e+00 -1.4539e+00 +3.4272e+00
467 +8.471121480e+01 +8.471121480e+01 +3.649121480e+01 +3.649121480e+01 -2.1424e+00 -1.1908e+00 -1.5027e+00 +8.7283e-01 -3.0423e+00 +1.7557e+00 -1.2283e+00 +1.5635e+00 -1.1215e+00 +3.1055e+00
485 +7.934243441e+01 +7.934243441e+01 +3.112243441e+01 +3.112243441e+01 -2.3456e+00 -1.1320e+00 -1.2834e+00 +1.1558e+00 -3.1760e+00 +1.3180e+00 -1.5656e+00 +1.6918e+00 -1.5440e+00 +3.3410e+00
698 +7.010810549e+01 +7.010810549e+01 +2.188810549e+01 +2.188810549e+01 -2.8075e+00 -1.8270e-01 -1.3356e+00 +3.6714e-01 -3.1652e+00 +2.1002e+00 -1.7715e+00 +3.2761e+00 -2.2310e+00 +4.7181e+00
1017 +6.739657827e+01 +6.739657827e+01 +1.917657827e+01 +1.917657827e+01 -2.5140e+00 +9.2508e-02 -2.1164e+00 +1.0939e-01 -3.1468e+00 +2.2315e+00 -2.1743e+00 +2.1428e+00 -1.8676e+00 +4.8525e+00
1046 +5.842292782e+01 +5.842292782e+01 +1.020292782e+01 +1.020292782e+01 -2.8028e+00 -4.0263e-01 -2.2781e+00 +6.0729e-01 -3.6635e+00 +2.0350e+00 -2.0918e+00 +1.9815e+00 -2.2927e+00 +4.6842e+00
1779 +4.957791210e+01 +4.957791210e+01 +1.357912096e+00 +1.357912096e+00 -5.1670e-01 +1.1331e-01 -3.5475e+00 +1.3297e+00 -3.5915e+00 +4.0344e+00 -2.1968e+00 +1.1254e+00 -2.2728e+00 +1.9460e+00
1944 +4.774178294e+01 +4.774178294e+01 -4.782170596e-01 -4.782170596e-01 -4.8893e-01 -8.6336e-03 -3.6308e+00 +1.5188e+00 -3.3589e+00 +4.2448e+00 -2.2923e+00 +1.1508e+00 -2.3283e+00 +2.1084e+00
1947 +4.519573797e+01 +4.519573797e+01 -3.024262026e+00 -3.024262026e+00 -4.3051e-01 +3.5998e-02 -3.5966e+00 +1.5110e+00 -3.2994e+00 +4.2485e+00 -2.1931e+00 +1.0562e+00 -2.4156e+00 +2.1778e+00
1953 +4.160887886e+01 +4.160887886e+01 -6.611121141e+00 -6.611121141e+00 -4.6801e-01 +1.3590e-02 -3.6743e+00 +1.5534e+00 -3.1347e+00 +4.3001e+00 -2.2574e+00 +1.1266e+00 -2.4335e+00 +2.0848e+00
1958 +3.999564455e+01 +3.999564455e+01 -8.224355451e+00 -8.224355451e+00 -4.6985e-01 -2.0783e-02 -3.5697e+00 +1.5070e+00 -3.2731e+00 +4.2717e+00 -2.2301e+00 +1.1078e+00 -2.4139e+00 +2.0968e+00
2000 +3.844045674e+01 +3.844045674e+01 -9.779543265e+00 -9.779543265e+00 -4.5782e-01 -7.2551e-02 -3.6530e+00 +1.5676e+00 -3.2184e+00 +4.3346e+00 -2.1727e+00 +1.1759e+00 -2.4165e+00 +2.0913e+00
2024 +3.429693843e+01 +3.429693843e+01 -1.392306157e+01 -1.392306157e+01 -4.2805e-01 -7.3151e-02 -3.6240e+00 +1.5748e+00 -3.3592e+00 +4.3145e+00 -2.1260e+00 +1.1921e+00 -2.3989e+00 +2.1051e+00
2096 +3.380230408e+01 +3.380230408e+01 -1.441769592e+01 -1.441769592e+01 -3.3647e-01 -1.0669e-01 -3.5585e+00 +1.6140e+00 -3.2808e+00 +4.3479e+00 -2.1287e+00 +1.0906e+00 -2.5235e+00 +2.0703e+00
2127 +3.281989060e+01 +3.281989060e+01 -1.540010940e+01 -1.540010940e+01 -3.5558e-01 -1.2792e-01 -3.6039e+00 +1.6096e+00 -3.2964e+00 +4.3934e+00 -2.1487e+00 +1.1368e+00 -2.4510e+00 +2.0778e+00
2137 +3.195215617e+01 +3.195215617e+01 -1.626784383e+01 -1.626784383e+01 -3.7696e-01 -1.2587e-01 -3.5871e+00 +1.5935e+00 -3.2626e+00 +4.3750e+00 -2.1290e+00 +1.1362e+00 -2.4894e+00 +2.0570e+00
2145 +3.138228673e+01 +3.138228673e+01 -1.683771327e+01 -1.683771327e+01 -3.6872e-01 -7.4369e-02 -3.6046e+00 +1.6002e+00 -3.3244e+00 +4.3584e+00 -2.1406e+00 +1.1099e+00 -2.4538e+00 +2.0734e+00
2196 +3.082764753e+01 +3.082764753e+01 -1.739235247e+01 -1.739235247e+01 -3.6969e-01 -1.0324e-01 -3.5762e+00 +1.6011e+00 -3.2791e+00 +4.3521e+00 -2.1479e+00 +1.1403e+00 -2.4798e+00 +2.0751e+00
2221 +3.012597163e+01 +3.012597163e+01 -1.809402837e+01 -1.809402837e+01 -3.7173e-01 -9.1852e-02 -3.6036e+00 +1.6118e+00 -3.2796e+00 +4.3490e+00 -2.1360e+00 +1.1432e+00 -2.4529e+00 +2.0509e+00
% function evaluation | noise-free fitness - Fopt (2.547000000000e+01) | best noise-free fitness - Fopt | measured fitness | best measured fitness | x1 | x2...
1 +3.185738813e+02 +3.185738813e+02 +3.440438813e+02 +3.440438813e+02 +0.0000e+00 +0.0000e+00 +0.0000e+00 +0.0000e+00 +0.0000e+00 +0.0000e+00 +0.0000e+00 +0.0000e+00 +0.0000e+00 +0.0000e+00
7 +3.074647203e+02 +3.074647203e+02 +3.329347203e+02 +3.329347203e+02 -3.5511e-01 -1.0474e-01 -2.0371e-01 +6.1460e-02 +1.1956e-01 +9.4088e-02 -2.4866e-02 +4.1051e-02 +5.6860e-02 +3.4851e-01
11 +2.882770552e+02 +2.882770552e+02 +3.137470552e+02 +3.137470552e+02 -2.6713e-01 -1.6875e-01 +2.1647e-01 -9.4275e-02 +1.9302e-01 -9.1903e-02 +2.0680e-01 +3.1253e-01 +4.5316e-01 +1.0649e-01
21 +2.756170255e+02 +2.756170255e+02 +3.010870255e+02 +3.010870255e+02 -6.1416e-01 +4.5607e-02 -2.6695e-01 -4.7018e-02 +1.5451e-01 +1.0867e-01 +5.6991e-01 +8.8520e-02 +2.3343e-01 +2.2065e-01
24 +2.488116194e+02 +2.488116194e+02 +2.742816194e+02 +2.742816194e+02 -4.7596e-01 -7.5252e-02 -3.7830e-02 -4.5199e-03 +7.4221e-02 -1.3511e-01 +1.6785e-01 +2.2791e-01 +2.0509e-01 +1.1864e-01
62 +2.418645816e+02 +2.418645816e+02 +2.673345816e+02 +2.673345816e+02 -8.5019e-01 +1.3524e-01 +1.0836e-01 -3.2907e-01 -2.5539e-01 -1.5324e-02 +6.1403e-01 +5.9021e-02 +4.7536e-02 +4.8369e-01
73 +2.331138963e+02 +2.331138963e+02 +2.585838963e+02 +2.585838963e+02 -7.4822e-01 +5.1059e-02 -1.4948e-01 -7.5866e-02 -3.7204e-01 +2.0145e-01 +5.1533e-01 +2.1601e-01 +2.3053e-01 +5.6182e-01
107 +2.075026641e+02 +2.075026641e+02 +2.329726641e+02 +2.329726641e+02 -1.4056e+00 -3.0005e-01 -1.7226e-01 -5.2321e-02 -1.6529e-01 +2.6428e-01 +7.1568e-01 +4.7369e-02 +1.3005e-01 +6.3409e-01
140 +1.952845406e+02 +1.952845406e+02 +2.207545406e+02 +2.207545406e+02 -1.8636e+00 +6.3426e-02 +1.1761e-01 -1.2611e-01 +5.4324e-02 -5.4225e-02 +6.0013e-01 +1.7042e-01 +1.2380e-01 +2.1959e-01
159 +1.815887417e+02 +1.815887417e+02 +2.070587417e+02 +2.070587417e+02 -3.0294e+00 +1.0433e-01 -1.0876e-01 +1.7713e-01 -3.3845e-01 +1.5843e-01 +3.6719e-01 +1.4165e-01 +1.4341e-01 +6.3706e-02
168 +1.756070222e+02 +1.756070222e+02 +2.010770222e+02 +2.010770222e+02 -2.9764e+00 -3.4292e-01 -1.1003e-01 +3.5074e-02 -2.7647e-01 +2.0429e-01 +1.8300e-01 +2.2130e-01 +7.6653e-02 -2.2928e-01
171 +1.642625544e+02 +1.642625544e+02 +1.897325544e+02 +1.897325544e+02 -2.4840e+00 -4.7297e-01 -1.1046e-01 -1.0638e-01 +3.9760e-02 +3.0883e-01 +4.4582e-01 +3.8599e-01 +3.5843e-01 -2.0349e-01
175 +1.482217822e+02 +1.482217822e+02 +1.736917822e+02 +1.736917822e+02 -2.8818e+00 +2.3986e-01 -2.9300e-01 +5.4248e-03 +4.9014e-02 +1.0498e-01 +7.0582e-01 +3.5144e-01 +2.5147e-01 -2.5607e-01
206 +1.311102686e+02 +1.311102686e+02 +1.565802686e+02 +1.565802686e+02 -3.0633e+00 -2.7523e-01 -6.8671e-01 -1.9749e-01 +3.0445e-01 -4.2448e-01 +2.8186e-01 +6.5287e-01 +2.0627e-01 -5.1015e-01
215 +1.215495417e+02 +1.215495417e+02 +1.470195417e+02 +1.470195417e+02 -3.3529e+00 -7.2453e-02 -4.6617e-01 -3.7551e-01 +2.3225e-01 -5.4978e-02 -5.1098e-02 +3.0144e-01 +2.5972e-01 -7.4326e-01
241 +1.067081602e+02 +1.067081602e+02 +1.321781602e+02 +1.321781602e+02 -3.4278e+00 -4.6088e-01 -3.4293e-01 -4.1595e-01 +2.9821e-01 -1.8415e-01 +2.3832e-01 +1.7548e-01 +1.2894e-01 -2.6906e-01
268 +9.442936385e+01 +9.442936385e+01 +1.198993639e+02 +1.198993639e+02 -4.1086e+00 -5.7930e-01 -3.0605e-01 -8.4067e-01 -1.5711e-02 -4.0645e-01 +1.8172e-01 +4.1290e-01 +2.4995e-01 -5.3740e-01
370 +8.980765964e+01 +8.980765964e+01 +1.152776596e+02 +1.152776596e+02 -3.4680e+00 -1.3588e-01 -7.4517e-01 -1.7682e+00 -1.5568e-01 -3.2715e-01 +7.0710e-01 +2.8087e-01 +1.2274e+00 -7.2343e-01
391 +7.826487370e+01 +7.826487370e+01 +1.037348737e+02 +1.037348737e+02 -4.2205e+00 -2.6685e-01 -6.9144e-01 -1.4616e+00 -1.6498e-01 -1.4716e-01 +1.7361e-01 +2.4528e-01 +1.1030e+00 -7.2541e-01
406 +7.119544518e+01 +7.119544518e+01 +9.666544518e+01 +9.666544518e+01 -3.7298e+00 -8.4575e-01 -6.2047e-01 -1.7982e+00 +1.6709e-01 +4.0070e-01 +2.4665e-01 +3.9945e-01 +1.7119e+00 -1.2663e+00
619 +6.857735413e+01 +6.857735413e+01 +9.404735413e+01 +9.404735413e+01 -3.2984e+00 -2.0610e+00 -6.1706e-01 -2.3674e+00 -6.8816e-01 -4.6348e-01 -8.8081e-01 +2.2636e-01 +1.4448e+00 +4.1966e-01
774 +6.372527611e+01 +6.372527611e+01 +8.919527611e+01 +8.919527611e+01 -3.8211e+00 -2.2736e+00 -1.0881e+00 -3.2596e+00 -7.4976e-02 -1.5408e-01 -1.5768e+00 +3.7599e-01 +2.0981e+00 -7.3490e-01
907 +5.810055363e+01 +5.810055363e+01 +8.357055363e+01 +8.357055363e+01 -3.2341e+00 -2.2303e+00 -2.1768e+00 -2.6805e+00 -1.4561e-01 +2.3346e-01 -1.6293e+00 +7.7249e-01 +2.5841e+00 +2.1151e-01
1212 +5.716683866e+01 +5.716683866e+01 +8.263683866e+01 +8.263683866e+01 -3.0172e+00 -3.6155e+00 -2.0603e+00 -2.6957e+00 +6.0635e-01 +1.8083e-02 -1.7069e+00 +1.3831e+00 +3.0605e+00 +4.2626e-01
1214 +4.809035962e+01 +4.809035962e+01 +7.356035962e+01 +7.356035962e+01 -2.9835e+00 -3.6092e+00 -2.2830e+00 -2.7806e+00 +5.1694e-01 +3.3271e-02 -1.6153e+00 +1.4354e+00 +3.0995e+00 +4.0345e-01
1279 +4.330295201e+01 +4.330295201e+01 +6.877295201e+01 +6.877295201e+01 -2.9696e+00 -3.6361e+00 -2.2246e+00 -2.6301e+00 +5.7459e-01 +3.1478e-02 -1.6282e+00 +1.3920e+00 +3.1635e+00 +3.3815e-01
1310 +3.773870128e+01 +3.773870128e+01 +6.320870128e+01 +6.320870128e+01 -2.9418e+00 -3.6350e+00 -2.2482e+00 -2.6840e+00 +5.5970e-01 +1.0961e-01 -1.6207e+00 +1.4378e+00 +3.1064e+00 +3.8824e-01
1342 +3.680178854e+01 +3.680178854e+01 +6.227178854e+01 +6.227178854e+01 -2.8955e+00 -3.5283e+00 -2.3468e+00 -2.7033e+00 +4.4644e-01 +1.7032e-01 -1.7338e+00 +1.4197e+00 +3.0878e+00 +3.2843e-01
1350 +3.280403948e+01 +3.280403948e+01 +5.827403948e+01 +5.827403948e+01 -2.8748e+00 -3.5278e+00 -2.4807e+00 -2.6657e+00 +4.4117e-01 +1.3890e-01 -1.6783e+00 +1.4042e+00 +3.1259e+00 +3.3659e-01
1402 +3.184207618e+01 +3.184207618e+01 +5.731207618e+01 +5.731207618e+01 -2.9196e+00 -3.6028e+00 -2.4028e+00 -2.6539e+00 +5.1875e-01 +1.5241e-01 -1.6726e+00 +1.3942e+00 +3.1128e+00 +3.6732e-01
1410 +2.923881474e+01 +2.923881474e+01 +5.470881474e+01 +5.470881474e+01 -2.9519e+00 -3.5687e+00 -2.3707e+00 -2.6840e+00 +5.1885e-01 +1.5187e-01 -1.6564e+00 +1.4076e+00 +3.1034e+00 +3.7876e-01
1418 +2.883777122e+01 +2.883777122e+01 +5.430777122e+01 +5.430777122e+01 -2.9622e+00 -3.5704e+00 -2.3892e+00 -2.6629e+00 +5.5152e-01 +1.1324e-01 -1.6481e+00 +1.4232e+00 +3.0915e+00 +3.5785e-01
1450 +2.812631382e+01 +2.812631382e+01 +5.359631382e+01 +5.359631382e+01 -2.9091e+00 -3.5658e+00 -2.4345e+00 -2.6664e+00 +5.4391e-01 +1.3945e-01 -1.6691e+00 +1.4621e+00 +3.0873e+00 +3.5739e-01
1458 +2.664511541e+01 +2.664511541e+01 +5.211511541e+01 +5.211511541e+01 -2.8969e+00 -3.5334e+00 -2.4651e+00 -2.6819e+00 +5.2587e-01 +1.3925e-01 -1.6747e+00 +1.4489e+00 +3.0770e+00 +3.5483e-01
1560 +2.600651476e+01 +2.600651476e+01 +5.147651476e+01 +5.147651476e+01 -2.9179e+00 -3.5681e+00 -2.4745e+00 -2.6829e+00 +5.3736e-01 +1.4418e-01 -1.6750e+00 +1.4364e+00 +3.0885e+00 +3.3153e-01
1655 +2.564711191e+01 +2.564711191e+01 +5.111711191e+01 +5.111711191e+01 -2.9185e+00 -3.5628e+00 -2.4682e+00 -2.6744e+00 +5.3640e-01 +1.3983e-01 -1.6818e+00 +1.4362e+00 +3.0797e+00 +3.1692e-01
1810 +2.511789147e+01 +2.511789147e+01 +5.058789147e+01 +5.058789147e+01 -2.9158e+00 -3.5481e+00 -2.4758e+00 -2.6798e+00 +5.3349e-01 +1.5311e-01 -1.6818e+00 +1.4484e+00 +3.0697e+00 +3.3200e-01
% function evaluation | noise-free fitness - Fopt (-1.008100000000e+02) | best noise-free fitness - Fopt | measured fitness | best measured fitness | x1 | x2...
1 +1.920731690e+02 +1.920731690e+02 +9.126316903e+01 +9.126316903e+01 +0.0000e+00 +0.0000e+00 +0.0000e+00 +0.0000e+00 +0.0000e+00 +0.0000e+00 +0.0000e+00 +0.0000e+00 +0.0000e+00 +0.0000e+00
2 +1.472473760e+02 +1.472473760e+02 +4.643737600e+01 +4.643737600e+01 +1.5092e-02 +1.2255e-01 +1.2736e-01 +1.7956e-02 -8.2448e-02 -1.5479e-01 +4.5077e-02 -2.6792e-02 +4.0596e-01 -3.0327e-01
40 +1.386671437e+02 +1.386671437e+02 +3.785714370e+01 +3.785714370e+01 +9.0454e-02 +1.8789e-02 -3.0779e-01 -1.8730e-01 +1.4613e-02 -2.6077e-01 -2.1933e-01 -3.2852e-02 +3.2850e-01 -1.8122e-02
66 +1.158812679e+02 +1.158812679e+02 +1.507126789e+01 +1.507126789e+01 +8.3692e-02 +4.1674e-01 -1.8353e-01 -3.6113e-01 +1.9169e-01 -4.7748e-02 -2.1520e-01 +2.8637e-01 -9.4231e-02 +8.9452e-02
69 +1.066301542e+02 +1.066301542e+02 +5.820154232e+00 +5.820154232e+00 +2.2849e-01 +2.7877e-01 -4.6080e-01 -1.6095e-01 +2.1588e-01 -5.9185e-02 -1.5296e-01 +3.3439e-01 -1.1289e-01 +1.4887e-02
291 +1.044599641e+02 +1.044599641e+02 +3.649964148e+00 +3.649964148e+00 +2.9564e-01 +5.9522e-01 +7.8001e-01 -5.4274e-01 -1.5355e-01 +8.4375e-03 -6.5106e-01 +4.4118e-01 -2.3354e-01 +2.4775e-01
301 +9.921023247e+01 +9.921023247e+01 -1.599767526e+00 -1.599767526e+00 +2.1761e-01 +5.7116e-01 +6.8915e-01 -6.2571e-01 -1.3292e-01 +5.2462e-02 -5.6039e-01 +4.3313e-01 -2.0461e-01 +2.7728e-01
313 +9.717093540e+01 +9.717093540e+01 -3.639064595e+00 -3.639064595e+00 +2.4673e-01 +5.3948e-01 +8.3475e-01 -5.3091e-01 -1.5238e-01 +4.1627e-02 -6.1161e-01 +4.0709e-01 -2.1746e-01 +2.2327e-01
352 +9.214531559e+01 +9.214531559e+01 -8.664684407e+00 -8.664684407e+00 +1.8074e-01 +5.7572e-01 +7.7337e-01 -5.9904e-01 -1.8352e-01 +8.0185e-02 -6.2208e-01 +4.5451e-01 -2.3616e-01 +2.7015e-01
373 +9.056895984e+01 +9.056895984e+01 -1.024104016e+01 -1.024104016e+01 +1.7898e-01 +5.8703e-01 +7.5073e-01 -6.2856e-01 -2.0431e-01 +7.5718e-02 -5.3376e-01 +4.6303e-01 -2.6343e-01 +3.3209e-01
377 +8.906431912e+01 +8.906431912e+01 -1.174568088e+01 -1.174568088e+01 +1.7352e-01 +5.6388e-01 +7.8584e-01 -6.1772e-01 -1.7971e-01 +1.2049e-01 -5.1513e-01 +4.6032e-01 -3.1567e-01 +3.1039e-01
401 +8.248062832e+01 +8.248062832e+01 -1.832937168e+01 -1.832937168e+01 +1.2949e-01 +5.8539e-01 +8.3957e-01 -6.0710e-01 -1.2040e-01 +1.2593e-01 -5.0823e-01 +4.6969e-01 -2.7198e-01 +3.0411e-01
411 +8.126736433e+01 +8.126736433e+01 -1.954263567e+01 -1.954263567e+01 +1.3260e-01 +5.8095e-01 +8.4646e-01 -5.6729e-01 -1.1649e-01 +1.4793e-01 -5.2099e-01 +4.0658e-01 -2.7140e-01 +2.9006e-01
438 +7.882212018e+01 +7.882212018e+01 -2.198787982e+01 -2.198787982e+01 +1.0539e-01 +6.0513e-01 +8.5720e-01 -6.0592e-01 -4.5750e-02 +2.0073e-01 -5.4718e-01 +4.4916e-01 -2.8956e-01 +2.5398e-01
453 +7.656745685e+01 +7.656745685e+01 -2.424254315e+01 -2.424254315e+01 +1.0598e-01 +6.1481e-01 +8.4916e-01 -5.9251e-01 -6.2209e-02 +2.0339e-01 -5.2389e-01 +4.8631e-01 -2.9354e-01 +1.8965e-01
472 +7.518014688e+01 +7.518014688e+01 -2.562985312e+01 -2.562985312e+01 +8.0122e-02 +5.7948e-01 +8.9169e-01 -5.5389e-01 +7.0281e-03 +2.2070e-01 -5.3455e-01 +4.6538e-01 -2.8628e-01 +1.6486e-01
557 +7.393934151e+01 +7.393934151e+01 -2.687065849e+01 -2.687065849e+01 +1.2736e-01 +6.3604e-01 +8.8893e-01 -5.4958e-01 -1.7355e-03 +2.1683e-01 -5.1443e-01 +4.3875e-01 -3.1073e-01 +1.6516e-01
576 +7.222052799e+01 +7.222052799e+01 -2.858947201e+01 -2.858947201e+01 +1.1792e-01 +6.3431e-01 +9.2381e-01 -5.2366e-01 -7.3046e-04 +2.1491e-01 -5.4727e-01 +4.4650e-01 -3.0915e-01 +1.8553e-01
% function evaluation | noise-free fitness - Fopt (-2.184000000000e+01) | best noise-free fitness - Fopt | measured fitness | best measured fitness | x1 | x2...
1 +2.883522595e+02 +2.883522595e+02 +2.665122595e+02 +2.665122595e+02 +0.0000e+00 +0.0000e+00 +0.0000e+00 +0.0000e+00 +0.0000e+00 +0.0000e+00 +0.0000e+00 +0.0000e+00 +0.0000e+00 +0.0000e+00
2 +2.377718268e+02 +2.377718268e+02 +2.159318268e+02 +2.159318268e+02 -1.3464e-01 -4.3846e-01 -1.5427e-01 +5.9790e-02 +9.9868e-02 -1.1886e-01 -9.3265e-02 +1.5337e-01 -1.5806e-01 -1.3485e-01
3 +2.170760320e+02 +2.170760320e+02 +1.952360320e+02 +1.952360320e+02 +3.7381e-01 +4.7815e-02 -1.5008e-01 +1.1004e-01 +2.7406e-02 +8.6847e-02 -2.8351e-02 +3.6815e-01 -1.4085e-01 +1.6466e-01
6 +2.063358865e+02 +2.063358865e+02 +1.844958865e+02 +1.844958865e+02 +2.4322e-01 -1.1708e-01 +4.7381e-02 +1.6349e-01 +1.5775e-01 -2.6087e-01 +8.5830e-02 -3.0400e-01 +3.7166e-01 -7.7448e-02
37 +1.943260977e+02 +1.943260977e+02 +1.724860977e+02 +1.724860977e+02 +4.0977e-01 -5.5126e-01 -2.1410e-01 +3.8218e-02 -4.4727e-01 -1.5666e-01 +4.2192e-01 +1.2839e-01 +5.9398e-01 -2.8767e-01
47 +1.862382353e+02 +1.862382353e+02 +1.643982353e+02 +1.643982353e+02 +6.8599e-01 -2.2616e-01 -1.1354e-01 +3.9012e-02 -6.4406e-02 -7.4908e-02 +5.4968e-01 -1.0715e-02 +2.0449e-01 -5.0524e-01
53 +1.836407389e+02 +1.836407389e+02 +1.618007389e+02 +1.618007389e+02 +3.0849e-01 +2.9703e-01 -3.2674e-01 +3.0344e-01 +2.7628e-01 -1.9939e-01 +6.9387e-01 +1.7741e-02 +5.6114e-01 -6.3422e-01
64 +1.685846118e+02 +1.685846118e+02 +1.467446118e+02 +1.467446118e+02 +5.1675e-01 -1.3282e-01 -3.9960e-01 +2.3177e-01 +2.7273e-01 +1.7228e-01 +5.7856e-01 +2.3502e-02 +5.1021e-01 -3.8752e-01
72 +1.540152955e+02 +1.540152955e+02 +1.321752955e+02 +1.321752955e+02 +9.9172e-01 -2.7318e-01 -2.6131e-01 +3.7481e-01 +4.0689e-01 +4.3748e-03 +7.2593e-01 -3.3821e-01 +2.1221e-01 -4.6879e-01
88 +1.381575753e+02 +1.381575753e+02 +1.163175753e+02 +1.163175753e+02 +3.7212e-01 -1.6287e-01 -1.8523e-01 -3.6192e-01 +4.6057e-01 +7.6722e-01 +3.1785e-01 -3.2775e-01 +6.8517e-01 -5.3675e-01
100 +1.296799650e+02 +1.296799650e+02 +1.078399650e+02 +1.078399650e+02 +5.8339e-01 -6.5563e-02 -3.9333e-01 +1.2978e-01 +9.3116e-01 +1.2705e+00 +7.9205e-01 +7.4797e-02 +4.4693e-01 -6.0853e-01
166 +1.044517047e+02 +1.044517047e+02 +8.261170465e+01 +8.261170465e+01 +1.6046e+00 -2.2085e-01 -3.1114e-01 -2.9420e-01 +1.7002e+00 +1.6249e+00 -1.0670e-01 +1.1654e-01 +2.7213e-01 -1.4121e+00
218 +9.697402998e+01 +9.697402998e+01 +7.513402998e+01 +7.513402998e+01 +2.1277e+00 -1.0447e+00 -2.9225e-01 +2.2993e-01 +1.3176e+00 +1.8073e+00 +2.9849e-01 -8.1771e-01 +2.0797e+00 -1.0628e+00
276 +8.554883918e+01 +8.554883918e+01 +6.370883918e+01 +6.370883918e+01 +2.4524e+00 -1.2707e+00 -4.7948e-01 +3.4930e-01 +1.7827e+00 +1.5979e+00 -2.0130e-01 -6.6003e-01 +1.2086e+00 -1.2474e+00
290 +8.017688943e+01 +8.017688943e+01 +5.833688943e+01 +5.833688943e+01 +2.3427e+00 -1.2962e+00 -5.5943e-01 +6.3861e-01 +2.2096e+00 +1.1441e+00 -3.5598e-01 -3.5579e-01 +9.4127e-01 -1.6012e+00
345 +7.415071531e+01 +7.415071531e+01 +5.231071531e+01 +5.231071531e+01 +2.2059e+00 -1.0659e+00 -8.3947e-01 +5.0429e-01 +2.7829e+00 +1.4685e+00 -6.8965e-02 -7.5024e-01 +1.4438e+00 -1.0850e+00
431 +4.455665417e+01 +4.455665417e+01 +2.271665417e+01 +2.271665417e+01 +2.1195e+00 -1.8010e+00 -1.0468e+00 -2.1618e-01 +3.4498e+00 +1.9749e+00 -3.0992e-01 -1.3112e+00 +1.6829e+00 -6.6824e-01
778 +4.178484258e+01 +4.178484258e+01 +1.994484258e+01 +1.994484258e+01 +1.8865e+00 -2.1713e+00 -2.2064e+00 -1.1328e-01 +4.3988e+00 +2.2004e+00 +1.2621e-01 -2.1987e+00 +1.5852e+00 -1.1931e+00
2204 +4.144125718e+01 +4.144125718e+01 +1.960125718e+01 +1.960125718e+01 +8.7171e-01 -2.4666e+00 -2.4114e+00 +3.7933e-01 +2.8775e+00 +1.4478e+00 +6.2971e-01 -1.8551e+00 +3.6491e+00 -1.1387e+00
% function evaluation | noise-free fitness - Fopt (-1.862000000000e+01) | best noise-free fitness - Fopt | measured fitness | best measured fitness | x1 | x2...
1 +3.965525073e+02 +3.965525073e+02 +3.779325073e+02 +3.779325073e+02 +0.0000e+00 +0.0000e+00 +0.0000e+00 +0.0000e+00 +0.0000e+00 +0.0000e+00 +0.0000e+00 +0.0000e+00 +0.0000e+00 +0.0000e+00
15 +3.855174019e+02 +3.855174019e+02 +3.668974019e+02 +3.668974019e+02 +7.0437e-02 -1.2355e-01 +5.4928e-02 -2.2736e-01 -2.8270e-01 +2.6578e-02 -3.4007e-01 -4.4149e-02 -1.9922e-01 -2.6518e-01
17 +3.638937694e+02 +3.638937694e+02 +3.452737694e+02 +3.452737694e+02 +1.5446e-01 +3.7925e-01 -3.4675e-01 -2.8748e-01 -5.8413e-01 +6.8356e-03 -2.2866e-01 +8.8305e-02 -8.8936e-02 -1.6028e-02
31 +3.481127438e+02 +3.481127438e+02 +3.294927438e+02 +3.294927438e+02 +3.7732e-01 +2.1108e-01 +1.4656e-01 -2.4378e-01 -4.1542e-01 +3.0557e-01 -7.2378e-01 +1.2612e-01 -4.3659e-01 -2.0001e-01
45 +3.465833949e+02 +3.465833949e+02 +3.279633949e+02 +3.279633949e+02 +4.2876e-01 +5.1129e-01 -6.5859e-03 -2.3265e-01 -3.6499e-01 +2.3564e-01 -1.1711e+00 -9.6858e-03 -8.7217e-01 -3.1555e-02
59 +3.219160049e+02 +3.219160049e+02 +3.032960049e+02 +3.032960049e+02 -1.2743e-01 +7.8175e-02 +4.0484e-02 +2.8271e-02 -1.9500e-01 +4.4780e-01 -1.3971e+00 +6.4631e-02 -8.0711e-01 -3.2670e-01
66 +3.102964802e+02 +3.102964802e+02 +2.916764802e+02 +2.916764802e+02 +8.0554e-02 +1.3422e-01 -2.8897e-01 +3.3143e-01 +2.9942e-01 +4.2001e-01 -9.7016e-01 +1.5658e-01 -7.0064e-01 -5.3739e-01
71 +2.539789021e+02 +2.539789021e+02 +2.353589021e+02 +2.353589021e+02 +6.4327e-01 +4.7108e-01 -3.2443e-02 +2.4825e-01 -4.7846e-01 +6.1534e-01 -1.3470e+00 +2.3971e-01 -8.9095e-01 -4.4054e-01
124 +2.453437335e+02 +2.453437335e+02 +2.267237335e+02 +2.267237335e+02 +5.4552e-01 +6.3880e-01 -4.0880e-01 +2.2116e-01 +1.4050e-01 +4.3645e-01 -1.9866e+00 +1.0677e-01 -1.9614e-02 -1.2823e+00
138 +2.360323412e+02 +2.360323412e+02 +2.174123412e+02 +2.174123412e+02 +3.0824e-01 +1.3849e+00 -7.3422e-01 +3.8759e-01 +1.4093e-01 +1.0317e+00 -2.2361e+00 +8.4722e-02 +4.2511e-02 -1.1945e+00
140 +2.230849680e+02 +2.230849680e+02 +2.044649680e+02 +2.044649680e+02 +3.2722e-01 +9.7111e-01 -4.3251e-01 +5.5230e-01 +3.7595e-01 +1.3432e+00 -1.9919e+00 -5.7360e-01 +2.0327e-02 -1.6841e+00
146 +2.134969637e+02 +2.134969637e+02 +1.948769637e+02 +1.948769637e+02 +3.8717e-01 +9.4026e-01 -6.9538e-01 +1.4197e-01 +7.0758e-02 +1.8687e+00 -2.2276e+00 -2.3246e-01 -5.1685e-01 -1.6645e+00
158 +1.962484398e+02 +1.962484398e+02 +1.776284398e+02 +1.776284398e+02 +5.7324e-01 +1.9031e+00 -1.4299e+00 +4.7796e-01 -3.6976e-02 +1.8606e+00 -2.5107e+00 -4.2957e-01 -4.8303e-03 -1.0771e+00
174 +1.824366311e+02 +1.824366311e+02 +1.638166311e+02 +1.638166311e+02 -1.2834e-01 +1.2483e+00 -1.7783e+00 -1.4606e-02 +5.4324e-02 +1.8631e+00 -3.1051e+00 -9.3598e-02 +4.0069e-01 -2.0934e+00
179 +1.806108985e+02 +1.806108985e+02 +1.619908985e+02 +1.619908985e+02 +7.7519e-03 +1.2413e+00 -1.1863e+00 +5.7855e-01 +5.1138e-01 +2.3760e+00 -2.8997e+00 -4.9324e-01 +2.0401e-01 -1.8405e+00
186 +1.595755134e+02 +1.595755134e+02 +1.409555134e+02 +1.409555134e+02 +6.5835e-01 +1.2376e+00 -1.6056e+00 +1.1935e+00 +3.8527e-01 +2.4592e+00 -3.3682e+00 -6.4796e-01 +7.8320e-01 -2.3344e+00
199 +1.277956268e+02 +1.277956268e+02 +1.091756268e+02 +1.091756268e+02 +1.5849e+00 +1.4135e+00 -1.6743e+00 +9.6326e-01 +7.5524e-01 +3.0986e+00 -3.3494e+00 -6.7525e-01 +6.6637e-01 -2.5899e+00
202 +1.217600433e+02 +1.217600433e+02 +1.031400433e+02 +1.031400433e+02 +7.3419e-01 +1.6822e+00 -1.7800e+00 +7.3595e-01 +7.3301e-01 +2.3367e+00 -3.1915e+00 -4.3205e-01 +1.2882e+00 -2.3364e+00
253 +1.161640615e+02 +1.161640615e+02 +9.754406147e+01 +9.754406147e+01 +1.0424e+00 +2.0499e+00 -2.3344e+00 +1.3165e+00 +1.8795e-01 +2.7862e+00 -4.1317e+00 +2.5356e-01 +1.8116e+00 -2.7111e+00
307 +8.385125687e+01 +8.385125687e+01 +6.523125687e+01 +6.523125687e+01 +3.5513e-01 +2.0701e+00 -1.7518e+00 +1.2510e+00 -6.1313e-01 +2.4678e+00 -3.5470e+00 -7.3241e-01 +1.8806e+00 -2.8391e+00
339 +7.865162689e+01 +7.865162689e+01 +6.003162689e+01 +6.003162689e+01 +9.1968e-01 +1.0576e+00 -1.5762e+00 +1.7436e+00 -1.2175e+00 +2.9298e+00 -4.7233e+00 -8.3665e-01 +1.0072e+00 -3.1047e+00
350 +7.606569925e+01 +7.606569925e+01 +5.744569925e+01 +5.744569925e+01 +1.2691e+00 +1.3822e+00 -9.1814e-01 +1.3520e+00 -6.9865e-01 +3.2622e+00 -4.1249e+00 -7.2526e-01 +1.2554e+00 -2.9450e+00
410 +6.403256976e+01 +6.403256976e+01 +4.541256976e+01 +4.541256976e+01 +1.5564e+00 +1.3115e+00 -8.7531e-01 +2.3663e+00 -1.1477e+00 +1.9336e+00 -4.4148e+00 +3.9068e-01 +1.9855e+00 -3.7736e+00
1360 +5.785210078e+01 +5.785210078e+01 +3.923210078e+01 +3.923210078e+01 +1.4689e+00 +1.3421e+00 +2.1670e+00 +3.2645e+00 -1.0906e-01 +2.5074e+00 -4.0237e+00 -6.2729e-01 +3.8028e+00 -4.3839e+00
1616 +4.956404452e+01 +4.956404452e+01 +3.094404452e+01 +3.094404452e+01 +2.2541e+00 +7.5742e-01 +9.4449e-01 +3.4346e+00 -8.3860e-01 +2.1529e+00 -3.6341e+00 -6.4744e-01 +3.4953e+00 -3.8357e+00
1769 +4.544841223e+01 +4.544841223e+01 +2.682841223e+01 +2.682841223e+01 +2.5207e+00 +1.2992e+00 +5.4210e-01 +3.4645e+00 -1.0430e+00 +2.2777e+00 -3.6803e+00 -2.8404e-01 +3.7176e+00 -4.6988e+00
1781 +3.768733682e+01 +3.768733682e+01 +1.906733682e+01 +1.906733682e+01 +2.5185e+00 +1.3177e+00 +4.2460e-01 +3.4520e+00 -1.0610e+00 +2.2376e+00 -3.6598e+00 -2.3593e-01 +3.9430e+00 -4.5158e+00
1861 +3.446224948e+01 +3.446224948e+01 +1.584224948e+01 +1.584224948e+01 +2.6119e+00 +1.3285e+00 +4.5880e-01 +3.4972e+00 -1.0255e+00 +2.1757e+00 -3.7391e+00 -2.2441e-01 +3.8287e+00 -4.4948e+00
1866 +3.310390995e+01 +3.310390995e+01 +1.448390995e+01 +1.448390995e+01 +2.6309e+00 +1.2971e+00 +3.7334e-01 +3.5408e+00 -1.0025e+00 +2.2127e+00 -3.8091e+00 -2.5134e-01 +3.8252e+00 -4.5505e+00
1869 +3.194706595e+01 +3.194706595e+01 +1.332706595e+01 +1.332706595e+01 +2.6354e+00 +1.3009e+00 +5.0656e-01 +3.5456e+00 -9.9639e-01 +2.2212e+00 -3.6549e+00 -3.0390e-01 +3.8874e+00 -4.5403e+00
1872 +2.991729368e+01 +2.991729368e+01 +1.129729368e+01 +1.129729368e+01 +2.6382e+00 +1.3446e+00 +4.0335e-01 +3.4837e+00 -1.0509e+00 +2.1420e+00 -3.7425e+00 -2.4211e-01 +3.7905e+00 -4.5417e+00
1874 +2.500895980e+01 +2.500895980e+01 +6.388959803e+00 +6.388959803e+00 +2.6145e+00 +1.2977e+00 +3.9857e-01 +3.5008e+00 -1.0354e+00 +2.1851e+00 -3.6681e+00 -3.2375e-01 +3.8813e+00 -4.5829e+00
1901 +2.272293234e+01 +2.272293234e+01 +4.102932339e+00 +4.102932339e+00 +2.6792e+00 +1.3652e+00 +4.0737e-01 +3.5138e+00 -1.0385e+00 +2.1300e+00 -3.7290e+00 -4.0887e-01 +3.9134e+00 -4.5836e+00
1916 +2.092279526e+01 +2.092279526e+01 +2.302795260e+00 +2.302795260e+00 +2.6461e+00 +1.3456e+00 +4.0066e-01 +3.5055e+00 -1.0120e+00 +2.2004e+00 -3.7087e+00 -3.5283e-01 +3.8854e+00 -4.5867e+00
1933 +1.997204425e+01 +1.997204425e+01 +1.352044245e+00 +1.352044245e+00 +2.6680e+00 +1.3283e+00 +3.8999e-01 +3.4664e+00 -1.0359e+00 +2.1697e+00 -3.7326e+00 -3.6139e-01 +3.8629e+00 -4.5573e+00
1956 +1.977263057e+01 +1.977263057e+01 +1.152630570e+00 +1.152630570e+00 +2.6523e+00 +1.3739e+00 +4.0847e-01 +3.4802e+00 -1.0507e+00 +2.1593e+00 -3.6981e+00 -4.5959e-01 +3.9497e+00 -4.5681e+00
1960 +1.824609819e+01 +1.824609819e+01 -3.739018065e-01 -3.739018065e-01 +2.6764e+00 +1.3753e+00 +4.5144e-01 +3.4416e+00 -1.0576e+00 +2.1479e+00 -3.7408e+00 -3.9394e-01 +3.8684e+00 -4.5693e+00
1969 +1.703111660e+01 +1.703111660e+01 -1.588883398e+00 -1.588883398e+00 +2.6535e+00 +1.3998e+00 +4.1568e-01 +3.4271e+00 -1.0529e+00 +2.1516e+00 -3.6781e+00 -4.6252e-01 +3.8751e+00 -4.6520e+00
1976 +1.676334701e+01 +1.676334701e+01 -1.856652994e+00 -1.856652994e+00 +2.6424e+00 +1.3413e+00 +4.2785e-01 +3.4248e+00 -1.0654e+00 +2.1550e+00 -3.6794e+00 -4.1144e-01 +3.8237e+00 -4.6631e+00
1977 +1.653775760e+01 +1.653775760e+01 -2.082242403e+00 -2.082242403e+00 +2.6739e+00 +1.4191e+00 +4.0721e-01 +3.4394e+00 -1.0415e+00 +2.1469e+00 -3.6764e+00 -3.7813e-01 +3.8951e+00 -4.6061e+00
1981 +1.527104179e+01 +1.527104179e+01 -3.348958206e+00 -3.348958206e+00 +2.6568e+00 +1.3769e+00 +4.0488e-01 +3.4295e+00 -1.0773e+00 +2.1541e+00 -3.7267e+00 -3.6430e-01 +3.8699e+00 -4.5834e+00
1991 +1.289863685e+01 +1.289863685e+01 -5.721363154e+00 -5.721363154e+00 +2.6499e+00 +1.4123e+00 +4.0279e-01 +3.3651e+00 -1.0892e+00 +2.1588e+00 -3.6792e+00 -4.0952e-01 +3.8840e+00 -4.6336e+00
2014 +1.252847501e+01 +1.252847501e+01 -6.091524986e+00 -6.091524986e+00 +2.6076e+00 +1.3935e+00 +3.9593e-01 +3.3861e+00 -1.0754e+00 +2.1778e+00 -3.6651e+00 -4.2405e-01 +3.8804e+00 -4.6237e+00
2075 +1.225530170e+01 +1.225530170e+01 -6.364698305e+00 -6.364698305e+00 +2.6107e+00 +1.3892e+00 +4.1514e-01 +3.3578e+00 -1.0771e+00 +2.1977e+00 -3.6868e+00 -4.2177e-01 +3.8558e+00 -4.6354e+00
2085 +1.189031282e+01 +1.189031282e+01 -6.729687179e+00 -6.729687179e+00 +2.6311e+00 +1.3957e+00 +4.0843e-01 +3.3725e+00 -1.0843e+00 +2.2042e+00 -3.6633e+00 -4.3311e-01 +3.8621e+00 -4.6390e+00
2113 +1.163164762e+01 +1.163164762e+01 -6.988352377e+00 -6.988352377e+00 +2.6413e+00 +1.4009e+00 +3.9835e-01 +3.3829e+00 -1.0989e+00 +2.1847e+00 -3.6879e+00 -3.9658e-01 +3.8759e+00 -4.6361e+00
2142 +1.128670273e+01 +1.128670273e+01 -7.333297275e+00 -7.333297275e+00 +2.6382e+00 +1.3840e+00 +4.0357e-01 +3.3986e+00 -1.0930e+00 +2.2032e+00 -3.6789e+00 -3.9437e-01 +3.8825e+00 -4.6314e+00
2209 +1.117473625e+01 +1.117473625e+01 -7.445263750e+00 -7.445263750e+00 +2.6258e+00 +1.3892e+00 +4.0816e-01 +3.3873e+00 -1.0971e+00 +2.2123e+00 -3.6767e+00 -4.0943e-01 +3.8664e+00 -4.6365e+00
2508 +1.096004704e+01 +1.096004704e+01 -7.659952960e+00 -7.659952960e+00 +2.6146e+00 +1.3908e+00 +4.0771e-01 +3.3808e+00 -1.0984e+00 +2.2173e+00 -3.6752e+00 -4.1492e-01 +3.8826e+00 -4.6292e+00
% function evaluation | noise-free fitness - Fopt (2.764000000000e+01) | best noise-free fitness - Fopt | measured fitness | best measured fitness | x1 | x2...
1 +5.015405875e+02 +5.015405875e+02 +5.291805875e+02 +5.291805875e+02 +0.0000e+00 +0.0000e+00 +0.0000e+00 +0.0000e+00 +0.0000e+00 +0.0000e+00 +0.0000e+00 +0.0000e+00 +0.0000e+00 +0.0000e+00
4 +4.639507177e+02 +4.639507177e+02 +4.915907177e+02 +4.915907177e+02 +2.1362e-02 -2.1747e-01 -3.3498e-01 -7.1740e-02 +5.2704e-02 +9.5951e-02 +3.2158e-02 -3.2497e-01 -6.5170e-02 -1.4671e-01
18 +4.411415734e+02 +4.411415734e+02 +4.687815734e+02 +4.687815734e+02 -1.4440e-01 -2.2644e-01 -3.3237e-01 +2.9568e-01 -2.4584e-01 +7.3348e-01 -2.5591e-01 -3.1690e-01 -1.6683e-01 -9.1590e-02
19 +4.195009340e+02 +4.195009340e+02 +4.471409340e+02 +4.471409340e+02 +7.0640e-02 -1.1994e-01 -4.5040e-01 +5.6701e-01 +7.4385e-03 +3.3765e-01 -9.1315e-02 -2.7700e-01 -1.1351e-01 -6.1683e-03
26 +3.829583408e+02 +3.829583408e+02 +4.105983408e+02 +4.105983408e+02 +2.0430e-01 -1.3923e-01 -5.5169e-01 +3.8907e-01 -1.5818e-01 +6.9285e-01 -9.8889e-02 -2.3638e-01 -1.7611e-01 +9.8916e-02
37 +3.655734887e+02 +3.655734887e+02 +3.932134887e+02 +3.932134887e+02 +4.9519e-01 -8.8435e-02 -8.0213e-01 +6.7792e-01 -2.9490e-02 +6.6533e-01 -6.6701e-02 -2.7681e-01 -1.2745e-01 +5.8814e-02
38 +3.556845974e+02 +3.556845974e+02 +3.833245974e+02 +3.833245974e+02 +5.0989e-01 -7.4887e-01 -7.4984e-01 +3.5004e-01 +1.2899e-01 +6.5274e-01 -1.9187e-01 -1.8505e-01 -3.4558e-01 +3.6712e-01
39 +3.146361779e+02 +3.146361779e+02 +3.422761779e+02 +3.422761779e+02 -5.2279e-02 +2.4019e-02 -1.0367e+00 +7.9689e-01 -2.5259e-01 +8.2803e-01 -4.5518e-01 -4.7366e-01 +4.0329e-02 -2.3520e-01
42 +2.903613627e+02 +2.903613627e+02 +3.180013627e+02 +3.180013627e+02 +2.3320e-01 -4.7858e-01 -1.7440e+00 +6.1423e-01 -1.7918e-02 +4.1751e-01 -2.2048e-01 -2.1402e-01 -6.6631e-01 -6.1511e-02
51 +2.810396864e+02 +2.810396864e+02 +3.086796864e+02 +3.086796864e+02 +5.2458e-01 -2.1279e-01 -1.3800e+00 +8.3817e-01 -2.9871e-02 +1.2988e+00 +1.1936e-01 -8.1210e-01 -4.7480e-01 +3.6957e-02
52 +2.210678996e+02 +2.210678996e+02 +2.487078996e+02 +2.487078996e+02 +7.2448e-01 -3.5465e-01 -1.3172e+00 +5.0338e-01 -1.8095e-01 +9.8358e-01 -5.0032e-01 -7.9959e-01 -4.8683e-01 +1.5551e-01
59 +2.114543761e+02 +2.114543761e+02 +2.390943761e+02 +2.390943761e+02 +9.3603e-01 -2.2090e-01 -1.6257e+00 +3.5832e-01 +4.0144e-01 +5.2933e-01 +1.0169e-01 -6.1317e-01 -5.1670e-01 -3.4309e-01
65 +1.882135936e+02 +1.882135936e+02 +2.158535936e+02 +2.158535936e+02 +9.0888e-01 +2.9622e-02 -2.0165e+00 +4.8738e-01 +1.2528e-01 +1.0563e+00 -9.1518e-01 -5.4828e-01 -2.3192e-01 +2.8403e-01
68 +1.592671555e+02 +1.592671555e+02 +1.869071555e+02 +1.869071555e+02 +1.0986e+00 +1.5478e-01 -2.3512e+00 +4.8589e-01 +7.6271e-02 +1.2030e+00 -9.0650e-02 -1.2370e+00 -3.1854e-01 -3.3675e-01
79 +1.573960217e+02 +1.573960217e+02 +1.850360217e+02 +1.850360217e+02 +1.0519e+00 +7.1185e-01 -2.6110e+00 +6.6087e-01 +5.1840e-01 +4.6731e-01 -3.1535e-01 -1.2352e+00 +5.8091e-01 -6.0493e-01
83 +1.398179923e+02 +1.398179923e+02 +1.674579923e+02 +1.674579923e+02 +1.6030e-01 +6.0350e-01 -3.6893e+00 +7.6730e-01 +9.0308e-01 +2.4911e-02 -6.4688e-01 -1.1638e+00 -3.6425e-02 +6.3699e-03
88 +1.285512792e+02 +1.285512792e+02 +1.561912792e+02 +1.561912792e+02 +1.1049e+00 +1.7478e-01 -2.7693e+00 +2.0432e-01 +1.9943e-01 +7.7316e-01 -2.8271e-02 -1.8201e+00 -2.2941e-01 -8.2607e-02
111 +1.192447478e+02 +1.192447478e+02 +1.468847478e+02 +1.468847478e+02 +1.2448e+00 +6.8958e-01 -3.4414e+00 +6.6110e-01 +9.4508e-01 +1.8018e+00 -7.2809e-01 -1.1622e+00 +1.6527e-01 +1.1169e-01
130 +1.080355766e+02 +1.080355766e+02 +1.356755766e+02 +1.356755766e+02 +1.1666e+00 +5.2349e-01 -3.3725e+00 +9.1492e-01 +7.9461e-01 +1.2188e+00 -1.9803e+00 -2.0278e+00 -3.2410e-01 +8.1725e-01
132 +9.444500474e+01 +9.444500474e+01 +1.220850047e+02 +1.220850047e+02 +1.1111e+00 -1.4485e-01 -3.4869e+00 +1.3672e+00 +1.1800e+00 -2.1970e-01 -2.0693e+00 -1.2775e+00 -1.2611e-01 +3.1726e-01
136 +9.324851008e+01 +9.324851008e+01 +1.208885101e+02 +1.208885101e+02 +1.9323e+00 -2.4343e-01 -2.8281e+00 +1.3374e+00 +1.2541e+00 +6.4470e-01 -1.1635e+00 -2.0728e+00 -7.7891e-01 +5.3452e-01
204 +8.076463343e+01 +8.076463343e+01 +1.084046334e+02 +1.084046334e+02 +2.4907e+00 +6.1599e-01 -3.9267e+00 +1.6960e+00 +1.3843e+00 +4.4725e-01 -1.4442e+00 -1.1146e+00 -6.6211e-01 -1.3149e-03
515 +7.809236199e+01 +7.809236199e+01 +1.057323620e+02 +1.057323620e+02 +1.5375e+00 +9.6944e-01 -3.6731e+00 +1.4166e+00 +6.5564e-01 +1.2444e-01 -1.9932e+00 -1.7701e+00 -9.7558e-01 -1.0996e-01
574 +5.990446453e+01 +5.990446453e+01 +8.754446453e+01 +8.754446453e+01 +2.2117e+00 +2.0361e-01 -3.2445e+00 +1.9315e+00 +1.1103e+00 +3.1782e-01 -1.9833e+00 -1.6182e+00 -7.2162e-01 +6.1352e-02
1104 +5.396081297e+01 +5.396081297e+01 +8.160081297e+01 +8.160081297e+01 +1.6941e+00 -1.0148e-01 -4.1316e+00 +2.4872e+00 +1.1756e+00 -1.8933e-01 -1.2594e+00 -1.1849e+00 -1.0221e+00 +7.2217e-01
1114 +5.355702810e+01 +5.355702810e+01 +8.119702810e+01 +8.119702810e+01 +1.6206e+00 -9.2814e-02 -4.1402e+00 +2.4782e+00 +1.2674e+00 -4.1780e-01 -1.1636e+00 -1.1670e+00 -1.0040e+00 +7.0335e-01
1118 +5.167782863e+01 +5.167782863e+01 +7.931782863e+01 +7.931782863e+01 +1.6563e+00 -1.1378e-01 -4.1017e+00 +2.4272e+00 +1.2563e+00 -3.3217e-01 -1.1671e+00 -1.0906e+00 -1.0382e+00 +6.3452e-01
1120 +4.881889473e+01 +4.881889473e+01 +7.645889473e+01 +7.645889473e+01 +1.6728e+00 -1.3453e-01 -4.1707e+00 +2.4819e+00 +1.2134e+00 -2.8467e-01 -1.1636e+00 -1.1244e+00 -1.0566e+00 +6.7995e-01
1133 +4.520593377e+01 +4.520593377e+01 +7.284593377e+01 +7.284593377e+01 +1.5817e+00 -5.4711e-02 -4.1600e+00 +2.4860e+00 +1.2801e+00 -3.6777e-01 -1.1686e+00 -1.1595e+00 -1.0640e+00 +5.7241e-01
1136 +4.182162843e+01 +4.182162843e+01 +6.946162843e+01 +6.946162843e+01 +1.6525e+00 -6.8338e-02 -4.1202e+00 +2.4576e+00 +1.2400e+00 -2.6376e-01 -1.1603e+00 -1.1411e+00 -1.0320e+00 +6.6589e-01
1155 +4.071838868e+01 +4.071838868e+01 +6.835838868e+01 +6.835838868e+01 +1.5757e+00 -4.6758e-02 -4.1102e+00 +2.4845e+00 +1.2914e+00 -2.6910e-01 -1.1101e+00 -1.1924e+00 -1.0200e+00 +6.4418e-01
1163 +3.829242189e+01 +3.829242189e+01 +6.593242189e+01 +6.593242189e+01 +1.5451e+00 -7.9669e-02 -4.1665e+00 +2.5150e+00 +1.2174e+00 -3.3671e-01 -1.1916e+00 -1.1407e+00 -1.0716e+00 +6.6225e-01
1167 +3.646944311e+01 +3.646944311e+01 +6.410944311e+01 +6.410944311e+01 +1.5877e+00 -1.2030e-01 -4.1289e+00 +2.5391e+00 +1.2631e+00 -2.5087e-01 -1.1750e+00 -1.1394e+00 -1.0188e+00 +6.4606e-01
1168 +3.590866088e+01 +3.590866088e+01 +6.354866088e+01 +6.354866088e+01 +1.5724e+00 -9.5584e-02 -4.1527e+00 +2.5389e+00 +1.2632e+00 -2.9736e-01 -1.1783e+00 -1.1326e+00 -1.0477e+00 +6.5875e-01
1214 +3.546149907e+01 +3.546149907e+01 +6.310149907e+01 +6.310149907e+01 +1.5715e+00 -8.8835e-02 -4.1331e+00 +2.5479e+00 +1.2729e+00 -3.4141e-01 -1.0999e+00 -1.1547e+00 -1.0447e+00 +5.9450e-01
1219 +3.452845577e+01 +3.452845577e+01 +6.216845577e+01 +6.216845577e+01 +1.5525e+00 -1.0248e-01 -4.1570e+00 +2.5463e+00 +1.2741e+00 -3.1997e-01 -1.1367e+00 -1.1291e+00 -1.0407e+00 +5.9466e-01
1260 +3.350589837e+01 +3.350589837e+01 +6.114589837e+01 +6.114589837e+01 +1.5753e+00 -9.9756e-02 -4.1438e+00 +2.5111e+00 +1.2412e+00 -3.1552e-01 -1.1200e+00 -1.1508e+00 -1.0325e+00 +6.0775e-01
1304 +3.275640418e+01 +3.275640418e+01 +6.039640418e+01 +6.039640418e+01 +1.5742e+00 -9.2363e-02 -4.1476e+00 +2.5116e+00 +1.2533e+00 -2.5557e-01 -1.1283e+00 -1.1596e+00 -1.0466e+00 +6.1842e-01
1310 +3.221121531e+01 +3.221121531e+01 +5.985121531e+01 +5.985121531e+01 +1.5584e+00 -9.0282e-02 -4.1441e+00 +2.4959e+00 +1.2325e+00 -2.0504e-01 -1.1387e+00 -1.1582e+00 -1.0433e+00 +6.3688e-01
1346 +3.079557902e+01 +3.079557902e+01 +5.843557902e+01 +5.843557902e+01 +1.6088e+00 -8.4967e-02 -4.1296e+00 +2.4702e+00 +1.2393e+00 -1.6057e-01 -1.1084e+00 -1.1764e+00 -1.0566e+00 +6.4949e-01
1357 +3.014536625e+01 +3.014536625e+01 +5.778536625e+01 +5.778536625e+01 +1.5769e+00 -8.4831e-02 -4.1239e+00 +2.4641e+00 +1.2421e+00 -1.3421e-01 -1.0828e+00 -1.1593e+00 -1.0710e+00 +6.4689e-01
1374 +2.935549541e+01 +2.935549541e+01 +5.699549541e+01 +5.699549541e+01 +1.5787e+00 -7.8040e-02 -4.1261e+00 +2.5299e+00 +1.2081e+00 -1.3352e-01 -1.1154e+00 -1.1637e+00 -1.0685e+00 +6.5476e-01
1398 +2.860126903e+01 +2.860126903e+01 +5.624126903e+01 +5.624126903e+01 +1.5836e+00 -6.1299e-02 -4.1407e+00 +2.4946e+00 +1.1968e+00 -1.2701e-01 -1.1053e+00 -1.1652e+00 -1.0740e+00 +6.7369e-01
1537 +2.817184373e+01 +2.817184373e+01 +5.581184373e+01 +5.581184373e+01 +1.5828e+00 -6.8994e-02 -4.1413e+00 +2.4899e+00 +1.2056e+00 -9.9168e-02 -1.1197e+00 -1.1509e+00 -1.0718e+00 +6.5615e-01
% function evaluation | noise-free fitness - Fopt (-1.552000000000e+01) | best noise-free fitness - Fopt | measured fitness | best measured fitness | x1 | x2...
1 +3.393240389e+02 +3.393240389e+02 +3.238040389e+02 +3.238040389e+02 +0.0000e+00 +0.0000e+00 +0.0000e+00 +0.0000e+00 +0.0000e+00 +0.0000e+00 +0.0000e+00 +0.0000e+00 +0.0000e+00 +0.0000e+00
2 +3.316347217e+02 +3.316347217e+02 +3.161147217e+02 +3.161147217e+02 +2.0636e-01 +3.5816e-01 +5.2866e-01 +3.1841e-01 +3.1915e-01 -2.6326e-01 +1.7911e-01 +1.1600e-01 +2.3640e-01 -5.5867e-01
4 +3.204092042e+02 +3.204092042e+02 +3.048892042e+02 +3.048892042e+02 -1.4797e-01 +6.2221e-02 +1.1072e-02 +1.4403e-01 -1.7306e-01 -3.3980e-02 +1.5580e-01 +2.3219e-02 -3.6772e-01 +1.4296e-01
6 +3.068956011e+02 +3.068956011e+02 +2.913756011e+02 +2.913756011e+02 +2.4259e-01 -4.0335e-02 +1.0863e-01 +7.4754e-02 -3.0455e-02 +5.1480e-03 -1.5213e-01 +6.3615e-02 +2.3122e-01 -2.7956e-01
51 +2.985371875e+02 +2.985371875e+02 +2.830171875e+02 +2.830171875e+02 -8.2461e-02 -1.4875e-01 +1.0590e-01 +2.1587e-01 -2.7038e-01 -1.7456e-01 +1.5335e-01 +5.1853e-01 -3.7947e-01 +3.7215e-01
90 +2.927635566e+02 +2.927635566e+02 +2.772435566e+02 +2.772435566e+02 -2.6479e-02 -2.6686e-01 +1.1740e-01 +3.9640e-01 -3.0956e-01 -1.2974e-01 +1.2052e-01 +3.9559e-01 -2.0241e-01 +3.1573e-01
108 +2.823762671e+02 +2.823762671e+02 +2.668562671e+02 +2.668562671e+02 -2.7607e-01 -1.5851e-01 +5.6410e-01 +4.5135e-01 -1.8640e-01 -1.2540e-01 +4.4734e-01 +4.3325e-01 -3.0835e-01 +3.4281e-01
127 +2.767466710e+02 +2.767466710e+02 +2.612266710e+02 +2.612266710e+02 -1.1154e-01 -1.0226e-01 +5.7036e-01 +3.8679e-01 -3.6355e-01 +4.2167e-02 +5.3390e-01 +2.9231e-01 -3.1732e-01 +3.4877e-01
130 +2.693846242e+02 +2.693846242e+02 +2.538646242e+02 +2.538646242e+02 -2.0975e-01 -1.0491e-01 +3.1422e-01 +5.3494e-01 -2.4430e-01 -1.3906e-01 +4.9671e-01 +4.2531e-01 -3.4805e-01 +3.4086e-01
269 +2.689969597e+02 +2.689969597e+02 +2.534769597e+02 +2.534769597e+02 -1.6503e-01 -1.2467e-01 +2.5271e-01 +5.0085e-01 -1.1165e-01 -4.6035e-01 +3.6427e-01 +5.0580e-01 -3.9299e-01 +3.1047e-01
298 +2.608847445e+02 +2.608847445e+02 +2.453647445e+02 +2.453647445e+02 -1.6680e-01 -7.8014e-02 +2.3905e-01 +4.5238e-01 -1.8817e-01 -3.8112e-01 +3.9198e-01 +5.1242e-01 -4.0395e-01 +2.5599e-01
316 +2.532165681e+02 +2.532165681e+02 +2.376965681e+02 +2.376965681e+02 -2.2971e-01 -2.3648e-02 +2.5086e-01 +5.1038e-01 -1.7016e-01 -3.9491e-01 +3.9377e-01 +5.1536e-01 -4.7468e-01 +2.2808e-01
366 +2.509790142e+02 +2.509790142e+02 +2.354590142e+02 +2.354590142e+02 -2.5145e-01 -2.6293e-02 +2.0321e-01 +4.8898e-01 -1.9375e-01 -3.9683e-01 +3.9369e-01 +5.1878e-01 -4.7121e-01 +2.6536e-01
% function evaluation | noise-free fitness - Fopt (1.000000000000e+03) | best noise-free fitness - Fopt | measured fitness | best measured fitness | x1 | x2...
1 +3.294269894e+02 +3.294269894e+02 +1.329426989e+03 +1.329426989e+03 +0.0000e+00 +0.0000e+00 +0.0000e+00 +0.0000e+00 +0.0000e+00 +0.0000e+00 +0.0000e+00 +0.0000e+00 +0.0000e+00 +0.0000e+00
6 +3.220172516e+02 +3.220172516e+02 +1.322017252e+03 +1.322017252e+03 +3.9944e-01 -3.0324e-01 -3.8341e-02 -2.2918e-01 -4.6113e-02 -1.2675e-01 -1.8381e-03 +7.1073e-02 -2.2073e-01 -4.0956e-01
12 +2.989353582e+02 +2.989353582e+02 +1.298935358e+03 +1.298935358e+03 +9.1265e-02 +4.4166e-02 +4.6842e-03 -4.6514e-01 +9.7601e-02 +3.3150e-01 +3.6851e-02 +9.7533e-03 -4.0787e-01 -2.2209e-01
20 +2.941789584e+02 +2.941789584e+02 +1.294178958e+03 +1.294178958e+03 +2.9615e-01 +3.2549e-01 +3.3503e-02 -1.4449e-01 -1.3010e-01 +2.5514e-01 +9.6545e-02 -3.7135e-01 -3.3961e-01 -2.9749e-01
102 +2.835250653e+02 +2.835250653e+02 +1.283525065e+03 +1.283525065e+03 +5.4676e-01 -4.1240e-01 -1.9434e-01 -6.1127e-01 -3.9965e-01 +6.0470e-01 -8.7817e-01 -5.6424e-01 -6.5709e-01 -5.4287e-01
116 +2.593561997e+02 +2.593561997e+02 +1.259356200e+03 +1.259356200e+03 +4.0932e-01 -3.7462e-01 -1.3718e-01 -1.0110e+00 -6.3014e-01 +1.0269e+00 -8.4316e-01 -1.9374e-01 -3.8088e-01 -3.3464e-01
130 +2.430923451e+02 +2.430923451e+02 +1.243092345e+03 +1.243092345e+03 +2.8449e-01 -9.6535e-01 -4.8626e-02 -9.8323e-01 -1.6271e-01 +6.6518e-01 -1.3344e+00 -3.6586e-01 -1.2448e-01 -1.6798e-01
165 +2.261025873e+02 +2.261025873e+02 +1.226102587e+03 +1.226102587e+03 +2.6868e-02 -1.7106e+00 -6.3264e-01 -9.1488e-01 -1.1836e+00 +6.0259e-01 -1.0071e+00 -6.6339e-01 -2.3549e-01 -1.0357e-01
175 +2.217054493e+02 +2.217054493e+02 +1.221705449e+03 +1.221705449e+03 +4.0193e-01 -1.9626e+00 -6.0654e-01 -1.2430e+00 -9.8580e-01 +4.4935e-01 -1.1069e+00 -4.4178e-01 +2.1549e-01 +5.2253e-02
186 +1.894909864e+02 +1.894909864e+02 +1.189490986e+03 +1.189490986e+03 +1.6377e-01 -1.5419e+00 -8.8832e-01 -1.0746e+00 -1.2881e+00 +6.0118e-01 -2.7139e-01 -5.0294e-01 +3.3154e-01 +5.7846e-01
194 +1.805978902e+02 +1.805978902e+02 +1.180597890e+03 +1.180597890e+03 -9.2611e-02 -1.3204e+00 -1.0258e+00 -1.5870e+00 -1.5500e+00 +1.2109e+00 -6.0973e-01 -3.9406e-01 +5.6293e-01 +6.4039e-01
218 +1.336826777e+02 +1.336826777e+02 +1.133682678e+03 +1.133682678e+03 -6.4646e-01 -1.2511e+00 -8.5937e-01 -1.3087e+00 -2.3027e+00 +3.6838e-01 -6.7422e-01 -5.8033e-01 +7.3741e-01 +1.4431e+00
282 +9.816973957e+01 +9.816973957e+01 +1.098169740e+03 +1.098169740e+03 -1.6794e+00 -3.3367e+00 -7.8412e-01 -2.9871e+00 -2.5274e+00 +3.4517e-01 -6.4624e-02 -5.1063e-01 +1.9968e+00 +3.0166e+00
286 +8.752164632e+01 +8.752164632e+01 +1.087521646e+03 +1.087521646e+03 -3.2464e-01 -3.5666e+00 -1.6183e-01 -2.7336e+00 -2.7949e+00 +1.0620e+00 -7.7450e-01 -1.3098e-01 +2.0707e+00 +3.6194e+00
304 +8.320556007e+01 +8.320556007e+01 +1.083205560e+03 +1.083205560e+03 -1.9267e+00 -2.2870e+00 -9.3928e-01 -2.3017e+00 -2.6861e+00 +1.4995e-01 +4.4843e-01 +1.9786e-01 +1.8466e+00 +2.9291e+00
306 +7.287202088e+01 +7.287202088e+01 +1.072872021e+03 +1.072872021e+03 -2.4202e+00 -3.0159e+00 -1.2088e+00 -2.6200e+00 -2.3784e+00 +5.6712e-01 +6.2408e-02 +4.9231e-01 +1.5206e+00 +2.5807e+00
328 +6.916690321e+01 +6.916690321e+01 +1.069166903e+03 +1.069166903e+03 -2.3353e+00 -4.1446e+00 -6.6159e-01 -2.4041e+00 -3.3670e+00 +7.1722e-01 +4.8673e-01 -1.3696e-02 -6.3683e-01 +3.4963e+00
774 +6.369252287e+01 +6.369252287e+01 +1.063692523e+03 +1.063692523e+03 -1.9498e+00 -2.1726e+00 +1.3446e-01 -3.0480e+00 -3.0880e+00 +1.3872e+00 +2.0828e+00 -4.7309e-01 +1.0699e+00 +3.7510e+00
815 +5.633196400e+01 +5.633196400e+01 +1.056331964e+03 +1.056331964e+03 -1.8809e+00 -2.0109e+00 -2.5626e-01 -2.9474e+00 -2.9623e+00 +1.2175e+00 +2.3933e+00 -5.9576e-01 +9.8320e-01 +3.6090e+00
886 +5.129386340e+01 +5.129386340e+01 +1.051293863e+03 +1.051293863e+03 -1.9201e+00 -2.2011e+00 -5.5738e-01 -2.9601e+00 -3.0884e+00 +1.4617e+00 +2.3922e+00 -7.2171e-01 +6.2018e-01 +3.4664e+00
979 +4.945989783e+01 +4.945989783e+01 +1.049459898e+03 +1.049459898e+03 -2.1374e+00 -2.4493e+00 -3.4275e-01 -2.9821e+00 -3.2710e+00 +1.5685e+00 +1.9609e+00 -6.7510e-01 +6.9396e-01 +3.7431e+00
1005 +4.567676863e+01 +4.567676863e+01 +1.045676769e+03 +1.045676769e+03 -1.9518e+00 -2.3406e+00 -2.1298e-01 -2.9450e+00 -3.1939e+00 +1.6237e+00 +2.1364e+00 -5.0356e-01 +7.6207e-01 +3.5341e+00
1020 +4.334555583e+01 +4.334555583e+01 +1.043345556e+03 +1.043345556e+03 -1.9813e+00 -2.3773e+00 -3.9841e-01 -2.8154e+00 -3.2517e+00 +1.6473e+00 +2.1236e+00 -4.4272e-01 +6.1518e-01 +3.4213e+00
1047 +4.219173174e+01 +4.219173174e+01 +1.042191732e+03 +1.042191732e+03 -2.0154e+00 -2.3530e+00 -3.3719e-01 -3.0159e+00 -3.2916e+00 +1.6087e+00 +2.1620e+00 -4.3869e-01 +5.1737e-01 +3.3135e+00
1056 +3.895933461e+01 +3.895933461e+01 +1.038959335e+03 +1.038959335e+03 -2.0273e+00 -2.3565e+00 -3.8065e-01 -2.9586e+00 -3.2765e+00 +1.5750e+00 +2.1040e+00 -4.7959e-01 +5.5525e-01 +3.4207e+00
1057 +3.754267780e+01 +3.754267780e+01 +1.037542678e+03 +1.037542678e+03 -2.0071e+00 -2.2599e+00 -3.9194e-01 -2.9551e+00 -3.2510e+00 +1.5815e+00 +1.9853e+00 -3.9719e-01 +6.4177e-01 +3.4475e+00
1075 +3.116056867e+01 +3.116056867e+01 +1.031160569e+03 +1.031160569e+03 -1.9513e+00 -2.2048e+00 -3.3734e-01 -2.8956e+00 -3.2814e+00 +1.6236e+00 +1.9826e+00 -4.5399e-01 +6.3923e-01 +3.3572e+00
1084 +2.936782372e+01 +2.936782372e+01 +1.029367824e+03 +1.029367824e+03 -1.9864e+00 -2.2210e+00 -3.6180e-01 -2.8995e+00 -3.2480e+00 +1.6469e+00 +1.9622e+00 -5.0110e-01 +6.0594e-01 +3.3786e+00
1095 +2.739592701e+01 +2.739592701e+01 +1.027395927e+03 +1.027395927e+03 -1.9826e+00 -2.2852e+00 -2.7808e-01 -2.8960e+00 -3.2365e+00 +1.6984e+00 +1.9118e+00 -4.5413e-01 +5.4731e-01 +3.3476e+00
1125 +2.494870967e+01 +2.494870967e+01 +1.024948710e+03 +1.024948710e+03 -1.8703e+00 -2.1824e+00 -3.6077e-01 -2.9412e+00 -3.2030e+00 +1.6512e+00 +1.9669e+00 -4.4369e-01 +6.3385e-01 +3.2320e+00
1204 +2.336211545e+01 +2.336211545e+01 +1.023362115e+03 +1.023362115e+03 -1.8683e+00 -2.1968e+00 -3.0723e-01 -2.9969e+00 -3.2121e+00 +1.6890e+00 +2.0020e+00 -4.3145e-01 +6.0835e-01 +3.2800e+00
1209 +2.115061700e+01 +2.115061700e+01 +1.021150617e+03 +1.021150617e+03 -1.8733e+00 -2.2420e+00 -3.2176e-01 -2.9906e+00 -3.2061e+00 +1.6766e+00 +1.9914e+00 -4.3130e-01 +6.1746e-01 +3.2583e+00
1232 +2.053755656e+01 +2.053755656e+01 +1.020537557e+03 +1.020537557e+03 -1.8664e+00 -2.2417e+00 -3.1905e-01 -3.0129e+00 -3.1951e+00 +1.6914e+00 +2.0025e+00 -4.1327e-01 +6.1468e-01 +3.2608e+00
1263 +2.021418468e+01 +2.021418468e+01 +1.020214185e+03 +1.020214185e+03 -1.8957e+00 -2.2421e+00 -3.1725e-01 -3.0047e+00 -3.1897e+00 +1.7109e+00 +2.0013e+00 -4.0692e-01 +6.0407e-01 +3.2595e+00
1295 +1.987769493e+01 +1.987769493e+01 +1.019877695e+03 +1.019877695e+03 -1.8989e+00 -2.2574e+00 -3.0997e-01 -3.0064e+00 -3.1973e+00 +1.7244e+00 +2.0188e+00 -3.6925e-01 +5.9568e-01 +3.2642e+00
1322 +1.946066756e+01 +1.946066756e+01 +1.019460668e+03 +1.019460668e+03 -1.9009e+00 -2.2657e+00 -3.2122e-01 -2.9995e+00 -3.2087e+00 +1.7237e+00 +2.0180e+00 -3.9402e-01 +6.0620e-01 +3.2749e+00
1403 +1.902487380e+01 +1.902487380e+01 +1.019024874e+03 +1.019024874e+03 -1.9017e+00 -2.2706e+00 -3.1146e-01 -2.9973e+00 -3.2228e+00 +1.7274e+00 +2.0227e+00 -3.7860e-01 +5.9397e-01 +3.2660e+00
% function evaluation | noise-free fitness - Fopt (-3.030200000000e+02) | best noise-free fitness - Fopt | measured fitness | best measured fitness | x1 | x2...
1 +4.759440424e+02 +4.759440424e+02 +1.729240424e+02 +1.729240424e+02 +0.0000e+00 +0.0000e+00 +0.0000e+00 +0.0000e+00 +0.0000e+00 +0.0000e+00 +0.0000e+00 +0.0000e+00 +0.0000e+00 +0.0000e+00
3 +4.461537690e+02 +4.461537690e+02 +1.431337690e+02 +1.431337690e+02 +5.6865e-03 -1.1109e-01 -2.5124e-01 -1.5988e-01 +4.3358e-01 +8.7154e-02 -6.7225e-02 -8.3682e-03 -1.5453e-01 +2.6981e-01
9 +4.324798263e+02 +4.324798263e+02 +1.294598263e+02 +1.294598263e+02 -1.0726e-01 +1.8243e-01 +3.6772e-01 -2.3141e-02 +2.2503e-01 +1.9143e-01 -2.0977e-01 +1.4437e-02 +4.7864e-01 +1.9168e-01
19 +3.494490563e+02 +3.494490563e+02 +4.642905625e+01 +4.642905625e+01 -3.8898e-01 -5.7552e-02 +5.2746e-01 -3.9404e-01 +2.4153e-01 +1.4773e-01 -1.1987e-01 -2.9946e-01 -3.1316e-01 +3.0960e-01
34 +3.254979598e+02 +3.254979598e+02 +2.247795976e+01 +2.247795976e+01 -9.3582e-01 +1.6873e-01 +3.8571e-01 -8.4832e-02 +2.0929e-01 -4.7262e-01 +2.2991e-01 -1.1971e-02 -4.8029e-01 -2.6945e-01
39 +3.217352508e+02 +3.217352508e+02 +1.871525078e+01 +1.871525078e+01 -7.3980e-01 +3.2762e-01 +4.0414e-01 -1.8571e-01 +3.8839e-01 -2.1737e-01 -6.7028e-02 -1.2065e-01 -1.9423e-01 -3.6858e-01
46 +3.026596172e+02 +3.026596172e+02 -3.603828334e-01 -3.603828334e-01 -7.0258e-01 +6.0898e-01 +3.2711e-01 -1.5495e-01 +6.2345e-01 -3.3494e-01 +6.5296e-02 +3.0718e-02 -3.7647e-01 -6.1816e-01
52 +2.845024922e+02 +2.845024922e+02 -1.851750782e+01 -1.851750782e+01 -1.0614e+00 +8.6885e-01 +5.1564e-01 +2.0424e-01 +2.0442e-01 +5.3789e-02 +3.5665e-01 +7.2577e-01 -4.1230e-01 -8.2101e-01
56 +2.805751532e+02 +2.805751532e+02 -2.244484681e+01 -2.244484681e+01 -8.8183e-01 +4.7103e-01 +4.9739e-01 +7.2543e-02 +5.3968e-01 -2.9976e-01 +6.2273e-01 +1.1614e-02 -2.7875e-01 -1.0642e+00
62 +2.273796275e+02 +2.273796275e+02 -7.564037249e+01 -7.564037249e+01 -1.6661e+00 +8.3855e-01 +3.9383e-01 +1.0308e-01 +4.7732e-01 -4.7096e-01 +3.2356e-01 +2.5088e-01 -6.8090e-01 -9.0254e-01
66 +1.601921068e+02 +1.601921068e+02 -1.428278932e+02 -1.428278932e+02 -1.4088e+00 +6.3034e-01 +7.3154e-01 +2.9819e-01 +9.0395e-01 -4.5420e-01 -4.6216e-01 +3.9357e-01 -8.3445e-01 -1.2815e+00
76 +1.425665458e+02 +1.425665458e+02 -1.604534542e+02 -1.604534542e+02 -2.1187e+00 +1.2643e+00 +4.7208e-01 +1.1868e-01 +1.3343e+00 -1.6393e+00 -4.3125e-01 +1.1120e+00 -9.6404e-01 -3.8574e-01
93 +1.363326315e+02 +1.363326315e+02 -1.666873685e+02 -1.666873685e+02 -4.6916e+00 -9.0032e-01 +1.5790e-01 +5.1442e-01 +1.1282e+00 -1.8728e+00 -6.7261e-01 +7.4036e-01 -1.2827e+00 -1.6770e+00
149 +1.329010811e+02 +1.329010811e+02 -1.701189189e+02 -1.701189189e+02 -4.9442e+00 +1.7794e+00 +2.3955e+00 +3.9742e-01 +9.9974e-01 -1.4064e+00 -1.0462e-02 +1.3610e+00 -1.6226e+00 -1.0451e+00
158 +1.020652050e+02 +1.020652050e+02 -2.009547950e+02 -2.009547950e+02 -4.5875e+00 +7.6422e-01 +2.7917e+00 -2.2831e-01 +2.5043e+00 -1.4275e+00 -1.5089e-01 +6.1180e-01 -2.3161e+00 -1.8181e+00
209 +8.632016503e+01 +8.632016503e+01 -2.166998350e+02 -2.166998350e+02 -3.1922e+00 +1.7225e+00 +2.9845e+00 -1.9717e-01 +1.4974e+00 -9.9993e-02 -7.0136e-01 +2.2335e+00 -2.2453e+00 -1.6863e+00
375 +8.294786531e+01 +8.294786531e+01 -2.200721347e+02 -2.200721347e+02 -4.3818e+00 -1.7134e+00 +2.2122e+00 -4.1171e+00 +3.9145e+00 -1.0710e+00 -3.0348e+00 -4.7000e-01 -2.0205e+00 +2.1800e-03
413 +6.299139987e+01 +6.299139987e+01 -2.400286001e+02 -2.400286001e+02 -3.3000e+00 -2.2815e+00 +1.4570e+00 -3.4376e+00 +2.7801e+00 -1.0698e+00 -3.5484e+00 -2.7866e-01 -2.3128e+00 -9.1173e-01
469 +6.117281994e+01 +6.117281994e+01 -2.418471801e+02 -2.418471801e+02 -4.4706e+00 -2.9235e+00 +2.1583e+00 -3.3567e+00 +2.9093e+00 -1.4868e+00 -2.5787e+00 +4.3844e-02 -1.7228e+00 -7.8522e-01
502 +4.851345799e+01 +4.851345799e+01 -2.545065420e+02 -2.545065420e+02 -4.1459e+00 -1.8448e+00 +2.4213e+00 -3.8317e+00 +3.6499e+00 -1.0839e+00 -2.3516e+00 -4.6888e-01 -1.5484e+00 -1.0188e+00
1315 +4.325831132e+01 +4.325831132e+01 -2.597616887e+02 -2.597616887e+02 -3.9280e+00 -5.0691e-01 +1.3380e+00 -3.5570e+00 +2.0852e+00 -1.1340e+00 -9.2233e-01 -9.0918e-01 -2.2862e+00 -6.6413e-01
1323 +2.511262816e+01 +2.511262816e+01 -2.779073718e+02 -2.779073718e+02 -3.9113e+00 -5.5915e-01 +1.2733e+00 -3.5303e+00 +1.9745e+00 -1.1313e+00 -9.4784e-01 -9.0169e-01 -2.2641e+00 -6.5388e-01
1396 +2.071741020e+01 +2.071741020e+01 -2.823025898e+02 -2.823025898e+02 -3.9036e+00 -5.7530e-01 +1.2157e+00 -3.4879e+00 +2.0339e+00 -1.1620e+00 -9.7218e-01 -9.3398e-01 -2.2434e+00 -6.8753e-01
1426 +2.034903614e+01 +2.034903614e+01 -2.826709639e+02 -2.826709639e+02 -3.8803e+00 -5.5687e-01 +1.2321e+00 -3.4992e+00 +2.0331e+00 -1.1577e+00 -9.4691e-01 -9.0740e-01 -2.2158e+00 -6.4653e-01
1497 +1.958309033e+01 +1.958309033e+01 -2.834369097e+02 -2.834369097e+02 -3.8930e+00 -5.2472e-01 +1.2408e+00 -3.4817e+00 +1.9940e+00 -1.1733e+00 -9.4586e-01 -9.0772e-01 -2.1987e+00 -6.2849e-01
1506 +1.852962985e+01 +1.852962985e+01 -2.844903702e+02 -2.844903702e+02 -3.9104e+00 -5.6718e-01 +1.2494e+00 -3.4648e+00 +1.9945e+00 -1.1720e+00 -9.6961e-01 -8.8920e-01 -2.1846e+00 -6.5464e-01
1514 +1.774013179e+01 +1.774013179e+01 -2.852798682e+02 -2.852798682e+02 -3.9082e+00 -5.5394e-01 +1.2485e+00 -3.4882e+00 +1.9672e+00 -1.1929e+00 -9.5280e-01 -8.9679e-01 -2.1658e+00 -6.5056e-01
1532 +1.723041979e+01 +1.723041979e+01 -2.857895802e+02 -2.857895802e+02 -3.9034e+00 -5.2571e-01 +1.2416e+00 -3.4708e+00 +2.0257e+00 -1.1941e+00 -1.0036e+00 -8.7532e-01 -2.1674e+00 -6.6294e-01
1542 +1.691267714e+01 +1.691267714e+01 -2.861073229e+02 -2.861073229e+02 -3.9102e+00 -5.4452e-01 +1.2416e+00 -3.5036e+00 +1.9801e+00 -1.1926e+00 -9.7240e-01 -8.5308e-01 -2.1671e+00 -6.5756e-01
1548 +1.637905108e+01 +1.637905108e+01 -2.866409489e+02 -2.866409489e+02 -3.9039e+00 -5.6907e-01 +1.2349e+00 -3.4814e+00 +1.9895e+00 -1.1939e+00 -9.6745e-01 -8.6635e-01 -2.1806e+00 -6.7206e-01
1568 +1.621055705e+01 +1.621055705e+01 -2.868094430e+02 -2.868094430e+02 -3.9159e+00 -5.8213e-01 +1.2143e+00 -3.5058e+00 +1.9688e+00 -1.1831e+00 -9.7133e-01 -8.3826e-01 -2.1459e+00 -6.7568e-01
1609 +1.568473881e+01 +1.568473881e+01 -2.873352612e+02 -2.873352612e+02 -3.9081e+00 -5.8439e-01 +1.2207e+00 -3.4884e+00 +2.0337e+00 -1.1975e+00 -9.8536e-01 -8.3020e-01 -2.1473e+00 -6.6563e-01
1615 +1.537276066e+01 +1.537276066e+01 -2.876472393e+02 -2.876472393e+02 -3.9069e+00 -5.9480e-01 +1.2099e+00 -3.4976e+00 +2.0357e+00 -1.2113e+00 -9.9685e-01 -8.3666e-01 -2.1498e+00 -6.7677e-01
1636 +1.512795223e+01 +1.512795223e+01 -2.878920478e+02 -2.878920478e+02 -3.9162e+00 -6.2184e-01 +1.2012e+00 -3.5094e+00 +2.0290e+00 -1.2244e+00 -1.0147e+00 -8.2771e-01 -2.1153e+00 -6.6726e-01
1656 +1.465732977e+01 +1.465732977e+01 -2.883626702e+02 -2.883626702e+02 -3.9194e+00 -6.1145e-01 +1.1925e+00 -3.4952e+00 +2.0330e+00 -1.2227e+00 -9.9246e-01 -8.1264e-01 -2.1021e+00 -6.8301e-01
1771 +1.410872804e+01 +1.410872804e+01 -2.889112720e+02 -2.889112720e+02 -3.9125e+00 -6.0910e-01 +1.2043e+00 -3.4983e+00 +2.0451e+00 -1.2278e+00 -1.0172e+00 -7.9985e-01 -2.0890e+00 -6.7335e-01
% function evaluation | noise-free fitness - Fopt (4.731200000000e+02) | best noise-free fitness - Fopt | measured fitness | best measured fitness | x1 | x2...
1 +2.385693150e+02 +2.385693150e+02 +7.116893150e+02 +7.116893150e+02 +0.0000e+00 +0.0000e+00 +0.0000e+00 +0.0000e+00 +0.0000e+00 +0.0000e+00 +0.0000e+00 +0.0000e+00 +0.0000e+00 +0.0000e+00
2 +1.801531360e+02 +1.801531360e+02 +6.532731360e+02 +6.532731360e+02 +6.0600e-02 +4.1416e-02 -3.6174e-01 -2.9658e-01 +4.4798e-02 +4.0036e-01 -2.8139e-03 -2.6036e-01 +1.0593e-01 +6.2080e-02
3 +1.703205956e+02 +1.703205956e+02 +6.434405956e+02 +6.434405956e+02 -1.5878e-01 -7.9662e-02 +4.8268e-03 +6.3365e-02 -1.8870e-01 +5.2214e-02 +1.9894e-01 -1.5305e-02 +1.2627e-01 -1.8288e-01
22 +1.482410262e+02 +1.482410262e+02 +6.213610262e+02 +6.213610262e+02 +4.2938e-01 -1.4042e-01 -3.0041e-01 -4.8329e-01 -1.7758e-01 -7.9175e-02 +3.0315e-01 +3.1475e-01 +1.2979e-01 -2.5528e-01
50 +1.430084954e+02 +1.430084954e+02 +6.161284954e+02 +6.161284954e+02 +6.9204e-01 -2.4927e-01 -1.0561e-01 -3.0767e-01 -5.8244e-01 -5.3878e-01 +7.3258e-01 -3.4923e-02 +5.7402e-02 -1.8818e-01
105 +1.365986701e+02 +1.365986701e+02 +6.097186701e+02 +6.097186701e+02 +1.1834e+00 -3.5051e-01 -4.0691e-01 -5.5076e-01 -2.6225e-01 -6.5795e-01 +1.0192e+00 -7.9510e-02 -1.8891e-01 -3.8966e-01
140 +1.328294098e+02 +1.328294098e+02 +6.059494098e+02 +6.059494098e+02 +9.2575e-01 -4.0071e-01 -2.3905e-01 -2.4421e-01 -2.6142e-01 -5.1795e-01 +1.0679e+00 -1.7259e-01 -1.0535e-01 -2.4946e-01
157 +1.296909357e+02 +1.296909357e+02 +6.028109357e+02 +6.028109357e+02 +9.5994e-01 -6.6205e-01 -2.2586e-01 -3.6137e-01 -5.2505e-01 -5.2983e-01 +8.3687e-01 -4.1068e-03 -1.0734e-01 -9.8935e-02
193 +9.152379895e+01 +9.152379895e+01 +5.646437989e+02 +5.646437989e+02 +8.0307e-01 -7.5179e-01 -1.8045e-01 -6.6585e-01 -7.4789e-01 -5.7507e-01 +6.4978e-01 +4.9631e-02 +1.7400e-01 -2.2618e-02
473 +9.077145123e+01 +9.077145123e+01 +5.638914512e+02 +5.638914512e+02 +7.2995e-01 -7.0742e-01 -9.7461e-02 -7.7601e-01 -9.1049e-01 -8.8384e-01 +3.5809e-01 +4.0400e-01 -2.4312e-01 -3.5476e-02
479 +8.827998054e+01 +8.827998054e+01 +5.613999805e+02 +5.613999805e+02 +8.0705e-01 -7.7099e-01 -1.1446e-01 -7.6178e-01 -9.3081e-01 -8.6912e-01 +3.3604e-01 +3.9269e-01 -2.1486e-01 -1.4110e-02
526 +8.583721150e+01 +8.583721150e+01 +5.589572115e+02 +5.589572115e+02 +7.6395e-01 -7.4698e-01 -1.4445e-01 -7.7395e-01 -9.0764e-01 -8.7611e-01 +3.5299e-01 +3.9973e-01 -2.2393e-01 -9.4117e-03
537 +8.286694057e+01 +8.286694057e+01 +5.559869406e+02 +5.559869406e+02 +7.9542e-01 -7.0028e-01 -1.3903e-01 -8.1143e-01 -9.0762e-01 -8.7409e-01 +3.6477e-01 +3.9465e-01 -1.8141e-01 +4.1604e-02
548 +8.114740075e+01 +8.114740075e+01 +5.542674007e+02 +5.542674007e+02 +8.1784e-01 -6.3642e-01 -1.7215e-01 -8.5758e-01 -8.9272e-01 -9.1200e-01 +3.5240e-01 +4.3738e-01 -1.9391e-01 +2.5120e-02
554 +7.816713505e+01 +7.816713505e+01 +5.512871351e+02 +5.512871351e+02 +7.9600e-01 -6.1223e-01 -1.4581e-01 -8.3118e-01 -9.0358e-01 -8.9563e-01 +3.5271e-01 +4.2893e-01 -2.5560e-01 +8.5673e-02
707 +7.710211737e+01 +7.710211737e+01 +5.502221174e+02 +5.502221174e+02 +8.3109e-01 -5.5449e-01 -1.1219e-01 -8.3592e-01 -9.5702e-01 -9.9748e-01 +3.3583e-01 +3.6680e-01 -2.2228e-01 +1.0644e-01
770 +7.515694978e+01 +7.515694978e+01 +5.482769498e+02 +5.482769498e+02 +8.5537e-01 -6.2140e-01 -1.1150e-01 -8.3688e-01 -9.3535e-01 -1.0238e+00 +3.3139e-01 +3.7955e-01 -2.3661e-01 +1.0627e-01
922 +7.406484943e+01 +7.406484943e+01 +5.471848494e+02 +5.471848494e+02 +8.3927e-01 -5.7581e-01 -1.2770e-01 -8.3124e-01 -9.1027e-01 -1.0395e+00 +3.4745e-01 +3.5266e-01 -2.2245e-01 +8.9947e-02
% function evaluation | noise-free fitness - Fopt (6.842100000000e+02) | best noise-free fitness - Fopt | measured fitness | best measured fitness | x1 | x2...
1 +3.101831413e+02 +3.101831413e+02 +9.943931413e+02 +9.943931413e+02 +0.0000e+00 +0.0000e+00 +0.0000e+00 +0.0000e+00 +0.0000e+00 +0.0000e+00 +0.0000e+00 +0.0000e+00 +0.0000e+00 +0.0000e+00
19 +3.034883874e+02 +3.034883874e+02 +9.876983874e+02 +9.876983874e+02 -5.9113e-02 +5.0322e-01 -2.6072e-01 +2.3405e-01 -3.0473e-01 -9.2508e-02 -2.1049e-01 -1.4247e-01 +3.7732e-01 +1.4906e-02
21 +2.688597133e+02 +2.688597133e+02 +9.530697133e+02 +9.530697133e+02 -2.1852e-01 +2.9018e-01 -1.4636e-01 -9.1534e-02 -1.4613e-01 +2.9398e-01 -1.5985e-01 -1.3804e-01 +5.3319e-01 +2.3234e-01
38 +2.192878127e+02 +2.192878127e+02 +9.034978127e+02 +9.034978127e+02 -3.1409e-01 +2.2968e-01 -8.3498e-03 +7.1437e-02 +2.6001e-01 +4.0087e-01 -3.9839e-01 -2.0709e-01 +6.7546e-01 +5.8303e-01
66 +1.898779963e+02 +1.898779963e+02 +8.740879963e+02 +8.740879963e+02 -3.6102e-01 +2.0105e-01 -2.5724e-01 -5.9258e-01 +7.3760e-01 +9.2165e-01 -2.1929e-01 +3.1430e-01 +1.3212e+00 +1.1395e+00
74 +1.579894172e+02 +1.579894172e+02 +8.421994172e+02 +8.421994172e+02 -1.0528e+00 -3.4259e-01 -3.9484e-01 +2.5595e-02 +1.1420e+00 +1.2703e+00 -4.9381e-01 +5.8341e-01 +1.9177e+00 +1.2798e+00
100 +1.502734150e+02 +1.502734150e+02 +8.344834150e+02 +8.344834150e+02 -9.2095e-01 -5.2107e-01 -2.7148e-01 +8.8583e-02 +9.3401e-01 +3.6805e-01 -3.7376e-01 +3.8819e-01 +1.9862e+00 +1.2467e+00
163 +1.184650847e+02 +1.184650847e+02 +8.026750847e+02 +8.026750847e+02 -3.1272e-01 -2.2100e-01 -3.5983e-01 +4.0159e-01 +1.1101e-01 +1.4992e+00 -5.6150e-02 +2.8977e-01 +3.3450e+00 +1.2095e+00
377 +1.014259286e+02 +1.014259286e+02 +7.856359286e+02 +7.856359286e+02 -1.7363e+00 +3.3929e-02 -8.3719e-01 +1.7645e-01 -9.2888e-01 +1.7746e+00 -2.5737e-01 -2.9223e-01 +3.7935e+00 +1.6602e+00
418 +9.507707871e+01 +9.507707871e+01 +7.792870787e+02 +7.792870787e+02 -1.6388e+00 +1.2404e-01 -6.0929e-01 +5.0748e-01 -8.5858e-01 +1.6667e+00 +7.0136e-02 +1.1383e-02 +3.7882e+00 +1.5608e+00
544 +8.672993273e+01 +8.672993273e+01 +7.709399327e+02 +7.709399327e+02 -1.9406e+00 +3.1843e-01 -9.3506e-01 +4.5351e-01 +1.1971e-01 +1.9018e+00 -2.5478e-01 +8.4228e-01 +2.4213e+00 +2.1756e+00
630 +8.412283391e+01 +8.412283391e+01 +7.683328339e+02 +7.683328339e+02 -2.2818e+00 -7.8078e-02 -1.0271e+00 +8.3489e-01 +9.0031e-01 +1.4049e+00 -3.1055e-01 +9.9070e-01 +2.1612e+00 +2.6004e+00
638 +7.828420611e+01 +7.828420611e+01 +7.624942061e+02 +7.624942061e+02 -2.4113e+00 -7.5778e-02 -1.0557e+00 +5.6873e-01 +7.6816e-01 +1.2972e+00 -4.5602e-01 +8.7989e-01 +2.2054e+00 +2.4244e+00
643 +7.615767015e+01 +7.615767015e+01 +7.603676702e+02 +7.603676702e+02 -2.5038e+00 -1.3341e-01 -9.5131e-01 +6.0797e-01 +5.7470e-01 +1.4459e+00 -5.2917e-01 +1.2051e+00 +1.9595e+00 +2.6187e+00
795 +7.500109349e+01 +7.500109349e+01 +7.592110935e+02 +7.592110935e+02 -3.0456e+00 -2.6199e-03 +4.9125e-02 +4.1710e-01 +9.4231e-01 +1.6585e+00 -2.9152e-01 +1.2172e+00 +2.6970e+00 +3.2174e+00
797 +7.075168036e+01 +7.075168036e+01 +7.549616804e+02 +7.549616804e+02 -2.8800e+00 -1.9077e-01 +3.4877e-02 +4.7744e-01 +9.3394e-01 +1.6232e+00 -2.6552e-01 +1.3289e+00 +2.8208e+00 +3.1032e+00
819 +6.146903337e+01 +6.146903337e+01 +7.456790334e+02 +7.456790334e+02 -2.9683e+00 -1.3911e-01 +5.1881e-02 +3.5599e-01 +1.0774e+00 +1.6089e+00 -2.3652e-01 +1.4090e+00 +2.7070e+00 +3.1766e+00
871 +5.801750919e+01 +5.801750919e+01 +7.422275092e+02 +7.422275092e+02 -2.9952e+00 -1.1732e-01 +9.5379e-03 +4.3428e-01 +1.0495e+00 +1.6040e+00 -2.5150e-01 +1.3912e+00 +2.7269e+00 +3.1283e+00
880 +5.397441462e+01 +5.397441462e+01 +7.381844146e+02 +7.381844146e+02 -2.9757e+00 -6.5204e-02 -4.2258e-02 +4.3603e-01 +9.9765e-01 +1.5894e+00 -2.6878e-01 +1.3343e+00 +2.7175e+00 +3.1527e+00
899 +4.702560049e+01 +4.702560049e+01 +7.312356005e+02 +7.312356005e+02 -2.9413e+00 -1.1102e-01 -6.8835e-02 +3.9171e-01 +9.6624e-01 +1.6431e+00 -3.0537e-01 +1.4025e+00 +2.7020e+00 +3.1729e+00
955 +4.536583522e+01 +4.536583522e+01 +7.295758352e+02 +7.295758352e+02 -2.9922e+00 -1.2193e-01 -1.7192e-03 +3.7944e-01 +9.6102e-01 +1.6291e+00 -2.9362e-01 +1.4501e+00 +2.7096e+00 +3.1401e+00
986 +4.342579150e+01 +4.342579150e+01 +7.276357915e+02 +7.276357915e+02 -2.9872e+00 -6.8901e-02 +2.0910e-02 +3.9719e-01 +9.6978e-01 +1.6222e+00 -3.0252e-01 +1.4493e+00 +2.7149e+00 +3.1784e+00
1013 +4.211470975e+01 +4.211470975e+01 +7.263247097e+02 +7.263247097e+02 -3.0004e+00 -8.0714e-02 -3.8680e-02 +4.0469e-01 +9.6598e-01 +1.6242e+00 -3.2194e-01 +1.4642e+00 +2.7179e+00 +3.1807e+00
1019 +4.148116548e+01 +4.148116548e+01 +7.256911655e+02 +7.256911655e+02 -2.9937e+00 -8.7293e-02 -3.7230e-02 +4.0607e-01 +9.6430e-01 +1.6501e+00 -3.3109e-01 +1.4426e+00 +2.7061e+00 +3.1859e+00
1044 +4.047636516e+01 +4.047636516e+01 +7.246863652e+02 +7.246863652e+02 -3.0039e+00 -8.0368e-02 +8.5313e-03 +3.8614e-01 +9.8541e-01 +1.6326e+00 -3.3077e-01 +1.4696e+00 +2.6965e+00 +3.1788e+00
1075 +3.927341818e+01 +3.927341818e+01 +7.234834182e+02 +7.234834182e+02 -3.0043e+00 -8.8828e-02 -4.1882e-03 +4.1792e-01 +9.7669e-01 +1.6248e+00 -3.6285e-01 +1.5005e+00 +2.6936e+00 +3.1693e+00
1082 +3.866678009e+01 +3.866678009e+01 +7.228767801e+02 +7.228767801e+02 -3.0055e+00 -8.0324e-02 +2.7474e-02 +4.1505e-01 +9.8121e-01 +1.6332e+00 -3.8777e-01 +1.4899e+00 +2.6966e+00 +3.1693e+00
1120 +3.800774536e+01 +3.800774536e+01 +7.222177454e+02 +7.222177454e+02 -2.9967e+00 -8.9312e-02 -1.2433e-02 +4.0109e-01 +9.5370e-01 +1.6543e+00 -3.9408e-01 +1.4830e+00 +2.7065e+00 +3.1639e+00
1274 +3.713780781e+01 +3.713780781e+01 +7.213478078e+02 +7.213478078e+02 -2.9789e+00 -9.9977e-02 -4.0272e-03 +4.1591e-01 +9.5926e-01 +1.6348e+00 -4.0958e-01 +1.4905e+00 +2.7061e+00 +3.1708e+00
% function evaluation | noise-free fitness - Fopt (1.808000000000e+01) | best noise-free fitness - Fopt | measured fitness | best measured fitness | x1 | x2...
1 +3.513821786e+02 +3.513821786e+02 +3.694621786e+02 +3.694621786e+02 +0.0000e+00 +0.0000e+00 +0.0000e+00 +0.0000e+00 +0.0000e+00 +0.0000e+00 +0.0000e+00 +0.0000e+00 +0.0000e+00 +0.0000e+00
2 +2.529698775e+02 +2.529698775e+02 +2.710498775e+02 +2.710498775e+02 -3.1597e-01 -1.0173e-01 +1.9165e-01 +1.9044e-01 -2.1613e-01 -1.6659e-01 +5.6432e-03 +3.0098e-02 -1.8869e-02 +2.1433e-01
10 +2.296158688e+02 +2.296158688e+02 +2.476958688e+02 +2.476958688e+02 +2.3136e-02 +7.3483e-02 +2.7084e-01 +4.5951e-01 -6.7220e-02 -2.0157e-01 -3.7005e-02 -1.5362e-01 +1.5732e-01 +1.2807e-01
13 +2.101780608e+02 +2.101780608e+02 +2.282580608e+02 +2.282580608e+02 -3.6031e-01 +5.5082e-02 +2.4509e-01 +2.9278e-01 -1.1510e-01 -2.2846e-01 +2.6874e-02 +4.2198e-02 +1.5050e-01 +1.9896e-01
33 +2.027233437e+02 +2.027233437e+02 +2.208033437e+02 +2.208033437e+02 -9.6569e-02 +2.0465e-01 +5.4488e-01 +2.3601e-01 +2.8640e-01 -3.1184e-01 +1.4226e-01 -2.7242e-01 +2.7405e-01 +1.0690e-02
37 +1.897573114e+02 +1.897573114e+02 +2.078373114e+02 +2.078373114e+02 -1.3828e-01 -2.0129e-02 +7.2711e-01 +2.0322e-01 +3.8442e-01 -3.9029e-01 -4.9669e-02 +2.1180e-01 +7.8066e-01 -5.8416e-01
55 +1.666861670e+02 +1.666861670e+02 +1.847661670e+02 +1.847661670e+02 -5.0592e-01 -4.3705e-01 +1.6449e+00 +2.6230e-01 +3.6007e-01 -1.2515e+00 -7.8000e-02 -4.1819e-01 -1.9414e-01 +5.3314e-02
67 +1.625102930e+02 +1.625102930e+02 +1.805902930e+02 +1.805902930e+02 -2.4326e-01 -2.4956e-01 +1.2988e+00 +1.4815e-01 -3.3615e-01 -1.7011e+00 +1.2986e-01 -2.0275e-01 -3.8000e-01 +3.1954e-01
113 +1.605925679e+02 +1.605925679e+02 +1.786725679e+02 +1.786725679e+02 -2.3893e-01 -4.5295e-01 +1.9207e+00 +5.0922e-01 -1.6790e-01 -1.9149e+00 +4.7272e-01 -8.1440e-01 -8.9680e-01 -1.2395e-01
117 +1.543968266e+02 +1.543968266e+02 +1.724768266e+02 +1.724768266e+02 +2.1342e-01 -4.4229e-01 +2.1925e+00 +5.3428e-01 -3.3397e-01 -1.6103e+00 -8.8977e-02 -1.0745e+00 -9.6790e-01 +2.7554e-01
122 +1.301403499e+02 +1.301403499e+02 +1.482203499e+02 +1.482203499e+02 -2.2809e-01 +6.9880e-02 +2.4323e+00 +1.0794e+00 -1.4152e-01 -1.1802e+00 -2.0055e-01 -1.5235e+00 -1.4272e+00 +4.1623e-02
148 +1.254429762e+02 +1.254429762e+02 +1.435229762e+02 +1.435229762e+02 -3.0186e-01 -5.4032e-01 +2.4133e+00 +7.0704e-01 +8.1850e-01 -1.8415e+00 -1.5302e-01 -1.2140e+00 +3.5608e-02 +1.1894e+00
190 +1.126828823e+02 +1.126828823e+02 +1.307628823e+02 +1.307628823e+02 -5.2375e-01 -4.1683e-01 +2.4678e+00 +3.8626e-01 +2.5463e-01 -1.6739e+00 +5.9694e-01 -1.7771e+00 -1.9507e+00 +1.0052e+00
210 +1.096219977e+02 +1.096219977e+02 +1.277019977e+02 +1.277019977e+02 -6.6198e-01 -1.9936e-01 +3.3262e+00 +2.4260e-01 +8.3498e-01 -1.1879e+00 -6.4127e-01 -1.1165e+00 -1.9848e+00 +2.1850e+00
229 +8.945510419e+01 +8.945510419e+01 +1.075351042e+02 +1.075351042e+02 -1.0033e+00 -5.7544e-02 +2.1181e+00 -4.9371e-01 +1.5613e+00 -8.2870e-01 -1.9889e-01 -6.4758e-01 -1.9468e+00 +2.0134e+00
234 +8.560581006e+01 +8.560581006e+01 +1.036858101e+02 +1.036858101e+02 -2.4560e-01 +1.6890e-02 +2.9555e+00 -2.9762e-01 +1.0729e+00 -1.5412e+00 -5.1610e-01 -5.6885e-01 -1.6696e+00 +1.9415e+00
526 +8.439835593e+01 +8.439835593e+01 +1.024783559e+02 +1.024783559e+02 +1.7670e-01 +6.0006e-01 +3.8209e+00 -1.3026e+00 +4.6504e-01 -1.3137e+00 +8.9300e-01 -9.1567e-01 -1.0173e+00 +1.5902e+00
577 +8.314856711e+01 +8.314856711e+01 +1.012285671e+02 +1.012285671e+02 +3.7411e-01 +4.6888e-01 +3.6703e+00 -9.7864e-01 -8.8307e-02 -1.2801e+00 +9.5953e-01 -8.0310e-01 -1.1801e+00 +7.3768e-01
590 +7.281313785e+01 +7.281313785e+01 +9.089313785e+01 +9.089313785e+01 +2.0932e-01 +3.8753e-01 +3.6564e+00 -9.3572e-01 -1.0586e-01 -1.2843e+00 +1.0179e+00 -8.2858e-01 -1.1696e+00 +9.2119e-01
653 +7.159027805e+01 +7.159027805e+01 +8.967027805e+01 +8.967027805e+01 +3.7726e-01 +5.3122e-01 +3.6948e+00 -8.6348e-01 -1.5731e-01 -1.2793e+00 +8.4466e-01 -5.7601e-01 -1.1180e+00 +9.7113e-01
654 +6.919590600e+01 +6.919590600e+01 +8.727590600e+01 +8.727590600e+01 +3.2989e-01 +5.9144e-01 +3.5836e+00 -7.1165e-01 -8.3339e-02 -1.2994e+00 +9.0836e-01 -6.2488e-01 -1.0970e+00 +9.4698e-01
660 +6.691257685e+01 +6.691257685e+01 +8.499257685e+01 +8.499257685e+01 +1.7976e-01 +5.9588e-01 +3.5904e+00 -7.5244e-01 -7.9904e-02 -1.2836e+00 +1.0154e+00 -6.2325e-01 -1.0489e+00 +1.0116e+00
687 +5.727156097e+01 +5.727156097e+01 +7.535156097e+01 +7.535156097e+01 +2.2252e-01 +5.4259e-01 +3.5717e+00 -9.1128e-01 +9.9794e-03 -1.3013e+00 +1.0234e+00 -7.8626e-01 -9.7955e-01 +9.9740e-01
769 +5.586364507e+01 +5.586364507e+01 +7.394364507e+01 +7.394364507e+01 +2.9609e-01 +5.2376e-01 +3.5463e+00 -9.7046e-01 +3.6066e-02 -1.3449e+00 +9.8476e-01 -8.3069e-01 -1.0216e+00 +9.6147e-01
790 +5.416189653e+01 +5.416189653e+01 +7.224189653e+01 +7.224189653e+01 +4.4154e-01 +4.5531e-01 +3.5113e+00 -9.6315e-01 +2.8612e-02 -1.3169e+00 +9.1885e-01 -8.6809e-01 -1.0038e+00 +1.0146e+00
795 +4.935492189e+01 +4.935492189e+01 +6.743492189e+01 +6.743492189e+01 +4.3173e-01 +4.7788e-01 +3.5078e+00 -9.9832e-01 -2.1603e-02 -1.3325e+00 +9.5244e-01 -8.8195e-01 -1.0594e+00 +9.7474e-01
819 +4.602707108e+01 +4.602707108e+01 +6.410707108e+01 +6.410707108e+01 +3.2747e-01 +5.0713e-01 +3.5083e+00 -9.3606e-01 +2.0260e-02 -1.3214e+00 +9.7948e-01 -8.8169e-01 -1.0417e+00 +9.4232e-01
827 +4.513707273e+01 +4.513707273e+01 +6.321707273e+01 +6.321707273e+01 +3.5618e-01 +4.9306e-01 +3.5486e+00 -9.1816e-01 -1.8233e-02 -1.3037e+00 +9.9131e-01 -8.8900e-01 -1.0703e+00 +9.6833e-01
834 +4.443060504e+01 +4.443060504e+01 +6.251060504e+01 +6.251060504e+01 +3.5403e-01 +4.7407e-01 +3.5458e+00 -9.3463e-01 -3.0857e-02 -1.2903e+00 +9.7523e-01 -8.7821e-01 -1.0458e+00 +9.8671e-01
867 +4.227053449e+01 +4.227053449e+01 +6.035053449e+01 +6.035053449e+01 +3.4055e-01 +4.7060e-01 +3.5185e+00 -9.1865e-01 -7.2476e-02 -1.2984e+00 +1.0321e+00 -9.3906e-01 -1.0344e+00 +9.5270e-01
900 +4.120802747e+01 +4.120802747e+01 +5.928802747e+01 +5.928802747e+01 +3.0928e-01 +4.7425e-01 +3.5331e+00 -9.3763e-01 -4.2322e-02 -1.2786e+00 +1.0006e+00 -9.4123e-01 -1.0508e+00 +9.8420e-01
933 +3.943897016e+01 +3.943897016e+01 +5.751897016e+01 +5.751897016e+01 +2.8856e-01 +4.8293e-01 +3.5153e+00 -9.3925e-01 -3.3596e-02 -1.2742e+00 +1.0163e+00 -9.1637e-01 -1.0302e+00 +9.7535e-01
981 +3.881740602e+01 +3.881740602e+01 +5.689740602e+01 +5.689740602e+01 +2.8846e-01 +4.9361e-01 +3.5305e+00 -9.2656e-01 -4.3649e-02 -1.2742e+00 +1.0156e+00 -9.0681e-01 -1.0315e+00 +9.6907e-01
1129 +3.792064807e+01 +3.792064807e+01 +5.600064807e+01 +5.600064807e+01 +2.9264e-01 +4.9760e-01 +3.5302e+00 -9.2192e-01 -5.0511e-02 -1.2854e+00 +1.0287e+00 -8.8745e-01 -1.0180e+00 +9.5996e-01
% function evaluation | noise-free fitness - Fopt (-1.537900000000e+02) | best noise-free fitness - Fopt | measured fitness | best measured fitness | x1 | x2...
1 +3.580231255e+02 +3.580231255e+02 +2.042331255e+02 +2.042331255e+02 +0.0000e+00 +0.0000e+00 +0.0000e+00 +0.0000e+00 +0.0000e+00 +0.0000e+00 +0.0000e+00 +0.0000e+00 +0.0000e+00 +0.0000e+00
6 +3.481794407e+02 +3.481794407e+02 +1.943894407e+02 +1.943894407e+02 -2.8447e-01 -3.2835e-02 -2.5403e-03 +8.3388e-02 -2.8134e-01 -3.2645e-01 +3.1408e-02 -3.0218e-01 +8.8617e-02 +1.7310e-01
11 +3.344861917e+02 +3.344861917e+02 +1.806961917e+02 +1.806961917e+02 -2.4748e-01 +2.6250e-01 -3.9757e-01 -7.3096e-02 -6.7403e-02 -2.4008e-01 -4.3215e-01 -3.7512e-01 +2.8721e-01 +1.1542e-01
31 +3.136712457e+02 +3.136712457e+02 +1.598812457e+02 +1.598812457e+02 -2.4813e-01 +1.7421e-01 -8.9822e-02 -5.0367e-01 -3.0849e-01 -2.7955e-01 -3.2966e-01 -6.0305e-01 -1.2604e-02 +2.9438e-01
36 +2.892727746e+02 +2.892727746e+02 +1.354827746e+02 +1.354827746e+02 -5.8804e-01 +2.8428e-01 -3.4191e-01 -1.9065e-01 -4.9007e-01 -3.8311e-01 -1.7602e-01 -6.5004e-01 +2.1914e-01 +3.1443e-01
54 +2.801194248e+02 +2.801194248e+02 +1.263294248e+02 +1.263294248e+02 -9.1172e-01 -1.0789e-01 -3.1313e-01 -7.0413e-01 -4.1669e-01 -2.1636e-01 -7.1337e-01 -4.5813e-01 +2.1827e-01 +2.2382e-01
83 +2.722761493e+02 +2.722761493e+02 +1.184861493e+02 +1.184861493e+02 -7.0083e-01 -5.3179e-02 -3.7542e-01 -8.3023e-01 -2.8478e-01 -3.3752e-01 -3.9904e-01 -9.0601e-01 +4.2764e-01 +3.6328e-01
101 +2.402100883e+02 +2.402100883e+02 +8.642008827e+01 +8.642008827e+01 -7.3406e-01 -3.6538e-02 -1.3964e-01 -9.5713e-01 -7.1645e-01 -3.2248e-01 -4.5141e-01 -1.3882e+00 +1.1524e-01 +5.6135e-01
114 +2.060400381e+02 +2.060400381e+02 +5.225003805e+01 +5.225003805e+01 -7.4952e-01 +7.5614e-02 -6.4424e-02 -1.0187e+00 -7.2972e-01 -5.5585e-01 -7.3042e-01 -2.1965e+00 -1.4899e-02 +2.6645e-01
129 +1.797882441e+02 +1.797882441e+02 +2.599824407e+01 +2.599824407e+01 -4.8183e-01 +7.2655e-02 -1.6251e-01 -1.3632e+00 -6.4612e-01 -8.8971e-01 -5.7055e-01 -2.0165e+00 -5.3558e-02 -1.1859e-01
148 +1.758480404e+02 +1.758480404e+02 +2.205804040e+01 +2.205804040e+01 -6.4052e-01 +4.8761e-01 -8.7759e-02 -6.6403e-01 -2.8862e-01 -6.6923e-01 -8.4719e-01 -3.4554e+00 -1.8484e-01 -1.4045e+00
155 +1.696286894e+02 +1.696286894e+02 +1.583868938e+01 +1.583868938e+01 -1.2849e+00 +5.4221e-01 -3.0178e-01 -7.9666e-02 -4.3870e-01 -3.2529e-01 -7.5059e-01 -3.7366e+00 -3.7315e-01 -1.5315e+00
158 +1.503834662e+02 +1.503834662e+02 -3.406533823e+00 -3.406533823e+00 -6.8190e-01 +8.9862e-01 +3.0318e-03 -1.4223e+00 -8.6373e-01 -1.1067e+00 -8.3263e-01 -2.5541e+00 -4.0024e-02 -1.8720e+00
165 +1.325657156e+02 +1.325657156e+02 -2.122428436e+01 -2.122428436e+01 -8.3118e-01 -1.2846e-02 +3.8232e-01 -3.5913e-01 -1.3414e+00 -2.0368e-01 -1.0432e+00 -3.6906e+00 +1.4579e-01 -1.7080e+00
190 +1.170586000e+02 +1.170586000e+02 -3.673139995e+01 -3.673139995e+01 -1.1781e+00 -2.6300e-01 -2.0107e-02 -1.3695e-01 -1.4695e+00 -4.5408e-02 -1.7880e+00 -5.3209e+00 +2.7625e-01 -1.6993e+00
236 +1.127505325e+02 +1.127505325e+02 -4.103946746e+01 -4.103946746e+01 -1.8658e+00 -9.0305e-01 +3.3323e-01 -1.7004e+00 +4.5163e-01 +2.7105e-01 -8.1254e-01 -3.5545e+00 -5.4450e-01 -2.2778e+00
244 +9.999238495e+01 +9.999238495e+01 -5.379761505e+01 -5.379761505e+01 -1.4693e+00 -4.6867e-01 +5.2877e-01 -1.2451e+00 -6.0385e-01 -2.0424e-01 -1.3520e+00 -3.6168e+00 -2.3714e-01 -2.1385e+00
353 +7.152007192e+01 +7.152007192e+01 -8.226992808e+01 -8.226992808e+01 -1.2253e+00 -1.9528e-02 -1.0343e-01 -1.2502e+00 +9.8269e-02 +1.8358e+00 -1.9735e+00 -3.2917e+00 +2.1372e-01 -4.8413e+00
809 +6.835144619e+01 +6.835144619e+01 -8.543855381e+01 -8.543855381e+01 -1.3265e+00 -1.0341e-01 -5.2564e-01 -7.9818e-01 -8.0902e-01 +1.2177e+00 -3.4098e+00 -4.0712e+00 +8.1639e-01 -3.8396e+00
1266 +5.406710341e+01 +5.406710341e+01 -9.972289659e+01 -9.972289659e+01 -1.1577e+00 -1.0413e+00 -3.8004e-01 -7.6513e-01 -5.6771e-01 +9.9081e-01 -3.8994e+00 -2.7720e+00 +4.1280e-01 -4.5337e+00
1392 +5.117601094e+01 +5.117601094e+01 -1.026139891e+02 -1.026139891e+02 -1.0468e+00 -9.6503e-01 -4.9468e-01 -7.0208e-01 -4.7668e-01 +1.1121e+00 -4.0116e+00 -2.6416e+00 +3.8486e-01 -4.4793e+00
1435 +4.731610255e+01 +4.731610255e+01 -1.064738974e+02 -1.064738974e+02 -1.0724e+00 -9.5813e-01 -4.8199e-01 -6.5803e-01 -5.6806e-01 +1.0726e+00 -4.0591e+00 -2.6730e+00 +3.8540e-01 -4.4807e+00
1490 +4.578092313e+01 +4.578092313e+01 -1.080090769e+02 -1.080090769e+02 -1.1128e+00 -9.1301e-01 -4.9696e-01 -6.4089e-01 -4.8839e-01 +1.1066e+00 -4.0592e+00 -2.6444e+00 +4.3608e-01 -4.4124e+00
1546 +4.475208989e+01 +4.475208989e+01 -1.090379101e+02 -1.090379101e+02 -1.1011e+00 -9.3555e-01 -5.0056e-01 -6.3022e-01 -5.1136e-01 +1.0856e+00 -4.0416e+00 -2.6657e+00 +3.9927e-01 -4.4690e+00
1547 +4.453205877e+01 +4.453205877e+01 -1.092579412e+02 -1.092579412e+02 -1.1015e+00 -9.8912e-01 -4.8524e-01 -6.8272e-01 -5.0267e-01 +1.0762e+00 -4.0125e+00 -2.6703e+00 +3.9995e-01 -4.4690e+00
1609 +4.344273193e+01 +4.344273193e+01 -1.103472681e+02 -1.103472681e+02 -1.1056e+00 -1.0176e+00 -4.8953e-01 -6.7149e-01 -5.3314e-01 +1.0108e+00 -3.9817e+00 -2.6692e+00 +4.2312e-01 -4.5057e+00
1622 +4.207957538e+01 +4.207957538e+01 -1.117104246e+02 -1.117104246e+02 -1.1156e+00 -9.7848e-01 -4.9741e-01 -6.8213e-01 -5.0970e-01 +1.0398e+00 -3.9828e+00 -2.6864e+00 +4.7336e-01 -4.4788e+00
1643 +4.109175590e+01 +4.109175590e+01 -1.126982441e+02 -1.126982441e+02 -1.1164e+00 -9.5935e-01 -4.9071e-01 -6.5798e-01 -5.3407e-01 +1.0236e+00 -3.9971e+00 -2.6902e+00 +4.6664e-01 -4.4680e+00
1684 +4.051016362e+01 +4.051016362e+01 -1.132798364e+02 -1.132798364e+02 -1.1346e+00 -9.6338e-01 -4.8379e-01 -6.7636e-01 -5.3832e-01 +1.0108e+00 -3.9652e+00 -2.6682e+00 +4.7982e-01 -4.4805e+00
1699 +3.959830261e+01 +3.959830261e+01 -1.141916974e+02 -1.141916974e+02 -1.1385e+00 -9.7064e-01 -4.8339e-01 -6.5129e-01 -5.0655e-01 +1.0151e+00 -3.9651e+00 -2.6694e+00 +4.8945e-01 -4.4749e+00
1782 +3.890235223e+01 +3.890235223e+01 -1.148876478e+02 -1.148876478e+02 -1.1408e+00 -9.4403e-01 -4.9042e-01 -6.3735e-01 -5.2537e-01 +9.8056e-01 -3.9491e+00 -2.6713e+00 +5.1363e-01 -4.4830e+00
1948 +3.800171686e+01 +3.800171686e+01 -1.157882831e+02 -1.157882831e+02 -1.1408e+00 -9.5788e-01 -5.2610e-01 -6.1908e-01 -5.4365e-01 +9.8980e-01 -3.9681e+00 -2.6483e+00 +5.2869e-01 -4.4678e+00
