% function evaluation | noise-free fitness - Fopt (-4.620900000000e+02) | best noise-free fitness - Fopt | measured fitness | best measured fitness | x1 | x2...
1 +1.387390986e+03 +1.387390986e+03 +9.253009860e+02 +9.253009860e+02
11 +1.302089419e+03 +1.302089419e+03 +8.399994194e+02 +8.399994194e+02
25 +1.207489138e+03 +1.207489138e+03 +7.453991376e+02 +7.453991376e+02
31 +1.195269203e+03 +1.195269203e+03 +7.331792026e+02 +7.331792026e+02
38 +1.149701654e+03 +1.149701654e+03 +6.876116542e+02 +6.876116542e+02
45 +1.113093960e+03 +1.113093960e+03 +6.510039597e+02 +6.510039597e+02
69 +1.092497638e+03 +1.092497638e+03 +6.304076378e+02 +6.304076378e+02
74 +1.044826766e+03 +1.044826766e+03 +5.827367658e+02 +5.827367658e+02
122 +9.950612576e+02 +9.950612576e+02 +5.329712576e+02 +5.329712576e+02
123 +9.765136841e+02 +9.765136841e+02 +5.144236841e+02 +5.144236841e+02
148 +8.851377154e+02 +8.851377154e+02 +4.230477154e+02 +4.230477154e+02
186 +8.573236347e+02 +8.573236347e+02 +3.952336347e+02 +3.952336347e+02
240 +8.458749586e+02 +8.458749586e+02 +3.837849586e+02 +3.837849586e+02
243 +8.122566608e+02 +8.122566608e+02 +3.501666608e+02 +3.501666608e+02
252 +7.741090073e+02 +7.741090073e+02 +3.120190073e+02 +3.120190073e+02
263 +7.519934001e+02 +7.519934001e+02 +2.899034001e+02 +2.899034001e+02
333 +7.281509336e+02 +7.281509336e+02 +2.660609336e+02 +2.660609336e+02
343 +6.782246050e+02 +6.782246050e+02 +2.161346050e+02 +2.161346050e+02
364 +6.613779347e+02 +6.613779347e+02 +1.992879347e+02 +1.992879347e+02
372 +5.632862850e+02 +5.632862850e+02 +1.011962850e+02 +1.011962850e+02
535 +5.586856587e+02 +5.586856587e+02 +9.659565866e+01 +9.659565866e+01
546 +5.267476506e+02 +5.267476506e+02 +6.465765059e+01 +6.465765059e+01
555 +5.062743171e+02 +5.062743171e+02 +4.418431711e+01 +4.418431711e+01
575 +4.896823311e+02 +4.896823311e+02 +2.759233106e+01 +2.759233106e+01
585 +4.765333239e+02 +4.765333239e+02 +1.444332389e+01 +1.444332389e+01
592 +4.302325522e+02 +4.302325522e+02 -3.185744784e+01 -3.185744784e+01
2256 +4.184826025e+02 +4.184826025e+02 -4.360739747e+01 -4.360739747e+01
2260 +4.161748777e+02 +4.161748777e+02 -4.591512227e+01 -4.591512227e+01
2348 +3.959017481e+02 +3.959017481e+02 -6.618825194e+01 -6.618825194e+01
2362 +3.879065599e+02 +3.879065599e+02 -7.418344011e+01 -7.418344011e+01
2380 +3.631445013e+02 +3.631445013e+02 -9.894549869e+01 -9.894549869e+01
2420 +3.584115395e+02 +3.584115395e+02 -1.036784605e+02 -1.036784605e+02
2427 +3.480997706e+02 +3.480997706e+02 -1.139902294e+02 -1.139902294e+02
2445 +3.372345463e+02 +3.372345463e+02 -1.248554537e+02 -1.248554537e+02
2464 +3.138360070e+02 +3.138360070e+02 -1.482539930e+02 -1.482539930e+02
2502 +3.017930006e+02 +3.017930006e+02 -1.602969994e+02 -1.602969994e+02
2608 +2.911947587e+02 +2.911947587e+02 -1.708952413e+02 -1.708952413e+02
2621 +2.883978446e+02 +2.883978446e+02 -1.736921554e+02 -1.736921554e+02
2836 +2.812871689e+02 +2.812871689e+02 -1.808028311e+02 -1.808028311e+02
2904 +2.749728954e+02 +2.749728954e+02 -1.871171046e+02 -1.871171046e+02
2940 +2.688496943e+02 +2.688496943e+02 -1.932403057e+02 -1.932403057e+02
3000 +2.624102532e+02 +2.624102532e+02 -1.996797468e+02 -1.996797468e+02
3097 +2.569005781e+02 +2.569005781e+02 -2.051894219e+02 -2.051894219e+02
3453 +2.509947094e+02 +2.509947094e+02 -2.110952906e+02 -2.110952906e+02
% function evaluation | noise-free fitness - Fopt (7.766000000000e+01) | best noise-free fitness - Fopt | measured fitness | best measured fitness | x1 | x2...
1 +1.921631594e+03 +1.921631594e+03 +1.999291594e+03 +1.999291594e+03
2 +1.888354176e+03 +1.888354176e+03 +1.966014176e+03 +1.966014176e+03
10 +1.850045128e+03 +1.850045128e+03 +1.927705128e+03 +1.927705128e+03
13 +1.812456230e+03 +1.812456230e+03 +1.890116230e+03 +1.890116230e+03
21 +1.743817797e+03 +1.743817797e+03 +1.821477797e+03 +1.821477797e+03
31 +1.733211932e+03 +1.733211932e+03 +1.810871932e+03 +1.810871932e+03
33 +1.672550070e+03 +1.672550070e+03 +1.750210070e+03 +1.750210070e+03
37 +1.620943708e+03 +1.620943708e+03 +1.698603708e+03 +1.698603708e+03
47 +1.575241577e+03 +1.575241577e+03 +1.652901577e+03 +1.652901577e+03
53 +1.512399895e+03 +1.512399895e+03 +1.590059895e+03 +1.590059895e+03
80 +1.475938359e+03 +1.475938359e+03 +1.553598359e+03 +1.553598359e+03
86 +1.380336632e+03 +1.380336632e+03 +1.457996632e+03 +1.457996632e+03
110 +1.302235894e+03 +1.302235894e+03 +1.379895894e+03 +1.379895894e+03
152 +1.262657176e+03 +1.262657176e+03 +1.340317176e+03 +1.340317176e+03
156 +1.243459221e+03 +1.243459221e+03 +1.321119221e+03 +1.321119221e+03
165 +1.195546711e+03 +1.195546711e+03 +1.273206711e+03 +1.273206711e+03
170 +1.134530659e+03 +1.134530659e+03 +1.212190659e+03 +1.212190659e+03
211 +1.109575687e+03 +1.109575687e+03 +1.187235687e+03 +1.187235687e+03
214 +1.093015473e+03 +1.093015473e+03 +1.170675473e+03 +1.170675473e+03
232 +1.061329400e+03 +1.061329400e+03 +1.138989400e+03 +1.138989400e+03
255 +1.004559649e+03 +1.004559649e+03 +1.082219649e+03 +1.082219649e+03
277 +9.556497864e+02 +9.556497864e+02 +1.033309786e+03 +1.033309786e+03
286 +9.261618919e+02 +9.261618919e+02 +1.003821892e+03 +1.003821892e+03
353 +9.096020762e+02 +9.096020762e+02 +9.872620762e+02 +9.872620762e+02
364 +8.752585740e+02 +8.752585740e+02 +9.529185740e+02 +9.529185740e+02
370 +8.589890831e+02 +8.589890831e+02 +9.366490831e+02 +9.366490831e+02
373 +8.482825050e+02 +8.482825050e+02 +9.259425050e+02 +9.259425050e+02
387 +8.299661002e+02 +8.299661002e+02 +9.076261002e+02 +9.076261002e+02
397 +8.008163926e+02 +8.008163926e+02 +8.784763926e+02 +8.784763926e+02
407 +7.941527870e+02 +7.941527870e+02 +8.718127870e+02 +8.718127870e+02
427 +7.344005624e+02 +7.344005624e+02 +8.120605624e+02 +8.120605624e+02
533 +7.054681133e+02 +7.054681133e+02 +7.831281133e+02 +7.831281133e+02
547 +6.514854140e+02 +6.514854140e+02 +7.291454140e+02 +7.291454140e+02
554 +6.138220649e+02 +6.138220649e+02 +6.914820649e+02 +6.914820649e+02
706 +5.928545058e+02 +5.928545058e+02 +6.705145058e+02 +6.705145058e+02
727 +5.486334524e+02 +5.486334524e+02 +6.262934524e+02 +6.262934524e+02
881 +5.236129318e+02 +5.236129318e+02 +6.012729318e+02 +6.012729318e+02
1286 +5.051229083e+02 +5.051229083e+02 +5.827829083e+02 +5.827829083e+02
1364 +4.969100549e+02 +4.969100549e+02 +5.745700549e+02 +5.745700549e+02
1488 +4.834757035e+02 +4.834757035e+02 +5.611357035e+02 +5.611357035e+02
1586 +4.771915610e+02 +4.771915610e+02 +5.548515610e+02 +5.548515610e+02
1672 +4.619969137e+02 +4.619969137e+02 +5.396569137e+02 +5.396569137e+02
1807 +4.368641809e+02 +4.368641809e+02 +5.145241809e+02 +5.145241809e+02
2160 +4.363120736e+02 +4.363120736e+02 +5.139720736e+02 +5.139720736e+02
2175 +4.137484248e+02 +4.137484248e+02 +4.914084248e+02 +4.914084248e+02
2194 +4.062984854e+02 +4.062984854e+02 +4.839584854e+02 +4.839584854e+02
2198 +3.975722507e+02 +3.975722507e+02 +4.752322507e+02 +4.752322507e+02
2291 +3.858677801e+02 +3.858677801e+02 +4.635277801e+02 +4.635277801e+02
2307 +3.689905286e+02 +3.689905286e+02 +4.466505286e+02 +4.466505286e+02
2349 +3.615658006e+02 +3.615658006e+02 +4.392258006e+02 +4.392258006e+02
2388 +3.506465525e+02 +3.506465525e+02 +4.283065525e+02 +4.283065525e+02
2397 +3.441465240e+02 +3.441465240e+02 +4.218065240e+02 +4.218065240e+02
2417 +3.363656147e+02 +3.363656147e+02 +4.140256147e+02 +4.140256147e+02
2426 +3.277842027e+02 +3.277842027e+02 +4.054442027e+02 +4.054442027e+02
2544 +3.225497424e+02 +3.225497424e+02 +4.002097424e+02 +4.002097424e+02
2617 +3.161662469e+02 +3.161662469e+02 +3.938262469e+02 +3.938262469e+02
2797 +3.081245656e+02 +3.081245656e+02 +3.857845656e+02 +3.857845656e+02
2954 +3.018307866e+02 +3.018307866e+02 +3.794907866e+02 +3.794907866e+02
3380 +2.950889362e+02 +2.950889362e+02 +3.727489362e+02 +3.727489362e+02
3846 +2.883822731e+02 +2.883822731e+02 +3.660422731e+02 +3.660422731e+02
% function evaluation | noise-free fitness - Fopt (1.156800000000e+02) | best noise-free fitness - Fopt | measured fitness | best measured fitness | x1 | x2...
1 +1.909104352e+03 +1.909104352e+03 +2.024784352e+03 +2.024784352e+03
2 +1.831793303e+03 +1.831793303e+03 +1.947473303e+03 +1.947473303e+03
10 +1.813887331e+03 +1.813887331e+03 +1.929567331e+03 +1.929567331e+03
26 +1.756755286e+03 +1.756755286e+03 +1.872435286e+03 +1.872435286e+03
27 +1.729459143e+03 +1.729459143e+03 +1.845139143e+03 +1.845139143e+03
30 +1.693208426e+03 +1.693208426e+03 +1.808888426e+03 +1.808888426e+03
46 +1.596690911e+03 +1.596690911e+03 +1.712370911e+03 +1.712370911e+03
52 +1.584223306e+03 +1.584223306e+03 +1.699903306e+03 +1.699903306e+03
57 +1.547324175e+03 +1.547324175e+03 +1.663004175e+03 +1.663004175e+03
59 +1.509321343e+03 +1.509321343e+03 +1.625001343e+03 +1.625001343e+03
60 +1.429072902e+03 +1.429072902e+03 +1.544752902e+03 +1.544752902e+03
71 +1.338848457e+03 +1.338848457e+03 +1.454528457e+03 +1.454528457e+03
98 +1.262546216e+03 +1.262546216e+03 +1.378226216e+03 +1.378226216e+03
105 +1.247407449e+03 +1.247407449e+03 +1.363087449e+03 +1.363087449e+03
110 +1.181461350e+03 +1.181461350e+03 +1.297141350e+03 +1.297141350e+03
112 +1.153108242e+03 +1.153108242e+03 +1.268788242e+03 +1.268788242e+03
118 +1.064645336e+03 +1.064645336e+03 +1.180325336e+03 +1.180325336e+03
137 +1.036317339e+03 +1.036317339e+03 +1.151997339e+03 +1.151997339e+03
142 +9.940833427e+02 +9.940833427e+02 +1.109763343e+03 +1.109763343e+03
148 +9.501777887e+02 +9.501777887e+02 +1.065857789e+03 +1.065857789e+03
211 +9.147214029e+02 +9.147214029e+02 +1.030401403e+03 +1.030401403e+03
242 +8.801890997e+02 +8.801890997e+02 +9.958690997e+02 +9.958690997e+02
252 +8.655858849e+02 +8.655858849e+02 +9.812658849e+02 +9.812658849e+02
268 +8.013059328e+02 +8.013059328e+02 +9.169859328e+02 +9.169859328e+02
283 +7.552747884e+02 +7.552747884e+02 +8.709547884e+02 +8.709547884e+02
373 +7.259713021e+02 +7.259713021e+02 +8.416513021e+02 +8.416513021e+02
403 +7.161958507e+02 +7.161958507e+02 +8.318758507e+02 +8.318758507e+02
477 +7.050423452e+02 +7.050423452e+02 +8.207223452e+02 +8.207223452e+02
511 +6.875934173e+02 +6.875934173e+02 +8.032734173e+02 +8.032734173e+02
520 +6.647754742e+02 +6.647754742e+02 +7.804554742e+02 +7.804554742e+02
614 +6.483995200e+02 +6.483995200e+02 +7.640795200e+02 +7.640795200e+02
633 +6.072690989e+02 +6.072690989e+02 +7.229490989e+02 +7.229490989e+02
863 +5.737899047e+02 +5.737899047e+02 +6.894699047e+02 +6.894699047e+02
908 +5.581604137e+02 +5.581604137e+02 +6.738404137e+02 +6.738404137e+02
965 +5.306058371e+02 +5.306058371e+02 +6.462858371e+02 +6.462858371e+02
1114 +4.989493918e+02 +4.989493918e+02 +6.146293918e+02 +6.146293918e+02
1379 +4.832446651e+02 +4.832446651e+02 +5.989246651e+02 +5.989246651e+02
1429 +4.583448235e+02 +4.583448235e+02 +5.740248235e+02 +5.740248235e+02
1496 +4.545282282e+02 +4.545282282e+02 +5.702082282e+02 +5.702082282e+02
1514 +4.010025035e+02 +4.010025035e+02 +5.166825035e+02 +5.166825035e+02
1687 +3.796265625e+02 +3.796265625e+02 +4.953065625e+02 +4.953065625e+02
1710 +3.483777199e+02 +3.483777199e+02 +4.640577199e+02 +4.640577199e+02
1770 +3.154795220e+02 +3.154795220e+02 +4.311595220e+02 +4.311595220e+02
1843 +3.082235689e+02 +3.082235689e+02 +4.239035689e+02 +4.239035689e+02
1862 +2.935812249e+02 +2.935812249e+02 +4.092612249e+02 +4.092612249e+02
1872 +2.880884698e+02 +2.880884698e+02 +4.037684698e+02 +4.037684698e+02
1880 +2.818086209e+02 +2.818086209e+02 +3.974886209e+02 +3.974886209e+02
1899 +2.752068130e+02 +2.752068130e+02 +3.908868130e+02 +3.908868130e+02
2027 +2.675742625e+02 +2.675742625e+02 +3.832542625e+02 +3.832542625e+02
2067 +2.597599750e+02 +2.597599750e+02 +3.754399750e+02 +3.754399750e+02
2104 +2.568479377e+02 +2.568479377e+02 +3.725279377e+02 +3.725279377e+02
2140 +2.500555814e+02 +2.500555814e+02 +3.657355814e+02 +3.657355814e+02
2220 +2.428285661e+02 +2.428285661e+02 +3.585085661e+02 +3.585085661e+02
2284 +2.385570272e+02 +2.385570272e+02 +3.542370272e+02 +3.542370272e+02
2309 +2.343530503e+02 +2.343530503e+02 +3.500330503e+02 +3.500330503e+02
2321 +2.282339512e+02 +2.282339512e+02 +3.439139512e+02 +3.439139512e+02
2467 +2.231796163e+02 +2.231796163e+02 +3.388596163e+02 +3.388596163e+02
2698 +2.181329356e+02 +2.181329356e+02 +3.338129356e+02 +3.338129356e+02
3306 +2.137307597e+02 +2.137307597e+02 +3.294107597e+02 +3.294107597e+02
% function evaluation | noise-free fitness - Fopt (-3.710000000000e+00) | best noise-free fitness - Fopt | measured fitness | best measured fitness | x1 | x2...
1 +1.350080101e+03 +1.350080101e+03 +1.346370101e+03 +1.346370101e+03
2 +1.190991637e+03 +1.190991637e+03 +1.187281637e+03 +1.187281637e+03
22 +1.124081614e+03 +1.124081614e+03 +1.120371614e+03 +1.120371614e+03
27 +1.088829500e+03 +1.088829500e+03 +1.085119500e+03 +1.085119500e+03
176 +1.039000265e+03 +1.039000265e+03 +1.035290265e+03 +1.035290265e+03
192 +1.022157818e+03 +1.022157818e+03 +1.018447818e+03 +1.018447818e+03
197 +9.922031470e+02 +9.922031470e+02 +9.884931470e+02 +9.884931470e+02
202 +9.751301952e+02 +9.751301952e+02 +9.714201952e+02 +9.714201952e+02
211 +9.079037240e+02 +9.079037240e+02 +9.041937240e+02 +9.041937240e+02
219 +8.554899271e+02 +8.554899271e+02 +8.517799271e+02 +8.517799271e+02
253 +8.084974294e+02 +8.084974294e+02 +8.047874294e+02 +8.047874294e+02
265 +7.875776548e+02 +7.875776548e+02 +7.838676548e+02 +7.838676548e+02
270 +7.380118362e+02 +7.380118362e+02 +7.343018362e+02 +7.343018362e+02
278 +7.070499639e+02 +7.070499639e+02 +7.033399639e+02 +7.033399639e+02
301 +6.680498997e+02 +6.680498997e+02 +6.643398997e+02 +6.643398997e+02
516 +6.549196122e+02 +6.549196122e+02 +6.512096122e+02 +6.512096122e+02
566 +6.229425716e+02 +6.229425716e+02 +6.192325716e+02 +6.192325716e+02
609 +6.094442487e+02 +6.094442487e+02 +6.057342487e+02 +6.057342487e+02
655 +5.780864416e+02 +5.780864416e+02 +5.743764416e+02 +5.743764416e+02
886 +5.714754090e+02 +5.714754090e+02 +5.677654090e+02 +5.677654090e+02
947 +5.593663881e+02 +5.593663881e+02 +5.556563881e+02 +5.556563881e+02
987 +5.463867983e+02 +5.463867983e+02 +5.426767983e+02 +5.426767983e+02
1059 +5.309876863e+02 +5.309876863e+02 +5.272776863e+02 +5.272776863e+02
1080 +5.213383378e+02 +5.213383378e+02 +5.176283378e+02 +5.176283378e+02
1091 +5.122729094e+02 +5.122729094e+02 +5.085629094e+02 +5.085629094e+02
1095 +4.985430769e+02 +4.985430769e+02 +4.948330769e+02 +4.948330769e+02
1124 +4.850857128e+02 +4.850857128e+02 +4.813757128e+02 +4.813757128e+02
1155 +4.685157672e+02 +4.685157672e+02 +4.648057672e+02 +4.648057672e+02
1160 +4.651170997e+02 +4.651170997e+02 +4.614070997e+02 +4.614070997e+02
1170 +4.549578555e+02 +4.549578555e+02 +4.512478555e+02 +4.512478555e+02
1176 +4.444224276e+02 +4.444224276e+02 +4.407124276e+02 +4.407124276e+02
1197 +4.335976012e+02 +4.335976012e+02 +4.298876012e+02 +4.298876012e+02
1229 +4.246350532e+02 +4.246350532e+02 +4.209250532e+02 +4.209250532e+02
1323 +4.160395582e+02 +4.160395582e+02 +4.123295582e+02 +4.123295582e+02
1338 +4.068113759e+02 +4.068113759e+02 +4.031013759e+02 +4.031013759e+02
1380 +3.968145154e+02 +3.968145154e+02 +3.931045154e+02 +3.931045154e+02
1406 +3.887646762e+02 +3.887646762e+02 +3.850546762e+02 +3.850546762e+02
1583 +3.775673217e+02 +3.775673217e+02 +3.738573217e+02 +3.738573217e+02
1626 +3.711473270e+02 +3.711473270e+02 +3.674373270e+02 +3.674373270e+02
1731 +3.626416412e+02 +3.626416412e+02 +3.589316412e+02 +3.589316412e+02
2031 +3.547668015e+02 +3.547668015e+02 +3.510568015e+02 +3.510568015e+02
% function evaluation | noise-free fitness - Fopt (1.321800000000e+02) | best noise-free fitness - Fopt | measured fitness | best measured fitness | x1 | x2...
1 +2.127178155e+03 +2.127178155e+03 +2.259358155e+03 +2.259358155e+03
3 +2.059798095e+03 +2.059798095e+03 +2.191978095e+03 +2.191978095e+03
12 +1.832055216e+03 +1.832055216e+03 +1.964235216e+03 +1.964235216e+03
21 +1.740957892e+03 +1.740957892e+03 +1.873137892e+03 +1.873137892e+03
28 +1.669284185e+03 +1.669284185e+03 +1.801464185e+03 +1.801464185e+03
48 +1.628442529e+03 +1.628442529e+03 +1.760622529e+03 +1.760622529e+03
54 +1.619017669e+03 +1.619017669e+03 +1.751197669e+03 +1.751197669e+03
60 +1.532344575e+03 +1.532344575e+03 +1.664524575e+03 +1.664524575e+03
79 +1.488648493e+03 +1.488648493e+03 +1.620828493e+03 +1.620828493e+03
82 +1.467990792e+03 +1.467990792e+03 +1.600170792e+03 +1.600170792e+03
101 +1.412431572e+03 +1.412431572e+03 +1.544611572e+03 +1.544611572e+03
115 +1.329045131e+03 +1.329045131e+03 +1.461225131e+03 +1.461225131e+03
127 +1.267463080e+03 +1.267463080e+03 +1.399643080e+03 +1.399643080e+03
146 +1.163274218e+03 +1.163274218e+03 +1.295454218e+03 +1.295454218e+03
155 +1.142861987e+03 +1.142861987e+03 +1.275041987e+03 +1.275041987e+03
185 +1.026486264e+03 +1.026486264e+03 +1.158666264e+03 +1.158666264e+03
212 +1.003626620e+03 +1.003626620e+03 +1.135806620e+03 +1.135806620e+03
221 +9.687088532e+02 +9.687088532e+02 +1.100888853e+03 +1.100888853e+03
235 +9.264788801e+02 +9.264788801e+02 +1.058658880e+03 +1.058658880e+03
244 +8.999825287e+02 +8.999825287e+02 +1.032162529e+03 +1.032162529e+03
259 +8.576280868e+02 +8.576280868e+02 +9.898080868e+02 +9.898080868e+02
273 +8.235916646e+02 +8.235916646e+02 +9.557716646e+02 +9.557716646e+02
303 +7.446389653e+02 +7.446389653e+02 +8.768189653e+02 +8.768189653e+02
355 +7.121514018e+02 +7.121514018e+02 +8.443314018e+02 +8.443314018e+02
385 +6.962834542e+02 +6.962834542e+02 +8.284634542e+02 +8.284634542e+02
390 +6.771955629e+02 +6.771955629e+02 +8.093755629e+02 +8.093755629e+02
396 +6.657069435e+02 +6.657069435e+02 +7.978869435e+02 +7.978869435e+02
421 +6.589013412e+02 +6.589013412e+02 +7.910813412e+02 +7.910813412e+02
473 +6.350153113e+02 +6.350153113e+02 +7.671953113e+02 +7.671953113e+02
532 +5.916249107e+02 +5.916249107e+02 +7.238049107e+02 +7.238049107e+02
570 +5.782707419e+02 +5.782707419e+02 +7.104507419e+02 +7.104507419e+02
682 +5.742893981e+02 +5.742893981e+02 +7.064693981e+02 +7.064693981e+02
707 +5.617794440e+02 +5.617794440e+02 +6.939594440e+02 +6.939594440e+02
876 +5.180590843e+02 +5.180590843e+02 +6.502390843e+02 +6.502390843e+02
1130 +4.859843946e+02 +4.859843946e+02 +6.181643946e+02 +6.181643946e+02
1363 +4.568360092e+02 +4.568360092e+02 +5.890160092e+02 +5.890160092e+02
1445 +4.398267641e+02 +4.398267641e+02 +5.720067641e+02 +5.720067641e+02
1454 +4.334302764e+02 +4.334302764e+02 +5.656102764e+02 +5.656102764e+02
1470 +4.250857543e+02 +4.250857543e+02 +5.572657543e+02 +5.572657543e+02
1492 +4.128464349e+02 +4.128464349e+02 +5.450264349e+02 +5.450264349e+02
1559 +4.026246050e+02 +4.026246050e+02 +5.348046050e+02 +5.348046050e+02
1570 +3.936046805e+02 +3.936046805e+02 +5.257846805e+02 +5.257846805e+02
1594 +3.837681773e+02 +3.837681773e+02 +5.159481773e+02 +5.159481773e+02
1618 +3.752315178e+02 +3.752315178e+02 +5.074115178e+02 +5.074115178e+02
1626 +3.712987030e+02 +3.712987030e+02 +5.034787030e+02 +5.034787030e+02
1701 +3.567209534e+02 +3.567209534e+02 +4.889009534e+02 +4.889009534e+02
1787 +3.538713166e+02 +3.538713166e+02 +4.860513166e+02 +4.860513166e+02
1888 +3.459618352e+02 +3.459618352e+02 +4.781418352e+02 +4.781418352e+02
2046 +3.381385674e+02 +3.381385674e+02 +4.703185674e+02 +4.703185674e+02
2437 +3.311293043e+02 +3.311293043e+02 +4.633093043e+02 +4.633093043e+02
% function evaluation | noise-free fitness - Fopt (1.000000000000e+03) | best noise-free fitness - Fopt | measured fitness | best measured fitness | x1 | x2...
1 +1.719631275e+03 +1.719631275e+03 +2.719631275e+03 +2.719631275e+03
2 +1.575853898e+03 +1.575853898e+03 +2.575853898e+03 +2.575853898e+03
23 +1.530061120e+03 +1.530061120e+03 +2.530061120e+03 +2.530061120e+03
34 +1.447472017e+03 +1.447472017e+03 +2.447472017e+03 +2.447472017e+03
60 +1.423286404e+03 +1.423286404e+03 +2.423286404e+03 +2.423286404e+03
66 +1.407560629e+03 +1.407560629e+03 +2.407560629e+03 +2.407560629e+03
78 +1.375140879e+03 +1.375140879e+03 +2.375140879e+03 +2.375140879e+03
82 +1.344252799e+03 +1.344252799e+03 +2.344252799e+03 +2.344252799e+03
108 +1.290471399e+03 +1.290471399e+03 +2.290471399e+03 +2.290471399e+03
115 +1.257008023e+03 +1.257008023e+03 +2.257008023e+03 +2.257008023e+03
150 +1.205382465e+03 +1.205382465e+03 +2.205382465e+03 +2.205382465e+03
164 +1.192795311e+03 +1.192795311e+03 +2.192795311e+03 +2.192795311e+03
166 +1.155993781e+03 +1.155993781e+03 +2.155993781e+03 +2.155993781e+03
173 +1.095029537e+03 +1.095029537e+03 +2.095029537e+03 +2.095029537e+03
214 +1.037274755e+03 +1.037274755e+03 +2.037274755e+03 +2.037274755e+03
221 +9.905060384e+02 +9.905060384e+02 +1.990506038e+03 +1.990506038e+03
249 +9.738033065e+02 +9.738033065e+02 +1.973803306e+03 +1.973803306e+03
266 +9.253220610e+02 +9.253220610e+02 +1.925322061e+03 +1.925322061e+03
277 +8.940516689e+02 +8.940516689e+02 +1.894051669e+03 +1.894051669e+03
306 +8.875939919e+02 +8.875939919e+02 +1.887593992e+03 +1.887593992e+03
341 +8.537882171e+02 +8.537882171e+02 +1.853788217e+03 +1.853788217e+03
349 +8.285286027e+02 +8.285286027e+02 +1.828528603e+03 +1.828528603e+03
392 +7.911331992e+02 +7.911331992e+02 +1.791133199e+03 +1.791133199e+03
402 +7.731803154e+02 +7.731803154e+02 +1.773180315e+03 +1.773180315e+03
432 +7.519251634e+02 +7.519251634e+02 +1.751925163e+03 +1.751925163e+03
485 +7.324799387e+02 +7.324799387e+02 +1.732479939e+03 +1.732479939e+03
555 +7.048134189e+02 +7.048134189e+02 +1.704813419e+03 +1.704813419e+03
559 +6.882295484e+02 +6.882295484e+02 +1.688229548e+03 +1.688229548e+03
567 +6.258805173e+02 +6.258805173e+02 +1.625880517e+03 +1.625880517e+03
664 +6.065830370e+02 +6.065830370e+02 +1.606583037e+03 +1.606583037e+03
707 +5.646798584e+02 +5.646798584e+02 +1.564679858e+03 +1.564679858e+03
737 +5.516555991e+02 +5.516555991e+02 +1.551655599e+03 +1.551655599e+03
793 +4.796120210e+02 +4.796120210e+02 +1.479612021e+03 +1.479612021e+03
1137 +4.721003706e+02 +4.721003706e+02 +1.472100371e+03 +1.472100371e+03
1227 +4.404965291e+02 +4.404965291e+02 +1.440496529e+03 +1.440496529e+03
1249 +4.196112465e+02 +4.196112465e+02 +1.419611247e+03 +1.419611247e+03
1252 +4.068767089e+02 +4.068767089e+02 +1.406876709e+03 +1.406876709e+03
1288 +3.903087924e+02 +3.903087924e+02 +1.390308792e+03 +1.390308792e+03
1452 +3.808157654e+02 +3.808157654e+02 +1.380815765e+03 +1.380815765e+03
1467 +3.634813846e+02 +3.634813846e+02 +1.363481385e+03 +1.363481385e+03
1566 +3.617579179e+02 +3.617579179e+02 +1.361757918e+03 +1.361757918e+03
1587 +3.533050239e+02 +3.533050239e+02 +1.353305024e+03 +1.353305024e+03
1642 +3.391149835e+02 +3.391149835e+02 +1.339114984e+03 +1.339114984e+03
1742 +3.260809684e+02 +3.260809684e+02 +1.326080968e+03 +1.326080968e+03
1829 +3.209246541e+02 +3.209246541e+02 +1.320924654e+03 +1.320924654e+03
1839 +3.096497127e+02 +3.096497127e+02 +1.309649713e+03 +1.309649713e+03
1853 +3.087155199e+02 +3.087155199e+02 +1.308715520e+03 +1.308715520e+03
1872 +3.016357430e+02 +3.016357430e+02 +1.301635743e+03 +1.301635743e+03
1931 +2.942915606e+02 +2.942915606e+02 +1.294291561e+03 +1.294291561e+03
1939 +2.793738843e+02 +2.793738843e+02 +1.279373884e+03 +1.279373884e+03
1962 +2.753865467e+02 +2.753865467e+02 +1.275386547e+03 +1.275386547e+03
1975 +2.683829674e+02 +2.683829674e+02 +1.268382967e+03 +1.268382967e+03
2024 +2.608283929e+02 +2.608283929e+02 +1.260828393e+03 +1.260828393e+03
2040 +2.570040197e+02 +2.570040197e+02 +1.257004020e+03 +1.257004020e+03
2068 +2.476867034e+02 +2.476867034e+02 +1.247686703e+03 +1.247686703e+03
2133 +2.454275210e+02 +2.454275210e+02 +1.245427521e+03 +1.245427521e+03
2168 +2.393626543e+02 +2.393626543e+02 +1.239362654e+03 +1.239362654e+03
2207 +2.342762930e+02 +2.342762930e+02 +1.234276293e+03 +1.234276293e+03
2316 +2.262868656e+02 +2.262868656e+02 +1.226286866e+03 +1.226286866e+03
2383 +2.232010665e+02 +2.232010665e+02 +1.223201067e+03 +1.223201067e+03
2451 +2.169921942e+02 +2.169921942e+02 +1.216992194e+03 +1.216992194e+03
2594 +2.119253581e+02 +2.119253581e+02 +1.211925358e+03 +1.211925358e+03
2699 +2.088612335e+02 +2.088612335e+02 +1.208861234e+03 +1.208861234e+03
2856 +2.038450462e+02 +2.038450462e+02 +1.203845046e+03 +1.203845046e+03
3075 +1.993612134e+02 +1.993612134e+02 +1.199361213e+03 +1.199361213e+03
3411 +1.949343468e+02 +1.949343468e+02 +1.194934347e+03 +1.194934347e+03
% function evaluation | noise-free fitness - Fopt (-1.846000000000e+01) | best noise-free fitness - Fopt | measured fitness | best measured fitness | x1 | x2...
1 +1.513227549e+03 +1.513227549e+03 +1.494767549e+03 +1.494767549e+03
2 +1.432781826e+03 +1.432781826e+03 +1.414321826e+03 +1.414321826e+03
19 +1.384842544e+03 +1.384842544e+03 +1.366382544e+03 +1.366382544e+03
26 +1.378481537e+03 +1.378481537e+03 +1.360021537e+03 +1.360021537e+03
82 +1.305418488e+03 +1.305418488e+03 +1.286958488e+03 +1.286958488e+03
123 +1.242150221e+03 +1.242150221e+03 +1.223690221e+03 +1.223690221e+03
150 +1.211560220e+03 +1.211560220e+03 +1.193100220e+03 +1.193100220e+03
186 +1.200577675e+03 +1.200577675e+03 +1.182117675e+03 +1.182117675e+03
196 +1.174157021e+03 +1.174157021e+03 +1.155697021e+03 +1.155697021e+03
208 +1.114216840e+03 +1.114216840e+03 +1.095756840e+03 +1.095756840e+03
235 +1.086066572e+03 +1.086066572e+03 +1.067606572e+03 +1.067606572e+03
240 +1.012009751e+03 +1.012009751e+03 +9.935497515e+02 +9.935497515e+02
275 +9.858114320e+02 +9.858114320e+02 +9.673514320e+02 +9.673514320e+02
314 +9.700112364e+02 +9.700112364e+02 +9.515512364e+02 +9.515512364e+02
358 +9.224912978e+02 +9.224912978e+02 +9.040312978e+02 +9.040312978e+02
384 +8.598193594e+02 +8.598193594e+02 +8.413593594e+02 +8.413593594e+02
473 +8.398022253e+02 +8.398022253e+02 +8.213422253e+02 +8.213422253e+02
475 +8.217185184e+02 +8.217185184e+02 +8.032585184e+02 +8.032585184e+02
493 +7.967502832e+02 +7.967502832e+02 +7.782902832e+02 +7.782902832e+02
499 +7.843015113e+02 +7.843015113e+02 +7.658415113e+02 +7.658415113e+02
506 +7.690898487e+02 +7.690898487e+02 +7.506298487e+02 +7.506298487e+02
522 +7.583166995e+02 +7.583166995e+02 +7.398566995e+02 +7.398566995e+02
530 +7.330964289e+02 +7.330964289e+02 +7.146364289e+02 +7.146364289e+02
712 +6.871672109e+02 +6.871672109e+02 +6.687072109e+02 +6.687072109e+02
823 +5.954628972e+02 +5.954628972e+02 +5.770028972e+02 +5.770028972e+02
1025 +5.720905830e+02 +5.720905830e+02 +5.536305830e+02 +5.536305830e+02
1146 +5.616952941e+02 +5.616952941e+02 +5.432352941e+02 +5.432352941e+02
1167 +5.412336519e+02 +5.412336519e+02 +5.227736519e+02 +5.227736519e+02
1326 +5.136726306e+02 +5.136726306e+02 +4.952126306e+02 +4.952126306e+02
1351 +5.087151030e+02 +5.087151030e+02 +4.902551030e+02 +4.902551030e+02
1366 +4.947147458e+02 +4.947147458e+02 +4.762547458e+02 +4.762547458e+02
1387 +4.850373209e+02 +4.850373209e+02 +4.665773209e+02 +4.665773209e+02
1401 +4.759095324e+02 +4.759095324e+02 +4.574495324e+02 +4.574495324e+02
1416 +4.629955883e+02 +4.629955883e+02 +4.445355883e+02 +4.445355883e+02
1499 +4.529747650e+02 +4.529747650e+02 +4.345147650e+02 +4.345147650e+02
1514 +4.332288231e+02 +4.332288231e+02 +4.147688231e+02 +4.147688231e+02
1581 +4.230354043e+02 +4.230354043e+02 +4.045754043e+02 +4.045754043e+02
1584 +4.127746584e+02 +4.127746584e+02 +3.943146584e+02 +3.943146584e+02
1594 +4.015325962e+02 +4.015325962e+02 +3.830725962e+02 +3.830725962e+02
1697 +3.953957853e+02 +3.953957853e+02 +3.769357853e+02 +3.769357853e+02
1740 +3.886233879e+02 +3.886233879e+02 +3.701633879e+02 +3.701633879e+02
1780 +3.769729584e+02 +3.769729584e+02 +3.585129584e+02 +3.585129584e+02
1856 +3.699121927e+02 +3.699121927e+02 +3.514521927e+02 +3.514521927e+02
1982 +3.629217546e+02 +3.629217546e+02 +3.444617546e+02 +3.444617546e+02
2221 +3.537704541e+02 +3.537704541e+02 +3.353104541e+02 +3.353104541e+02
2414 +3.466835763e+02 +3.466835763e+02 +3.282235763e+02 +3.282235763e+02
% function evaluation | noise-free fitness - Fopt (-6.046000000000e+01) | best noise-free fitness - Fopt | measured fitness | best measured fitness | x1 | x2...
1 +1.693641888e+03 +1.693641888e+03 +1.633181888e+03 +1.633181888e+03
2 +1.583390498e+03 +1.583390498e+03 +1.522930498e+03 +1.522930498e+03
5 +1.512233198e+03 +1.512233198e+03 +1.451773198e+03 +1.451773198e+03
18 +1.335333480e+03 +1.335333480e+03 +1.274873480e+03 +1.274873480e+03
41 +1.237763787e+03 +1.237763787e+03 +1.177303787e+03 +1.177303787e+03
43 +1.213375996e+03 +1.213375996e+03 +1.152915996e+03 +1.152915996e+03
46 +1.160172975e+03 +1.160172975e+03 +1.099712975e+03 +1.099712975e+03
60 +1.146673141e+03 +1.146673141e+03 +1.086213141e+03 +1.086213141e+03
65 +1.106681472e+03 +1.106681472e+03 +1.046221472e+03 +1.046221472e+03
90 +1.049938257e+03 +1.049938257e+03 +9.894782567e+02 +9.894782567e+02
92 +9.806856159e+02 +9.806856159e+02 +9.202256159e+02 +9.202256159e+02
123 +9.608459690e+02 +9.608459690e+02 +9.003859690e+02 +9.003859690e+02
131 +9.093043781e+02 +9.093043781e+02 +8.488443781e+02 +8.488443781e+02
159 +8.909637589e+02 +8.909637589e+02 +8.305037589e+02 +8.305037589e+02
176 +8.650830306e+02 +8.650830306e+02 +8.046230306e+02 +8.046230306e+02
184 +8.431721099e+02 +8.431721099e+02 +7.827121099e+02 +7.827121099e+02
243 +7.895700987e+02 +7.895700987e+02 +7.291100987e+02 +7.291100987e+02
280 +7.660505702e+02 +7.660505702e+02 +7.055905702e+02 +7.055905702e+02
294 +7.238633207e+02 +7.238633207e+02 +6.634033207e+02 +6.634033207e+02
306 +6.779064347e+02 +6.779064347e+02 +6.174464347e+02 +6.174464347e+02
316 +6.754218022e+02 +6.754218022e+02 +6.149618022e+02 +6.149618022e+02
351 +6.502052159e+02 +6.502052159e+02 +5.897452159e+02 +5.897452159e+02
380 +6.409909983e+02 +6.409909983e+02 +5.805309983e+02 +5.805309983e+02
388 +6.290358160e+02 +6.290358160e+02 +5.685758160e+02 +5.685758160e+02
537 +5.869019198e+02 +5.869019198e+02 +5.264419198e+02 +5.264419198e+02
610 +5.753854947e+02 +5.753854947e+02 +5.149254947e+02 +5.149254947e+02
625 +5.580070816e+02 +5.580070816e+02 +4.975470816e+02 +4.975470816e+02
676 +5.413463305e+02 +5.413463305e+02 +4.808863305e+02 +4.808863305e+02
693 +5.353448509e+02 +5.353448509e+02 +4.748848509e+02 +4.748848509e+02
726 +5.048482392e+02 +5.048482392e+02 +4.443882392e+02 +4.443882392e+02
972 +4.710946559e+02 +4.710946559e+02 +4.106346559e+02 +4.106346559e+02
1229 +4.521588067e+02 +4.521588067e+02 +3.916988067e+02 +3.916988067e+02
1301 +4.422552961e+02 +4.422552961e+02 +3.817952961e+02 +3.817952961e+02
1418 +3.824803505e+02 +3.824803505e+02 +3.220203505e+02 +3.220203505e+02
1538 +3.633899249e+02 +3.633899249e+02 +3.029299249e+02 +3.029299249e+02
1804 +3.587306832e+02 +3.587306832e+02 +2.982706832e+02 +2.982706832e+02
1820 +3.450242612e+02 +3.450242612e+02 +2.845642612e+02 +2.845642612e+02
1856 +3.364538708e+02 +3.364538708e+02 +2.759938708e+02 +2.759938708e+02
1879 +3.278598909e+02 +3.278598909e+02 +2.673998909e+02 +2.673998909e+02
1906 +3.198238070e+02 +3.198238070e+02 +2.593638070e+02 +2.593638070e+02
1923 +3.121125716e+02 +3.121125716e+02 +2.516525716e+02 +2.516525716e+02
1936 +3.008285908e+02 +3.008285908e+02 +2.403685908e+02 +2.403685908e+02
1946 +2.940479428e+02 +2.940479428e+02 +2.335879428e+02 +2.335879428e+02
1979 +2.869073836e+02 +2.869073836e+02 +2.264473836e+02 +2.264473836e+02
2066 +2.811869792e+02 +2.811869792e+02 +2.207269792e+02 +2.207269792e+02
2085 +2.722630258e+02 +2.722630258e+02 +2.118030258e+02 +2.118030258e+02
2100 +2.689905736e+02 +2.689905736e+02 +2.085305736e+02 +2.085305736e+02
2116 +2.562960514e+02 +2.562960514e+02 +1.958360514e+02 +1.958360514e+02
2135 +2.504268513e+02 +2.504268513e+02 +1.899668513e+02 +1.899668513e+02
2160 +2.454183312e+02 +2.454183312e+02 +1.849583312e+02 +1.849583312e+02
2201 +2.318209404e+02 +2.318209404e+02 +1.713609404e+02 +1.713609404e+02
2236 +2.270442446e+02 +2.270442446e+02 +1.665842446e+02 +1.665842446e+02
2250 +2.192407553e+02 +2.192407553e+02 +1.587807553e+02 +1.587807553e+02
2326 +2.166528592e+02 +2.166528592e+02 +1.561928592e+02 +1.561928592e+02
2373 +2.123838285e+02 +2.123838285e+02 +1.519238285e+02 +1.519238285e+02
2440 +2.077686278e+02 +2.077686278e+02 +1.473086278e+02 +1.473086278e+02
2591 +2.041150567e+02 +2.041150567e+02 +1.436550567e+02 +1.436550567e+02
2756 +1.989393175e+02 +1.989393175e+02 +1.384793175e+02 +1.384793175e+02
2884 +1.946766874e+02 +1.946766874e+02 +1.342166874e+02 +1.342166874e+02
3004 +1.903504446e+02 +1.903504446e+02 +1.298904446e+02 +1.298904446e+02
% function evaluation | noise-free fitness - Fopt (3.173300000000e+02) | best noise-free fitness - Fopt | measured fitness | best measured fitness | x1 | x2...
1 +1.496237515e+03 +1.496237515e+03 +1.813567515e+03 +1.813567515e+03
3 +1.475245735e+03 +1.475245735e+03 +1.792575735e+03 +1.792575735e+03
4 +1.433777992e+03 +1.433777992e+03 +1.751107992e+03 +1.751107992e+03
12 +1.291336498e+03 +1.291336498e+03 +1.608666498e+03 +1.608666498e+03
60 +1.273452824e+03 +1.273452824e+03 +1.590782824e+03 +1.590782824e+03
61 +1.194082776e+03 +1.194082776e+03 +1.511412776e+03 +1.511412776e+03
73 +1.138839531e+03 +1.138839531e+03 +1.456169531e+03 +1.456169531e+03
91 +1.118768754e+03 +1.118768754e+03 +1.436098754e+03 +1.436098754e+03
92 +1.071848403e+03 +1.071848403e+03 +1.389178403e+03 +1.389178403e+03
105 +1.052141438e+03 +1.052141438e+03 +1.369471438e+03 +1.369471438e+03
106 +1.029039934e+03 +1.029039934e+03 +1.346369934e+03 +1.346369934e+03
126 +9.955514183e+02 +9.955514183e+02 +1.312881418e+03 +1.312881418e+03
138 +9.254409271e+02 +9.254409271e+02 +1.242770927e+03 +1.242770927e+03
146 +9.119820760e+02 +9.119820760e+02 +1.229312076e+03 +1.229312076e+03
148 +8.765590411e+02 +8.765590411e+02 +1.193889041e+03 +1.193889041e+03
185 +8.629751259e+02 +8.629751259e+02 +1.180305126e+03 +1.180305126e+03
190 +8.383883683e+02 +8.383883683e+02 +1.155718368e+03 +1.155718368e+03
199 +7.699465854e+02 +7.699465854e+02 +1.087276585e+03 +1.087276585e+03
226 +7.512498848e+02 +7.512498848e+02 +1.068579885e+03 +1.068579885e+03
228 +7.355930645e+02 +7.355930645e+02 +1.052923065e+03 +1.052923065e+03
302 +6.835288061e+02 +6.835288061e+02 +1.000858806e+03 +1.000858806e+03
313 +6.423510636e+02 +6.423510636e+02 +9.596810636e+02 +9.596810636e+02
332 +6.189240641e+02 +6.189240641e+02 +9.362540641e+02 +9.362540641e+02
516 +5.980262827e+02 +5.980262827e+02 +9.153562827e+02 +9.153562827e+02
518 +5.718520824e+02 +5.718520824e+02 +8.891820824e+02 +8.891820824e+02
543 +5.445323465e+02 +5.445323465e+02 +8.618623465e+02 +8.618623465e+02
559 +5.204210390e+02 +5.204210390e+02 +8.377510390e+02 +8.377510390e+02
706 +5.119818742e+02 +5.119818742e+02 +8.293118742e+02 +8.293118742e+02
785 +4.902294611e+02 +4.902294611e+02 +8.075594611e+02 +8.075594611e+02
1112 +4.764969231e+02 +4.764969231e+02 +7.938269231e+02 +7.938269231e+02
1264 +4.624982083e+02 +4.624982083e+02 +7.798282083e+02 +7.798282083e+02
1448 +4.471371813e+02 +4.471371813e+02 +7.644671813e+02 +7.644671813e+02
1461 +4.454390261e+02 +4.454390261e+02 +7.627690261e+02 +7.627690261e+02
1515 +4.302620625e+02 +4.302620625e+02 +7.475920625e+02 +7.475920625e+02
1521 +4.097312761e+02 +4.097312761e+02 +7.270612761e+02 +7.270612761e+02
1522 +3.993627409e+02 +3.993627409e+02 +7.166927409e+02 +7.166927409e+02
1594 +3.944674819e+02 +3.944674819e+02 +7.117974819e+02 +7.117974819e+02
1628 +3.781663418e+02 +3.781663418e+02 +6.954963418e+02 +6.954963418e+02
1642 +3.662684088e+02 +3.662684088e+02 +6.835984088e+02 +6.835984088e+02
1659 +3.591690853e+02 +3.591690853e+02 +6.764990853e+02 +6.764990853e+02
1666 +3.468584370e+02 +3.468584370e+02 +6.641884370e+02 +6.641884370e+02
1673 +3.428041050e+02 +3.428041050e+02 +6.601341050e+02 +6.601341050e+02
1731 +3.291527200e+02 +3.291527200e+02 +6.464827200e+02 +6.464827200e+02
1744 +3.232704644e+02 +3.232704644e+02 +6.406004644e+02 +6.406004644e+02
1748 +3.161484002e+02 +3.161484002e+02 +6.334784002e+02 +6.334784002e+02
1760 +3.046812118e+02 +3.046812118e+02 +6.220112118e+02 +6.220112118e+02
1865 +3.000351988e+02 +3.000351988e+02 +6.173651988e+02 +6.173651988e+02
1909 +2.882843686e+02 +2.882843686e+02 +6.056143686e+02 +6.056143686e+02
1916 +2.750001384e+02 +2.750001384e+02 +5.923301384e+02 +5.923301384e+02
2113 +2.654103748e+02 +2.654103748e+02 +5.827403748e+02 +5.827403748e+02
2124 +2.626649554e+02 +2.626649554e+02 +5.799949554e+02 +5.799949554e+02
2166 +2.559217045e+02 +2.559217045e+02 +5.732517045e+02 +5.732517045e+02
2211 +2.489714284e+02 +2.489714284e+02 +5.663014284e+02 +5.663014284e+02
2256 +2.402817125e+02 +2.402817125e+02 +5.576117125e+02 +5.576117125e+02
2312 +2.396153573e+02 +2.396153573e+02 +5.569453573e+02 +5.569453573e+02
2324 +2.341534322e+02 +2.341534322e+02 +5.514834322e+02 +5.514834322e+02
2344 +2.285577369e+02 +2.285577369e+02 +5.458877369e+02 +5.458877369e+02
2351 +2.214469963e+02 +2.214469963e+02 +5.387769963e+02 +5.387769963e+02
2374 +2.177683929e+02 +2.177683929e+02 +5.350983929e+02 +5.350983929e+02
2446 +2.135401653e+02 +2.135401653e+02 +5.308701653e+02 +5.308701653e+02
2532 +2.069793837e+02 +2.069793837e+02 +5.243093837e+02 +5.243093837e+02
2566 +2.031530719e+02 +2.031530719e+02 +5.204830719e+02 +5.204830719e+02
2639 +1.967111340e+02 +1.967111340e+02 +5.140411340e+02 +5.140411340e+02
2853 +1.949027375e+02 +1.949027375e+02 +5.122327375e+02 +5.122327375e+02
3380 +1.904083356e+02 +1.904083356e+02 +5.077383356e+02 +5.077383356e+02
% function evaluation | noise-free fitness - Fopt (3.384000000000e+02) | best noise-free fitness - Fopt | measured fitness | best measured fitness | x1 | x2...
1 +1.412149790e+03 +1.412149790e+03 +1.750549790e+03 +1.750549790e+03
2 +1.369647652e+03 +1.369647652e+03 +1.708047652e+03 +1.708047652e+03
5 +1.311844342e+03 +1.311844342e+03 +1.650244342e+03 +1.650244342e+03
15 +1.282172934e+03 +1.282172934e+03 +1.620572934e+03 +1.620572934e+03
26 +1.241047166e+03 +1.241047166e+03 +1.579447166e+03 +1.579447166e+03
53 +1.229369570e+03 +1.229369570e+03 +1.567769570e+03 +1.567769570e+03
103 +1.174600979e+03 +1.174600979e+03 +1.513000979e+03 +1.513000979e+03
135 +1.145694800e+03 +1.145694800e+03 +1.484094800e+03 +1.484094800e+03
148 +1.115436383e+03 +1.115436383e+03 +1.453836383e+03 +1.453836383e+03
173 +9.953316948e+02 +9.953316948e+02 +1.333731695e+03 +1.333731695e+03
199 +9.764168520e+02 +9.764168520e+02 +1.314816852e+03 +1.314816852e+03
204 +9.406461767e+02 +9.406461767e+02 +1.279046177e+03 +1.279046177e+03
223 +9.234313570e+02 +9.234313570e+02 +1.261831357e+03 +1.261831357e+03
228 +8.687168582e+02 +8.687168582e+02 +1.207116858e+03 +1.207116858e+03
304 +8.450909237e+02 +8.450909237e+02 +1.183490924e+03 +1.183490924e+03
371 +7.730122117e+02 +7.730122117e+02 +1.111412212e+03 +1.111412212e+03
386 +7.101686759e+02 +7.101686759e+02 +1.048568676e+03 +1.048568676e+03
410 +6.788779025e+02 +6.788779025e+02 +1.017277902e+03 +1.017277902e+03
419 +6.083628905e+02 +6.083628905e+02 +9.467628905e+02 +9.467628905e+02
587 +5.899344335e+02 +5.899344335e+02 +9.283344335e+02 +9.283344335e+02
630 +5.634929138e+02 +5.634929138e+02 +9.018929138e+02 +9.018929138e+02
745 +5.340428816e+02 +5.340428816e+02 +8.724428816e+02 +8.724428816e+02
791 +5.179097316e+02 +5.179097316e+02 +8.563097316e+02 +8.563097316e+02
915 +5.056687170e+02 +5.056687170e+02 +8.440687170e+02 +8.440687170e+02
934 +4.990595538e+02 +4.990595538e+02 +8.374595538e+02 +8.374595538e+02
1046 +4.807428040e+02 +4.807428040e+02 +8.191428040e+02 +8.191428040e+02
1058 +4.519239298e+02 +4.519239298e+02 +7.903239298e+02 +7.903239298e+02
1402 +4.247157822e+02 +4.247157822e+02 +7.631157822e+02 +7.631157822e+02
1719 +4.058129804e+02 +4.058129804e+02 +7.442129804e+02 +7.442129804e+02
1829 +3.947457931e+02 +3.947457931e+02 +7.331457931e+02 +7.331457931e+02
1883 +3.713240462e+02 +3.713240462e+02 +7.097240462e+02 +7.097240462e+02
1908 +3.318652293e+02 +3.318652293e+02 +6.702652293e+02 +6.702652293e+02
1928 +3.030985907e+02 +3.030985907e+02 +6.414985907e+02 +6.414985907e+02
1974 +2.991502640e+02 +2.991502640e+02 +6.375502640e+02 +6.375502640e+02
2043 +2.949484215e+02 +2.949484215e+02 +6.333484215e+02 +6.333484215e+02
2094 +2.828435018e+02 +2.828435018e+02 +6.212435018e+02 +6.212435018e+02
2102 +2.817273991e+02 +2.817273991e+02 +6.201273991e+02 +6.201273991e+02
2106 +2.738410712e+02 +2.738410712e+02 +6.122410712e+02 +6.122410712e+02
2162 +2.624155321e+02 +2.624155321e+02 +6.008155321e+02 +6.008155321e+02
2249 +2.567771215e+02 +2.567771215e+02 +5.951771215e+02 +5.951771215e+02
2323 +2.501664070e+02 +2.501664070e+02 +5.885664070e+02 +5.885664070e+02
2396 +2.448033299e+02 +2.448033299e+02 +5.832033299e+02 +5.832033299e+02
2494 +2.394920057e+02 +2.394920057e+02 +5.778920057e+02 +5.778920057e+02
2566 +2.342156670e+02 +2.342156670e+02 +5.726156670e+02 +5.726156670e+02
2774 +2.289934101e+02 +2.289934101e+02 +5.673934101e+02 +5.673934101e+02
% function evaluation | noise-free fitness - Fopt (-4.940000000000e+01) | best noise-free fitness - Fopt | measured fitness | best measured fitness | x1 | x2...
1 +1.180425331e+03 +1.180425331e+03 +1.131025331e+03 +1.131025331e+03
18 +1.171086644e+03 +1.171086644e+03 +1.121686644e+03 +1.121686644e+03
33 +1.145930476e+03 +1.145930476e+03 +1.096530476e+03 +1.096530476e+03
69 +1.107190574e+03 +1.107190574e+03 +1.057790574e+03 +1.057790574e+03
85 +1.090572489e+03 +1.090572489e+03 +1.041172489e+03 +1.041172489e+03
90 +1.050919945e+03 +1.050919945e+03 +1.001519945e+03 +1.001519945e+03
117 +1.017736398e+03 +1.017736398e+03 +9.683363978e+02 +9.683363978e+02
140 +9.980724924e+02 +9.980724924e+02 +9.486724924e+02 +9.486724924e+02
191 +9.580901646e+02 +9.580901646e+02 +9.086901646e+02 +9.086901646e+02
196 +8.936168394e+02 +8.936168394e+02 +8.442168394e+02 +8.442168394e+02
320 +8.720148058e+02 +8.720148058e+02 +8.226148058e+02 +8.226148058e+02
362 +8.676446124e+02 +8.676446124e+02 +8.182446124e+02 +8.182446124e+02
514 +8.346284030e+02 +8.346284030e+02 +7.852284030e+02 +7.852284030e+02
541 +8.315070949e+02 +8.315070949e+02 +7.821070949e+02 +7.821070949e+02
563 +8.086164267e+02 +8.086164267e+02 +7.592164267e+02 +7.592164267e+02
589 +7.904683452e+02 +7.904683452e+02 +7.410683452e+02 +7.410683452e+02
770 +7.665640609e+02 +7.665640609e+02 +7.171640609e+02 +7.171640609e+02
835 +7.307518159e+02 +7.307518159e+02 +6.813518159e+02 +6.813518159e+02
840 +7.171279187e+02 +7.171279187e+02 +6.677279187e+02 +6.677279187e+02
863 +6.992769545e+02 +6.992769545e+02 +6.498769545e+02 +6.498769545e+02
876 +6.897347497e+02 +6.897347497e+02 +6.403347497e+02 +6.403347497e+02
1004 +6.660373305e+02 +6.660373305e+02 +6.166373305e+02 +6.166373305e+02
1014 +6.586970181e+02 +6.586970181e+02 +6.092970181e+02 +6.092970181e+02
1038 +6.283613136e+02 +6.283613136e+02 +5.789613136e+02 +5.789613136e+02
1170 +5.728943392e+02 +5.728943392e+02 +5.234943392e+02 +5.234943392e+02
1256 +5.257870028e+02 +5.257870028e+02 +4.763870028e+02 +4.763870028e+02
1403 +5.166513304e+02 +5.166513304e+02 +4.672513304e+02 +4.672513304e+02
1446 +5.056039748e+02 +5.056039748e+02 +4.562039748e+02 +4.562039748e+02
1481 +4.898299844e+02 +4.898299844e+02 +4.404299844e+02 +4.404299844e+02
1512 +4.838831877e+02 +4.838831877e+02 +4.344831877e+02 +4.344831877e+02
1514 +4.510704812e+02 +4.510704812e+02 +4.016704812e+02 +4.016704812e+02
1535 +4.321844036e+02 +4.321844036e+02 +3.827844036e+02 +3.827844036e+02
1571 +4.154783035e+02 +4.154783035e+02 +3.660783035e+02 +3.660783035e+02
1580 +4.021808623e+02 +4.021808623e+02 +3.527808623e+02 +3.527808623e+02
1654 +3.932988637e+02 +3.932988637e+02 +3.438988637e+02 +3.438988637e+02
1681 +3.819110322e+02 +3.819110322e+02 +3.325110322e+02 +3.325110322e+02
1729 +3.798264660e+02 +3.798264660e+02 +3.304264660e+02 +3.304264660e+02
1884 +3.678580639e+02 +3.678580639e+02 +3.184580639e+02 +3.184580639e+02
1986 +3.611548488e+02 +3.611548488e+02 +3.117548488e+02 +3.117548488e+02
2097 +3.547617396e+02 +3.547617396e+02 +3.053617396e+02 +3.053617396e+02
2156 +3.463853853e+02 +3.463853853e+02 +2.969853853e+02 +2.969853853e+02
2274 +3.377208477e+02 +3.377208477e+02 +2.883208477e+02 +2.883208477e+02
2481 +3.306222945e+02 +3.306222945e+02 +2.812222945e+02 +2.812222945e+02
3496 +3.235495654e+02 +3.235495654e+02 +2.741495654e+02 +2.741495654e+02
% function evaluation | noise-free fitness - Fopt (-5.557000000000e+01) | best noise-free fitness - Fopt | measured fitness | best measured fitness | x1 | x2...
1 +1.147281101e+03 +1.147281101e+03 +1.091711101e+03 +1.091711101e+03
6 +1.067186507e+03 +1.067186507e+03 +1.011616507e+03 +1.011616507e+03
25 +1.040186721e+03 +1.040186721e+03 +9.846167207e+02 +9.846167207e+02
46 +1.007814487e+03 +1.007814487e+03 +9.522444866e+02 +9.522444866e+02
55 +9.952520676e+02 +9.952520676e+02 +9.396820676e+02 +9.396820676e+02
58 +9.655473401e+02 +9.655473401e+02 +9.099773401e+02 +9.099773401e+02
67 +9.519300684e+02 +9.519300684e+02 +8.963600684e+02 +8.963600684e+02
82 +8.399839939e+02 +8.399839939e+02 +7.844139939e+02 +7.844139939e+02
91 +8.215994678e+02 +8.215994678e+02 +7.660294678e+02 +7.660294678e+02
107 +8.022230899e+02 +8.022230899e+02 +7.466530899e+02 +7.466530899e+02
159 +7.683346196e+02 +7.683346196e+02 +7.127646196e+02 +7.127646196e+02
169 +7.578782314e+02 +7.578782314e+02 +7.023082314e+02 +7.023082314e+02
216 +7.267618880e+02 +7.267618880e+02 +6.711918880e+02 +6.711918880e+02
226 +6.721403755e+02 +6.721403755e+02 +6.165703755e+02 +6.165703755e+02
280 +6.579624339e+02 +6.579624339e+02 +6.023924339e+02 +6.023924339e+02
312 +6.382487478e+02 +6.382487478e+02 +5.826787478e+02 +5.826787478e+02
314 +6.281352952e+02 +6.281352952e+02 +5.725652952e+02 +5.725652952e+02
319 +6.006525651e+02 +6.006525651e+02 +5.450825651e+02 +5.450825651e+02
377 +5.553976893e+02 +5.553976893e+02 +4.998276893e+02 +4.998276893e+02
533 +5.347493174e+02 +5.347493174e+02 +4.791793174e+02 +4.791793174e+02
574 +5.083732801e+02 +5.083732801e+02 +4.528032801e+02 +4.528032801e+02
868 +4.974902432e+02 +4.974902432e+02 +4.419202432e+02 +4.419202432e+02
881 +4.214583828e+02 +4.214583828e+02 +3.658883828e+02 +3.658883828e+02
1435 +4.162555394e+02 +4.162555394e+02 +3.606855394e+02 +3.606855394e+02
1572 +3.752474436e+02 +3.752474436e+02 +3.196774436e+02 +3.196774436e+02
1840 +3.547998845e+02 +3.547998845e+02 +2.992298845e+02 +2.992298845e+02
1868 +3.270992288e+02 +3.270992288e+02 +2.715292288e+02 +2.715292288e+02
2051 +3.175174565e+02 +3.175174565e+02 +2.619474565e+02 +2.619474565e+02
2059 +3.146893591e+02 +3.146893591e+02 +2.591193591e+02 +2.591193591e+02
2073 +2.996175946e+02 +2.996175946e+02 +2.440475946e+02 +2.440475946e+02
2080 +2.921798678e+02 +2.921798678e+02 +2.366098678e+02 +2.366098678e+02
2117 +2.882894446e+02 +2.882894446e+02 +2.327194446e+02 +2.327194446e+02
2120 +2.803846279e+02 +2.803846279e+02 +2.248146279e+02 +2.248146279e+02
2219 +2.732776808e+02 +2.732776808e+02 +2.177076808e+02 +2.177076808e+02
2253 +2.690947154e+02 +2.690947154e+02 +2.135247154e+02 +2.135247154e+02
2260 +2.622017206e+02 +2.622017206e+02 +2.066317206e+02 +2.066317206e+02
2345 +2.486201747e+02 +2.486201747e+02 +1.930501747e+02 +1.930501747e+02
2443 +2.450477971e+02 +2.450477971e+02 +1.894777971e+02 +1.894777971e+02
2451 +2.395727721e+02 +2.395727721e+02 +1.840027721e+02 +1.840027721e+02
2479 +2.320638203e+02 +2.320638203e+02 +1.764938203e+02 +1.764938203e+02
2489 +2.277679766e+02 +2.277679766e+02 +1.721979766e+02 +1.721979766e+02
2499 +2.236013248e+02 +2.236013248e+02 +1.680313248e+02 +1.680313248e+02
2531 +2.177430828e+02 +2.177430828e+02 +1.621730828e+02 +1.621730828e+02
2587 +2.131820431e+02 +2.131820431e+02 +1.576120431e+02 +1.576120431e+02
2794 +2.076010229e+02 +2.076010229e+02 +1.520310229e+02 +1.520310229e+02
3007 +2.040313810e+02 +2.040313810e+02 +1.484613810e+02 +1.484613810e+02
3399 +1.995167509e+02 +1.995167509e+02 +1.439467509e+02 +1.439467509e+02
% function evaluation | noise-free fitness - Fopt (-1.412700000000e+02) | best noise-free fitness - Fopt | measured fitness | best measured fitness | x1 | x2...
1 +1.378761327e+03 +1.378761327e+03 +1.237491327e+03 +1.237491327e+03
3 +1.347704452e+03 +1.347704452e+03 +1.206434452e+03 +1.206434452e+03
5 +1.318154568e+03 +1.318154568e+03 +1.176884568e+03 +1.176884568e+03
12 +1.216094916e+03 +1.216094916e+03 +1.074824916e+03 +1.074824916e+03
35 +1.197142876e+03 +1.197142876e+03 +1.055872876e+03 +1.055872876e+03
42 +1.134973023e+03 +1.134973023e+03 +9.937030235e+02 +9.937030235e+02
106 +1.118237392e+03 +1.118237392e+03 +9.769673924e+02 +9.769673924e+02
117 +1.080407293e+03 +1.080407293e+03 +9.391372928e+02 +9.391372928e+02
119 +1.038747339e+03 +1.038747339e+03 +8.974773392e+02 +8.974773392e+02
208 +1.021434703e+03 +1.021434703e+03 +8.801647029e+02 +8.801647029e+02
209 +9.796164334e+02 +9.796164334e+02 +8.383464334e+02 +8.383464334e+02
210 +9.599374265e+02 +9.599374265e+02 +8.186674265e+02 +8.186674265e+02
232 +9.544258247e+02 +9.544258247e+02 +8.131558247e+02 +8.131558247e+02
240 +8.864429731e+02 +8.864429731e+02 +7.451729731e+02 +7.451729731e+02
244 +8.617136184e+02 +8.617136184e+02 +7.204436184e+02 +7.204436184e+02
254 +8.511364094e+02 +8.511364094e+02 +7.098664094e+02 +7.098664094e+02
260 +8.158380233e+02 +8.158380233e+02 +6.745680233e+02 +6.745680233e+02
326 +7.795873234e+02 +7.795873234e+02 +6.383173234e+02 +6.383173234e+02
327 +7.464571957e+02 +7.464571957e+02 +6.051871957e+02 +6.051871957e+02
374 +7.391620051e+02 +7.391620051e+02 +5.978920051e+02 +5.978920051e+02
560 +7.143162402e+02 +7.143162402e+02 +5.730462402e+02 +5.730462402e+02
567 +6.811567914e+02 +6.811567914e+02 +5.398867914e+02 +5.398867914e+02
608 +6.746045843e+02 +6.746045843e+02 +5.333345843e+02 +5.333345843e+02
620 +6.110881316e+02 +6.110881316e+02 +4.698181316e+02 +4.698181316e+02
638 +6.016671276e+02 +6.016671276e+02 +4.603971276e+02 +4.603971276e+02
698 +5.743160800e+02 +5.743160800e+02 +4.330460800e+02 +4.330460800e+02
765 +5.616733558e+02 +5.616733558e+02 +4.204033558e+02 +4.204033558e+02
777 +5.400437735e+02 +5.400437735e+02 +3.987737735e+02 +3.987737735e+02
910 +5.306209490e+02 +5.306209490e+02 +3.893509490e+02 +3.893509490e+02
924 +5.226675686e+02 +5.226675686e+02 +3.813975686e+02 +3.813975686e+02
945 +5.109084531e+02 +5.109084531e+02 +3.696384531e+02 +3.696384531e+02
949 +5.004373517e+02 +5.004373517e+02 +3.591673517e+02 +3.591673517e+02
992 +4.796334261e+02 +4.796334261e+02 +3.383634261e+02 +3.383634261e+02
1037 +4.772172131e+02 +4.772172131e+02 +3.359472131e+02 +3.359472131e+02
1044 +4.595327019e+02 +4.595327019e+02 +3.182627019e+02 +3.182627019e+02
1100 +4.548509356e+02 +4.548509356e+02 +3.135809356e+02 +3.135809356e+02
1111 +4.458770979e+02 +4.458770979e+02 +3.046070979e+02 +3.046070979e+02
1126 +4.313740964e+02 +4.313740964e+02 +2.901040964e+02 +2.901040964e+02
1218 +4.245712360e+02 +4.245712360e+02 +2.833012360e+02 +2.833012360e+02
1271 +4.154159681e+02 +4.154159681e+02 +2.741459681e+02 +2.741459681e+02
1297 +4.069448676e+02 +4.069448676e+02 +2.656748676e+02 +2.656748676e+02
1469 +3.980095225e+02 +3.980095225e+02 +2.567395225e+02 +2.567395225e+02
1674 +3.886003876e+02 +3.886003876e+02 +2.473303876e+02 +2.473303876e+02
2266 +3.801576642e+02 +3.801576642e+02 +2.388876642e+02 +2.388876642e+02
% function evaluation | noise-free fitness - Fopt (1.822100000000e+02) | best noise-free fitness - Fopt | measured fitness | best measured fitness | x1 | x2...
1 +1.409950720e+03 +1.409950720e+03 +1.592160720e+03 +1.592160720e+03
2 +1.336239281e+03 +1.336239281e+03 +1.518449281e+03 +1.518449281e+03
4 +1.314570415e+03 +1.314570415e+03 +1.496780415e+03 +1.496780415e+03
7 +1.258347948e+03 +1.258347948e+03 +1.440557948e+03 +1.440557948e+03
29 +1.176215347e+03 +1.176215347e+03 +1.358425347e+03 +1.358425347e+03
42 +1.174652891e+03 +1.174652891e+03 +1.356862891e+03 +1.356862891e+03
58 +1.085640250e+03 +1.085640250e+03 +1.267850250e+03 +1.267850250e+03
76 +1.051186214e+03 +1.051186214e+03 +1.233396214e+03 +1.233396214e+03
78 +1.027397544e+03 +1.027397544e+03 +1.209607544e+03 +1.209607544e+03
133 +1.001160246e+03 +1.001160246e+03 +1.183370246e+03 +1.183370246e+03
172 +9.884371888e+02 +9.884371888e+02 +1.170647189e+03 +1.170647189e+03
174 +9.740335633e+02 +9.740335633e+02 +1.156243563e+03 +1.156243563e+03
199 +9.438079244e+02 +9.438079244e+02 +1.126017924e+03 +1.126017924e+03
202 +9.071751126e+02 +9.071751126e+02 +1.089385113e+03 +1.089385113e+03
206 +8.689112145e+02 +8.689112145e+02 +1.051121214e+03 +1.051121214e+03
211 +8.272823147e+02 +8.272823147e+02 +1.009492315e+03 +1.009492315e+03
218 +7.961292631e+02 +7.961292631e+02 +9.783392631e+02 +9.783392631e+02
226 +7.940785479e+02 +7.940785479e+02 +9.762885479e+02 +9.762885479e+02
249 +7.588753792e+02 +7.588753792e+02 +9.410853792e+02 +9.410853792e+02
265 +6.954319534e+02 +6.954319534e+02 +8.776419534e+02 +8.776419534e+02
284 +6.608984589e+02 +6.608984589e+02 +8.431084589e+02 +8.431084589e+02
287 +6.445057337e+02 +6.445057337e+02 +8.267157337e+02 +8.267157337e+02
386 +6.289977313e+02 +6.289977313e+02 +8.112077313e+02 +8.112077313e+02
411 +6.091993696e+02 +6.091993696e+02 +7.914093696e+02 +7.914093696e+02
438 +5.764657276e+02 +5.764657276e+02 +7.586757276e+02 +7.586757276e+02
488 +5.537266518e+02 +5.537266518e+02 +7.359366518e+02 +7.359366518e+02
508 +5.464066146e+02 +5.464066146e+02 +7.286166146e+02 +7.286166146e+02
528 +5.211948949e+02 +5.211948949e+02 +7.034048949e+02 +7.034048949e+02
583 +5.037130989e+02 +5.037130989e+02 +6.859230989e+02 +6.859230989e+02
662 +4.803411283e+02 +4.803411283e+02 +6.625511283e+02 +6.625511283e+02
867 +4.766383673e+02 +4.766383673e+02 +6.588483673e+02 +6.588483673e+02
1121 +4.239627921e+02 +4.239627921e+02 +6.061727921e+02 +6.061727921e+02
1183 +4.095335538e+02 +4.095335538e+02 +5.917435538e+02 +5.917435538e+02
1190 +3.976272280e+02 +3.976272280e+02 +5.798372280e+02 +5.798372280e+02
1341 +3.701597132e+02 +3.701597132e+02 +5.523697132e+02 +5.523697132e+02
1435 +3.551332346e+02 +3.551332346e+02 +5.373432346e+02 +5.373432346e+02
1443 +3.494822880e+02 +3.494822880e+02 +5.316922880e+02 +5.316922880e+02
1448 +3.417728035e+02 +3.417728035e+02 +5.239828035e+02 +5.239828035e+02
1463 +3.231763537e+02 +3.231763537e+02 +5.053863537e+02 +5.053863537e+02
1535 +3.025127834e+02 +3.025127834e+02 +4.847227834e+02 +4.847227834e+02
1554 +2.914257927e+02 +2.914257927e+02 +4.736357927e+02 +4.736357927e+02
1576 +2.876020569e+02 +2.876020569e+02 +4.698120569e+02 +4.698120569e+02
1605 +2.787053025e+02 +2.787053025e+02 +4.609153025e+02 +4.609153025e+02
1658 +2.752794507e+02 +2.752794507e+02 +4.574894507e+02 +4.574894507e+02
1669 +2.643077909e+02 +2.643077909e+02 +4.465177909e+02 +4.465177909e+02
1689 +2.479502357e+02 +2.479502357e+02 +4.301602357e+02 +4.301602357e+02
1784 +2.408106680e+02 +2.408106680e+02 +4.230206680e+02 +4.230206680e+02
1804 +2.369672527e+02 +2.369672527e+02 +4.191772527e+02 +4.191772527e+02
1817 +2.339686460e+02 +2.339686460e+02 +4.161786460e+02 +4.161786460e+02
1840 +2.276317938e+02 +2.276317938e+02 +4.098417938e+02 +4.098417938e+02
1890 +2.215635836e+02 +2.215635836e+02 +4.037735836e+02 +4.037735836e+02
1908 +2.155276301e+02 +2.155276301e+02 +3.977376301e+02 +3.977376301e+02
1953 +2.120229368e+02 +2.120229368e+02 +3.942329368e+02 +3.942329368e+02
1971 +2.085423370e+02 +2.085423370e+02 +3.907523370e+02 +3.907523370e+02
2003 +2.037547095e+02 +2.037547095e+02 +3.859647095e+02 +3.859647095e+02
2061 +1.981245329e+02 +1.981245329e+02 +3.803345329e+02 +3.803345329e+02
2166 +1.938287703e+02 +1.938287703e+02 +3.760387703e+02 +3.760387703e+02
2313 +1.889305960e+02 +1.889305960e+02 +3.711405960e+02 +3.711405960e+02
2411 +1.860584939e+02 +1.860584939e+02 +3.682684939e+02 +3.682684939e+02
2706 +1.818419498e+02 +1.818419498e+02 +3.640519498e+02 +3.640519498e+02
% function evaluation | noise-free fitness - Fopt (8.191000000000e+01) | best noise-free fitness - Fopt | measured fitness | best measured fitness | x1 | x2...
1 +1.194521483e+03 +1.194521483e+03 +1.276431483e+03 +1.276431483e+03
4 +1.093040303e+03 +1.093040303e+03 +1.174950303e+03 +1.174950303e+03
48 +1.024867503e+03 +1.024867503e+03 +1.106777503e+03 +1.106777503e+03
50 +9.924416899e+02 +9.924416899e+02 +1.074351690e+03 +1.074351690e+03
77 +9.603905281e+02 +9.603905281e+02 +1.042300528e+03 +1.042300528e+03
90 +9.409909888e+02 +9.409909888e+02 +1.022900989e+03 +1.022900989e+03
92 +9.211175591e+02 +9.211175591e+02 +1.003027559e+03 +1.003027559e+03
122 +9.023779152e+02 +9.023779152e+02 +9.842879152e+02 +9.842879152e+02
139 +8.433084814e+02 +8.433084814e+02 +9.252184814e+02 +9.252184814e+02
169 +8.148688086e+02 +8.148688086e+02 +8.967788086e+02 +8.967788086e+02
183 +8.046540585e+02 +8.046540585e+02 +8.865640585e+02 +8.865640585e+02
341 +7.834950203e+02 +7.834950203e+02 +8.654050203e+02 +8.654050203e+02
368 +7.555326313e+02 +7.555326313e+02 +8.374426313e+02 +8.374426313e+02
378 +7.372872993e+02 +7.372872993e+02 +8.191972993e+02 +8.191972993e+02
460 +7.097046771e+02 +7.097046771e+02 +7.916146771e+02 +7.916146771e+02
462 +7.058515061e+02 +7.058515061e+02 +7.877615061e+02 +7.877615061e+02
534 +6.740014480e+02 +6.740014480e+02 +7.559114480e+02 +7.559114480e+02
540 +6.346917817e+02 +6.346917817e+02 +7.166017817e+02 +7.166017817e+02
546 +5.996346540e+02 +5.996346540e+02 +6.815446540e+02 +6.815446540e+02
559 +5.881088784e+02 +5.881088784e+02 +6.700188784e+02 +6.700188784e+02
612 +5.189049345e+02 +5.189049345e+02 +6.008149345e+02 +6.008149345e+02
895 +4.983290002e+02 +4.983290002e+02 +5.802390002e+02 +5.802390002e+02
915 +4.684787911e+02 +4.684787911e+02 +5.503887911e+02 +5.503887911e+02
2010 +4.634689608e+02 +4.634689608e+02 +5.453789608e+02 +5.453789608e+02
2064 +4.503071141e+02 +4.503071141e+02 +5.322171141e+02 +5.322171141e+02
2125 +4.421884152e+02 +4.421884152e+02 +5.240984152e+02 +5.240984152e+02
2142 +4.172706613e+02 +4.172706613e+02 +4.991806613e+02 +4.991806613e+02
2150 +4.025655934e+02 +4.025655934e+02 +4.844755934e+02 +4.844755934e+02
2302 +3.923794072e+02 +3.923794072e+02 +4.742894072e+02 +4.742894072e+02
2321 +3.868477431e+02 +3.868477431e+02 +4.687577431e+02 +4.687577431e+02
2377 +3.776727814e+02 +3.776727814e+02 +4.595827814e+02 +4.595827814e+02
2381 +3.678644577e+02 +3.678644577e+02 +4.497744577e+02 +4.497744577e+02
2383 +3.594130178e+02 +3.594130178e+02 +4.413230178e+02 +4.413230178e+02
2389 +3.531833926e+02 +3.531833926e+02 +4.350933926e+02 +4.350933926e+02
2394 +3.423190253e+02 +3.423190253e+02 +4.242290253e+02 +4.242290253e+02
2675 +3.387738795e+02 +3.387738795e+02 +4.206838795e+02 +4.206838795e+02
2706 +3.285343045e+02 +3.285343045e+02 +4.104443045e+02 +4.104443045e+02
2767 +3.220694957e+02 +3.220694957e+02 +4.039794957e+02 +4.039794957e+02
2853 +3.157611674e+02 +3.157611674e+02 +3.976711674e+02 +3.976711674e+02
2874 +3.088418125e+02 +3.088418125e+02 +3.907518125e+02 +3.907518125e+02
3024 +3.007999633e+02 +3.007999633e+02 +3.827099633e+02 +3.827099633e+02
3483 +2.950736201e+02 +2.950736201e+02 +3.769836201e+02 +3.769836201e+02
