% function evaluation | noise-free fitness - Fopt (-4.620900000000e+02) | best noise-free fitness - Fopt | measured fitness | best measured fitness | x1 | x2...
1 +9.180962943e+01 +9.180962943e+01 -3.702803706e+02 -3.702803706e+02 +0.0000e+00 +0.0000e+00 +0.0000e+00
7 +8.750736044e+01 +8.750736044e+01 -3.745826396e+02 -3.745826396e+02 -2.8528e-01 -1.2141e-01 +2.1351e-01
10 +7.740499821e+01 +7.740499821e+01 -3.846850018e+02 -3.846850018e+02 +1.8722e-01 -7.1684e-02 +3.9474e-01
21 +5.602849714e+01 +5.602849714e+01 -4.060615029e+02 -4.060615029e+02 -3.3897e-01 -8.4535e-03 +4.1241e-01
42 +5.138944373e+01 +5.138944373e+01 -4.107005563e+02 -4.107005563e+02 +2.8875e-01 +8.2256e-01 +1.4137e+00
50 +5.122493667e+01 +5.122493667e+01 -4.108650633e+02 -4.108650633e+02 -3.0461e-01 +9.5856e-01 +1.7573e+00
52 +4.975620797e+01 +4.975620797e+01 -4.123337920e+02 -4.123337920e+02 +1.6088e-01 -1.0726e-01 +1.5106e+00
67 +3.761142652e+01 +3.761142652e+01 -4.244785735e+02 -4.244785735e+02 -2.1295e+00 -6.0405e-01 +2.8626e+00
110 +3.356557572e+01 +3.356557572e+01 -4.285244243e+02 -4.285244243e+02 -1.4317e+00 -6.1966e-01 +2.1798e+00
141 +3.070960358e+01 +3.070960358e+01 -4.313803964e+02 -4.313803964e+02 -1.3403e+00 +1.1888e-01 +3.1774e+00
159 +2.251934995e+01 +2.251934995e+01 -4.395706501e+02 -4.395706501e+02 -4.4555e-01 +1.3104e+00 +2.2321e+00
189 +1.355327925e+01 +1.355327925e+01 -4.485367207e+02 -4.485367207e+02 -1.2780e+00 +1.2197e+00 +2.5063e+00
203 +6.042865200e+00 +6.042865200e+00 -4.560471348e+02 -4.560471348e+02 -2.3615e+00 +2.1962e+00 +2.2251e+00
313 +3.120856500e+00 +3.120856500e+00 -4.589691435e+02 -4.589691435e+02 -1.4021e+00 +2.3002e+00 +2.2199e+00
476 +1.757035360e+00 +1.757035360e+00 -4.603329646e+02 -4.603329646e+02 -1.3432e+00 +2.2707e+00 +2.2247e+00
490 +1.643648238e+00 +1.643648238e+00 -4.604463518e+02 -4.604463518e+02 -1.3177e+00 +2.3019e+00 +2.2240e+00
513 +1.513742810e+00 +1.513742810e+00 -4.605762572e+02 -4.605762572e+02 -1.3706e+00 +2.2943e+00 +2.2112e+00
525 +1.288421627e+00 +1.288421627e+00 -4.608015784e+02 -4.608015784e+02 -1.3335e+00 +2.3187e+00 +2.2184e+00
534 +1.272313771e+00 +1.272313771e+00 -4.608176862e+02 -4.608176862e+02 -1.3524e+00 +2.2855e+00 +2.2067e+00
542 +1.166635042e+00 +1.166635042e+00 -4.609233650e+02 -4.609233650e+02 -1.3541e+00 +2.3096e+00 +2.2182e+00
545 +1.092470569e+00 +1.092470569e+00 -4.609975294e+02 -4.609975294e+02 -1.3489e+00 +2.3074e+00 +2.2187e+00
552 +1.026110280e+00 +1.026110280e+00 -4.610638897e+02 -4.610638897e+02 -1.3494e+00 +2.3015e+00 +2.2154e+00
564 +1.015763676e+00 +1.015763676e+00 -4.610742363e+02 -4.610742363e+02 -1.3490e+00 +2.3003e+00 +2.2135e+00
626 +9.998507770e-01 +9.998507770e-01 -4.610901492e+02 -4.610901492e+02 -1.3422e+00 +2.2975e+00 +2.2136e+00
% function evaluation | noise-free fitness - Fopt (7.766000000000e+01) | best noise-free fitness - Fopt | measured fitness | best measured fitness | x1 | x2...
1 +7.373269304e+01 +7.373269304e+01 +1.513926930e+02 +1.513926930e+02 +0.0000e+00 +0.0000e+00 +0.0000e+00
5 +4.874550097e+01 +4.874550097e+01 +1.264055010e+02 +1.264055010e+02 +7.0144e-02 -4.3154e-01 -1.4626e-01
7 +4.725928728e+01 +4.725928728e+01 +1.249192873e+02 +1.249192873e+02 +3.5374e-02 -3.7162e-01 -1.8488e-01
8 +3.750939836e+01 +3.750939836e+01 +1.151693984e+02 +1.151693984e+02 +1.2511e-01 -1.4339e-01 -2.7267e-01
11 +1.885868667e+01 +1.885868667e+01 +9.651868667e+01 +9.651868667e+01 +3.7928e-01 -7.1480e-01 -5.7455e-01
22 +1.751561262e+01 +1.751561262e+01 +9.517561262e+01 +9.517561262e+01 +2.7882e-01 -1.3243e-01 -9.2461e-01
34 +1.477934491e+01 +1.477934491e+01 +9.243934491e+01 +9.243934491e+01 +1.8488e-01 -9.3704e-01 -9.2365e-01
37 +1.210523302e+01 +1.210523302e+01 +8.976523302e+01 +8.976523302e+01 +2.1668e-01 -1.4828e+00 -8.7523e-01
83 +7.628027576e+00 +7.628027576e+00 +8.528802758e+01 +8.528802758e+01 +4.5732e-01 -9.2074e-01 -1.2989e+00
190 +7.115263755e+00 +7.115263755e+00 +8.477526375e+01 +8.477526375e+01 +5.4335e-01 -1.4726e+00 -9.0341e-01
205 +5.526567382e+00 +5.526567382e+00 +8.318656738e+01 +8.318656738e+01 +4.8643e-01 -1.4540e+00 -1.2854e+00
% function evaluation | noise-free fitness - Fopt (1.156800000000e+02) | best noise-free fitness - Fopt | measured fitness | best measured fitness | x1 | x2...
1 +4.079349721e+01 +4.079349721e+01 +1.564734972e+02 +1.564734972e+02 +0.0000e+00 +0.0000e+00 +0.0000e+00
3 +3.265432183e+01 +3.265432183e+01 +1.483343218e+02 +1.483343218e+02 +3.6424e-01 -2.6967e-01 -6.0180e-02
7 +2.340497892e+01 +2.340497892e+01 +1.390849789e+02 +1.390849789e+02 -2.9040e-01 -3.1975e-01 -1.9999e-02
8 +2.196397449e+01 +2.196397449e+01 +1.376439745e+02 +1.376439745e+02 -1.8747e-01 +8.9260e-02 -1.4589e-01
94 +1.898029436e+01 +1.898029436e+01 +1.346602944e+02 +1.346602944e+02 -2.9349e-01 +6.2287e-02 -4.6417e-01
135 +1.505373005e+01 +1.505373005e+01 +1.307337300e+02 +1.307337300e+02 -2.5143e-01 +8.3375e-02 -4.3162e-01
147 +1.341273183e+01 +1.341273183e+01 +1.290927318e+02 +1.290927318e+02 -1.9769e-01 +3.2482e-02 -6.3061e-02
182 +1.011789170e+01 +1.011789170e+01 +1.257978917e+02 +1.257978917e+02 -1.4734e-01 -4.4362e-01 -2.5957e-02
204 +9.429716987e+00 +9.429716987e+00 +1.251097170e+02 +1.251097170e+02 -1.7200e-01 -4.1839e-01 -4.4777e-01
323 +8.137750165e+00 +8.137750165e+00 +1.238177502e+02 +1.238177502e+02 -1.8420e-01 -3.9335e-01 -6.7179e-02
360 +7.069117275e+00 +7.069117275e+00 +1.227491173e+02 +1.227491173e+02 -1.7659e-01 -9.6106e-01 -9.1670e-02
414 +5.388747291e+00 +5.388747291e+00 +1.210687473e+02 +1.210687473e+02 -1.5488e-01 -4.4431e-01 +2.4432e-01
493 +5.156716064e+00 +5.156716064e+00 +1.208367161e+02 +1.208367161e+02 -1.7096e-01 -4.3174e-01 +2.3572e-01
551 +5.083697292e+00 +5.083697292e+00 +1.207636973e+02 +1.207636973e+02 -1.7453e-01 -4.3359e-01 +2.3712e-01
584 +5.004316601e+00 +5.004316601e+00 +1.206843166e+02 +1.206843166e+02 -1.7465e-01 -4.3247e-01 +2.4784e-01
% function evaluation | noise-free fitness - Fopt (-3.710000000000e+00) | best noise-free fitness - Fopt | measured fitness | best measured fitness | x1 | x2...
1 +7.156572542e+01 +7.156572542e+01 +6.785572542e+01 +6.785572542e+01 +0.0000e+00 +0.0000e+00 +0.0000e+00
28 +6.587182377e+01 +6.587182377e+01 +6.216182377e+01 +6.216182377e+01 +1.9238e-01 +5.8426e-02 +5.5295e-01
42 +5.425105279e+01 +5.425105279e+01 +5.054105279e+01 +5.054105279e+01 -1.1172e-01 -4.7217e-02 +8.2558e-01
43 +4.730668720e+01 +4.730668720e+01 +4.359668720e+01 +4.359668720e+01 -1.2166e-01 -1.2309e-02 +1.0676e+00
54 +4.360771519e+01 +4.360771519e+01 +3.989771519e+01 +3.989771519e+01 +1.3524e-01 -2.1749e-01 +8.3295e-01
55 +2.815330067e+01 +2.815330067e+01 +2.444330067e+01 +2.444330067e+01 +2.3262e-02 -2.8374e-01 +1.4491e+00
145 +2.205350939e+01 +2.205350939e+01 +1.834350939e+01 +1.834350939e+01 -9.2651e-01 -1.2210e+00 +1.7928e+00
229 +2.030154472e+01 +2.030154472e+01 +1.659154472e+01 +1.659154472e+01 -7.5994e-01 -1.7571e+00 +2.1782e+00
260 +1.698005536e+01 +1.698005536e+01 +1.327005536e+01 +1.327005536e+01 -8.4156e-01 -1.7530e+00 +1.7823e+00
% function evaluation | noise-free fitness - Fopt (1.321800000000e+02) | best noise-free fitness - Fopt | measured fitness | best measured fitness | x1 | x2...
1 +1.579813147e+02 +1.579813147e+02 +2.901613147e+02 +2.901613147e+02 +0.0000e+00 +0.0000e+00 +0.0000e+00
13 +1.459069184e+02 +1.459069184e+02 +2.780869184e+02 +2.780869184e+02 -1.5295e-01 -1.5194e-01 +2.9414e-01
20 +1.344647595e+02 +1.344647595e+02 +2.666447595e+02 +2.666447595e+02 -5.4930e-02 -2.3060e-01 +4.9822e-01
29 +1.238324857e+02 +1.238324857e+02 +2.560124857e+02 +2.560124857e+02 +1.4513e-01 -3.0757e-01 +5.5204e-01
31 +9.338586806e+01 +9.338586806e+01 +2.255658681e+02 +2.255658681e+02 -1.4222e-01 +1.3884e-02 +1.2023e+00
41 +9.102354441e+01 +9.102354441e+01 +2.232035444e+02 +2.232035444e+02 -4.7176e-03 -1.6884e-01 +1.5098e+00
43 +6.660780231e+01 +6.660780231e+01 +1.987878023e+02 +1.987878023e+02 -1.3212e-01 +2.6664e-01 +2.8903e+00
46 +5.389220027e+01 +5.389220027e+01 +1.860722003e+02 +1.860722003e+02 +2.1673e-01 -1.5041e-01 +2.2243e+00
52 +5.359317874e+01 +5.359317874e+01 +1.857731787e+02 +1.857731787e+02 -2.5244e-01 +8.8523e-01 +3.9648e+00
54 +3.650444808e+01 +3.650444808e+01 +1.686844481e+02 +1.686844481e+02 +9.4750e-02 -2.8466e-02 +2.7299e+00
68 +2.790888337e+01 +2.790888337e+01 +1.600888834e+02 +1.600888834e+02 -4.7744e-01 +1.0693e+00 +3.8367e+00
78 +1.817215291e+01 +1.817215291e+01 +1.503521529e+02 +1.503521529e+02 -7.9199e-01 +4.5254e-01 +3.7986e+00
189 +1.255192845e+01 +1.255192845e+01 +1.447319285e+02 +1.447319285e+02 -8.5276e-01 +2.0255e+00 +3.1541e+00
335 +1.137893540e+01 +1.137893540e+01 +1.435589354e+02 +1.435589354e+02 -2.7482e+00 -7.5645e-02 +3.8070e+00
360 +8.951075627e+00 +8.951075627e+00 +1.411310756e+02 +1.411310756e+02 -3.7982e+00 +1.6218e+00 +3.4799e+00
379 +5.380345237e+00 +5.380345237e+00 +1.375603452e+02 +1.375603452e+02 -3.6338e+00 +9.1817e-01 +3.8358e+00
393 +2.454344554e+00 +2.454344554e+00 +1.346343446e+02 +1.346343446e+02 -3.7782e+00 +9.0372e-01 +3.4903e+00
397 +1.740224774e+00 +1.740224774e+00 +1.339202248e+02 +1.339202248e+02 -3.7421e+00 +8.4505e-01 +3.4690e+00
% function evaluation | noise-free fitness - Fopt (1.000000000000e+03) | best noise-free fitness - Fopt | measured fitness | best measured fitness | x1 | x2...
1 +5.854069833e+01 +5.854069833e+01 +1.058540698e+03 +1.058540698e+03 +0.0000e+00 +0.0000e+00 +0.0000e+00
9 +4.152505083e+01 +4.152505083e+01 +1.041525051e+03 +1.041525051e+03 -2.9339e-01 -5.0337e-02 -2.9136e-01
50 +3.673109499e+01 +3.673109499e+01 +1.036731095e+03 +1.036731095e+03 -1.3212e-01 +4.7021e-01 -2.5461e-01
61 +3.573670636e+01 +3.573670636e+01 +1.035736706e+03 +1.035736706e+03 -1.5413e-01 +4.1176e-01 -2.9057e-01
74 +3.526373978e+01 +3.526373978e+01 +1.035263740e+03 +1.035263740e+03 -3.5793e-01 +5.1841e-01 -2.3761e-01
76 +3.423660803e+01 +3.423660803e+01 +1.034236608e+03 +1.034236608e+03 -2.1605e-01 +4.0973e-01 -3.2563e-01
81 +3.341916826e+01 +3.341916826e+01 +1.033419168e+03 +1.033419168e+03 -1.8706e-01 +4.6525e-01 -3.0828e-01
89 +3.213377617e+01 +3.213377617e+01 +1.032133776e+03 +1.032133776e+03 -2.3981e-01 +4.7968e-01 -3.0050e-01
98 +3.159357339e+01 +3.159357339e+01 +1.031593573e+03 +1.031593573e+03 -4.1784e-01 +4.5447e-01 -2.4931e-01
123 +3.009988518e+01 +3.009988518e+01 +1.030099885e+03 +1.030099885e+03 -4.1096e-01 +4.6363e-01 -2.8549e-01
% function evaluation | noise-free fitness - Fopt (-1.846000000000e+01) | best noise-free fitness - Fopt | measured fitness | best measured fitness | x1 | x2...
1 +1.231931358e+02 +1.231931358e+02 +1.047331358e+02 +1.047331358e+02 +0.0000e+00 +0.0000e+00 +0.0000e+00
2 +1.017506271e+02 +1.017506271e+02 +8.329062712e+01 +8.329062712e+01 -6.2102e-02 +7.9837e-02 +2.6693e-01
12 +9.379888789e+01 +9.379888789e+01 +7.533888789e+01 +7.533888789e+01 +2.3204e-01 +1.1734e-01 +2.8678e-01
33 +8.597051946e+01 +8.597051946e+01 +6.751051946e+01 +6.751051946e+01 +2.1991e-01 +1.1745e-01 +5.1283e-01
46 +7.700891450e+01 +7.700891450e+01 +5.854891450e+01 +5.854891450e+01 +2.1360e-01 +9.7334e-02 +5.9240e-01
49 +7.171117832e+01 +7.171117832e+01 +5.325117832e+01 +5.325117832e+01 -2.7698e-02 +7.8283e-02 +8.9219e-01
57 +6.597378535e+01 +6.597378535e+01 +4.751378535e+01 +4.751378535e+01 +1.8254e-01 +3.3964e-02 +9.2193e-01
79 +5.632883374e+01 +5.632883374e+01 +3.786883374e+01 +3.786883374e+01 +1.8249e-01 +7.3220e-02 +1.4626e+00
86 +4.648952746e+01 +4.648952746e+01 +2.802952746e+01 +2.802952746e+01 +3.1412e-01 +2.0101e-01 +1.9388e+00
92 +3.534141229e+01 +3.534141229e+01 +1.688141229e+01 +1.688141229e+01 +3.0046e-01 +2.6683e-01 +2.4292e+00
108 +2.849154886e+01 +2.849154886e+01 +1.003154886e+01 +1.003154886e+01 +1.1491e+00 +2.0575e-01 +4.0091e+00
116 +2.772934054e+01 +2.772934054e+01 +9.269340538e+00 +9.269340538e+00 +1.1354e+00 +4.0609e-01 +3.5322e+00
134 +1.940123558e+01 +1.940123558e+01 +9.412355819e-01 +9.412355819e-01 +2.9927e-01 +1.1391e-01 +3.8678e+00
137 +1.812800034e+01 +1.812800034e+01 -3.319996622e-01 -3.319996622e-01 +1.9548e-01 +9.7522e-02 +3.7873e+00
300 +1.763703873e+01 +1.763703873e+01 -8.229612705e-01 -8.229612705e-01 +4.6478e-02 +1.0030e-01 +3.1580e+00
379 +1.324839741e+01 +1.324839741e+01 -5.211602585e+00 -5.211602585e+00 +2.2217e+00 +4.3111e-02 +3.2091e+00
470 +1.151816130e+01 +1.151816130e+01 -6.941838704e+00 -6.941838704e+00 +1.1342e+00 +1.0817e-01 +3.5435e+00
540 +1.143922087e+01 +1.143922087e+01 -7.020779126e+00 -7.020779126e+00 +1.1423e+00 +1.0413e-01 +3.5595e+00
583 +1.113564799e+01 +1.113564799e+01 -7.324352011e+00 -7.324352011e+00 +1.1873e+00 +1.1689e-01 +3.5431e+00
606 +1.095057778e+01 +1.095057778e+01 -7.509422220e+00 -7.509422220e+00 +1.1658e+00 +1.2571e-01 +3.5504e+00
% function evaluation | noise-free fitness - Fopt (-6.046000000000e+01) | best noise-free fitness - Fopt | measured fitness | best measured fitness | x1 | x2...
1 +1.418984725e+02 +1.418984725e+02 +8.143847252e+01 +8.143847252e+01 +0.0000e+00 +0.0000e+00 +0.0000e+00
4 +1.386326130e+02 +1.386326130e+02 +7.817261303e+01 +7.817261303e+01 -3.6214e-02 -2.2936e-02 +1.9912e-02
12 +1.245052747e+02 +1.245052747e+02 +6.404527474e+01 +6.404527474e+01 -2.4097e-01 +4.3239e-02 +2.5110e-01
18 +1.010602314e+02 +1.010602314e+02 +4.060023141e+01 +4.060023141e+01 -1.8064e-01 +2.5220e-01 +4.2519e-01
46 +9.498375625e+01 +9.498375625e+01 +3.452375625e+01 +3.452375625e+01 -2.2726e-01 +1.5003e-01 +4.1576e-01
54 +7.939730544e+01 +7.939730544e+01 +1.893730544e+01 +1.893730544e+01 -2.2766e-01 +5.9505e-01 +7.2248e-01
58 +7.362944487e+01 +7.362944487e+01 +1.316944487e+01 +1.316944487e+01 -1.2078e-01 +6.8633e-01 +7.1370e-01
67 +7.228119693e+01 +7.228119693e+01 +1.182119693e+01 +1.182119693e+01 -1.6712e-01 +7.1319e-01 +7.7906e-01
86 +6.857647653e+01 +6.857647653e+01 +8.116476531e+00 +8.116476531e+00 -1.6590e-01 +3.1234e-01 +1.5836e+00
91 +5.074102742e+01 +5.074102742e+01 -9.718972576e+00 -9.718972576e+00 -2.0061e-01 +1.7149e-01 +2.4756e+00
106 +4.651917345e+01 +4.651917345e+01 -1.394082655e+01 -1.394082655e+01 -4.5016e-01 +5.8462e-01 +3.2421e+00
108 +4.172477404e+01 +4.172477404e+01 -1.873522596e+01 -1.873522596e+01 -3.9835e-01 +7.5284e-01 +2.8363e+00
109 +3.892987195e+01 +3.892987195e+01 -2.153012805e+01 -2.153012805e+01 -3.7279e-01 +5.6538e-01 +3.6239e+00
112 +3.868029563e+01 +3.868029563e+01 -2.177970437e+01 -2.177970437e+01 -5.1326e-01 +2.1643e-01 +3.3862e+00
127 +2.794945314e+01 +2.794945314e+01 -3.251054686e+01 -3.251054686e+01 -8.0606e-02 +1.6474e+00 +3.3412e+00
132 +2.371679325e+01 +2.371679325e+01 -3.674320675e+01 -3.674320675e+01 -7.8225e-02 +1.4286e+00 +3.0478e+00
174 +1.126771014e+01 +1.126771014e+01 -4.919228986e+01 -4.919228986e+01 -2.0726e-01 +1.9802e+00 +3.3876e+00
319 +8.404223225e+00 +8.404223225e+00 -5.205577678e+01 -5.205577678e+01 -3.1996e-01 +3.6220e+00 +3.3060e+00
329 +7.237671230e+00 +7.237671230e+00 -5.322232877e+01 -5.322232877e+01 -3.0836e-01 +2.9845e+00 +3.3594e+00
508 +6.397320217e+00 +6.397320217e+00 -5.406267978e+01 -5.406267978e+01 -2.3015e-01 +3.5907e+00 +3.3212e+00
528 +6.287289003e+00 +6.287289003e+00 -5.417271100e+01 -5.417271100e+01 -2.6152e-01 +3.5837e+00 +3.3615e+00
551 +6.116200317e+00 +6.116200317e+00 -5.434379968e+01 -5.434379968e+01 -2.4838e-01 +3.5845e+00 +3.3356e+00
581 +6.014740016e+00 +6.014740016e+00 -5.444525998e+01 -5.444525998e+01 -2.6982e-01 +3.5902e+00 +3.3331e+00
% function evaluation | noise-free fitness - Fopt (3.173300000000e+02) | best noise-free fitness - Fopt | measured fitness | best measured fitness | x1 | x2...
1 +2.270892462e+02 +2.270892462e+02 +5.444192462e+02 +5.444192462e+02 +0.0000e+00 +0.0000e+00 +0.0000e+00
2 +2.204355535e+02 +2.204355535e+02 +5.377655535e+02 +5.377655535e+02 -6.6992e-02 +7.9812e-02 +4.6886e-01
3 +2.162699361e+02 +2.162699361e+02 +5.335999361e+02 +5.335999361e+02 -3.1936e-01 +3.9731e-03 +1.5465e-02
12 +2.084795234e+02 +2.084795234e+02 +5.258095234e+02 +5.258095234e+02 -3.3408e-01 -4.8332e-02 +2.6991e-02
13 +1.932924879e+02 +1.932924879e+02 +5.106224879e+02 +5.106224879e+02 -2.3428e-01 -4.6754e-02 +4.1999e-01
19 +1.886201009e+02 +1.886201009e+02 +5.059501009e+02 +5.059501009e+02 -5.9350e-01 +1.8720e-01 +7.8674e-01
20 +1.770214911e+02 +1.770214911e+02 +4.943514911e+02 +4.943514911e+02 -3.5162e-01 -4.3912e-01 +3.1351e-01
28 +1.685885894e+02 +1.685885894e+02 +4.859185894e+02 +4.859185894e+02 -9.2464e-01 -8.6785e-02 +6.3479e-01
37 +1.581747374e+02 +1.581747374e+02 +4.755047374e+02 +4.755047374e+02 -1.2075e-01 -4.0877e-01 +8.5003e-01
38 +1.263960505e+02 +1.263960505e+02 +4.437260505e+02 +4.437260505e+02 -8.5830e-01 -1.5640e-01 +1.5406e+00
39 +1.120752909e+02 +1.120752909e+02 +4.294052909e+02 +4.294052909e+02 -8.0860e-01 -2.2911e-01 +2.0397e+00
45 +1.001159133e+02 +1.001159133e+02 +4.174459133e+02 +4.174459133e+02 -1.2830e+00 +2.0345e-01 +4.3631e+00
46 +6.740671101e+01 +6.740671101e+01 +3.847367110e+02 +3.847367110e+02 -1.2134e+00 -6.7657e-01 +3.0775e+00
67 +4.921575512e+01 +4.921575512e+01 +3.665457551e+02 +3.665457551e+02 -3.1609e+00 -1.2999e+00 +4.3515e+00
93 +4.729962483e+01 +4.729962483e+01 +3.646296248e+02 +3.646296248e+02 -2.1872e+00 -1.8712e+00 +4.4213e+00
105 +1.832388878e+01 +1.832388878e+01 +3.356538888e+02 +3.356538888e+02 -6.5272e-01 -3.9533e+00 +4.5680e+00
136 +1.066418835e+01 +1.066418835e+01 +3.279941883e+02 +3.279941883e+02 +6.2823e-01 -3.3068e+00 +3.8568e+00
173 +8.763751022e+00 +8.763751022e+00 +3.260937510e+02 +3.260937510e+02 -1.4054e+00 -3.9699e+00 +3.1945e+00
299 +3.685908601e+00 +3.685908601e+00 +3.210159086e+02 +3.210159086e+02 -1.3968e+00 -2.7707e+00 +4.1983e+00
409 +3.253093828e+00 +3.253093828e+00 +3.205830938e+02 +3.205830938e+02 -2.4979e+00 -2.7722e+00 +3.5268e+00
429 +3.150809335e+00 +3.150809335e+00 +3.204808093e+02 +3.204808093e+02 -2.4814e+00 -2.7745e+00 +3.5385e+00
461 +2.988151975e+00 +2.988151975e+00 +3.203181520e+02 +3.203181520e+02 -2.4801e+00 -2.7813e+00 +3.5320e+00
% function evaluation | noise-free fitness - Fopt (3.384000000000e+02) | best noise-free fitness - Fopt | measured fitness | best measured fitness | x1 | x2...
1 +1.742873495e+02 +1.742873495e+02 +5.126873495e+02 +5.126873495e+02 +0.0000e+00 +0.0000e+00 +0.0000e+00
2 +1.501455200e+02 +1.501455200e+02 +4.885455200e+02 +4.885455200e+02 +1.1557e-01 -1.8774e-01 -3.1540e-01
10 +1.471775474e+02 +1.471775474e+02 +4.855775474e+02 +4.855775474e+02 +1.4888e-01 -3.3622e-01 -2.0991e-01
11 +1.266615998e+02 +1.266615998e+02 +4.650615998e+02 +4.650615998e+02 -1.4722e-01 -2.3710e-01 -2.5495e-01
34 +1.206285902e+02 +1.206285902e+02 +4.590285902e+02 +4.590285902e+02 -3.0218e-02 -8.9991e-01 -2.9004e-01
37 +1.010476587e+02 +1.010476587e+02 +4.394476587e+02 +4.394476587e+02 -1.1152e-01 -6.8495e-01 -3.4096e-01
51 +9.573415616e+01 +9.573415616e+01 +4.341341562e+02 +4.341341562e+02 -3.0703e-01 -1.0664e+00 -4.0838e-01
52 +9.145930928e+01 +9.145930928e+01 +4.298593093e+02 +4.298593093e+02 -2.3512e-01 -9.3588e-01 -3.7877e-01
59 +7.348067116e+01 +7.348067116e+01 +4.118806712e+02 +4.118806712e+02 -2.1429e-01 -1.4556e+00 -5.8913e-01
70 +5.260399826e+01 +5.260399826e+01 +3.910039983e+02 +3.910039983e+02 -7.9838e-02 -2.3736e+00 -6.1771e-01
82 +2.189834101e+01 +2.189834101e+01 +3.602983410e+02 +3.602983410e+02 -2.7316e-01 -3.9553e+00 -1.5550e+00
94 +1.616703043e+01 +1.616703043e+01 +3.545670304e+02 +3.545670304e+02 -2.5949e-01 -4.4452e+00 -2.4911e+00
124 +1.395737162e+01 +1.395737162e+01 +3.523573716e+02 +3.523573716e+02 -1.1556e-01 -4.8779e+00 -2.1505e+00
136 +7.453361858e+00 +7.453361858e+00 +3.458533619e+02 +3.458533619e+02 -1.9430e-01 -3.8928e+00 -1.8008e+00
259 +6.349234854e+00 +6.349234854e+00 +3.447492349e+02 +3.447492349e+02 -1.8304e-01 -3.8826e+00 -2.1215e+00
401 +6.115179251e+00 +6.115179251e+00 +3.445151793e+02 +3.445151793e+02 -1.4454e-01 -4.4261e+00 -2.1636e+00
402 +5.810281327e+00 +5.810281327e+00 +3.442102813e+02 +3.442102813e+02 -1.4135e-01 -4.4956e+00 -2.1596e+00
414 +5.248816786e+00 +5.248816786e+00 +3.436488168e+02 +3.436488168e+02 -1.3863e-01 -4.4368e+00 -2.1507e+00
439 +5.144226803e+00 +5.144226803e+00 +3.435442268e+02 +3.435442268e+02 -1.4330e-01 -4.4435e+00 -2.1474e+00
441 +5.064249316e+00 +5.064249316e+00 +3.434642493e+02 +3.434642493e+02 -1.3871e-01 -4.4623e+00 -2.1379e+00
465 +4.994241815e+00 +4.994241815e+00 +3.433942418e+02 +3.433942418e+02 -1.3712e-01 -4.4687e+00 -2.1444e+00
% function evaluation | noise-free fitness - Fopt (-4.940000000000e+01) | best noise-free fitness - Fopt | measured fitness | best measured fitness | x1 | x2...
1 +6.095637833e+01 +6.095637833e+01 +1.155637833e+01 +1.155637833e+01 +0.0000e+00 +0.0000e+00 +0.0000e+00
2 +5.269228309e+01 +5.269228309e+01 +3.292283088e+00 +3.292283088e+00 +3.3585e-02 -4.1608e-01 -2.6849e-01
3 +4.875928195e+01 +4.875928195e+01 -6.407180462e-01 -6.407180462e-01 +1.6510e-01 -3.8287e-02 -1.0733e-01
5 +4.393540511e+01 +4.393540511e+01 -5.464594889e+00 -5.464594889e+00 -8.5704e-02 +6.9152e-02 -1.9478e-01
8 +3.049381377e+01 +3.049381377e+01 -1.890618623e+01 -1.890618623e+01 -6.5861e-02 +1.6959e-01 +1.4416e-01
18 +2.266488125e+01 +2.266488125e+01 -2.673511875e+01 -2.673511875e+01 +4.0416e-02 +2.5005e-01 -1.9550e-01
20 +2.130412966e+01 +2.130412966e+01 -2.809587034e+01 -2.809587034e+01 +1.6879e-02 +2.1498e-01 -1.4794e-01
57 +2.034240334e+01 +2.034240334e+01 -2.905759666e+01 -2.905759666e+01 -1.2861e-02 +2.5013e-01 -1.7565e-01
116 +1.993420308e+01 +1.993420308e+01 -2.946579692e+01 -2.946579692e+01 -1.6657e-03 +2.4125e-01 -1.6610e-01
% function evaluation | noise-free fitness - Fopt (-5.557000000000e+01) | best noise-free fitness - Fopt | measured fitness | best measured fitness | x1 | x2...
1 +3.508143448e+01 +3.508143448e+01 -2.048856552e+01 -2.048856552e+01 +0.0000e+00 +0.0000e+00 +0.0000e+00
68 +3.374199756e+01 +3.374199756e+01 -2.182800244e+01 -2.182800244e+01 +6.1924e-02 +7.1762e-02 +4.0878e-02
149 +3.295469845e+01 +3.295469845e+01 -2.261530155e+01 -2.261530155e+01 +4.1340e-02 +8.3773e-02 +6.0263e-03
% function evaluation | noise-free fitness - Fopt (-1.412700000000e+02) | best noise-free fitness - Fopt | measured fitness | best measured fitness | x1 | x2...
1 +7.501185099e+01 +7.501185099e+01 -6.625814901e+01 -6.625814901e+01 +0.0000e+00 +0.0000e+00 +0.0000e+00
2 +6.087330268e+01 +6.087330268e+01 -8.039669732e+01 -8.039669732e+01 +3.8016e-01 +1.3749e-02 +1.9852e-01
18 +5.151716393e+01 +5.151716393e+01 -8.975283607e+01 -8.975283607e+01 -2.3780e-01 +9.5657e-02 -1.7083e-01
72 +4.698082212e+01 +4.698082212e+01 -9.428917788e+01 -9.428917788e+01 +7.6834e-01 +9.7208e-02 +2.2516e-01
97 +3.434047969e+01 +3.434047969e+01 -1.069295203e+02 -1.069295203e+02 +8.9766e-01 +9.4050e-01 +5.0785e-01
113 +3.283306772e+01 +3.283306772e+01 -1.084369323e+02 -1.084369323e+02 +7.1681e-01 +5.3855e-01 +4.8412e-01
119 +3.183275687e+01 +3.183275687e+01 -1.094372431e+02 -1.094372431e+02 +9.1859e-01 +5.8723e-01 +9.0247e-01
154 +3.137320572e+01 +3.137320572e+01 -1.098967943e+02 -1.098967943e+02 +7.9986e-01 +5.2674e-01 +5.3531e-01
176 +3.064142076e+01 +3.064142076e+01 -1.106285792e+02 -1.106285792e+02 +9.0578e-01 +5.2610e-01 +4.7742e-01
184 +2.998935367e+01 +2.998935367e+01 -1.112806463e+02 -1.112806463e+02 +8.7533e-01 +5.0929e-01 +4.9625e-01
200 +2.929191440e+01 +2.929191440e+01 -1.119780856e+02 -1.119780856e+02 +9.2824e-01 +5.6068e-01 +5.1526e-01
% function evaluation | noise-free fitness - Fopt (1.822100000000e+02) | best noise-free fitness - Fopt | measured fitness | best measured fitness | x1 | x2...
1 +5.869732243e+01 +5.869732243e+01 +2.409073224e+02 +2.409073224e+02 +0.0000e+00 +0.0000e+00 +0.0000e+00
35 +4.286247541e+01 +4.286247541e+01 +2.250724754e+02 +2.250724754e+02 -1.7437e-01 -1.0783e+00 +3.4115e-01
43 +3.849543713e+01 +3.849543713e+01 +2.207054371e+02 +2.207054371e+02 -9.3215e-02 -9.9122e-01 -7.0763e-01
68 +3.037168972e+01 +3.037168972e+01 +2.125816897e+02 +2.125816897e+02 +2.4978e-01 -2.2430e+00 -4.1127e-02
76 +2.882936245e+01 +2.882936245e+01 +2.110393624e+02 +2.110393624e+02 -1.9317e-01 -2.1692e+00 +5.9946e-01
94 +2.436969269e+01 +2.436969269e+01 +2.065796927e+02 +2.065796927e+02 -1.2775e+00 -1.6113e+00 -1.7597e-02
103 +2.335889593e+01 +2.335889593e+01 +2.055688959e+02 +2.055688959e+02 -4.0222e-02 -3.4297e+00 -5.9971e-01
125 +1.493520103e+01 +1.493520103e+01 +1.971452010e+02 +1.971452010e+02 -4.5591e-01 -3.3448e+00 +7.1153e-03
152 +8.645726840e+00 +8.645726840e+00 +1.908557268e+02 +1.908557268e+02 -1.1685e-01 -3.8586e+00 -1.7105e-03
204 +7.052566831e+00 +7.052566831e+00 +1.892625668e+02 +1.892625668e+02 -7.2120e-02 -2.7403e+00 -2.7597e-01
% function evaluation | noise-free fitness - Fopt (8.191000000000e+01) | best noise-free fitness - Fopt | measured fitness | best measured fitness | x1 | x2...
1 +5.400600735e+01 +5.400600735e+01 +1.359160073e+02 +1.359160073e+02 +0.0000e+00 +0.0000e+00 +0.0000e+00
2 +4.109938473e+01 +4.109938473e+01 +1.230093847e+02 +1.230093847e+02 -2.9753e-01 -2.3362e-01 +2.9586e-01
5 +3.981285515e+01 +3.981285515e+01 +1.217228551e+02 +1.217228551e+02 -5.2792e-02 +1.3171e-01 +2.1403e-01
7 +3.737178366e+01 +3.737178366e+01 +1.192817837e+02 +1.192817837e+02 +1.6078e-01 +3.3798e-02 +6.3456e-02
13 +3.556147250e+01 +3.556147250e+01 +1.174714725e+02 +1.174714725e+02 -1.3392e-01 -1.5555e-01 +1.9246e-01
16 +2.705449752e+01 +2.705449752e+01 +1.089644975e+02 +1.089644975e+02 +2.0357e-01 +1.4425e-01 +2.0442e-01
19 +2.478691053e+01 +2.478691053e+01 +1.066969105e+02 +1.066969105e+02 +1.7047e-01 +9.7233e-02 +1.7061e-01
51 +2.359956498e+01 +2.359956498e+01 +1.055095650e+02 +1.055095650e+02 +2.8653e-01 +1.8269e-01 +1.7498e-01
54 +2.097864380e+01 +2.097864380e+01 +1.028886438e+02 +1.028886438e+02 +2.0070e-01 +2.2995e-01 +1.6691e-01
59 +1.585170254e+01 +1.585170254e+01 +9.776170254e+01 +9.776170254e+01 +3.2857e-01 +3.7302e-01 +1.2246e-01
68 +9.951522604e+00 +9.951522604e+00 +9.186152260e+01 +9.186152260e+01 +1.8528e-01 +4.1464e-01 +1.3778e-01
187 +9.665478897e+00 +9.665478897e+00 +9.157547890e+01 +9.157547890e+01 +2.4973e-01 +3.9991e-01 +1.6597e-01
198 +9.398545617e+00 +9.398545617e+00 +9.130854562e+01 +9.130854562e+01 +2.0861e-01 +4.0479e-01 +1.6777e-01
209 +9.161405889e+00 +9.161405889e+00 +9.107140589e+01 +9.107140589e+01 +2.2608e-01 +4.2854e-01 +1.4848e-01
226 +9.107803064e+00 +9.107803064e+00 +9.101780306e+01 +9.101780306e+01 +2.1294e-01 +4.2426e-01 +1.6525e-01
