% function evaluation | noise-free fitness - Fopt (-4.620900000000e+02) | best noise-free fitness - Fopt | measured fitness | best measured fitness | x1 | x2...
1 +2.351050127e+02 +2.351050127e+02 -2.269849873e+02 -2.269849873e+02 +0.0000e+00 +0.0000e+00 +0.0000e+00 +0.0000e+00 +0.0000e+00 +0.0000e+00 +0.0000e+00 +0.0000e+00 +0.0000e+00 +0.0000e+00
6 +2.235987298e+02 +2.235987298e+02 -2.384912702e+02 -2.384912702e+02 +1.8029e-01 +4.1697e-01 -3.3201e-01 -2.2929e-02 -2.5002e-02 -1.3478e-03 +1.0057e-01 +1.6325e-01 -2.1999e-01 -1.5289e-01
32 +2.078917188e+02 +2.078917188e+02 -2.541982812e+02 -2.541982812e+02 -5.0644e-02 -3.0538e-01 -6.3700e-02 -1.2501e-01 +3.6576e-01 +2.1931e-01 +2.2106e-01 +1.3363e-01 -4.2417e-01 +1.0501e-01
50 +1.993765311e+02 +1.993765311e+02 -2.627134689e+02 -2.627134689e+02 -2.8238e-01 -3.0798e-01 -2.1834e-01 -1.2574e-01 +5.0368e-01 +1.5249e-01 -2.8357e-02 +1.0775e-01 -1.2685e-01 +3.8547e-01
54 +1.933939377e+02 +1.933939377e+02 -2.686960623e+02 -2.686960623e+02 -4.3410e-01 -1.3112e-01 -1.8721e-01 -9.7878e-02 +6.0756e-01 +1.7058e-01 +2.4108e-01 +1.6470e-01 -4.3249e-01 +3.1253e-01
65 +1.793906981e+02 +1.793906981e+02 -2.826993019e+02 -2.826993019e+02 -3.5938e-01 -1.6137e-01 -1.0707e-01 -7.0940e-02 +8.0192e-01 +1.3309e-01 +1.3599e-01 +1.4364e-01 -4.3245e-01 +3.8620e-01
118 +1.769135251e+02 +1.769135251e+02 -2.851764749e+02 -2.851764749e+02 -4.5346e-01 -2.4082e-01 -2.2927e-01 -1.6949e-02 +6.0873e-01 +8.8381e-02 +3.9800e-02 +9.9370e-02 -3.2938e-01 +3.4482e-01
123 +1.622406258e+02 +1.622406258e+02 -2.998493742e+02 -2.998493742e+02 -3.3348e-01 -2.8020e-01 -2.2425e-01 -1.4674e-01 +6.3166e-01 +1.2229e-01 +1.3238e-01 +7.3421e-02 -3.3875e-01 +3.9010e-01
163 +1.610906291e+02 +1.610906291e+02 -3.009993709e+02 -3.009993709e+02 -3.3503e-01 -1.7021e-01 -1.5169e-01 +1.1229e-03 +5.9114e-01 +1.1796e-01 +1.2441e-01 +4.6884e-02 -3.6992e-01 +3.7597e-01
248 +1.575743639e+02 +1.575743639e+02 -3.045156361e+02 -3.045156361e+02 -3.4727e-01 -3.0649e-01 -1.8311e-01 -2.3140e-02 +4.8713e-01 +4.7764e-02 +1.8921e-01 +1.3082e-01 -3.1692e-01 +4.2662e-01
254 +1.535248976e+02 +1.535248976e+02 -3.085651024e+02 -3.085651024e+02 -3.7396e-01 -3.4535e-01 -1.6817e-01 -5.0365e-02 +5.0148e-01 +3.7865e-02 +1.9419e-01 +1.0173e-01 -3.3553e-01 +4.1490e-01
265 +1.503243926e+02 +1.503243926e+02 -3.117656074e+02 -3.117656074e+02 -3.5672e-01 -4.0687e-01 -2.3949e-01 -4.7085e-02 +5.5837e-01 +3.3228e-02 +1.8737e-01 +9.3968e-02 -3.8978e-01 +3.9340e-01
288 +1.474229664e+02 +1.474229664e+02 -3.146670336e+02 -3.146670336e+02 -3.7746e-01 -3.9099e-01 -1.5133e-01 -6.9597e-03 +5.9646e-01 +1.1621e-01 +1.6980e-01 +7.8061e-02 -3.5236e-01 +4.0927e-01
% function evaluation | noise-free fitness - Fopt (7.766000000000e+01) | best noise-free fitness - Fopt | measured fitness | best measured fitness | x1 | x2...
1 +5.704655230e+02 +5.704655230e+02 +6.481255230e+02 +6.481255230e+02 +0.0000e+00 +0.0000e+00 +0.0000e+00 +0.0000e+00 +0.0000e+00 +0.0000e+00 +0.0000e+00 +0.0000e+00 +0.0000e+00 +0.0000e+00
9 +5.602791059e+02 +5.602791059e+02 +6.379391059e+02 +6.379391059e+02 +4.7574e-02 -2.4738e-01 -1.0274e-01 -6.2420e-02 +9.0285e-02 +9.3760e-02 +6.3123e-01 +1.5231e-01 +2.5413e-01 -7.1157e-03
11 +4.789410042e+02 +4.789410042e+02 +5.566010042e+02 +5.566010042e+02 +3.5639e-01 +3.1097e-01 -8.4593e-03 +1.3009e-01 +5.2583e-01 +1.5647e-01 +1.3333e-01 +2.9979e-01 +2.2089e-01 -2.8114e-01
17 +4.270538797e+02 +4.270538797e+02 +5.047138797e+02 +5.047138797e+02 -3.7004e-02 +1.1014e-01 +4.8972e-02 +3.8096e-01 +2.3473e-02 +1.7712e-01 +6.1098e-01 -2.2630e-01 +1.4380e-01 -2.7687e-01
22 +4.252995160e+02 +4.252995160e+02 +5.029595160e+02 +5.029595160e+02 -8.4122e-02 +7.2961e-02 +3.8117e-02 +5.4003e-01 +5.3534e-01 +2.7957e-01 +1.2738e-01 +3.4095e-01 +1.0141e-01 -3.8921e-01
29 +3.235425937e+02 +3.235425937e+02 +4.012025937e+02 +4.012025937e+02 +5.5478e-02 +2.7062e-02 +1.6184e-01 +5.7785e-01 +2.6831e-01 +6.4769e-01 +3.0291e-02 +5.6615e-02 -1.5003e-01 -7.9024e-01
50 +2.951622061e+02 +2.951622061e+02 +3.728222061e+02 +3.728222061e+02 +1.1377e-01 +1.9502e-01 +1.5787e-01 +2.6264e-02 +4.6968e-01 +6.6169e-01 +3.2473e-01 -1.0266e-02 +1.6499e-01 -1.4861e+00
59 +2.171063716e+02 +2.171063716e+02 +2.947663716e+02 +2.947663716e+02 -1.2997e-01 -1.6847e-02 +2.1501e-01 -3.0238e-01 +5.2643e-01 +1.7971e-01 +9.3565e-01 -5.9253e-01 +4.5790e-01 -2.0664e+00
70 +2.001644011e+02 +2.001644011e+02 +2.778244011e+02 +2.778244011e+02 -5.4977e-01 +6.0677e-01 +4.1229e-01 +2.6673e-01 +9.3536e-01 +2.0870e-01 +6.5194e-01 +1.2224e-01 +3.7616e-01 -2.2609e+00
74 +1.685221383e+02 +1.685221383e+02 +2.461821383e+02 +2.461821383e+02 -8.4011e-01 +7.9047e-01 -3.3752e-02 +2.8917e-01 +5.5107e-01 -8.6013e-03 +4.0345e-01 -2.9074e-01 +4.4367e-01 -2.7299e+00
85 +1.516948613e+02 +1.516948613e+02 +2.293548613e+02 +2.293548613e+02 -8.3746e-01 +1.0308e+00 +2.1308e-01 +1.4812e-01 +9.1591e-02 +5.7475e-01 +1.4328e-01 +4.9987e-02 +4.4696e-01 -3.3028e+00
124 +1.502938791e+02 +1.502938791e+02 +2.279538791e+02 +2.279538791e+02 +7.9775e-02 +3.6467e-01 -9.1090e-02 +4.5576e-01 -1.0441e-01 -1.3728e-01 +8.7822e-01 +4.9989e-01 -2.2014e-01 -3.4683e+00
130 +1.173954366e+02 +1.173954366e+02 +1.950554366e+02 +1.950554366e+02 +9.0660e-01 +1.5992e-01 -5.4598e-01 +5.3472e-01 +5.7436e-02 +5.6808e-01 +7.1292e-01 +2.2059e-01 -1.4455e-01 -3.8160e+00
139 +1.142468334e+02 +1.142468334e+02 +1.919068334e+02 +1.919068334e+02 +1.3871e+00 +9.5688e-01 -4.7738e-01 +4.6545e-01 +5.0195e-01 -4.9510e-02 +5.5680e-01 -1.1199e-02 -4.5604e-02 -4.8240e+00
141 +1.082522282e+02 +1.082522282e+02 +1.859122282e+02 +1.859122282e+02 +7.1721e-01 +5.3214e-01 -5.6947e-01 +6.8724e-01 -1.4551e-01 -9.8633e-03 +6.6270e-01 -2.2207e-01 -2.0974e-01 -4.1657e+00
297 +1.062795160e+02 +1.062795160e+02 +1.839395160e+02 +1.839395160e+02 +4.7045e-01 +1.0271e+00 -4.7217e-01 +4.3630e-01 +2.2332e-02 -5.2092e-01 +7.9945e-01 +3.5733e-01 +4.9369e-01 -3.4339e+00
302 +8.709904981e+01 +8.709904981e+01 +1.647590498e+02 +1.647590498e+02 +4.1103e-01 +1.0483e+00 -3.7394e-01 +5.8090e-01 -5.1010e-02 -5.6524e-01 +4.7471e-01 +5.1451e-01 +5.3352e-01 -3.5967e+00
382 +7.719461441e+01 +7.719461441e+01 +1.548546144e+02 +1.548546144e+02 +1.5908e-01 +7.7651e-01 -5.3124e-02 +1.1454e+00 -6.4558e-01 -5.3079e-01 +2.8236e-02 +4.9337e-01 +1.6449e-01 -4.1905e+00
738 +6.918870548e+01 +6.918870548e+01 +1.468487055e+02 +1.468487055e+02 +4.3898e-01 +2.2020e-02 -3.1185e-01 +1.2010e+00 -3.3959e-01 +5.0909e-01 +7.8397e-01 +5.5468e-01 +5.8081e-01 -3.8604e+00
756 +6.399536308e+01 +6.399536308e+01 +1.416553631e+02 +1.416553631e+02 +5.0794e-01 +7.3935e-03 -4.5726e-01 +1.1713e+00 -3.7140e-01 +4.1929e-01 +5.8328e-01 +4.9449e-01 +5.2297e-01 -4.1874e+00
863 +6.156682545e+01 +6.156682545e+01 +1.392268254e+02 +1.392268254e+02 +3.7610e-01 -6.4854e-03 +7.6308e-03 +1.3243e+00 -3.6899e-01 +5.2502e-01 +6.2497e-01 +5.4552e-01 +5.0906e-01 -4.1514e+00
902 +5.538021560e+01 +5.538021560e+01 +1.330402156e+02 +1.330402156e+02 +4.7834e-01 +1.0122e-01 +1.5644e-01 +1.2435e+00 -3.4467e-01 +4.7023e-01 +5.4205e-01 +5.9596e-01 +5.7133e-01 -4.2207e+00
906 +5.362715530e+01 +5.362715530e+01 +1.312871553e+02 +1.312871553e+02 +4.4374e-01 +6.0392e-03 +1.0216e-01 +1.2786e+00 -3.8733e-01 +5.1047e-01 +5.9656e-01 +5.3744e-01 +5.5094e-01 -4.1659e+00
932 +5.171649902e+01 +5.171649902e+01 +1.293764990e+02 +1.293764990e+02 +4.6136e-01 +2.7521e-02 +1.1442e-01 +1.2883e+00 -3.4517e-01 +4.9253e-01 +6.1001e-01 +6.1032e-01 +5.3116e-01 -4.1579e+00
933 +5.040546203e+01 +5.040546203e+01 +1.280654620e+02 +1.280654620e+02 +4.5546e-01 +5.2875e-02 +1.0200e-01 +1.2918e+00 -3.4115e-01 +4.7110e-01 +6.0992e-01 +5.5883e-01 +5.6477e-01 -4.2063e+00
936 +4.911341545e+01 +4.911341545e+01 +1.267734155e+02 +1.267734155e+02 +4.4372e-01 +4.7449e-02 +2.2264e-01 +1.2659e+00 -3.3507e-01 +4.7233e-01 +5.9169e-01 +5.8638e-01 +5.1211e-01 -4.1776e+00
943 +4.892231565e+01 +4.892231565e+01 +1.265823157e+02 +1.265823157e+02 +4.5873e-01 +5.0958e-02 +2.1965e-01 +1.3086e+00 -3.5004e-01 +4.6845e-01 +6.1709e-01 +5.7315e-01 +5.0687e-01 -4.1594e+00
981 +4.418500721e+01 +4.418500721e+01 +1.218450072e+02 +1.218450072e+02 +4.6276e-01 +6.4332e-02 +2.6494e-01 +1.2833e+00 -3.6508e-01 +4.8566e-01 +6.0204e-01 +5.7390e-01 +5.4899e-01 -4.1855e+00
1041 +4.347433002e+01 +4.347433002e+01 +1.211343300e+02 +1.211343300e+02 +4.7572e-01 +8.4253e-02 +2.7251e-01 +1.2899e+00 -3.6325e-01 +4.8408e-01 +5.8457e-01 +5.7235e-01 +5.5313e-01 -4.1812e+00
1066 +4.189013560e+01 +4.189013560e+01 +1.195501356e+02 +1.195501356e+02 +4.6277e-01 +7.5360e-02 +3.0861e-01 +1.2970e+00 -3.6002e-01 +4.9239e-01 +5.8575e-01 +5.8302e-01 +5.7407e-01 -4.1698e+00
1087 +4.142710299e+01 +4.142710299e+01 +1.190871030e+02 +1.190871030e+02 +4.5628e-01 +7.1391e-02 +3.2965e-01 +1.2847e+00 -3.6027e-01 +4.8512e-01 +5.8922e-01 +5.8177e-01 +5.7568e-01 -4.1745e+00
% function evaluation | noise-free fitness - Fopt (1.156800000000e+02) | best noise-free fitness - Fopt | measured fitness | best measured fitness | x1 | x2...
1 +7.651383853e+02 +7.651383853e+02 +8.808183853e+02 +8.808183853e+02 +0.0000e+00 +0.0000e+00 +0.0000e+00 +0.0000e+00 +0.0000e+00 +0.0000e+00 +0.0000e+00 +0.0000e+00 +0.0000e+00 +0.0000e+00
4 +7.507180350e+02 +7.507180350e+02 +8.663980350e+02 +8.663980350e+02 +2.6472e-01 +6.0668e-04 +1.2739e-01 +4.4053e-01 -2.0265e-01 +4.0362e-03 +7.9373e-02 +1.8406e-02 +7.2599e-02 -2.2333e-01
6 +6.995061077e+02 +6.995061077e+02 +8.151861077e+02 +8.151861077e+02 -7.2936e-02 +2.1837e-02 +2.3171e-01 +1.5971e-02 +1.9842e-01 +4.6812e-02 +1.5497e-01 +1.9751e-02 -1.2842e-01 -1.3673e-01
7 +6.426851226e+02 +6.426851226e+02 +7.583651226e+02 +7.583651226e+02 -5.9768e-02 +3.7380e-02 +1.5735e-01 +2.7532e-01 +2.7164e-01 +2.1101e-01 -4.3851e-02 -7.2068e-03 -1.5490e-01 -1.5701e-01
30 +6.260301322e+02 +6.260301322e+02 +7.417101322e+02 +7.417101322e+02 -9.9825e-02 -3.6705e-01 +9.9371e-02 +3.8858e-01 +3.0797e-01 +1.6434e-01 +2.4502e-02 +3.7291e-01 -4.0708e-01 +1.0301e-01
31 +6.141601205e+02 +6.141601205e+02 +7.298401205e+02 +7.298401205e+02 -2.4297e-01 -1.9727e-01 +4.7446e-01 +3.2298e-01 +3.3196e-01 +2.6315e-01 -6.6843e-02 +2.1974e-01 -5.8510e-01 +1.4611e-01
37 +5.859451150e+02 +5.859451150e+02 +7.016251150e+02 +7.016251150e+02 -1.5603e-01 -1.1501e-01 +3.8598e-01 +2.5305e-01 -7.6958e-02 +2.4444e-01 +1.0821e-02 +5.8023e-01 -8.0545e-01 +4.8355e-01
52 +5.647418652e+02 +5.647418652e+02 +6.804218652e+02 +6.804218652e+02 -3.1503e-01 -3.1779e-01 +2.2725e-01 +3.4896e-01 +1.8267e-01 -2.2338e-01 -2.8982e-02 +2.6076e-01 -4.3825e-01 +2.9669e-02
55 +5.198649819e+02 +5.198649819e+02 +6.355449819e+02 +6.355449819e+02 -3.2367e-01 -3.5789e-01 +4.5224e-01 +2.7536e-01 +7.8105e-02 -1.2098e-01 -3.5217e-01 +7.5161e-01 -5.8877e-01 -4.0170e-02
68 +5.124442165e+02 +5.124442165e+02 +6.281242165e+02 +6.281242165e+02 -5.2029e-01 -2.2233e-01 +4.2171e-01 +4.9303e-01 +1.1673e-01 -6.2246e-01 -3.1865e-01 +3.5092e-01 -5.4946e-01 -4.5283e-01
77 +4.566727151e+02 +4.566727151e+02 +5.723527151e+02 +5.723527151e+02 -6.2471e-01 -1.2038e-01 +4.5285e-01 +1.8071e-01 -1.0649e-01 -8.2809e-01 -3.6668e-01 +2.3488e-01 -7.4714e-01 -5.9903e-01
83 +4.295578111e+02 +4.295578111e+02 +5.452378111e+02 +5.452378111e+02 -8.1649e-01 -5.4314e-01 +5.0534e-01 +3.2826e-01 +1.5217e-01 -8.6326e-01 -6.0235e-01 +7.5900e-01 -1.0244e+00 -9.2840e-01
91 +4.116894759e+02 +4.116894759e+02 +5.273694759e+02 +5.273694759e+02 -9.6648e-01 -5.5847e-01 +5.2907e-01 +2.4279e-01 +4.8573e-03 -7.1434e-01 -1.0826e+00 +4.1038e-01 -9.1514e-01 -9.9263e-01
92 +4.021530981e+02 +4.021530981e+02 +5.178330981e+02 +5.178330981e+02 -4.8636e-01 -5.0035e-01 +2.3298e-01 +3.2428e-01 -6.2414e-02 -7.6915e-01 -7.3977e-01 +1.0466e+00 -1.0668e+00 -8.9191e-01
106 +3.544348785e+02 +3.544348785e+02 +4.701148785e+02 +4.701148785e+02 -7.5567e-01 -3.0026e-01 +4.6505e-01 +1.0328e+00 -1.3147e-01 -1.3092e+00 -1.0384e+00 +1.1218e+00 -7.8667e-01 -1.4249e+00
115 +2.980981203e+02 +2.980981203e+02 +4.137781203e+02 +4.137781203e+02 -1.1683e+00 -8.2028e-01 +1.0206e+00 +1.4071e+00 -1.8837e-01 -6.4478e-02 -1.0485e+00 +9.2482e-01 -1.8281e+00 -1.2203e+00
116 +2.933183739e+02 +2.933183739e+02 +4.089983739e+02 +4.089983739e+02 -1.2202e+00 -1.0949e-01 +7.2042e-01 +8.3212e-01 -2.7390e-01 -1.2874e+00 -1.3064e+00 +1.2049e+00 -1.2778e+00 -1.2207e+00
124 +2.835089071e+02 +2.835089071e+02 +3.991889071e+02 +3.991889071e+02 -1.3887e+00 -2.4677e-01 +1.0873e+00 +9.5686e-01 -5.1024e-01 -1.1949e+00 -9.8899e-01 +6.2841e-01 -1.7822e+00 -1.2954e+00
125 +2.656761558e+02 +2.656761558e+02 +3.813561558e+02 +3.813561558e+02 -1.5523e+00 -4.3168e-01 +1.1464e+00 +1.3486e+00 -5.7124e-01 -8.6253e-01 -1.1094e+00 +9.3425e-01 -2.0958e+00 -1.2513e+00
136 +2.057050541e+02 +2.057050541e+02 +3.213850541e+02 +3.213850541e+02 -1.6448e+00 -1.6844e-01 +9.1365e-01 +1.1080e+00 -1.1569e+00 -9.9294e-01 -1.5484e+00 +2.3733e-01 -1.9964e+00 -9.5299e-01
138 +1.977976965e+02 +1.977976965e+02 +3.134776965e+02 +3.134776965e+02 -1.2162e+00 -3.9721e-01 +6.3902e-01 +3.4183e-01 -8.0061e-01 -1.5974e+00 -2.8130e+00 +3.5711e-01 -2.1342e+00 -2.2275e+00
146 +1.880201123e+02 +1.880201123e+02 +3.037001123e+02 +3.037001123e+02 -7.5921e-01 +9.0783e-02 +7.4483e-01 +1.7676e+00 -4.6731e-01 -2.5383e+00 -1.9476e+00 +1.7401e+00 -3.3584e+00 -1.8994e+00
149 +1.839374000e+02 +1.839374000e+02 +2.996174000e+02 +2.996174000e+02 -1.7588e+00 -1.0652e+00 +1.6070e+00 +1.0816e+00 -7.1390e-01 -1.7179e+00 -1.9879e+00 +9.3783e-01 -2.7443e+00 -2.1298e+00
156 +1.788689407e+02 +1.788689407e+02 +2.945489407e+02 +2.945489407e+02 -4.4265e-01 -7.0184e-01 +1.7201e+00 +8.2466e-01 -9.8316e-01 -2.4821e+00 -1.3180e+00 +1.8682e+00 -3.4363e+00 -1.2282e+00
160 +1.573753928e+02 +1.573753928e+02 +2.730553928e+02 +2.730553928e+02 -1.5050e+00 -2.3099e-01 +9.4439e-01 +1.0782e+00 -1.0759e+00 -2.5280e+00 -2.7712e+00 +1.2699e+00 -2.7915e+00 -1.8599e+00
176 +1.501279951e+02 +1.501279951e+02 +2.658079951e+02 +2.658079951e+02 +2.6900e-01 -8.9366e-01 +2.0048e+00 +1.7293e+00 -6.2813e-01 -1.8340e+00 -2.0415e+00 +1.2230e+00 -3.0679e+00 -1.6674e+00
195 +1.419404232e+02 +1.419404232e+02 +2.576204232e+02 +2.576204232e+02 -3.5129e-01 -5.5424e-01 +2.0127e+00 +1.8878e+00 -1.1723e+00 -1.9173e+00 -2.7728e+00 +1.9405e+00 -2.6840e+00 -1.6763e+00
210 +1.350689864e+02 +1.350689864e+02 +2.507489864e+02 +2.507489864e+02 +1.9653e-01 -2.9123e-02 +8.6355e-01 +1.7247e+00 -1.1685e+00 -1.9743e+00 -3.0420e+00 +2.4969e+00 -3.2975e+00 -2.4753e+00
216 +1.262092584e+02 +1.262092584e+02 +2.418892584e+02 +2.418892584e+02 +6.0141e-02 -7.8797e-02 +1.0853e+00 +1.7229e+00 -1.4517e+00 -1.7949e+00 -2.8205e+00 +2.1882e+00 -3.6250e+00 -1.5191e+00
226 +1.056698855e+02 +1.056698855e+02 +2.213498855e+02 +2.213498855e+02 +9.5964e-01 -4.1111e-01 +4.4141e-01 +1.7152e+00 -1.4933e+00 -1.6595e+00 -3.3787e+00 +3.1674e+00 -3.9422e+00 -2.6308e+00
233 +1.033025992e+02 +1.033025992e+02 +2.189825992e+02 +2.189825992e+02 +7.6490e-01 -1.7005e-01 +1.6508e+00 +1.2584e+00 -1.4167e+00 -2.2774e+00 -3.9282e+00 +2.8847e+00 -3.8561e+00 -1.9208e+00
238 +9.119229436e+01 +9.119229436e+01 +2.068722944e+02 +2.068722944e+02 +5.0945e-01 -3.1304e-01 +1.1491e+00 +2.4161e+00 -1.5707e+00 -1.8631e+00 -3.6467e+00 +1.5181e+00 -3.2336e+00 -2.6261e+00
271 +8.804808620e+01 +8.804808620e+01 +2.037280862e+02 +2.037280862e+02 +8.4569e-01 -8.5115e-01 +1.6164e+00 +2.4011e+00 -2.7602e+00 -1.5766e+00 -2.4809e+00 +1.9472e+00 -3.9060e+00 -1.8234e+00
418 +7.962691728e+01 +7.962691728e+01 +1.953069173e+02 +1.953069173e+02 -3.1746e+00 -2.5819e+00 +1.5227e-01 +4.0208e+00 -3.1979e+00 -3.0731e+00 -3.5125e+00 +2.9196e+00 -3.5656e+00 -1.9828e+00
535 +7.822386130e+01 +7.822386130e+01 +1.939038613e+02 +1.939038613e+02 -3.3192e+00 -1.6488e+00 -5.7235e-01 +3.9971e+00 -3.7461e+00 -4.7016e+00 -3.9043e+00 +2.3260e+00 -3.5184e+00 -2.1723e+00
540 +7.544644651e+01 +7.544644651e+01 +1.911264465e+02 +1.911264465e+02 -3.3030e+00 -1.8659e+00 -1.7448e+00 +3.9830e+00 -3.5535e+00 -4.8835e+00 -3.5366e+00 +2.8107e+00 -3.9069e+00 -2.6607e+00
745 +5.844466454e+01 +5.844466454e+01 +1.741246645e+02 +1.741246645e+02 -3.9752e+00 -1.6545e+00 +5.8120e-02 +3.8165e+00 -4.2459e+00 -3.1859e+00 -4.5134e+00 +2.3247e+00 -4.0302e+00 -2.0171e+00
758 +5.222978213e+01 +5.222978213e+01 +1.679097821e+02 +1.679097821e+02 -3.2824e+00 -1.6229e+00 +2.1772e-01 +3.9915e+00 -4.6630e+00 -3.7617e+00 -3.9650e+00 +1.4748e+00 -3.8769e+00 -1.9690e+00
884 +4.016944708e+01 +4.016944708e+01 +1.558494471e+02 +1.558494471e+02 -3.1388e+00 -1.8773e+00 -4.2977e-01 +3.7604e+00 -3.5993e+00 -3.1856e+00 -3.4426e+00 +2.0014e+00 -3.6527e+00 -1.9624e+00
926 +3.429733464e+01 +3.429733464e+01 +1.499773346e+02 +1.499773346e+02 -3.0988e+00 -1.8573e+00 -6.3553e-01 +3.8368e+00 -2.9792e+00 -3.1511e+00 -3.5483e+00 +1.8536e+00 -4.0063e+00 -1.5690e+00
1062 +3.096710441e+01 +3.096710441e+01 +1.466471044e+02 +1.466471044e+02 -3.2135e+00 -1.8083e+00 -6.2720e-01 +3.6801e+00 -2.9316e+00 -2.6593e+00 -3.5114e+00 +1.8974e+00 -3.9355e+00 -1.3426e+00
1082 +2.498881075e+01 +2.498881075e+01 +1.406688108e+02 +1.406688108e+02 -3.2558e+00 -1.8319e+00 -5.6868e-01 +3.7155e+00 -3.0251e+00 -2.7530e+00 -3.5373e+00 +1.9969e+00 -3.8548e+00 -1.3451e+00
1098 +2.175910712e+01 +2.175910712e+01 +1.374391071e+02 +1.374391071e+02 -3.2305e+00 -1.8368e+00 -4.8555e-01 +3.6738e+00 -3.0467e+00 -2.7090e+00 -3.5259e+00 +1.9158e+00 -3.9045e+00 -1.3279e+00
1180 +2.064283764e+01 +2.064283764e+01 +1.363228376e+02 +1.363228376e+02 -3.1636e+00 -1.8831e+00 -5.0078e-01 +3.6976e+00 -2.9752e+00 -2.7433e+00 -3.5996e+00 +1.9529e+00 -3.8959e+00 -1.3446e+00
1184 +2.027509618e+01 +2.027509618e+01 +1.359550962e+02 +1.359550962e+02 -3.1376e+00 -1.8830e+00 -4.9871e-01 +3.6778e+00 -2.9802e+00 -2.7102e+00 -3.5987e+00 +1.9226e+00 -3.9209e+00 -1.3380e+00
1189 +1.990963898e+01 +1.990963898e+01 +1.355896390e+02 +1.355896390e+02 -3.1254e+00 -1.8944e+00 -5.1516e-01 +3.7036e+00 -2.9707e+00 -2.6983e+00 -3.5878e+00 +1.9313e+00 -3.9484e+00 -1.3505e+00
1194 +1.656819766e+01 +1.656819766e+01 +1.322481977e+02 +1.322481977e+02 -3.1561e+00 -1.8780e+00 -5.4412e-01 +3.7038e+00 -2.9324e+00 -2.7200e+00 -3.5333e+00 +1.9607e+00 -3.9378e+00 -1.3261e+00
1205 +1.537000575e+01 +1.537000575e+01 +1.310500057e+02 +1.310500057e+02 -3.1411e+00 -1.8921e+00 -5.6843e-01 +3.7216e+00 -2.9920e+00 -2.7144e+00 -3.5462e+00 +1.9948e+00 -3.9450e+00 -1.3464e+00
1275 +1.483216365e+01 +1.483216365e+01 +1.305121636e+02 +1.305121636e+02 -3.1484e+00 -1.8821e+00 -5.9990e-01 +3.7543e+00 -3.0026e+00 -2.7130e+00 -3.5623e+00 +1.9667e+00 -3.9013e+00 -1.2659e+00
1277 +1.348578668e+01 +1.348578668e+01 +1.291657867e+02 +1.291657867e+02 -3.1813e+00 -1.8739e+00 -5.7643e-01 +3.7599e+00 -3.0171e+00 -2.7116e+00 -3.5643e+00 +1.9827e+00 -3.9151e+00 -1.2784e+00
1290 +1.285233905e+01 +1.285233905e+01 +1.285323391e+02 +1.285323391e+02 -3.1799e+00 -1.9010e+00 -5.7497e-01 +3.7645e+00 -2.9989e+00 -2.7142e+00 -3.5612e+00 +1.9635e+00 -3.9016e+00 -1.3181e+00
1303 +1.195529835e+01 +1.195529835e+01 +1.276352984e+02 +1.276352984e+02 -3.1663e+00 -1.9026e+00 -5.8591e-01 +3.7735e+00 -3.0300e+00 -2.7297e+00 -3.5804e+00 +1.9627e+00 -3.9317e+00 -1.3287e+00
1352 +1.161072888e+01 +1.161072888e+01 +1.272907289e+02 +1.272907289e+02 -3.1677e+00 -1.8757e+00 -5.9252e-01 +3.7684e+00 -3.0393e+00 -2.7122e+00 -3.5512e+00 +1.9649e+00 -3.9204e+00 -1.3427e+00
1369 +1.143982321e+01 +1.143982321e+01 +1.271198232e+02 +1.271198232e+02 -3.1706e+00 -1.8879e+00 -5.8857e-01 +3.7376e+00 -3.0419e+00 -2.7091e+00 -3.5571e+00 +1.9497e+00 -3.9303e+00 -1.3361e+00
1430 +1.108990625e+01 +1.108990625e+01 +1.267699063e+02 +1.267699063e+02 -3.1679e+00 -1.8892e+00 -5.8573e-01 +3.7535e+00 -3.0385e+00 -2.7198e+00 -3.5600e+00 +1.9585e+00 -3.9252e+00 -1.3319e+00
1600 +1.095505482e+01 +1.095505482e+01 +1.266350548e+02 +1.266350548e+02 -3.1757e+00 -1.8934e+00 -5.7944e-01 +3.7557e+00 -3.0335e+00 -2.7154e+00 -3.5606e+00 +1.9625e+00 -3.9250e+00 -1.3282e+00
% function evaluation | noise-free fitness - Fopt (-3.710000000000e+00) | best noise-free fitness - Fopt | measured fitness | best measured fitness | x1 | x2...
1 +3.211002619e+02 +3.211002619e+02 +3.173902619e+02 +3.173902619e+02 +0.0000e+00 +0.0000e+00 +0.0000e+00 +0.0000e+00 +0.0000e+00 +0.0000e+00 +0.0000e+00 +0.0000e+00 +0.0000e+00 +0.0000e+00
2 +2.865452724e+02 +2.865452724e+02 +2.828352724e+02 +2.828352724e+02 -1.9835e-01 +3.8693e-01 +1.5862e-01 +1.7764e-01 -2.8735e-01 +6.6073e-03 +7.7848e-02 -3.8144e-01 -3.6241e-01 +5.1147e-03
16 +2.545910472e+02 +2.545910472e+02 +2.508810472e+02 +2.508810472e+02 +1.1081e-01 +9.9511e-02 -1.1560e-02 -6.8737e-02 -9.3457e-02 +1.6416e-01 +3.4258e-02 -3.8282e-01 -4.1756e-01 -3.2739e-02
21 +2.333827024e+02 +2.333827024e+02 +2.296727024e+02 +2.296727024e+02 +3.5856e-01 -3.6513e-01 -3.2150e-01 -8.3217e-02 +2.8578e-01 +1.0581e-01 +1.6885e-01 -3.6783e-01 -5.5889e-01 -1.1197e-02
30 +2.134555591e+02 +2.134555591e+02 +2.097455591e+02 +2.097455591e+02 +2.0952e-01 +3.9575e-02 +1.4105e-01 +5.4216e-01 +2.4210e-01 +5.6910e-01 +1.9625e-01 -5.0371e-01 -7.5024e-01 +3.6983e-02
61 +1.813598867e+02 +1.813598867e+02 +1.776498867e+02 +1.776498867e+02 +1.0168e-01 +2.3769e-01 -3.5494e-01 -1.4452e-01 +7.7557e-01 +5.3429e-01 +4.6557e-02 -3.9170e-01 -1.8229e+00 -2.5043e-02
66 +1.762471452e+02 +1.762471452e+02 +1.725371452e+02 +1.725371452e+02 -2.2301e-02 +4.9382e-01 -3.5289e-01 -2.1274e-01 +7.4352e-01 +4.3540e-01 +2.4211e-01 -1.1702e+00 -1.9591e+00 +2.9621e-01
117 +1.732301238e+02 +1.732301238e+02 +1.695201238e+02 +1.695201238e+02 -3.1720e-02 +1.4464e-01 -3.0519e-01 -8.8537e-01 +8.0482e-01 +3.3072e-01 +2.1569e-01 -2.4320e+00 -1.5558e+00 +1.0574e+00
159 +1.517217822e+02 +1.517217822e+02 +1.480117822e+02 +1.480117822e+02 +2.5320e-01 +3.4278e-01 -5.7846e-01 +2.9520e-01 +5.8868e-01 +9.5260e-01 -1.1096e+00 -2.3891e+00 -1.9277e+00 +6.7322e-02
169 +1.485067935e+02 +1.485067935e+02 +1.447967935e+02 +1.447967935e+02 -1.5232e-01 +1.5408e-01 -7.0136e-01 +5.8536e-01 +1.2961e+00 +1.2221e+00 -1.0760e+00 -2.3470e+00 -2.6524e+00 -3.0044e-02
196 +1.433890503e+02 +1.433890503e+02 +1.396790503e+02 +1.396790503e+02 -3.6433e-02 -3.6800e-01 -5.3578e-01 +1.4512e+00 +1.3206e+00 +1.2861e+00 -7.7121e-01 -2.4459e+00 -1.6420e+00 +5.7997e-01
202 +1.291347217e+02 +1.291347217e+02 +1.254247217e+02 +1.254247217e+02 -1.6503e-01 -6.9501e-01 -4.8768e-01 +1.7520e+00 +1.2668e+00 +1.5727e+00 -8.5158e-01 -2.1423e+00 -2.6818e+00 +3.9301e-01
206 +1.179422216e+02 +1.179422216e+02 +1.142322216e+02 +1.142322216e+02 -1.6218e-01 -3.6718e-01 -5.4017e-01 +1.9707e+00 +6.1456e-01 +9.1942e-01 -2.7793e-01 -1.9447e+00 -1.6079e+00 +9.2503e-01
235 +1.083477315e+02 +1.083477315e+02 +1.046377315e+02 +1.046377315e+02 +2.4851e-03 -1.1810e+00 -5.1333e-01 +1.7864e+00 +1.4229e+00 +1.6017e+00 -3.2994e-01 -2.0959e+00 -1.5195e+00 +1.1467e+00
256 +9.572865299e+01 +9.572865299e+01 +9.201865299e+01 +9.201865299e+01 -1.2629e-01 -3.9010e-01 -5.2937e-01 +1.6747e+00 +1.3773e+00 +2.1515e+00 -2.7953e-01 -2.7810e+00 -2.6980e+00 +1.2941e+00
325 +7.724433859e+01 +7.724433859e+01 +7.353433859e+01 +7.353433859e+01 -8.9240e-02 -1.5907e+00 -5.1304e-01 +1.9106e+00 +2.1165e+00 +3.0054e+00 -8.0314e-01 -2.0561e+00 -2.2771e+00 +1.3108e+00
433 +7.253666239e+01 +7.253666239e+01 +6.882666239e+01 +6.882666239e+01 +8.3213e-02 -2.3085e+00 -5.1208e-01 +3.0941e+00 +1.4655e+00 +3.5334e+00 -7.5622e-01 -2.0747e+00 -1.8699e+00 +1.1350e+00
440 +6.408052959e+01 +6.408052959e+01 +6.037052959e+01 +6.037052959e+01 +3.2481e-02 -2.3384e+00 -6.5781e-01 +2.4813e+00 +1.4803e+00 +3.6336e+00 -7.3964e-01 -2.4027e+00 -1.4800e+00 +1.0721e+00
689 +6.171716843e+01 +6.171716843e+01 +5.800716843e+01 +5.800716843e+01 -5.4132e-02 -2.2310e+00 -6.5886e-01 +2.6365e+00 +1.5464e+00 +3.7265e+00 -7.1639e-01 -2.8642e+00 -1.5911e+00 +6.7950e-01
709 +6.105737883e+01 +6.105737883e+01 +5.734737883e+01 +5.734737883e+01 -1.5105e-02 -2.1954e+00 -7.0189e-01 +2.5611e+00 +1.4775e+00 +3.7114e+00 -7.4263e-01 -2.8560e+00 -1.4966e+00 +6.9886e-01
732 +5.868746162e+01 +5.868746162e+01 +5.497746162e+01 +5.497746162e+01 +3.9927e-02 -2.1300e+00 -5.9129e-01 +2.6693e+00 +1.5220e+00 +3.7517e+00 -7.9589e-01 -2.8174e+00 -1.6195e+00 +6.8839e-01
733 +5.308442762e+01 +5.308442762e+01 +4.937442762e+01 +4.937442762e+01 -6.2883e-03 -2.1215e+00 -6.3566e-01 +2.6213e+00 +1.4681e+00 +3.6767e+00 -7.8366e-01 -2.8589e+00 -1.5519e+00 +6.7760e-01
739 +5.159878248e+01 +5.159878248e+01 +4.788878248e+01 +4.788878248e+01 +1.5267e-02 -2.1276e+00 -6.2095e-01 +2.6627e+00 +1.4414e+00 +3.6728e+00 -7.7323e-01 -2.8672e+00 -1.5472e+00 +6.6527e-01
809 +4.730004641e+01 +4.730004641e+01 +4.359004641e+01 +4.359004641e+01 +8.4336e-02 -2.2584e+00 -6.9446e-01 +2.6272e+00 +1.4925e+00 +3.6716e+00 -7.7192e-01 -2.8458e+00 -1.5121e+00 +6.5870e-01
953 +4.587239005e+01 +4.587239005e+01 +4.216239005e+01 +4.216239005e+01 +7.3515e-02 -2.2918e+00 -6.6483e-01 +2.6287e+00 +1.4551e+00 +3.6449e+00 -7.7878e-01 -2.8472e+00 -1.5339e+00 +6.7961e-01
954 +4.561748131e+01 +4.561748131e+01 +4.190748131e+01 +4.190748131e+01 +5.8712e-02 -2.2794e+00 -6.6809e-01 +2.6348e+00 +1.4799e+00 +3.6460e+00 -7.9249e-01 -2.8461e+00 -1.5318e+00 +6.6730e-01
1040 +4.456452415e+01 +4.456452415e+01 +4.085452415e+01 +4.085452415e+01 +5.7017e-02 -2.2433e+00 -6.3285e-01 +2.6476e+00 +1.4645e+00 +3.6598e+00 -7.8790e-01 -2.8448e+00 -1.5299e+00 +6.7344e-01
1106 +4.364932814e+01 +4.364932814e+01 +3.993932814e+01 +3.993932814e+01 +5.1758e-02 -2.2879e+00 -6.3785e-01 +2.6614e+00 +1.4638e+00 +3.6603e+00 -7.8263e-01 -2.8507e+00 -1.5101e+00 +6.6518e-01
% function evaluation | noise-free fitness - Fopt (1.321800000000e+02) | best noise-free fitness - Fopt | measured fitness | best measured fitness | x1 | x2...
1 +2.126387241e+02 +2.126387241e+02 +3.448187241e+02 +3.448187241e+02 +0.0000e+00 +0.0000e+00 +0.0000e+00 +0.0000e+00 +0.0000e+00 +0.0000e+00 +0.0000e+00 +0.0000e+00 +0.0000e+00 +0.0000e+00
2 +2.026219575e+02 +2.026219575e+02 +3.348019575e+02 +3.348019575e+02 +1.8895e-01 -1.9284e-01 -1.7018e-01 -5.5058e-03 +4.8664e-01 +7.2465e-02 -4.0826e-01 +1.4861e-02 +2.8414e-01 -3.0774e-02
16 +1.767664432e+02 +1.767664432e+02 +3.089464432e+02 +3.089464432e+02 -1.3186e-01 -8.7858e-02 -1.6757e-01 -5.1319e-01 +6.0696e-01 -7.4231e-03 -4.4892e-01 +7.5749e-02 +2.5744e-01 +2.5460e-01
34 +1.737707232e+02 +1.737707232e+02 +3.059507232e+02 +3.059507232e+02 +3.7013e-01 -1.4044e-02 +2.2194e-01 -6.7256e-01 +9.6069e-01 -1.2370e-01 -5.8205e-01 -9.6670e-03 +1.9910e-01 +9.6028e-02
52 +1.639742672e+02 +1.639742672e+02 +2.961542672e+02 +2.961542672e+02 +2.9694e-01 -3.9362e-01 +3.4851e-01 -1.0657e+00 +7.3981e-01 -3.5166e-02 -6.5322e-01 -2.5429e-01 +7.3030e-01 +8.6758e-02
67 +1.538493925e+02 +1.538493925e+02 +2.860293925e+02 +2.860293925e+02 +3.4118e-01 -5.8373e-02 +4.5001e-01 -1.3593e+00 +6.9190e-01 +1.9929e-01 -1.2295e+00 -2.6313e-01 +9.6306e-01 +2.1476e-01
68 +1.500594878e+02 +1.500594878e+02 +2.822394878e+02 +2.822394878e+02 +6.3824e-01 -2.9609e-01 +4.3360e-01 -1.3310e+00 +4.1193e-01 +2.4860e-01 -1.0793e+00 +6.7070e-02 +5.2481e-01 +1.2795e-01
75 +1.473077714e+02 +1.473077714e+02 +2.794877714e+02 +2.794877714e+02 +3.1617e-01 -3.7421e-02 +8.0646e-01 -1.4083e+00 +1.1800e-01 -2.2068e-02 -1.2050e+00 +2.7893e-01 +5.4884e-01 +1.4207e-01
87 +1.382543602e+02 +1.382543602e+02 +2.704343602e+02 +2.704343602e+02 +1.6342e-01 +9.4892e-02 +8.5808e-01 -1.1827e+00 -2.0640e-01 -4.2789e-01 -9.9660e-01 +1.0586e-01 +5.3605e-01 +2.9449e-01
94 +1.102504607e+02 +1.102504607e+02 +2.424304607e+02 +2.424304607e+02 +2.0476e-01 -5.8742e-02 +3.2698e-01 -1.9246e+00 -1.3938e-01 -3.3157e-02 -1.3602e+00 +4.6670e-02 +7.8562e-01 +3.7318e-01
128 +1.085601750e+02 +1.085601750e+02 +2.407401750e+02 +2.407401750e+02 +1.2975e-01 -3.3642e-01 +1.9316e+00 -7.2198e-01 -1.4019e+00 -8.1600e-01 -1.8538e+00 +3.7814e-01 +7.2504e-01 +7.8034e-01
135 +1.067719878e+02 +1.067719878e+02 +2.389519878e+02 +2.389519878e+02 -2.0582e-01 -2.4414e-01 +2.1551e+00 -1.0901e+00 -2.3429e+00 -5.8586e-01 -2.2802e+00 +9.7991e-02 +7.7387e-01 +2.5809e-01
140 +1.020306049e+02 +1.020306049e+02 +2.342106049e+02 +2.342106049e+02 -8.0068e-01 -3.6223e-01 +1.8299e+00 -1.7925e+00 -1.7583e+00 -1.3466e+00 -1.2995e+00 +1.8150e-01 +4.4600e-01 +1.3643e-01
142 +8.693154295e+01 +8.693154295e+01 +2.191115429e+02 +2.191115429e+02 -8.3687e-01 -4.6752e-02 +2.6302e+00 -1.4712e+00 -2.4235e+00 -1.1261e+00 -1.5207e+00 -1.7977e-01 +1.3087e+00 +8.7219e-01
173 +6.813413189e+01 +6.813413189e+01 +2.003141319e+02 +2.003141319e+02 -8.7356e-01 -2.1790e-01 +1.3357e+00 -1.8346e+00 -1.9307e+00 -1.5396e+00 -2.9602e+00 -3.0514e-01 +9.9428e-01 +4.4257e-01
571 +6.085557352e+01 +6.085557352e+01 +1.930355735e+02 +1.930355735e+02 -5.5616e+00 +7.1372e-01 +1.2849e+00 -3.2292e+00 -2.5787e+00 -9.2794e-01 -2.2802e+00 +1.2082e+00 +1.7015e+00 +7.6213e-01
717 +5.298397515e+01 +5.298397515e+01 +1.851639752e+02 +1.851639752e+02 -5.7206e+00 +5.5869e-01 +2.0496e+00 -2.7115e+00 -2.4757e+00 -5.4472e-01 -2.9800e+00 +1.2091e+00 +1.6354e+00 +4.6519e-01
721 +4.821004143e+01 +4.821004143e+01 +1.803900414e+02 +1.803900414e+02 -5.9374e+00 +5.1468e-01 +2.1977e+00 -2.7335e+00 -2.4620e+00 -4.9738e-01 -2.7676e+00 +1.1882e+00 +1.5791e+00 +4.0547e-01
777 +4.484299508e+01 +4.484299508e+01 +1.770229951e+02 +1.770229951e+02 -5.7638e+00 +6.2673e-01 +2.0670e+00 -2.6262e+00 -2.5204e+00 -5.2045e-01 -2.6302e+00 +1.2274e+00 +1.6010e+00 +4.3250e-01
782 +4.419934375e+01 +4.419934375e+01 +1.763793437e+02 +1.763793437e+02 -5.7425e+00 +5.7951e-01 +1.9599e+00 -2.5926e+00 -2.5176e+00 -4.7162e-01 -2.6970e+00 +1.2230e+00 +1.6020e+00 +4.0405e-01
802 +3.655798368e+01 +3.655798368e+01 +1.687379837e+02 +1.687379837e+02 -5.6381e+00 +6.1012e-01 +2.0720e+00 -2.6899e+00 -2.5339e+00 -4.9652e-01 -2.7058e+00 +1.1715e+00 +1.6320e+00 +4.2653e-01
834 +3.326150752e+01 +3.326150752e+01 +1.654415075e+02 +1.654415075e+02 -5.7658e+00 +6.2725e-01 +2.0244e+00 -2.6685e+00 -2.5477e+00 -4.9923e-01 -2.7664e+00 +1.2114e+00 +1.6990e+00 +3.9991e-01
888 +3.277065431e+01 +3.277065431e+01 +1.649506543e+02 +1.649506543e+02 -5.7561e+00 +6.1773e-01 +2.0632e+00 -2.7313e+00 -2.5179e+00 -5.4090e-01 -2.8042e+00 +1.2113e+00 +1.7623e+00 +3.7599e-01
891 +3.150612736e+01 +3.150612736e+01 +1.636861274e+02 +1.636861274e+02 -5.7894e+00 +6.4063e-01 +2.0570e+00 -2.7525e+00 -2.4978e+00 -5.3768e-01 -2.7459e+00 +1.1822e+00 +1.7192e+00 +3.8552e-01
896 +2.662804392e+01 +2.662804392e+01 +1.588080439e+02 +1.588080439e+02 -5.7545e+00 +5.9441e-01 +2.0541e+00 -2.7170e+00 -2.4953e+00 -5.3123e-01 -2.7180e+00 +1.1992e+00 +1.7586e+00 +3.8416e-01
1017 +2.629453062e+01 +2.629453062e+01 +1.584745306e+02 +1.584745306e+02 -5.7859e+00 +5.7749e-01 +2.0222e+00 -2.6926e+00 -2.4810e+00 -5.1884e-01 -2.7284e+00 +1.1902e+00 +1.7522e+00 +4.0500e-01
1040 +2.551713211e+01 +2.551713211e+01 +1.576971321e+02 +1.576971321e+02 -5.7719e+00 +5.8683e-01 +2.0461e+00 -2.7039e+00 -2.4959e+00 -5.2956e-01 -2.7355e+00 +1.1916e+00 +1.7477e+00 +4.0653e-01
1169 +2.511603467e+01 +2.511603467e+01 +1.572960347e+02 +1.572960347e+02 -5.7344e+00 +5.8410e-01 +2.0527e+00 -2.7157e+00 -2.4994e+00 -5.2411e-01 -2.7214e+00 +1.1989e+00 +1.7552e+00 +4.1021e-01
% function evaluation | noise-free fitness - Fopt (1.000000000000e+03) | best noise-free fitness - Fopt | measured fitness | best measured fitness | x1 | x2...
1 +3.506377191e+02 +3.506377191e+02 +1.350637719e+03 +1.350637719e+03 +0.0000e+00 +0.0000e+00 +0.0000e+00 +0.0000e+00 +0.0000e+00 +0.0000e+00 +0.0000e+00 +0.0000e+00 +0.0000e+00 +0.0000e+00
9 +3.324947151e+02 +3.324947151e+02 +1.332494715e+03 +1.332494715e+03 -3.5122e-01 +1.3938e-01 -1.0469e-01 -2.6496e-02 -8.7260e-02 +1.4034e-01 -2.1779e-01 +4.3658e-02 -4.5143e-01 +4.8990e-02
22 +3.259516822e+02 +3.259516822e+02 +1.325951682e+03 +1.325951682e+03 -2.6604e-01 +1.5915e-01 +2.7566e-01 +1.1800e-01 -5.1821e-01 +1.4099e-01 -2.2154e-01 -3.4903e-01 -5.0862e-01 -1.2251e-01
27 +3.108020196e+02 +3.108020196e+02 +1.310802020e+03 +1.310802020e+03 -2.3505e-01 +5.8668e-01 +1.8285e-01 +4.3234e-01 -5.4614e-01 +1.5052e-02 -5.6718e-02 -1.3699e-01 -4.0333e-01 +3.8667e-03
34 +2.754843194e+02 +2.754843194e+02 +1.275484319e+03 +1.275484319e+03 -5.3194e-01 +5.0905e-01 -1.9756e-01 +1.7172e-01 -3.2284e-01 +3.1857e-01 -5.9277e-01 -3.4489e-01 -7.0609e-01 +2.6916e-01
45 +2.623795275e+02 +2.623795275e+02 +1.262379527e+03 +1.262379527e+03 -3.4657e-01 +2.3221e-01 -1.3247e-01 +9.0170e-02 -3.9934e-01 +6.5466e-01 -4.9918e-01 -2.0921e-01 -8.1338e-01 +4.3261e-01
47 +2.513249108e+02 +2.513249108e+02 +1.251324911e+03 +1.251324911e+03 +5.6750e-03 +4.0952e-01 -4.0163e-01 +9.3020e-02 -5.5315e-01 +5.4379e-01 -4.7872e-01 -6.0651e-01 -1.1427e+00 -1.2294e-01
50 +2.236670762e+02 +2.236670762e+02 +1.223667076e+03 +1.223667076e+03 -1.7488e-01 +4.2025e-01 -2.3761e-01 +8.3814e-02 -1.1314e-01 +7.7874e-01 -3.8436e-01 -1.1286e-01 -8.7013e-01 +2.6213e-01
53 +2.008812712e+02 +2.008812712e+02 +1.200881271e+03 +1.200881271e+03 -5.3420e-01 +4.0280e-01 -6.0293e-01 +7.9098e-02 -6.7370e-01 +7.1461e-01 -8.8253e-01 -2.8381e-01 -1.5064e+00 +2.9988e-01
72 +1.986301273e+02 +1.986301273e+02 +1.198630127e+03 +1.198630127e+03 -1.3643e-01 -1.2081e-01 -2.2089e-02 +1.8916e-01 -6.3224e-01 +4.5043e-01 -6.2686e-01 -4.0120e-01 -1.2572e+00 +1.1023e+00
73 +1.885253428e+02 +1.885253428e+02 +1.188525343e+03 +1.188525343e+03 -7.9916e-01 +5.4746e-01 +9.9190e-02 +5.5105e-01 -5.8135e-01 +8.3392e-01 -6.6669e-01 -2.9950e-02 -1.6675e+00 +5.1718e-01
82 +1.716790310e+02 +1.716790310e+02 +1.171679031e+03 +1.171679031e+03 -6.6144e-01 +2.7878e-01 +2.6844e-01 +6.8576e-01 -1.0441e+00 +8.9846e-01 -7.6140e-01 +8.3438e-02 -1.6813e+00 +1.3647e+00
83 +1.628811909e+02 +1.628811909e+02 +1.162881191e+03 +1.162881191e+03 -3.5192e-01 -1.9465e-01 +3.2275e-01 +5.5412e-01 +4.0256e-02 +1.4602e+00 -7.4334e-01 -3.2153e-01 -1.5334e+00 +1.4217e+00
92 +1.500602709e+02 +1.500602709e+02 +1.150060271e+03 +1.150060271e+03 -3.0100e-01 +9.9672e-02 -1.7335e-02 +9.0033e-01 -8.3748e-01 +1.3685e+00 -1.2310e+00 -4.3181e-01 -1.7243e+00 +1.2400e+00
97 +1.347524256e+02 +1.347524256e+02 +1.134752426e+03 +1.134752426e+03 -6.8023e-01 -2.2925e-01 -6.3863e-02 +5.2180e-01 -5.7424e-01 +1.3446e+00 -5.3521e-01 +1.2358e-02 -1.8388e+00 +1.6959e+00
108 +9.898858356e+01 +9.898858356e+01 +1.098988584e+03 +1.098988584e+03 -7.0147e-01 -1.5131e-01 -4.0010e-01 +7.1568e-01 -1.1689e+00 +1.4933e+00 -7.3107e-01 -5.5917e-01 -2.1998e+00 +1.9507e+00
288 +9.702015046e+01 +9.702015046e+01 +1.097020150e+03 +1.097020150e+03 -6.5259e-03 +5.0424e-01 -1.5879e+00 +8.1165e-01 -2.7302e-01 +4.2903e+00 -5.2887e-01 -3.0297e-02 -2.4383e+00 +3.3220e+00
541 +9.408455468e+01 +9.408455468e+01 +1.094084555e+03 +1.094084555e+03 -5.0543e-01 -1.0930e+00 +1.0662e+00 +8.8836e-01 -1.6615e-01 +2.7908e+00 -4.7888e-01 -8.7029e-01 -2.4860e+00 +2.6898e+00
749 +8.918950996e+01 +8.918950996e+01 +1.089189510e+03 +1.089189510e+03 -4.2988e-01 -1.0348e+00 +9.1593e-01 +9.0654e-01 -4.1637e-01 +2.3447e+00 -3.3294e-01 -9.0059e-01 -2.8495e+00 +2.6855e+00
789 +8.010571346e+01 +8.010571346e+01 +1.080105713e+03 +1.080105713e+03 -4.6657e-01 -1.2152e+00 +9.7971e-01 +8.7682e-01 -5.0098e-01 +1.7447e+00 -7.7613e-01 -8.0982e-01 -2.9657e+00 +2.9066e+00
841 +7.697024640e+01 +7.697024640e+01 +1.076970246e+03 +1.076970246e+03 -5.2197e-01 -1.2110e+00 +8.5728e-01 +9.7039e-01 -6.3520e-01 +2.1588e+00 -8.1073e-01 -8.9512e-01 -2.5026e+00 +2.9092e+00
1039 +7.528476745e+01 +7.528476745e+01 +1.075284767e+03 +1.075284767e+03 -3.1315e-02 -9.1601e-01 -1.4962e+00 +8.1247e-01 -1.2240e+00 +2.1500e+00 -7.4637e-01 -8.6571e-01 -2.5335e+00 +3.2062e+00
1163 +7.205199180e+01 +7.205199180e+01 +1.072051992e+03 +1.072051992e+03 +6.3579e-01 -1.0407e+00 +1.0645e-01 +8.9799e-01 -1.0892e+00 +2.1841e+00 -4.6826e-01 -4.2774e-01 -2.2607e+00 +2.9385e+00
1584 +6.367748516e+01 +6.367748516e+01 +1.063677485e+03 +1.063677485e+03 +6.2718e-01 -8.6841e-01 +9.0746e-01 +7.9870e-01 -1.1546e+00 +2.8813e+00 -1.2024e+00 -3.8553e-01 -2.9510e+00 +2.9310e+00
1811 +6.038319183e+01 +6.038319183e+01 +1.060383192e+03 +1.060383192e+03 +5.9347e-01 -1.0268e+00 +6.7949e-01 +8.6354e-01 -1.1149e+00 +2.2111e+00 -1.2201e+00 -5.2323e-01 -2.9744e+00 +3.3388e+00
1825 +5.833070183e+01 +5.833070183e+01 +1.058330702e+03 +1.058330702e+03 +6.2120e-01 -1.0796e+00 +9.1388e-01 +8.5866e-01 -1.1042e+00 +2.4625e+00 -1.2028e+00 -5.3088e-01 -2.9268e+00 +3.2209e+00
1838 +5.293353268e+01 +5.293353268e+01 +1.052933533e+03 +1.052933533e+03 +5.9697e-01 -1.0371e+00 +9.1802e-01 +8.2678e-01 -1.1930e+00 +2.2467e+00 -1.2439e+00 -5.4346e-01 -2.8681e+00 +3.2109e+00
1927 +5.163864185e+01 +5.163864185e+01 +1.051638642e+03 +1.051638642e+03 +6.1734e-01 -1.0545e+00 +7.3078e-01 +8.8270e-01 -1.1582e+00 +2.2431e+00 -1.2416e+00 -5.5315e-01 -2.5089e+00 +3.2745e+00
1991 +5.111906737e+01 +5.111906737e+01 +1.051119067e+03 +1.051119067e+03 +5.9670e-01 -1.0844e+00 +7.4269e-01 +8.7858e-01 -1.1466e+00 +2.2841e+00 -1.2212e+00 -5.3280e-01 -2.0830e+00 +3.2551e+00
2089 +5.003796208e+01 +5.003796208e+01 +1.050037962e+03 +1.050037962e+03 +5.9276e-01 -1.1142e+00 +8.2317e-01 +8.7428e-01 -1.1472e+00 +2.2711e+00 -1.2321e+00 -5.1348e-01 -2.1235e+00 +3.2661e+00
2108 +4.871154957e+01 +4.871154957e+01 +1.048711550e+03 +1.048711550e+03 +5.9265e-01 -1.1201e+00 +8.7747e-01 +8.7287e-01 -1.1583e+00 +2.2933e+00 -1.2313e+00 -5.1664e-01 -2.1078e+00 +3.2499e+00
2164 +4.758810052e+01 +4.758810052e+01 +1.047588101e+03 +1.047588101e+03 +5.7887e-01 -1.1010e+00 +9.1697e-01 +8.7960e-01 -1.1494e+00 +2.3350e+00 -1.2242e+00 -4.9305e-01 -2.0926e+00 +3.2695e+00
2252 +4.667659661e+01 +4.667659661e+01 +1.046676597e+03 +1.046676597e+03 +5.5869e-01 -1.0669e+00 +1.0105e+00 +8.6645e-01 -1.1727e+00 +2.3049e+00 -1.2189e+00 -4.9678e-01 -2.0868e+00 +3.2722e+00
% function evaluation | noise-free fitness - Fopt (-1.846000000000e+01) | best noise-free fitness - Fopt | measured fitness | best measured fitness | x1 | x2...
1 +1.711556082e+02 +1.711556082e+02 +1.526956082e+02 +1.526956082e+02 +0.0000e+00 +0.0000e+00 +0.0000e+00 +0.0000e+00 +0.0000e+00 +0.0000e+00 +0.0000e+00 +0.0000e+00 +0.0000e+00 +0.0000e+00
2 +1.620260777e+02 +1.620260777e+02 +1.435660777e+02 +1.435660777e+02 +4.0514e-01 +9.0697e-02 -6.7215e-02 -4.0677e-01 -1.8702e-01 -9.8778e-02 -1.1953e-01 +1.1200e-01 +8.2129e-02 -1.1758e-01
12 +1.549317051e+02 +1.549317051e+02 +1.364717051e+02 +1.364717051e+02 +2.5326e-01 -1.4430e-02 +6.9083e-02 -5.2196e-01 +3.1931e-01 +2.8666e-01 -1.1469e-01 +2.0370e-01 +2.7755e-01 +2.7588e-01
22 +1.341581462e+02 +1.341581462e+02 +1.156981462e+02 +1.156981462e+02 +4.8194e-01 +2.1839e-01 +2.9001e-02 -5.6633e-01 +4.9469e-01 -1.5785e-01 -4.1668e-01 +7.5582e-02 +1.4183e-01 +3.0547e-01
36 +1.039843956e+02 +1.039843956e+02 +8.552439564e+01 +8.552439564e+01 +2.1259e-01 +1.3896e-01 +2.1871e-02 -1.0150e+00 +3.4459e-01 +5.5863e-02 -6.8418e-01 +3.2473e-01 +1.0568e-01 +7.8777e-01
107 +1.019082118e+02 +1.019082118e+02 +8.344821183e+01 +8.344821183e+01 +1.4035e+00 +5.9435e-01 +6.3755e-01 -1.0611e+00 -6.8971e-01 -1.6728e-01 -1.7549e+00 +6.4706e-01 -2.2260e-01 +1.0076e+00
111 +9.954537199e+01 +9.954537199e+01 +8.108537199e+01 +8.108537199e+01 +1.8954e+00 -9.3949e-02 +9.2143e-01 -1.2420e+00 -2.7926e-01 -5.1032e-01 -1.7475e+00 +1.3087e+00 -2.0221e-01 +1.4905e+00
155 +9.345224157e+01 +9.345224157e+01 +7.499224157e+01 +7.499224157e+01 +2.0068e+00 +1.0937e-01 +1.7062e+00 -2.1416e-01 +1.3923e+00 -2.8927e-01 -1.7338e+00 +5.2167e-01 -1.3876e-01 +8.0498e-01
162 +8.630474309e+01 +8.630474309e+01 +6.784474309e+01 +6.784474309e+01 +1.5341e+00 +2.1740e-01 +1.7910e+00 -3.1764e-01 +2.8715e-01 -5.5365e-02 -1.0921e+00 +8.4584e-01 -2.4794e-01 +1.4806e+00
233 +8.278005681e+01 +8.278005681e+01 +6.432005681e+01 +6.432005681e+01 +4.3726e-01 +8.3902e-01 +1.8151e+00 -3.5854e-01 +3.3079e-01 +9.4881e-01 -1.0515e+00 +9.6426e-01 -4.3295e-01 +1.4856e+00
254 +8.021562005e+01 +8.021562005e+01 +6.175562005e+01 +6.175562005e+01 +7.4509e-01 +7.2622e-01 +1.0426e+00 -3.8873e-01 +2.5584e-01 +1.4424e+00 -1.7947e+00 +1.2742e+00 -1.3807e-01 +2.1149e+00
353 +5.801888864e+01 +5.801888864e+01 +3.955888864e+01 +3.955888864e+01 -1.0878e+00 +1.6447e+00 +1.9205e+00 +9.0993e-01 +1.0005e+00 +9.2189e-01 -2.3236e+00 +7.8391e-01 -1.6273e-01 +1.7753e+00
486 +4.969882901e+01 +4.969882901e+01 +3.123882901e+01 +3.123882901e+01 -9.6855e-01 +1.5632e+00 +2.2758e+00 +3.7292e-01 +7.3672e-01 +3.5761e-01 -2.2339e+00 +1.1545e+00 -4.6921e-01 +1.4161e+00
523 +4.840102045e+01 +4.840102045e+01 +2.994102045e+01 +2.994102045e+01 -9.7948e-01 +1.6023e+00 +2.3981e+00 +3.9605e-01 +9.7593e-01 +2.3466e-01 -2.1149e+00 +1.1866e+00 -1.0367e-01 +1.7111e+00
666 +4.641062332e+01 +4.641062332e+01 +2.795062332e+01 +2.795062332e+01 -8.9953e-01 +1.6975e+00 +2.3764e+00 +5.2310e-01 +4.1874e-01 -1.9174e-01 -2.1334e+00 +1.2481e+00 -1.2676e-01 +2.1543e+00
705 +4.412818705e+01 +4.412818705e+01 +2.566818705e+01 +2.566818705e+01 -8.5218e-01 +1.6558e+00 +2.3102e+00 +5.2480e-01 +2.2917e-01 -1.7834e-01 -2.2655e+00 +1.1278e+00 -2.0772e-01 +2.0959e+00
759 +4.203474343e+01 +4.203474343e+01 +2.357474343e+01 +2.357474343e+01 -8.6040e-01 +1.8566e+00 +2.3880e+00 +8.7649e-01 +1.6056e-01 -2.6275e-03 -2.2093e+00 +1.1708e+00 -2.1693e-01 +2.1292e+00
770 +3.886865779e+01 +3.886865779e+01 +2.040865779e+01 +2.040865779e+01 -8.9573e-01 +1.7521e+00 +2.4101e+00 +9.1741e-01 +2.0223e-01 +7.7106e-03 -2.2837e+00 +1.1655e+00 -1.5262e-01 +2.0427e+00
814 +3.725006612e+01 +3.725006612e+01 +1.879006612e+01 +1.879006612e+01 -9.4907e-01 +1.7983e+00 +2.4584e+00 +9.6179e-01 +3.0033e-01 +1.7844e-02 -2.1697e+00 +1.1751e+00 -1.2456e-01 +2.1799e+00
816 +3.604444195e+01 +3.604444195e+01 +1.758444195e+01 +1.758444195e+01 -9.3495e-01 +1.7616e+00 +2.4485e+00 +9.6583e-01 +2.7787e-01 +1.9188e-02 -2.2247e+00 +1.2292e+00 -1.5291e-01 +2.1255e+00
826 +3.442111117e+01 +3.442111117e+01 +1.596111117e+01 +1.596111117e+01 -8.1874e-01 +1.7320e+00 +2.4670e+00 +8.9711e-01 +3.4166e-01 -2.5561e-02 -2.1511e+00 +1.2338e+00 -1.4604e-01 +2.0680e+00
855 +3.311915002e+01 +3.311915002e+01 +1.465915002e+01 +1.465915002e+01 -9.4082e-01 +1.7595e+00 +2.4716e+00 +8.9616e-01 +2.9535e-01 -1.1103e-01 -2.2248e+00 +1.1924e+00 -2.2913e-01 +2.0810e+00
865 +3.000661968e+01 +3.000661968e+01 +1.154661968e+01 +1.154661968e+01 -9.8201e-01 +1.7238e+00 +2.4256e+00 +9.9375e-01 +2.8149e-01 -1.1150e-01 -2.1792e+00 +1.2121e+00 -1.7448e-01 +2.1280e+00
871 +2.409348115e+01 +2.409348115e+01 +5.633481145e+00 +5.633481145e+00 -8.9888e-01 +1.6767e+00 +2.4032e+00 +9.3580e-01 +3.5435e-01 -5.9054e-02 -2.1598e+00 +1.1815e+00 -1.2535e-01 +2.1499e+00
956 +2.219489053e+01 +2.219489053e+01 +3.734890528e+00 +3.734890528e+00 -9.5290e-01 +1.7183e+00 +2.4149e+00 +9.3272e-01 +2.9248e-01 -6.6746e-02 -2.1900e+00 +1.1759e+00 -8.1852e-02 +2.1048e+00
964 +2.179627682e+01 +2.179627682e+01 +3.336276824e+00 +3.336276824e+00 -9.3764e-01 +1.6872e+00 +2.4094e+00 +9.2164e-01 +2.3450e-01 -7.2215e-02 -2.1656e+00 +1.1690e+00 -8.7877e-02 +2.0932e+00
971 +2.123680091e+01 +2.123680091e+01 +2.776800912e+00 +2.776800912e+00 -8.4834e-01 +1.6989e+00 +2.3825e+00 +9.0954e-01 +2.4265e-01 -6.5838e-02 -2.1759e+00 +1.1578e+00 -8.9825e-02 +2.1301e+00
987 +2.080256756e+01 +2.080256756e+01 +2.342567557e+00 +2.342567557e+00 -8.8572e-01 +1.6582e+00 +2.3741e+00 +9.3119e-01 +2.4656e-01 -7.9286e-02 -2.1913e+00 +1.1891e+00 -1.0160e-01 +2.1042e+00
999 +2.011846411e+01 +2.011846411e+01 +1.658464109e+00 +1.658464109e+00 -8.6273e-01 +1.6489e+00 +2.3582e+00 +9.5096e-01 +2.6861e-01 -9.7080e-02 -2.1927e+00 +1.1646e+00 -9.9308e-02 +2.0986e+00
1017 +1.954937320e+01 +1.954937320e+01 +1.089373197e+00 +1.089373197e+00 -8.8330e-01 +1.6724e+00 +2.3661e+00 +9.2622e-01 +2.5515e-01 -7.8504e-02 -2.1848e+00 +1.1682e+00 -9.0561e-02 +2.1054e+00
1103 +1.933788294e+01 +1.933788294e+01 +8.778829390e-01 +8.778829390e-01 -8.9762e-01 +1.6698e+00 +2.3660e+00 +9.1859e-01 +2.6685e-01 -8.0535e-02 -2.1617e+00 +1.1616e+00 -8.2757e-02 +2.1190e+00
1186 +1.901999480e+01 +1.901999480e+01 +5.599947954e-01 +5.599947954e-01 -8.7548e-01 +1.6625e+00 +2.3636e+00 +9.2306e-01 +2.8392e-01 -9.5039e-02 -2.1664e+00 +1.1697e+00 -7.6548e-02 +2.1096e+00
% function evaluation | noise-free fitness - Fopt (-6.046000000000e+01) | best noise-free fitness - Fopt | measured fitness | best measured fitness | x1 | x2...
1 +5.339914732e+02 +5.339914732e+02 +4.735314732e+02 +4.735314732e+02 +0.0000e+00 +0.0000e+00 +0.0000e+00 +0.0000e+00 +0.0000e+00 +0.0000e+00 +0.0000e+00 +0.0000e+00 +0.0000e+00 +0.0000e+00
2 +5.006669658e+02 +5.006669658e+02 +4.402069658e+02 +4.402069658e+02 +2.1717e-01 +2.7416e-01 +7.3157e-02 +1.2354e-01 -2.7451e-01 -3.2050e-01 +7.3707e-02 -7.8686e-02 -1.2499e-01 -1.2958e-01
10 +4.789042576e+02 +4.789042576e+02 +4.184442576e+02 +4.184442576e+02 +3.5823e-01 +3.4418e-02 -6.7045e-02 +8.3571e-01 -1.5375e-01 -4.4945e-01 +9.2003e-02 -2.0876e-01 +1.1453e-01 +1.1481e-02
14 +4.551569865e+02 +4.551569865e+02 +3.946969865e+02 +3.946969865e+02 +4.0509e-01 +1.2506e-01 -6.6944e-02 +7.5372e-02 -1.7806e-01 -4.8860e-01 -6.4018e-02 -1.7594e-01 +1.2892e-01 -3.6182e-02
20 +4.020986348e+02 +4.020986348e+02 +3.416386348e+02 +3.416386348e+02 +4.7660e-01 +3.6952e-01 -2.3393e-01 -3.9025e-02 -2.5005e-02 -9.4276e-01 +8.1494e-03 +1.6717e-01 +6.1074e-01 +4.4610e-01
42 +3.905036956e+02 +3.905036956e+02 +3.300436956e+02 +3.300436956e+02 +2.9593e-01 +1.1420e-01 +4.3764e-01 +6.3963e-01 -3.7929e-01 -8.3630e-01 -7.4877e-01 -3.1296e-01 +3.1426e-02 +5.5021e-01
52 +3.886748377e+02 +3.886748377e+02 +3.282148377e+02 +3.282148377e+02 -1.4775e-01 -1.3405e-02 -2.3062e-01 +3.3143e-01 -6.7290e-01 -5.2172e-01 -7.0599e-01 -5.8937e-01 -1.0406e-01 +5.1752e-01
57 +3.725212517e+02 +3.725212517e+02 +3.120612517e+02 +3.120612517e+02 +1.6156e-01 +1.4843e-01 -3.4450e-01 +2.1405e-01 +8.8389e-03 -5.6853e-01 -9.2952e-01 -5.0809e-01 +5.8316e-01 +9.4870e-01
59 +3.649265698e+02 +3.649265698e+02 +3.044665698e+02 +3.044665698e+02 +3.2899e-01 +2.6840e-01 -2.3795e-01 +8.0431e-01 -2.7118e-01 -4.4535e-01 -1.2907e+00 -5.1091e-01 +3.2153e-01 +7.0605e-01
61 +3.357371359e+02 +3.357371359e+02 +2.752771359e+02 +2.752771359e+02 -5.4606e-02 +2.0864e-01 +3.3258e-02 -6.9329e-02 -2.4547e-01 -9.9077e-01 -4.9960e-01 -6.8094e-01 +9.8661e-02 +9.6659e-01
66 +3.152448918e+02 +3.152448918e+02 +2.547848918e+02 +2.547848918e+02 -3.4573e-01 +4.6473e-01 +2.6139e-02 -3.1399e-01 -8.1725e-01 -4.9904e-01 -7.6197e-01 -6.0662e-01 +5.3088e-01 +1.1275e+00
77 +3.004462639e+02 +3.004462639e+02 +2.399862639e+02 +2.399862639e+02 -1.1610e-01 +2.7390e-01 -9.8984e-02 -3.9664e-01 -9.9340e-01 -1.3456e+00 -9.0767e-01 -6.7553e-01 +2.9540e-01 +7.3409e-01
78 +2.892536953e+02 +2.892536953e+02 +2.287936953e+02 +2.287936953e+02 -3.9243e-02 -2.3642e-01 +8.0687e-02 -5.0230e-02 -9.4818e-01 -7.1049e-01 -1.1554e+00 -6.7369e-01 +4.7455e-01 +1.2903e+00
80 +2.877929483e+02 +2.877929483e+02 +2.273329483e+02 +2.273329483e+02 -1.2318e-01 +5.3592e-01 -2.5217e-02 -8.6961e-03 -5.2035e-01 -5.6834e-01 -1.1524e+00 -6.6271e-01 +8.2714e-01 +1.2625e+00
87 +2.385231909e+02 +2.385231909e+02 +1.780631909e+02 +1.780631909e+02 -1.0983e-01 -2.1909e-02 +1.4519e-01 -6.5893e-01 -8.4467e-01 -2.9637e-01 -1.4948e+00 -7.1581e-01 +7.7825e-01 +1.6807e+00
88 +2.176578708e+02 +2.176578708e+02 +1.571978708e+02 +1.571978708e+02 +4.6862e-01 +2.0459e-01 -1.6038e-01 +4.8093e-01 -1.1926e+00 -5.7744e-01 -1.1728e+00 -7.2834e-01 +1.0274e+00 +1.6378e+00
104 +2.035759918e+02 +2.035759918e+02 +1.431159918e+02 +1.431159918e+02 +4.8897e-01 +4.9282e-01 +2.8191e-01 +3.7456e-01 -1.4190e+00 +1.9054e-01 -1.6179e+00 -9.9031e-01 +1.2059e+00 +1.9315e+00
106 +1.624806944e+02 +1.624806944e+02 +1.020206944e+02 +1.020206944e+02 -1.6060e-02 +2.7128e-01 -1.1283e-01 +7.1501e-01 -1.5686e+00 -2.5117e-01 -1.1644e+00 -9.7169e-01 +1.3196e+00 +2.3376e+00
112 +1.559695247e+02 +1.559695247e+02 +9.550952468e+01 +9.550952468e+01 -5.8986e-02 +4.0683e-01 -1.7656e-01 +5.5596e-01 -1.8656e+00 -2.9413e-01 -6.9337e-01 -5.4976e-01 +1.3394e+00 +2.5433e+00
135 +1.366904795e+02 +1.366904795e+02 +7.623047950e+01 +7.623047950e+01 +4.4179e-03 +9.4556e-01 -9.0841e-02 +3.6247e-01 -2.1396e+00 -1.9826e-03 -8.7112e-01 -1.1224e+00 +2.0794e+00 +4.2739e+00
150 +1.322861961e+02 +1.322861961e+02 +7.182619606e+01 +7.182619606e+01 -1.4948e-01 +5.4814e-01 -7.0513e-02 +5.2465e-01 -2.2487e+00 -4.1573e-01 -1.5286e+00 -9.4247e-01 +2.1255e+00 +4.1138e+00
151 +9.973319497e+01 +9.973319497e+01 +3.927319497e+01 +3.927319497e+01 +6.9660e-01 +7.9629e-01 -1.3768e-01 +1.3356e+00 -2.9955e+00 -2.9541e-01 -1.6561e+00 -9.3753e-01 +2.7290e+00 +3.6548e+00
243 +9.383115695e+01 +9.383115695e+01 +3.337115695e+01 +3.337115695e+01 -5.8817e-01 +4.0569e-01 +6.8814e-01 +8.4443e-01 -3.3377e+00 -5.5115e-01 -7.4570e-01 -2.6897e+00 +2.0202e+00 +4.2718e+00
300 +8.719812162e+01 +8.719812162e+01 +2.673812162e+01 +2.673812162e+01 -1.2588e+00 +3.8344e-01 +3.8960e-01 +1.3150e+00 -3.8644e+00 -4.2276e-01 -9.7384e-01 -3.1268e+00 +2.3410e+00 +4.3621e+00
344 +8.586741829e+01 +8.586741829e+01 +2.540741829e+01 +2.540741829e+01 -8.0477e-01 -4.3385e-01 +7.8427e-01 +2.1798e+00 -3.9073e+00 -4.1989e-01 -2.6186e+00 -3.5096e+00 +2.0791e+00 +3.9403e+00
377 +8.144546993e+01 +8.144546993e+01 +2.098546993e+01 +2.098546993e+01 -1.2168e+00 -4.4786e-01 +7.3595e-01 +1.7913e+00 -4.4548e+00 -8.1535e-01 -2.1449e+00 -3.4700e+00 +2.7768e+00 +3.3362e+00
480 +7.634344124e+01 +7.634344124e+01 +1.588344124e+01 +1.588344124e+01 -1.2616e+00 -4.6084e-01 +8.1131e-01 +1.9846e+00 -4.4496e+00 -8.2329e-01 -1.6901e+00 -2.6544e+00 +2.9919e+00 +4.3024e+00
553 +7.391332526e+01 +7.391332526e+01 +1.345332526e+01 +1.345332526e+01 -1.2123e+00 -5.5095e-01 +4.8477e-01 +2.0348e+00 -4.6035e+00 -8.6254e-01 -1.5623e+00 -3.0870e+00 +2.4752e+00 +3.2291e+00
565 +7.031788317e+01 +7.031788317e+01 +9.857883172e+00 +9.857883172e+00 -1.2634e+00 -5.7787e-01 +5.4417e-01 +2.0638e+00 -4.5681e+00 -7.6069e-01 -1.6519e+00 -2.9526e+00 +2.7257e+00 +3.1872e+00
582 +6.492223184e+01 +6.492223184e+01 +4.462231839e+00 +4.462231839e+00 -1.3564e+00 -6.3034e-01 +5.6994e-01 +2.1080e+00 -4.6820e+00 -8.7418e-01 -1.5623e+00 -3.0349e+00 +2.7419e+00 +3.2809e+00
602 +6.144705710e+01 +6.144705710e+01 +9.870571010e-01 +9.870571010e-01 -1.2701e+00 -5.2707e-01 +6.2832e-01 +2.1038e+00 -4.4484e+00 -8.8533e-01 -1.5877e+00 -3.0677e+00 +2.6893e+00 +3.2049e+00
650 +4.912870486e+01 +4.912870486e+01 -1.133129514e+01 -1.133129514e+01 -1.3202e+00 -4.9800e-01 +5.9261e-01 +1.9982e+00 -4.5370e+00 -8.4874e-01 -1.5828e+00 -2.9984e+00 +2.7352e+00 +3.1999e+00
711 +4.861755418e+01 +4.861755418e+01 -1.184244582e+01 -1.184244582e+01 -1.3020e+00 -5.0614e-01 +6.6868e-01 +2.0037e+00 -4.5263e+00 -9.1031e-01 -1.5706e+00 -3.0036e+00 +2.7812e+00 +3.2525e+00
732 +4.784684670e+01 +4.784684670e+01 -1.261315330e+01 -1.261315330e+01 -1.2858e+00 -4.9062e-01 +6.2273e-01 +2.0639e+00 -4.5266e+00 -9.0476e-01 -1.6033e+00 -2.9953e+00 +2.7883e+00 +3.2624e+00
734 +4.565875609e+01 +4.565875609e+01 -1.480124391e+01 -1.480124391e+01 -1.3320e+00 -4.8311e-01 +5.7440e-01 +2.0513e+00 -4.5691e+00 -9.1558e-01 -1.5964e+00 -2.9975e+00 +2.7978e+00 +3.2475e+00
892 +4.439097151e+01 +4.439097151e+01 -1.606902849e+01 -1.606902849e+01 -1.3657e+00 -4.7910e-01 +6.2123e-01 +2.0219e+00 -4.5800e+00 -9.0220e-01 -1.5894e+00 -3.0007e+00 +2.7854e+00 +3.2408e+00
% function evaluation | noise-free fitness - Fopt (3.173300000000e+02) | best noise-free fitness - Fopt | measured fitness | best measured fitness | x1 | x2...
1 +6.842873725e+02 +6.842873725e+02 +1.001617373e+03 +1.001617373e+03 +0.0000e+00 +0.0000e+00 +0.0000e+00 +0.0000e+00 +0.0000e+00 +0.0000e+00 +0.0000e+00 +0.0000e+00 +0.0000e+00 +0.0000e+00
4 +6.695631790e+02 +6.695631790e+02 +9.868931790e+02 +9.868931790e+02 +1.0766e-01 -1.6735e-01 +3.1485e-01 +1.0962e-01 +3.0607e-01 +1.2304e-01 -1.6171e-01 +3.8454e-01 -1.9625e-01 +2.0370e-01
10 +6.368683855e+02 +6.368683855e+02 +9.541983855e+02 +9.541983855e+02 -3.8315e-01 +6.8849e-02 -1.5015e-01 -3.5675e-01 -2.1768e-02 +3.2225e-02 -3.4263e-01 +2.7706e-01 -2.7210e-01 +2.8257e-01
12 +6.183731637e+02 +6.183731637e+02 +9.357031637e+02 +9.357031637e+02 +2.9771e-01 -1.0652e-01 -2.6041e-01 -1.3254e-01 -2.7402e-01 +1.1148e-01 -7.0655e-01 +4.5335e-01 -2.7985e-01 +3.9103e-01
24 +4.895933087e+02 +4.895933087e+02 +8.069233087e+02 +8.069233087e+02 -7.5653e-02 -8.4244e-02 -1.9399e-01 -1.7322e-01 -3.2843e-01 +4.9299e-02 -8.6208e-01 +5.8796e-01 -8.4516e-01 +4.5965e-02
28 +4.737065898e+02 +4.737065898e+02 +7.910365898e+02 +7.910365898e+02 +9.9738e-02 +6.4943e-02 -1.5498e-01 +3.5024e-01 -1.2689e-01 -1.0387e-01 -8.2324e-01 +2.9668e-01 -4.2101e-01 -2.8943e-01
42 +4.340009800e+02 +4.340009800e+02 +7.513309800e+02 +7.513309800e+02 +3.4994e-01 -2.9944e-01 +1.3905e-01 +2.5649e-01 -3.4573e-01 -2.1258e-01 -1.0698e+00 +3.7326e-01 -9.9416e-01 -6.3341e-01
48 +3.617705011e+02 +3.617705011e+02 +6.791005011e+02 +6.791005011e+02 +1.8757e-01 +1.8317e-01 +2.6942e-01 +8.8701e-02 +1.6973e-01 -4.6775e-01 -1.8094e+00 +5.5098e-01 -8.5543e-01 -6.8520e-01
54 +3.118312945e+02 +3.118312945e+02 +6.291612945e+02 +6.291612945e+02 +1.4662e-01 -5.2156e-01 +3.7091e-01 +6.5988e-01 -1.1217e-01 +1.1488e-02 -8.5996e-01 +7.7007e-01 -1.7816e+00 -9.9054e-01
55 +2.872036367e+02 +2.872036367e+02 +6.045336367e+02 +6.045336367e+02 -1.2091e-01 -2.3706e-01 +8.8428e-02 +6.6199e-01 -2.5467e-01 -4.8451e-02 -1.3272e+00 +3.0412e-01 -1.8256e+00 -8.0854e-01
65 +2.410336223e+02 +2.410336223e+02 +5.583636223e+02 +5.583636223e+02 +2.9379e-01 +7.7284e-01 -1.7319e-01 +4.3414e-01 -6.5344e-01 -7.4417e-02 -1.9019e+00 +1.0061e+00 -2.5543e+00 -8.5066e-01
66 +2.265564829e+02 +2.265564829e+02 +5.438864829e+02 +5.438864829e+02 +2.1563e-01 -9.6646e-02 +4.6401e-01 +3.7448e-01 +3.7243e-01 +6.7637e-02 -1.9887e+00 +1.1014e+00 -2.6266e+00 -1.4432e+00
76 +2.148449315e+02 +2.148449315e+02 +5.321749315e+02 +5.321749315e+02 -1.7292e-01 -2.4289e-01 +4.2341e-01 -2.3334e-01 +4.3083e-01 -2.0786e-01 -3.4056e+00 +1.4457e+00 -3.4264e+00 -1.0964e+00
80 +1.836339197e+02 +1.836339197e+02 +5.009639197e+02 +5.009639197e+02 -9.8072e-01 +3.0337e-01 +2.4849e-03 +5.9873e-02 +3.2559e-01 -2.6793e-01 -3.7875e+00 +1.0848e+00 -3.1162e+00 -9.7004e-01
95 +1.560807823e+02 +1.560807823e+02 +4.734107823e+02 +4.734107823e+02 -4.4914e-01 -9.5197e-01 +6.4297e-01 +5.8424e-01 -5.4393e-01 -4.5395e-01 -4.5080e+00 +1.0409e+00 -2.7018e+00 -1.4497e+00
116 +1.336512822e+02 +1.336512822e+02 +4.509812822e+02 +4.509812822e+02 -1.5477e+00 -1.0875e+00 +1.2154e+00 +1.1280e+00 -6.8317e-01 -9.1324e-01 -3.6744e+00 +1.0366e+00 -5.0473e+00 -1.9578e+00
154 +1.252823785e+02 +1.252823785e+02 +4.426123785e+02 +4.426123785e+02 -7.8428e-01 -1.0847e+00 +5.7303e-01 +8.5137e-01 +2.6106e-01 -1.2333e+00 -4.6629e+00 +1.6362e+00 -4.7595e+00 -2.6548e+00
223 +1.209288508e+02 +1.209288508e+02 +4.382588508e+02 +4.382588508e+02 -4.1388e-01 -1.6932e+00 +1.9542e+00 +4.2150e-02 +1.1698e+00 -1.7548e+00 -4.7788e+00 +2.0486e+00 -3.8563e+00 -1.8656e+00
227 +1.057041372e+02 +1.057041372e+02 +4.230341372e+02 +4.230341372e+02 -5.0124e-01 -1.4112e+00 +2.1585e+00 -1.2112e-01 +1.8889e+00 -2.3359e+00 -4.1857e+00 +2.2997e+00 -4.2420e+00 -2.8328e+00
234 +7.340086139e+01 +7.340086139e+01 +3.907308614e+02 +3.907308614e+02 -4.6207e-01 -9.7341e-01 +2.4018e+00 +1.3272e+00 +1.5529e+00 -2.1556e+00 -4.2157e+00 +2.4640e+00 -2.8697e+00 -3.2561e+00
611 +5.134562612e+01 +5.134562612e+01 +3.686756261e+02 +3.686756261e+02 +4.8312e-01 -3.2732e+00 +1.5126e+00 +2.6380e+00 +1.0186e+00 -4.0740e-01 -2.5151e+00 +3.2327e+00 -3.7872e+00 -1.8702e+00
695 +4.082751249e+01 +4.082751249e+01 +3.581575125e+02 +3.581575125e+02 +4.8158e-01 -3.2727e+00 +1.3514e+00 +2.5369e+00 +1.0195e+00 -2.2769e-01 -2.7833e+00 +3.2358e+00 -4.4733e+00 -1.8931e+00
866 +4.000586657e+01 +4.000586657e+01 +3.573358666e+02 +3.573358666e+02 +5.2115e-01 -3.3081e+00 +1.4311e+00 +2.5736e+00 +9.8762e-01 -2.0256e-01 -2.5396e+00 +3.2374e+00 -4.4653e+00 -1.8981e+00
885 +3.899180034e+01 +3.899180034e+01 +3.563218003e+02 +3.563218003e+02 +5.2787e-01 -3.3449e+00 +1.4502e+00 +2.5663e+00 +9.6859e-01 -1.4322e-01 -2.5358e+00 +3.1968e+00 -4.4961e+00 -1.8696e+00
911 +3.885548012e+01 +3.885548012e+01 +3.561854801e+02 +3.561854801e+02 +5.3059e-01 -3.3455e+00 +1.4178e+00 +2.5715e+00 +9.5961e-01 -1.8096e-01 -2.5153e+00 +3.1973e+00 -4.4801e+00 -1.8779e+00
952 +3.799675867e+01 +3.799675867e+01 +3.553267587e+02 +3.553267587e+02 +5.0201e-01 -3.3387e+00 +1.4358e+00 +2.5775e+00 +9.8383e-01 -1.6768e-01 -2.5443e+00 +3.1947e+00 -4.4826e+00 -1.8885e+00
1005 +3.714798724e+01 +3.714798724e+01 +3.544779872e+02 +3.544779872e+02 +5.2054e-01 -3.3398e+00 +1.4586e+00 +2.5903e+00 +9.6805e-01 -1.7051e-01 -2.5469e+00 +3.2001e+00 -4.4851e+00 -1.9063e+00
% function evaluation | noise-free fitness - Fopt (3.384000000000e+02) | best noise-free fitness - Fopt | measured fitness | best measured fitness | x1 | x2...
1 +3.020339375e+02 +3.020339375e+02 +6.404339375e+02 +6.404339375e+02 +0.0000e+00 +0.0000e+00 +0.0000e+00 +0.0000e+00 +0.0000e+00 +0.0000e+00 +0.0000e+00 +0.0000e+00 +0.0000e+00 +0.0000e+00
3 +2.904866710e+02 +2.904866710e+02 +6.288866710e+02 +6.288866710e+02 -1.8901e-01 +6.3531e-02 +6.9858e-03 -1.0756e-01 -2.2586e-01 +7.5477e-02 +3.0766e-01 +1.3943e-01 -3.0903e-02 -1.1512e-01
22 +2.871782050e+02 +2.871782050e+02 +6.255782050e+02 +6.255782050e+02 -3.2702e-01 +2.1587e-01 +1.1522e-01 +4.3198e-01 +6.9253e-03 +1.7493e-01 -1.8863e-01 +7.0065e-02 +1.2958e-01 -3.2620e-02
26 +2.560693582e+02 +2.560693582e+02 +5.944693582e+02 +5.944693582e+02 -3.3399e-01 +4.5290e-01 -3.9074e-01 +5.8587e-01 +7.3411e-02 +5.5335e-02 -1.0013e-01 +1.0695e-01 +2.8140e-02 -2.1470e-01
57 +2.377894736e+02 +2.377894736e+02 +5.761894736e+02 +5.761894736e+02 -2.7922e-01 -1.6781e-02 -4.6064e-01 +5.9572e-01 +1.1047e-01 -9.7675e-02 -1.3546e-01 -2.6536e-02 +2.2264e-01 -2.6793e-01
58 +2.322838998e+02 +2.322838998e+02 +5.706838998e+02 +5.706838998e+02 -5.2046e-01 +2.0715e-01 -1.5002e-01 +4.6338e-01 +1.5977e-01 -3.3286e-01 -7.4815e-02 +1.6786e-01 +2.3067e-01 -3.4122e-01
83 +2.290494040e+02 +2.290494040e+02 +5.674494040e+02 +5.674494040e+02 -3.7917e-01 +2.0486e-01 -4.6978e-02 +3.5135e-01 -9.0509e-02 -3.5183e-01 +2.1092e-01 +7.4408e-02 +5.3993e-02 -5.1494e-01
84 +2.185331582e+02 +2.185331582e+02 +5.569331582e+02 +5.569331582e+02 -3.5550e-01 +2.8855e-01 +1.4812e-02 +5.0372e-01 +1.5719e-01 -6.6959e-01 -9.0289e-02 +2.9443e-02 +2.7451e-01 -2.6845e-01
95 +2.053502178e+02 +2.053502178e+02 +5.437502178e+02 +5.437502178e+02 -6.4104e-01 +2.3043e-01 -6.4914e-02 +4.2866e-01 +1.1975e-01 -9.7510e-01 -1.5252e-01 +1.1690e-01 +5.3705e-02 -6.0481e-01
158 +2.023020252e+02 +2.023020252e+02 +5.407020252e+02 +5.407020252e+02 -6.9025e-01 +8.4776e-02 -4.1531e-02 +3.5169e-01 +9.8811e-02 -8.0243e-01 -2.8534e-02 +1.6202e-01 -7.7778e-02 -3.2613e-01
182 +1.911045165e+02 +1.911045165e+02 +5.295045165e+02 +5.295045165e+02 -5.9949e-01 +7.2734e-02 +2.0289e-02 +2.7864e-01 +9.9751e-02 -7.9295e-01 -1.2976e-01 +1.1579e-01 -4.2361e-02 -3.9077e-01
228 +1.895719139e+02 +1.895719139e+02 +5.279719139e+02 +5.279719139e+02 -6.6695e-01 +9.5531e-02 -2.4151e-02 +4.5327e-01 +1.2393e-01 -8.0835e-01 -4.1837e-02 +1.5406e-01 +3.9002e-02 -4.5265e-01
243 +1.860938108e+02 +1.860938108e+02 +5.244938108e+02 +5.244938108e+02 -9.4140e-01 +5.6129e-02 -3.6111e-02 +4.4695e-01 +8.6511e-02 -8.1513e-01 -5.9025e-02 +4.6845e-02 -1.5951e-02 -4.4916e-01
256 +1.778228448e+02 +1.778228448e+02 +5.162228448e+02 +5.162228448e+02 -6.9085e-01 +1.6054e-01 +1.6908e-02 +5.0655e-01 +5.8005e-02 -7.3739e-01 -7.0079e-02 +6.2661e-02 +1.2287e-02 -4.1077e-01
313 +1.708643646e+02 +1.708643646e+02 +5.092643646e+02 +5.092643646e+02 -9.6454e-01 +1.6521e-01 -3.2912e-02 +3.8982e-01 +6.4556e-02 -8.1958e-01 -1.0187e-01 +9.9304e-02 -1.4796e-02 -3.9403e-01
328 +1.685849641e+02 +1.685849641e+02 +5.069849641e+02 +5.069849641e+02 -9.5702e-01 +1.5113e-01 -9.6600e-03 +3.4564e-01 +1.2779e-01 -7.4496e-01 -6.7439e-02 +7.6988e-02 -3.3971e-02 -3.8503e-01
331 +1.595286330e+02 +1.595286330e+02 +4.979286330e+02 +4.979286330e+02 -9.5255e-01 +2.3659e-01 -4.4736e-02 +3.0787e-01 +1.3004e-01 -7.7767e-01 -7.8533e-02 +1.0034e-01 +1.2968e-02 -4.1099e-01
347 +1.554297262e+02 +1.554297262e+02 +4.938297262e+02 +4.938297262e+02 -1.0218e+00 +2.2708e-01 -3.5409e-04 +3.1946e-01 +1.2664e-01 -7.4768e-01 -1.2847e-01 +8.2689e-02 +8.4030e-03 -3.5343e-01
349 +1.471361885e+02 +1.471361885e+02 +4.855361885e+02 +4.855361885e+02 -1.1139e+00 +2.1028e-01 -3.4246e-02 +3.2616e-01 +1.5905e-01 -7.0327e-01 -8.1016e-02 +1.0215e-01 +1.1552e-02 -3.6308e-01
521 +1.434029536e+02 +1.434029536e+02 +4.818029536e+02 +4.818029536e+02 -1.1292e+00 +2.7945e-01 -1.1400e-02 +3.1816e-01 +9.5403e-02 -7.2921e-01 -8.6600e-02 +8.5254e-02 +3.2057e-02 -4.1837e-01
647 +1.409345762e+02 +1.409345762e+02 +4.793345762e+02 +4.793345762e+02 -1.1361e+00 +2.4279e-01 -1.1598e-02 +3.3953e-01 +9.6126e-02 -7.3731e-01 -8.0013e-02 +1.0534e-01 +2.6844e-02 -3.6138e-01
% function evaluation | noise-free fitness - Fopt (-4.940000000000e+01) | best noise-free fitness - Fopt | measured fitness | best measured fitness | x1 | x2...
1 +3.991304702e+02 +3.991304702e+02 +3.497304702e+02 +3.497304702e+02 +0.0000e+00 +0.0000e+00 +0.0000e+00 +0.0000e+00 +0.0000e+00 +0.0000e+00 +0.0000e+00 +0.0000e+00 +0.0000e+00 +0.0000e+00
2 +3.790910597e+02 +3.790910597e+02 +3.296910597e+02 +3.296910597e+02 +1.3682e-01 -1.5157e-01 +3.7350e-01 -3.4832e-01 +3.7285e-01 +5.1250e-01 +2.6001e-02 +1.6805e-01 +1.8103e-01 +1.6157e-01
6 +3.372439160e+02 +3.372439160e+02 +2.878439160e+02 +2.878439160e+02 -3.7899e-01 -3.1459e-01 -1.1222e-01 +3.1848e-02 +1.7845e-01 +1.3011e-01 -1.5658e-01 -3.2053e-01 +3.9008e-01 -5.7970e-04
17 +3.235579055e+02 +3.235579055e+02 +2.741579055e+02 +2.741579055e+02 -8.3637e-02 -5.5777e-01 -4.5081e-01 +1.1474e-03 +1.5558e-02 -2.7221e-01 -5.7584e-01 -2.0533e-01 +3.7466e-01 +1.0680e-01
24 +3.112176456e+02 +3.112176456e+02 +2.618176456e+02 +2.618176456e+02 -1.8810e-02 -7.3244e-01 -3.5251e-01 -3.3421e-01 +4.0776e-02 -2.1669e-01 -3.7605e-01 -4.1885e-01 +3.1450e-01 -1.9252e-02
27 +2.914940879e+02 +2.914940879e+02 +2.420940879e+02 +2.420940879e+02 +7.4012e-02 -4.2078e-01 -2.0652e-01 +1.5645e-02 +3.4759e-02 -3.7515e-01 -3.7519e-01 -6.7961e-01 +2.8969e-01 +2.4170e-01
32 +2.866527068e+02 +2.866527068e+02 +2.372527068e+02 +2.372527068e+02 -1.3096e-02 -6.5904e-01 -3.4207e-01 -2.2120e-01 +1.4423e-01 -2.8867e-01 -1.9165e-01 -8.3552e-01 +6.2689e-01 -1.1423e-01
37 +2.605335753e+02 +2.605335753e+02 +2.111335753e+02 +2.111335753e+02 -6.3817e-02 -4.5666e-01 -4.2194e-01 +2.7499e-01 +1.1808e-01 +1.0514e-01 -2.7419e-01 -8.3833e-01 +7.4781e-01 -1.0487e-02
83 +2.319283287e+02 +2.319283287e+02 +1.825283287e+02 +1.825283287e+02 +1.4884e-01 -7.0722e-01 -1.0873e-02 -3.7817e-01 -2.7008e-01 -9.7040e-01 -7.5367e-01 -1.7570e+00 +7.2289e-01 +1.0077e-01
93 +2.235884647e+02 +2.235884647e+02 +1.741884647e+02 +1.741884647e+02 +7.4265e-02 -1.2435e+00 +3.6996e-01 -4.4892e-01 -1.1442e-01 -6.1404e-01 -1.2481e+00 -2.0466e+00 +7.0291e-01 +2.0035e-01
121 +2.150725189e+02 +2.150725189e+02 +1.656725189e+02 +1.656725189e+02 +1.3245e-01 -1.1312e+00 +8.1181e-02 +3.6846e-01 -3.4486e-01 -6.6355e-01 -2.0804e+00 -1.9305e+00 +4.0658e-01 +1.4046e-01
123 +2.124862133e+02 +2.124862133e+02 +1.630862133e+02 +1.630862133e+02 +1.4762e-01 -9.7999e-01 +5.4808e-02 +8.0375e-01 +3.6725e-02 -9.7187e-01 -2.3159e+00 -2.5684e+00 +1.2373e+00 +8.0303e-02
130 +1.794394750e+02 +1.794394750e+02 +1.300394750e+02 +1.300394750e+02 +2.5255e-01 -1.3519e+00 -3.4335e-01 +2.5758e-01 -2.4817e-01 -7.3849e-01 -2.1223e+00 -2.5836e+00 +1.0409e+00 -6.1994e-01
152 +1.693475764e+02 +1.693475764e+02 +1.199475764e+02 +1.199475764e+02 +3.4205e-01 -6.5951e-01 -1.5614e-01 +9.0523e-01 -5.6613e-01 -6.9190e-01 -2.3989e+00 -1.6134e+00 +4.9964e-01 -1.3455e-01
170 +1.591936133e+02 +1.591936133e+02 +1.097936133e+02 +1.097936133e+02 -3.7292e-01 -3.6991e-01 +1.2727e-02 +7.6979e-01 -1.9147e-01 -6.1640e-01 -2.2016e+00 -2.0657e+00 +9.4785e-01 +1.4921e-01
174 +1.435555805e+02 +1.435555805e+02 +9.415558050e+01 +9.415558050e+01 +1.4596e-01 -4.7119e-01 -2.3619e-01 +8.8854e-01 -7.1197e-01 -4.5440e-01 -2.4646e+00 -2.3971e+00 +4.4236e-01 -1.3842e-01
181 +1.323134438e+02 +1.323134438e+02 +8.291344378e+01 +8.291344378e+01 -1.1419e-02 -2.3790e-01 -3.2766e-01 +7.3472e-01 -6.5040e-01 -3.0594e-01 -2.0715e+00 -2.4164e+00 +6.9397e-01 +3.2285e-03
213 +1.300326232e+02 +1.300326232e+02 +8.063262321e+01 +8.063262321e+01 -2.4799e-02 -5.8822e-01 -3.0582e-01 +7.6144e-01 -1.6481e+00 -9.0474e-01 -1.6318e+00 -1.9772e+00 +5.3923e-01 +1.3871e-01
222 +1.257259736e+02 +1.257259736e+02 +7.632597359e+01 +7.632597359e+01 -8.1840e-02 -4.1815e-01 -2.6289e-01 +7.3429e-01 -1.4622e+00 -7.5297e-01 -2.1005e+00 -2.7839e+00 +9.9622e-01 +1.2907e-01
263 +1.122921898e+02 +1.122921898e+02 +6.289218985e+01 +6.289218985e+01 +2.0674e-02 -3.5598e-01 -1.5493e-02 +2.9620e-01 -2.0154e+00 -3.1268e-01 -2.1965e+00 -2.6026e+00 +1.1506e+00 -1.2340e-01
305 +1.050102432e+02 +1.050102432e+02 +5.561024323e+01 +5.561024323e+01 +1.8561e-01 +3.3632e-01 -2.4447e-01 -3.8395e-01 -2.6243e+00 -2.3859e-01 -2.4465e+00 -2.7701e+00 +1.0151e+00 +3.6608e-03
450 +1.023227090e+02 +1.023227090e+02 +5.292270895e+01 +5.292270895e+01 +1.1106e-01 -6.9603e-01 +2.9244e-01 +2.2558e-01 -3.8093e+00 +5.8764e-01 -2.1291e+00 -2.0871e+00 +6.9328e-01 -1.0893e-01
462 +9.449791888e+01 +9.449791888e+01 +4.509791888e+01 +4.509791888e+01 +1.6188e-01 -2.8148e-01 +7.0093e-01 +8.0364e-02 -3.7796e+00 +4.9822e-01 -2.0951e+00 -1.6991e+00 +7.0088e-01 +1.4676e-01
497 +8.349092125e+01 +8.349092125e+01 +3.409092125e+01 +3.409092125e+01 +3.5631e-02 -2.2190e-01 +6.4888e-01 +7.6561e-01 -3.2070e+00 +2.3715e-01 -2.4437e+00 -2.4971e+00 +5.4498e-01 +1.1239e-01
640 +8.026534993e+01 +8.026534993e+01 +3.086534993e+01 +3.086534993e+01 -7.3499e-02 -4.4081e-01 +6.5375e-01 +9.4259e-01 -3.6563e+00 +5.1980e-01 -2.1657e+00 -2.4612e+00 +1.0474e+00 +3.3150e-01
647 +7.675186728e+01 +7.675186728e+01 +2.735186728e+01 +2.735186728e+01 -1.5831e-01 -5.3827e-01 +4.5127e-01 +7.7585e-01 -3.6184e+00 +5.4175e-01 -2.0912e+00 -2.4558e+00 +9.7016e-01 +2.3892e-01
692 +7.504649781e+01 +7.504649781e+01 +2.564649781e+01 +2.564649781e+01 -8.9444e-02 -4.1271e-01 +5.5613e-01 +8.0588e-01 -3.9005e+00 +6.6361e-01 -2.1769e+00 -2.4987e+00 +1.0069e+00 -3.8651e-02
704 +6.620794199e+01 +6.620794199e+01 +1.680794199e+01 +1.680794199e+01 -7.7631e-02 -4.7947e-01 +6.1471e-01 +8.4697e-01 -3.5733e+00 +6.1856e-01 -2.1371e+00 -2.4645e+00 +9.5745e-01 +2.0965e-01
725 +6.247756684e+01 +6.247756684e+01 +1.307756684e+01 +1.307756684e+01 -6.3034e-02 -4.9138e-01 +5.3504e-01 +7.1340e-01 -3.8286e+00 +5.9728e-01 -2.1026e+00 -2.5130e+00 +9.6446e-01 +1.1739e-01
806 +5.926225222e+01 +5.926225222e+01 +9.862252219e+00 +9.862252219e+00 -4.6432e-02 -3.7310e-01 +5.6886e-01 +8.1928e-01 -3.7405e+00 +6.3783e-01 -2.0220e+00 -2.4513e+00 +9.5824e-01 +2.2218e-01
829 +5.803351640e+01 +5.803351640e+01 +8.633516397e+00 +8.633516397e+00 -3.5503e-02 -2.8356e-01 +7.1912e-01 +8.6314e-01 -3.8098e+00 +7.2103e-01 -2.0760e+00 -2.4899e+00 +9.5763e-01 +1.4230e-01
845 +5.509221323e+01 +5.509221323e+01 +5.692213234e+00 +5.692213234e+00 -3.2551e-02 -2.4636e-01 +6.5831e-01 +8.9301e-01 -3.6983e+00 +7.2441e-01 -2.1067e+00 -2.5129e+00 +9.8214e-01 +1.6699e-01
855 +5.411044981e+01 +5.411044981e+01 +4.710449814e+00 +4.710449814e+00 +1.7438e-02 -2.8284e-01 +7.1992e-01 +8.2093e-01 -3.6145e+00 +6.4916e-01 -2.1101e+00 -2.4932e+00 +1.0266e+00 +1.8074e-01
860 +5.173027591e+01 +5.173027591e+01 +2.330275905e+00 +2.330275905e+00 +8.1015e-03 -2.7464e-01 +6.4314e-01 +7.7612e-01 -3.6745e+00 +6.8928e-01 -2.0799e+00 -2.4988e+00 +9.7774e-01 +2.0472e-01
896 +4.871923280e+01 +4.871923280e+01 -6.807671994e-01 -6.807671994e-01 +1.8707e-02 -3.2547e-01 +6.8527e-01 +8.3706e-01 -3.7475e+00 +5.6759e-01 -2.1468e+00 -2.4718e+00 +9.7405e-01 +1.2392e-01
898 +4.710419809e+01 +4.710419809e+01 -2.295801906e+00 -2.295801906e+00 -2.7813e-03 -1.7100e-01 +6.7468e-01 +7.8823e-01 -3.7039e+00 +5.6371e-01 -2.1629e+00 -2.4828e+00 +9.8130e-01 +1.5091e-01
912 +4.650129780e+01 +4.650129780e+01 -2.898702204e+00 -2.898702204e+00 -1.3197e-02 -2.3201e-01 +7.2844e-01 +7.4955e-01 -3.7336e+00 +6.6090e-01 -2.1913e+00 -2.4531e+00 +9.5892e-01 +1.3768e-01
922 +4.495050004e+01 +4.495050004e+01 -4.449499965e+00 -4.449499965e+00 -1.0482e-02 -2.9813e-01 +6.2543e-01 +7.8618e-01 -3.7751e+00 +6.7005e-01 -2.1345e+00 -2.4864e+00 +9.8539e-01 +1.9173e-01
940 +4.285140738e+01 +4.285140738e+01 -6.548592619e+00 -6.548592619e+00 +3.6051e-02 -3.0543e-01 +6.3601e-01 +7.5622e-01 -3.7657e+00 +6.5083e-01 -2.1808e+00 -2.4478e+00 +1.0037e+00 +1.8755e-01
954 +4.240682860e+01 +4.240682860e+01 -6.993171397e+00 -6.993171397e+00 +3.5900e-02 -2.8698e-01 +6.5143e-01 +7.6683e-01 -3.7434e+00 +6.4435e-01 -2.1452e+00 -2.4628e+00 +9.9106e-01 +1.8200e-01
965 +4.168229076e+01 +4.168229076e+01 -7.717709235e+00 -7.717709235e+00 +2.5570e-02 -2.8162e-01 +6.7788e-01 +7.2707e-01 -3.7528e+00 +6.4474e-01 -2.1629e+00 -2.5067e+00 +9.9072e-01 +1.7885e-01
1004 +4.060671408e+01 +4.060671408e+01 -8.793285919e+00 -8.793285919e+00 +2.0526e-02 -2.8483e-01 +6.5834e-01 +7.5360e-01 -3.7437e+00 +6.3508e-01 -2.1726e+00 -2.4897e+00 +9.8710e-01 +1.7499e-01
1468 +3.981013061e+01 +3.981013061e+01 -9.589869391e+00 -9.589869391e+00 -3.7749e-04 -3.0467e-01 +6.9261e-01 +7.4895e-01 -3.7421e+00 +6.3345e-01 -2.1763e+00 -2.4815e+00 +9.9572e-01 +1.6666e-01
% function evaluation | noise-free fitness - Fopt (-5.557000000000e+01) | best noise-free fitness - Fopt | measured fitness | best measured fitness | x1 | x2...
1 +2.587246455e+02 +2.587246455e+02 +2.031546455e+02 +2.031546455e+02 +0.0000e+00 +0.0000e+00 +0.0000e+00 +0.0000e+00 +0.0000e+00 +0.0000e+00 +0.0000e+00 +0.0000e+00 +0.0000e+00 +0.0000e+00
3 +2.271794929e+02 +2.271794929e+02 +1.716094929e+02 +1.716094929e+02 +1.6899e-01 +2.0125e-01 -2.4471e-01 +5.0416e-02 -7.1711e-03 +7.4265e-02 +1.0156e-01 -7.3379e-02 -2.2839e-01 +1.4199e-01
10 +2.158662738e+02 +2.158662738e+02 +1.602962738e+02 +1.602962738e+02 -3.4806e-03 +2.2853e-01 -3.2125e-01 -2.1821e-01 +1.3864e-02 +2.7231e-02 +1.0751e-01 -1.0218e-01 -4.0539e-01 +3.5992e-01
54 +1.991438289e+02 +1.991438289e+02 +1.435738289e+02 +1.435738289e+02 -3.3912e-01 -1.8241e-01 -2.5299e-01 +1.7445e-01 +4.5493e-02 +7.1003e-02 +4.2096e-01 -4.2722e-01 -3.7572e-01 +2.5762e-01
226 +1.922313463e+02 +1.922313463e+02 +1.366613463e+02 +1.366613463e+02 -9.8773e-01 -5.5043e-01 -3.4284e-01 +2.1915e-01 -8.8028e-02 -3.6253e-01 +7.2281e-02 +3.9333e-01 -7.1345e-01 +3.3082e-01
260 +1.874097715e+02 +1.874097715e+02 +1.318397715e+02 +1.318397715e+02 -9.6868e-01 -4.1474e-01 -2.6940e-01 +1.9352e-01 -8.2743e-03 -3.8650e-01 +1.3623e-01 +3.1214e-01 -7.7583e-01 +2.4157e-01
339 +1.804658772e+02 +1.804658772e+02 +1.248958772e+02 +1.248958772e+02 -9.7466e-01 -3.3931e-01 -1.9878e-01 +6.9792e-02 -2.1243e-02 -4.7028e-01 +1.1220e-01 +4.6064e-01 -7.1498e-01 +2.1498e-01
380 +1.766679449e+02 +1.766679449e+02 +1.210979449e+02 +1.210979449e+02 -1.0110e+00 -1.4303e-01 -3.1636e-01 +1.0994e-01 -5.1653e-03 -3.9511e-01 +7.5136e-02 +4.7992e-01 -6.9656e-01 +2.7372e-01
465 +1.707831021e+02 +1.707831021e+02 +1.152131021e+02 +1.152131021e+02 -9.0360e-01 -2.2251e-01 -3.1050e-01 +1.6609e-01 -1.8823e-02 -4.5578e-01 +8.3666e-02 +4.6572e-01 -7.3691e-01 +3.1736e-01
489 +1.696930006e+02 +1.696930006e+02 +1.141230006e+02 +1.141230006e+02 -8.7115e-01 -3.0592e-01 -3.2483e-01 +1.8231e-01 -8.2725e-03 -4.1579e-01 +9.5177e-02 +4.7004e-01 -7.5993e-01 +3.5169e-01
543 +1.659502490e+02 +1.659502490e+02 +1.103802490e+02 +1.103802490e+02 -8.3686e-01 -3.8553e-01 -3.1170e-01 +9.1733e-02 +1.4659e-02 -4.0339e-01 +1.0959e-01 +4.3076e-01 -7.6137e-01 +3.2131e-01
671 +1.620874744e+02 +1.620874744e+02 +1.065174744e+02 +1.065174744e+02 -9.0598e-01 -3.5817e-01 -3.2158e-01 +1.2440e-01 +2.1388e-03 -4.0580e-01 +1.0207e-01 +4.5400e-01 -7.4590e-01 +2.9683e-01
% function evaluation | noise-free fitness - Fopt (-1.412700000000e+02) | best noise-free fitness - Fopt | measured fitness | best measured fitness | x1 | x2...
1 +4.372821828e+02 +4.372821828e+02 +2.960121828e+02 +2.960121828e+02 +0.0000e+00 +0.0000e+00 +0.0000e+00 +0.0000e+00 +0.0000e+00 +0.0000e+00 +0.0000e+00 +0.0000e+00 +0.0000e+00 +0.0000e+00
2 +3.658034561e+02 +3.658034561e+02 +2.245334561e+02 +2.245334561e+02 -1.4731e-01 +1.1146e-01 -1.4917e-01 -5.4782e-02 +1.5235e-01 +2.8069e-01 +7.8710e-02 -2.2948e-01 -7.7360e-03 +5.5997e-02
18 +3.243555551e+02 +3.243555551e+02 +1.830855551e+02 +1.830855551e+02 +1.1730e-01 -2.1611e-01 -1.1333e-01 -2.8412e-01 -9.7848e-02 +2.2419e-01 -1.1122e-01 -6.1444e-01 +1.0200e-02 -2.5223e-01
33 +3.181721419e+02 +3.181721419e+02 +1.769021419e+02 +1.769021419e+02 -2.3945e-01 -1.6560e-01 -2.9470e-02 +3.7206e-01 -9.5527e-02 +2.9821e-01 +1.3936e-01 -6.8239e-01 -1.0702e-02 -2.4974e-01
42 +3.000598570e+02 +3.000598570e+02 +1.587898570e+02 +1.587898570e+02 -2.0013e-01 -6.9750e-01 -4.3353e-02 +5.8625e-02 -3.8934e-01 +2.2547e-01 +1.0790e-01 -9.3784e-01 +1.6988e-02 -2.5029e-01
51 +2.894720724e+02 +2.894720724e+02 +1.482020724e+02 +1.482020724e+02 -1.3146e-01 -7.3544e-01 +7.8518e-02 +9.3326e-02 -6.0483e-01 +5.9807e-01 +1.6440e-01 -5.5363e-01 +2.2813e-01 -7.9558e-01
58 +2.595248612e+02 +2.595248612e+02 +1.182548612e+02 +1.182548612e+02 -6.6351e-02 -9.2604e-01 -1.8408e-02 -7.8009e-02 -3.3813e-01 +2.9900e-01 +2.0170e-01 -5.4614e-01 +1.1072e-01 -1.0113e+00
59 +2.237973649e+02 +2.237973649e+02 +8.252736489e+01 +8.252736489e+01 -5.0444e-01 -5.5170e-01 +4.0997e-01 -1.8578e-02 -5.6964e-01 +6.9534e-01 -1.0540e-01 -1.0030e+00 +2.2381e-01 -9.7718e-01
68 +2.157077399e+02 +2.157077399e+02 +7.443773994e+01 +7.443773994e+01 -4.3915e-01 -9.2024e-01 +5.4391e-01 +1.2822e-02 -2.1478e-01 +1.1267e+00 -6.2155e-02 -1.2745e+00 +5.0541e-01 -6.2796e-01
80 +2.098997312e+02 +2.098997312e+02 +6.862973118e+01 +6.862973118e+01 -3.3824e-01 -3.0200e-01 +6.0388e-01 +2.6469e-01 -8.2623e-02 +1.2666e+00 +1.7310e-01 -1.4794e+00 +2.6546e-02 -8.9677e-01
85 +1.805779288e+02 +1.805779288e+02 +3.930792877e+01 +3.930792877e+01 +1.3623e-01 -1.3971e-01 +6.1281e-01 +3.0477e-01 -1.7505e-01 +7.1540e-01 -8.2556e-02 -1.7612e+00 +1.7436e-01 -9.1580e-01
89 +1.720080855e+02 +1.720080855e+02 +3.073808548e+01 +3.073808548e+01 +2.4911e-01 -8.8752e-01 +7.4330e-01 +6.7408e-02 +2.0722e-02 +1.1483e+00 -1.8187e-01 -1.9116e+00 -3.9061e-01 -9.3702e-01
99 +1.614584989e+02 +1.614584989e+02 +2.018849892e+01 +2.018849892e+01 +4.0238e-01 -1.2092e-01 +6.2026e-01 -1.9049e-01 +4.0477e-01 +1.1939e+00 +4.3429e-01 -2.4899e+00 +9.1025e-02 -8.2292e-01
114 +1.484875069e+02 +1.484875069e+02 +7.217506915e+00 +7.217506915e+00 +5.3724e-01 -1.7209e-01 +6.1177e-01 -2.1457e-01 +5.6098e-01 +9.4193e-01 +4.9835e-01 -2.5344e+00 -3.4846e-01 -1.3678e+00
124 +1.218784900e+02 +1.218784900e+02 -1.939151004e+01 -1.939151004e+01 +8.4518e-01 +5.4916e-01 +7.7466e-01 +2.8040e-01 +2.5569e-01 +1.2169e+00 -1.5090e-02 -2.2292e+00 -1.3490e-01 -1.8676e+00
147 +1.097517087e+02 +1.097517087e+02 -3.151829125e+01 -3.151829125e+01 +7.1674e-01 +9.4746e-01 +4.8239e-01 +2.3562e-02 -2.0186e-01 +9.5693e-01 +3.5181e-01 -2.5288e+00 -4.8125e-01 -2.4028e+00
148 +1.048626406e+02 +1.048626406e+02 -3.640735940e+01 -3.640735940e+01 +1.4923e-01 +4.5773e-01 +5.7196e-01 +1.0828e-01 +3.0188e-01 +9.9561e-01 +3.6837e-01 -2.5034e+00 -7.6269e-01 -2.8707e+00
161 +9.653549125e+01 +9.653549125e+01 -4.473450875e+01 -4.473450875e+01 +7.9877e-01 +1.5709e-01 +4.3091e-01 -5.4873e-02 +3.7206e-01 +1.0879e+00 +7.0535e-01 -2.5202e+00 -3.4521e-01 -1.7057e+00
178 +9.288061235e+01 +9.288061235e+01 -4.838938765e+01 -4.838938765e+01 +7.0947e-01 +2.9196e-01 +5.1377e-01 -1.6788e-01 +8.2040e-01 +7.2195e-01 +1.0480e+00 -2.2847e+00 -1.0058e-02 -2.2337e+00
304 +6.559676863e+01 +6.559676863e+01 -7.567323137e+01 -7.567323137e+01 +6.9150e-01 -9.2838e-01 +5.7904e-01 +2.4682e-03 +1.6870e-01 +2.1799e+00 +1.3851e+00 -3.7979e+00 +6.9140e-02 -1.8112e+00
582 +5.104570022e+01 +5.104570022e+01 -9.022429978e+01 -9.022429978e+01 +9.8413e-01 +8.1282e-01 -4.3161e-01 +9.2479e-02 +2.9992e-01 +1.6922e+00 +1.0365e+00 -3.8676e+00 -3.5478e-01 -3.1573e+00
610 +4.195417913e+01 +4.195417913e+01 -9.931582087e+01 -9.931582087e+01 +8.3153e-01 +1.6511e+00 -8.0663e-01 +7.4915e-02 +8.7759e-01 +1.6451e+00 +1.3236e+00 -3.8149e+00 -8.6172e-02 -2.8124e+00
1238 +4.058097217e+01 +4.058097217e+01 -1.006890278e+02 -1.006890278e+02 +8.9502e-01 +6.0209e-01 -2.6743e-01 +1.1849e-01 +2.0565e-01 +1.7948e+00 +1.7563e+00 -4.2560e+00 -4.5718e-01 -2.1904e+00
1242 +3.757829938e+01 +3.757829938e+01 -1.036917006e+02 -1.036917006e+02 +7.8912e-01 +6.9538e-01 -2.5457e-01 +7.4518e-02 +1.6359e-01 +1.7656e+00 +1.8184e+00 -4.2560e+00 -4.9753e-01 -2.1662e+00
1253 +3.539387061e+01 +3.539387061e+01 -1.058761294e+02 -1.058761294e+02 +8.6440e-01 +7.7631e-01 -2.2327e-01 +6.5706e-02 +2.2364e-01 +1.7085e+00 +1.7465e+00 -4.2855e+00 -4.5549e-01 -2.1614e+00
1264 +3.265671902e+01 +3.265671902e+01 -1.086132810e+02 -1.086132810e+02 +8.6878e-01 +6.9109e-01 -1.9288e-01 +1.1112e-01 +2.5436e-01 +1.7545e+00 +1.8521e+00 -4.2860e+00 -4.4694e-01 -2.1851e+00
1288 +3.201903526e+01 +3.201903526e+01 -1.092509647e+02 -1.092509647e+02 +8.6886e-01 +7.7794e-01 -2.7468e-01 +1.1253e-01 +2.0385e-01 +1.7111e+00 +1.8438e+00 -4.2387e+00 -4.4323e-01 -2.2030e+00
1295 +2.765317863e+01 +2.765317863e+01 -1.136168214e+02 -1.136168214e+02 +8.3569e-01 +7.6909e-01 -2.8871e-01 +1.0408e-01 +2.0932e-01 +1.7270e+00 +1.8307e+00 -4.2975e+00 -4.3486e-01 -2.1796e+00
1371 +2.723006180e+01 +2.723006180e+01 -1.140399382e+02 -1.140399382e+02 +8.0618e-01 +7.4892e-01 -3.1410e-01 +3.6365e-02 +2.0841e-01 +1.7061e+00 +1.8992e+00 -4.2595e+00 -4.3867e-01 -2.1545e+00
1373 +2.667798266e+01 +2.667798266e+01 -1.145920173e+02 -1.145920173e+02 +7.9942e-01 +7.3546e-01 -2.9435e-01 +4.6080e-02 +2.2419e-01 +1.7149e+00 +1.8770e+00 -4.2980e+00 -4.5138e-01 -2.1593e+00
1413 +2.608546872e+01 +2.608546872e+01 -1.151845313e+02 -1.151845313e+02 +8.9607e-01 +7.1208e-01 -2.8790e-01 +5.3585e-02 +1.7769e-01 +1.7555e+00 +1.8402e+00 -4.2878e+00 -4.4240e-01 -2.1737e+00
1430 +2.527912324e+01 +2.527912324e+01 -1.159908768e+02 -1.159908768e+02 +8.2719e-01 +7.0186e-01 -2.9369e-01 +6.4866e-02 +2.0433e-01 +1.7143e+00 +1.8463e+00 -4.2807e+00 -4.2908e-01 -2.2018e+00
1439 +2.505099616e+01 +2.505099616e+01 -1.162190038e+02 -1.162190038e+02 +8.6655e-01 +7.4427e-01 -3.3871e-01 +6.8523e-02 +1.9527e-01 +1.7026e+00 +1.8706e+00 -4.2806e+00 -4.3509e-01 -2.1874e+00
1446 +2.433560700e+01 +2.433560700e+01 -1.169343930e+02 -1.169343930e+02 +8.7897e-01 +6.8375e-01 -3.0418e-01 +6.0872e-02 +1.8945e-01 +1.7315e+00 +1.8652e+00 -4.2762e+00 -4.2372e-01 -2.1535e+00
1493 +2.381299661e+01 +2.381299661e+01 -1.174570034e+02 -1.174570034e+02 +8.7181e-01 +7.2394e-01 -3.1205e-01 +5.3785e-02 +2.2903e-01 +1.7526e+00 +1.8602e+00 -4.2846e+00 -4.1383e-01 -2.1513e+00
1532 +2.325623072e+01 +2.325623072e+01 -1.180137693e+02 -1.180137693e+02 +8.8591e-01 +6.9998e-01 -3.0393e-01 +6.0021e-02 +2.2580e-01 +1.7290e+00 +1.8368e+00 -4.2841e+00 -4.0717e-01 -2.1705e+00
1547 +2.288542397e+01 +2.288542397e+01 -1.183845760e+02 -1.183845760e+02 +8.5648e-01 +7.1097e-01 -3.1240e-01 +6.0351e-02 +2.2806e-01 +1.7302e+00 +1.8534e+00 -4.2743e+00 -3.9784e-01 -2.1634e+00
1612 +2.235954227e+01 +2.235954227e+01 -1.189104577e+02 -1.189104577e+02 +8.8427e-01 +6.9471e-01 -3.1371e-01 +5.8778e-02 +1.9761e-01 +1.7154e+00 +1.8570e+00 -4.2799e+00 -3.8584e-01 -2.1763e+00
% function evaluation | noise-free fitness - Fopt (1.822100000000e+02) | best noise-free fitness - Fopt | measured fitness | best measured fitness | x1 | x2...
1 +2.580694094e+02 +2.580694094e+02 +4.402794094e+02 +4.402794094e+02 +0.0000e+00 +0.0000e+00 +0.0000e+00 +0.0000e+00 +0.0000e+00 +0.0000e+00 +0.0000e+00 +0.0000e+00 +0.0000e+00 +0.0000e+00
3 +2.067728623e+02 +2.067728623e+02 +3.889828623e+02 +3.889828623e+02 -1.0130e-01 +2.3157e-01 -1.8297e-01 -7.7399e-02 -2.1562e-01 -2.7306e-01 -1.2902e-02 -3.8150e-02 +4.2060e-01 -1.2090e-01
51 +1.746311314e+02 +1.746311314e+02 +3.568411314e+02 +3.568411314e+02 +5.3662e-01 +1.9698e-01 -3.3400e-02 +2.8657e-01 -2.4572e-01 -1.9948e-01 -3.0907e-01 +5.3656e-01 +7.4961e-01 +1.9536e-02
54 +1.693598639e+02 +1.693598639e+02 +3.515698639e+02 +3.515698639e+02 +2.1411e-01 +3.6744e-02 +5.0231e-02 +4.8470e-01 -3.2731e-01 +5.0952e-01 -3.9729e-02 +6.0610e-01 +1.1898e+00 +3.5365e-01
67 +1.607426630e+02 +1.607426630e+02 +3.429526630e+02 +3.429526630e+02 +9.4705e-02 +1.0306e-01 +1.5657e-01 +8.3110e-01 -1.8325e-01 +7.7307e-01 -1.5667e-01 +9.5822e-01 +8.6393e-01 +3.9598e-01
75 +1.477417738e+02 +1.477417738e+02 +3.299517738e+02 +3.299517738e+02 -1.0133e-01 +1.8051e-01 +1.4260e-01 +9.5495e-01 -2.0193e-01 +5.6988e-01 -1.2279e-01 +9.3818e-01 +1.2965e+00 +5.9270e-01
98 +1.125451963e+02 +1.125451963e+02 +2.947551963e+02 +2.947551963e+02 -6.7478e-02 +8.4379e-02 +6.9945e-02 +1.3222e+00 -2.0854e-01 +6.3914e-01 -3.3971e-02 +1.4024e+00 +4.8948e-01 +1.2113e+00
113 +1.087889042e+02 +1.087889042e+02 +2.909989042e+02 +2.909989042e+02 -1.6254e-01 +2.3204e-01 -1.2013e-01 +1.5602e+00 -2.2116e-01 +5.7955e-01 -4.5068e-02 +1.6114e+00 +9.6313e-01 +9.6757e-01
146 +9.528215962e+01 +9.528215962e+01 +2.774921596e+02 +2.774921596e+02 -1.0218e-01 -6.7968e-01 +1.8243e-01 +1.0402e+00 -1.5362e-01 +6.6097e-01 -6.4381e-01 +2.4739e+00 +1.6215e+00 +2.3159e+00
163 +9.127355322e+01 +9.127355322e+01 +2.734835532e+02 +2.734835532e+02 -1.3648e-01 -6.9024e-01 -1.1220e-01 +1.4587e+00 -1.9331e-01 +6.2066e-01 -6.3663e-01 +2.1090e+00 +1.9000e+00 +2.7487e+00
290 +8.580890254e+01 +8.580890254e+01 +2.680189025e+02 +2.680189025e+02 -2.7917e-01 -5.3366e-01 +1.6603e+00 +2.5843e+00 -6.9630e-01 +1.0845e+00 -8.1427e-01 +1.3024e+00 +1.4603e+00 +2.4353e+00
309 +7.210759408e+01 +7.210759408e+01 +2.543175941e+02 +2.543175941e+02 -1.8322e-01 -8.6425e-01 +1.5476e+00 +3.2357e+00 -9.1593e-02 +1.6666e+00 -8.4073e-01 +1.9056e+00 +7.0175e-01 +1.4544e+00
535 +6.788406716e+01 +6.788406716e+01 +2.500940672e+02 +2.500940672e+02 -1.6245e-01 -1.5240e+00 +2.3621e-02 +3.8662e+00 +1.0751e+00 +9.9977e-01 -3.0323e+00 +1.5996e+00 +2.2487e+00 +2.9097e+00
538 +5.364417860e+01 +5.364417860e+01 +2.358541786e+02 +2.358541786e+02 -2.4385e-01 -1.5127e+00 +3.6001e-02 +3.8244e+00 +1.0646e+00 +1.2042e+00 -2.9038e+00 +1.6592e+00 +2.3711e+00 +2.5468e+00
785 +5.072997214e+01 +5.072997214e+01 +2.329399721e+02 +2.329399721e+02 -1.3748e-01 -1.4460e+00 +1.8452e-01 +3.8636e+00 +1.2833e+00 +1.1511e+00 -2.9667e+00 +2.0154e+00 +1.8694e+00 +2.5651e+00
787 +4.301904121e+01 +4.301904121e+01 +2.252290412e+02 +2.252290412e+02 -1.5860e-01 -1.4567e+00 +4.0359e-02 +3.7535e+00 +1.2905e+00 +1.1773e+00 -3.0664e+00 +2.0293e+00 +1.9089e+00 +2.5917e+00
831 +4.062696164e+01 +4.062696164e+01 +2.228369616e+02 +2.228369616e+02 -1.6810e-01 -1.5123e+00 +6.3033e-02 +3.8124e+00 +1.2728e+00 +1.2249e+00 -3.0179e+00 +1.9869e+00 +1.9372e+00 +2.5431e+00
864 +3.631870259e+01 +3.631870259e+01 +2.185287026e+02 +2.185287026e+02 -1.7424e-01 -1.4481e+00 +7.4714e-02 +3.7819e+00 +1.2533e+00 +1.1828e+00 -2.9750e+00 +2.0310e+00 +1.9087e+00 +2.5564e+00
921 +3.611394166e+01 +3.611394166e+01 +2.183239417e+02 +2.183239417e+02 -1.9084e-01 -1.4704e+00 +2.8128e-02 +3.7721e+00 +1.2489e+00 +1.1932e+00 -2.9688e+00 +2.0530e+00 +1.8971e+00 +2.5122e+00
927 +3.533040705e+01 +3.533040705e+01 +2.175404070e+02 +2.175404070e+02 -1.8773e-01 -1.4528e+00 +2.7649e-02 +3.7778e+00 +1.2406e+00 +1.1859e+00 -2.9546e+00 +2.0371e+00 +1.9195e+00 +2.5223e+00
944 +3.461669935e+01 +3.461669935e+01 +2.168266993e+02 +2.168266993e+02 -2.0061e-01 -1.4813e+00 +2.7092e-02 +3.7902e+00 +1.2239e+00 +1.1847e+00 -2.9663e+00 +2.0423e+00 +1.9420e+00 +2.5252e+00
982 +3.384777341e+01 +3.384777341e+01 +2.160577734e+02 +2.160577734e+02 -1.8270e-01 -1.4640e+00 +5.3379e-02 +3.7846e+00 +1.2179e+00 +1.1939e+00 -2.9742e+00 +2.0522e+00 +1.9211e+00 +2.5465e+00
1041 +3.295948987e+01 +3.295948987e+01 +2.151694899e+02 +2.151694899e+02 -1.5870e-01 -1.4644e+00 +4.3645e-02 +3.7810e+00 +1.2098e+00 +1.1985e+00 -2.9958e+00 +2.0338e+00 +1.9228e+00 +2.5376e+00
1096 +3.222806707e+01 +3.222806707e+01 +2.144380671e+02 +2.144380671e+02 -1.5808e-01 -1.4685e+00 +4.1153e-02 +3.7862e+00 +1.1710e+00 +1.2055e+00 -3.0098e+00 +2.0442e+00 +1.9230e+00 +2.5363e+00
1145 +3.162136810e+01 +3.162136810e+01 +2.138313681e+02 +2.138313681e+02 -1.7393e-01 -1.4658e+00 +3.9141e-02 +3.7793e+00 +1.1346e+00 +1.2081e+00 -3.0107e+00 +2.0312e+00 +1.9204e+00 +2.5392e+00
1153 +3.085556492e+01 +3.085556492e+01 +2.130655649e+02 +2.130655649e+02 -1.6041e-01 -1.4533e+00 +3.4695e-02 +3.7775e+00 +1.1104e+00 +1.2093e+00 -3.0025e+00 +2.0497e+00 +1.9229e+00 +2.5336e+00
1179 +3.008761605e+01 +3.008761605e+01 +2.122976161e+02 +2.122976161e+02 -1.8837e-01 -1.4683e+00 +3.5971e-02 +3.7835e+00 +1.0785e+00 +1.2139e+00 -2.9947e+00 +2.0595e+00 +1.9217e+00 +2.5150e+00
1180 +2.935366647e+01 +2.935366647e+01 +2.115636665e+02 +2.115636665e+02 -1.5550e-01 -1.4524e+00 +4.7976e-02 +3.7870e+00 +1.0695e+00 +1.2015e+00 -2.9868e+00 +2.0337e+00 +1.9257e+00 +2.5156e+00
1194 +2.879237729e+01 +2.879237729e+01 +2.110023773e+02 +2.110023773e+02 -1.6255e-01 -1.4383e+00 +3.8585e-02 +3.7784e+00 +1.0203e+00 +1.1975e+00 -2.9893e+00 +2.0370e+00 +1.9200e+00 +2.5169e+00
1232 +2.800305982e+01 +2.800305982e+01 +2.102130598e+02 +2.102130598e+02 -1.6751e-01 -1.4582e+00 +3.4393e-02 +3.7785e+00 +1.0306e+00 +1.2029e+00 -2.9908e+00 +2.0438e+00 +1.9258e+00 +2.5258e+00
% function evaluation | noise-free fitness - Fopt (8.191000000000e+01) | best noise-free fitness - Fopt | measured fitness | best measured fitness | x1 | x2...
1 +2.570233005e+02 +2.570233005e+02 +3.389333005e+02 +3.389333005e+02 +0.0000e+00 +0.0000e+00 +0.0000e+00 +0.0000e+00 +0.0000e+00 +0.0000e+00 +0.0000e+00 +0.0000e+00 +0.0000e+00 +0.0000e+00
8 +2.370049699e+02 +2.370049699e+02 +3.189149699e+02 +3.189149699e+02 -1.7649e-01 -2.8382e-01 +4.4048e-02 -7.0705e-02 +1.3735e-01 -1.0053e-01 +4.5879e-02 +4.4189e-01 -5.0530e-01 -1.5365e-01
10 +2.327729277e+02 +2.327729277e+02 +3.146829277e+02 +3.146829277e+02 -4.2043e-02 -4.5439e-01 +1.0293e-01 -1.2474e-01 -2.7880e-02 +1.5139e-02 -1.5450e-01 +3.4843e-01 -3.7085e-01 -2.4691e-02
21 +2.243536302e+02 +2.243536302e+02 +3.062636302e+02 +3.062636302e+02 -1.4091e-01 -5.5135e-01 +1.8630e-01 +3.3942e-01 +9.7562e-02 +7.2461e-02 +5.4072e-02 +5.7007e-01 -5.8600e-01 -3.9017e-01
23 +2.235155299e+02 +2.235155299e+02 +3.054255299e+02 +3.054255299e+02 +4.6739e-02 -4.4306e-01 +9.7126e-02 -1.0166e-01 +1.6908e-01 -1.6567e-01 +9.4903e-03 +6.6202e-01 -2.6984e-01 -1.4167e-01
40 +2.010871084e+02 +2.010871084e+02 +2.829971084e+02 +2.829971084e+02 -1.7646e-01 -5.7248e-01 -7.1697e-02 +2.3889e-01 -3.2248e-01 -8.4234e-02 -2.8848e-01 +1.5619e+00 -4.9548e-01 -6.4134e-01
50 +1.847802702e+02 +1.847802702e+02 +2.666902702e+02 +2.666902702e+02 +1.5862e-01 -5.5904e-01 +1.2981e-01 +3.2184e-01 -2.7337e-01 +4.5445e-01 -2.5207e-01 +1.9524e+00 -5.1351e-01 -2.3895e-01
75 +1.454031223e+02 +1.454031223e+02 +2.273131223e+02 +2.273131223e+02 +2.6905e-01 -3.4860e-01 +2.5757e-01 -3.0901e-01 +6.2842e-02 +3.6612e-01 +2.3472e-01 +1.5933e+00 -5.7648e-01 +2.8521e-03
102 +1.304981780e+02 +1.304981780e+02 +2.124081780e+02 +2.124081780e+02 +1.3703e-02 -1.2143e+00 +2.6115e-01 -8.7010e-01 -3.1641e-01 +6.1280e-01 +1.3241e-01 +1.6859e+00 -1.3419e+00 -4.1844e-01
110 +1.236711024e+02 +1.236711024e+02 +2.055811024e+02 +2.055811024e+02 +1.8219e-01 -1.6079e+00 +1.3461e-01 -8.6658e-01 -2.1547e-01 +5.4503e-01 +6.3904e-01 +2.8028e+00 -1.0244e+00 -1.6565e-01
130 +1.214611202e+02 +1.214611202e+02 +2.033711202e+02 +2.033711202e+02 -2.8150e-01 -2.1351e+00 +9.7278e-01 -1.9389e+00 +7.7469e-01 +6.4385e-01 +6.6104e-01 +2.9125e+00 -8.5360e-01 +4.9467e-02
233 +1.199128236e+02 +1.199128236e+02 +2.018228236e+02 +2.018228236e+02 +5.1434e-01 -2.2152e+00 -7.2505e-01 -1.7596e+00 +4.5539e-01 +1.0597e+00 +7.4524e-01 +3.5734e+00 -2.4272e+00 -7.2980e-01
280 +1.036110359e+02 +1.036110359e+02 +1.855210359e+02 +1.855210359e+02 +1.4958e-01 -4.3197e+00 -1.9505e-01 -1.3725e+00 +1.1116e+00 +1.6637e+00 +2.4389e-01 +3.6239e+00 -2.3108e+00 -8.7445e-02
324 +8.441278062e+01 +8.441278062e+01 +1.663227806e+02 +1.663227806e+02 +3.3193e-01 -2.9506e+00 -5.9642e-01 -1.4055e+00 +1.2772e+00 +1.2386e+00 +3.8731e-01 +3.3421e+00 -1.6974e+00 -7.2349e-01
343 +8.081981709e+01 +8.081981709e+01 +1.627298171e+02 +1.627298171e+02 +4.8031e-01 -3.1559e+00 -7.4319e-01 -1.9578e+00 +1.0906e+00 +1.3258e+00 +6.8389e-01 +3.6103e+00 -1.7437e+00 -7.0218e-01
446 +7.784484630e+01 +7.784484630e+01 +1.597548463e+02 +1.597548463e+02 +1.1623e-01 -4.0604e+00 -5.6192e-01 -2.0808e+00 +1.9263e+00 +1.2722e+00 +2.2156e-01 +3.8728e+00 -7.1322e-01 -4.3298e-01
496 +7.737586945e+01 +7.737586945e+01 +1.592858694e+02 +1.592858694e+02 +3.1420e-01 -3.9135e+00 -4.9641e-01 -2.7383e+00 +2.3684e+00 +1.8263e+00 +7.1739e-01 +3.7065e+00 -1.3765e+00 -9.6887e-01
512 +7.295082137e+01 +7.295082137e+01 +1.548608214e+02 +1.548608214e+02 +5.9467e-02 -3.2675e+00 -5.8096e-01 -2.7164e+00 +2.6437e+00 +2.1525e+00 +6.3048e-01 +3.2092e+00 -8.8787e-01 -9.9235e-01
520 +6.501412244e+01 +6.501412244e+01 +1.469241224e+02 +1.469241224e+02 +4.1730e-02 -2.9430e+00 -5.6206e-01 -2.1919e+00 +2.5491e+00 +2.0358e+00 +4.7717e-01 +3.2991e+00 -1.3717e+00 -6.8642e-01
549 +5.966501670e+01 +5.966501670e+01 +1.415750167e+02 +1.415750167e+02 +2.2296e-01 -2.9033e+00 -5.1643e-01 -2.6353e+00 +2.7000e+00 +2.1885e+00 +5.8685e-01 +4.1014e+00 -9.2258e-01 -1.3483e+00
553 +5.584326213e+01 +5.584326213e+01 +1.377532621e+02 +1.377532621e+02 +7.4195e-02 -2.9787e+00 -5.0557e-01 -2.7672e+00 +2.9539e+00 +2.0790e+00 +5.0220e-01 +3.1677e+00 -1.3289e+00 -6.5533e-01
568 +5.461005269e+01 +5.461005269e+01 +1.365200527e+02 +1.365200527e+02 +1.5738e-01 -3.0177e+00 -5.6664e-01 -2.8072e+00 +3.0417e+00 +2.1552e+00 +5.5766e-01 +3.4231e+00 -1.2712e+00 -1.0189e+00
602 +5.046511890e+01 +5.046511890e+01 +1.323751189e+02 +1.323751189e+02 +5.3862e-02 -2.3915e+00 -6.9437e-01 -2.7000e+00 +2.7952e+00 +2.1764e+00 +6.3551e-01 +3.7206e+00 -8.3520e-01 -4.8198e-01
612 +4.492112768e+01 +4.492112768e+01 +1.268311277e+02 +1.268311277e+02 +6.8025e-02 -2.0213e+00 -7.0002e-01 -2.7828e+00 +2.8608e+00 +2.2028e+00 +6.0497e-01 +3.5806e+00 -6.9421e-01 -4.0752e-01
614 +3.685939769e+01 +3.685939769e+01 +1.187693977e+02 +1.187693977e+02 +5.6669e-02 -2.2380e+00 -7.1884e-01 -2.8650e+00 +3.0349e+00 +1.9004e+00 +5.8437e-01 +3.6717e+00 -9.5069e-01 -4.1773e-01
682 +3.383447265e+01 +3.383447265e+01 +1.157444726e+02 +1.157444726e+02 +1.0789e-01 -2.2816e+00 -6.1102e-01 -2.9811e+00 +2.8719e+00 +2.2158e+00 +7.1152e-01 +3.6897e+00 -4.7031e-01 -3.8346e-01
740 +2.542360767e+01 +2.542360767e+01 +1.073336077e+02 +1.073336077e+02 +8.3944e-02 -2.0937e+00 -5.9295e-01 -2.8099e+00 +2.8783e+00 +2.0513e+00 +6.1013e-01 +3.6627e+00 -4.7482e-01 -4.5582e-01
756 +1.976534108e+01 +1.976534108e+01 +1.016753411e+02 +1.016753411e+02 +8.4907e-02 -2.2245e+00 -5.6740e-01 -2.8327e+00 +2.8945e+00 +2.0217e+00 +6.5625e-01 +3.6537e+00 -4.9707e-01 -4.3967e-01
780 +1.770788964e+01 +1.770788964e+01 +9.961788964e+01 +9.961788964e+01 +1.2317e-01 -2.2539e+00 -6.1049e-01 -2.7940e+00 +2.9941e+00 +2.0979e+00 +6.7723e-01 +3.7111e+00 -4.6084e-01 -4.1166e-01
785 +1.655528901e+01 +1.655528901e+01 +9.846528901e+01 +9.846528901e+01 +8.5946e-02 -2.1885e+00 -6.0550e-01 -2.8501e+00 +2.9470e+00 +2.1394e+00 +6.3964e-01 +3.6805e+00 -4.5815e-01 -4.1416e-01
795 +1.604875854e+01 +1.604875854e+01 +9.795875854e+01 +9.795875854e+01 +1.2088e-01 -2.1672e+00 -5.8787e-01 -2.8145e+00 +2.9659e+00 +2.1195e+00 +6.8075e-01 +3.6533e+00 -4.6851e-01 -4.0269e-01
823 +1.579582726e+01 +1.579582726e+01 +9.770582726e+01 +9.770582726e+01 +1.4148e-01 -2.1694e+00 -5.7451e-01 -2.8752e+00 +2.9455e+00 +2.0956e+00 +6.7677e-01 +3.6756e+00 -4.7678e-01 -4.0615e-01
828 +1.425114775e+01 +1.425114775e+01 +9.616114775e+01 +9.616114775e+01 +1.3581e-01 -2.1683e+00 -5.8511e-01 -2.8027e+00 +2.9061e+00 +2.0800e+00 +6.6336e-01 +3.6390e+00 -4.8319e-01 -4.0822e-01
837 +1.404253220e+01 +1.404253220e+01 +9.595253220e+01 +9.595253220e+01 +1.5371e-01 -2.1817e+00 -5.8514e-01 -2.7847e+00 +2.8979e+00 +2.0796e+00 +6.8984e-01 +3.6718e+00 -4.7008e-01 -4.0384e-01
856 +1.323466991e+01 +1.323466991e+01 +9.514466991e+01 +9.514466991e+01 +1.6037e-01 -2.1717e+00 -5.8803e-01 -2.8042e+00 +2.8683e+00 +2.1038e+00 +6.7409e-01 +3.6865e+00 -4.8866e-01 -3.9486e-01
860 +1.205900404e+01 +1.205900404e+01 +9.396900404e+01 +9.396900404e+01 +1.4841e-01 -2.1722e+00 -6.0840e-01 -2.8130e+00 +2.9304e+00 +2.0946e+00 +6.7837e-01 +3.6764e+00 -4.9713e-01 -4.1868e-01
870 +1.161665815e+01 +1.161665815e+01 +9.352665815e+01 +9.352665815e+01 +1.5137e-01 -2.2059e+00 -6.1816e-01 -2.7807e+00 +2.9290e+00 +2.0877e+00 +6.6269e-01 +3.6495e+00 -4.9526e-01 -3.9956e-01
879 +1.119225831e+01 +1.119225831e+01 +9.310225831e+01 +9.310225831e+01 +1.3743e-01 -2.2015e+00 -6.1632e-01 -2.7800e+00 +2.9191e+00 +2.1074e+00 +6.4197e-01 +3.6670e+00 -5.0336e-01 -4.2241e-01
880 +1.088796026e+01 +1.088796026e+01 +9.279796026e+01 +9.279796026e+01 +1.5918e-01 -2.2098e+00 -6.0595e-01 -2.8258e+00 +2.9130e+00 +2.0842e+00 +6.5538e-01 +3.6668e+00 -4.7181e-01 -4.1283e-01
881 +1.070563526e+01 +1.070563526e+01 +9.261563526e+01 +9.261563526e+01 +1.6276e-01 -2.2393e+00 -6.2176e-01 -2.8212e+00 +2.9217e+00 +2.0853e+00 +6.5037e-01 +3.6564e+00 -4.9631e-01 -4.0292e-01
884 +1.013894420e+01 +1.013894420e+01 +9.204894420e+01 +9.204894420e+01 +1.6846e-01 -2.2033e+00 -6.3077e-01 -2.7973e+00 +2.9043e+00 +2.0777e+00 +6.4889e-01 +3.6553e+00 -5.0942e-01 -4.1008e-01
925 +9.687058362e+00 +9.687058362e+00 +9.159705836e+01 +9.159705836e+01 +1.6585e-01 -2.2398e+00 -6.6757e-01 -2.8134e+00 +2.8922e+00 +2.1193e+00 +6.6531e-01 +3.6630e+00 -5.1091e-01 -4.1439e-01
958 +9.303151446e+00 +9.303151446e+00 +9.121315145e+01 +9.121315145e+01 +1.6739e-01 -2.2062e+00 -6.7719e-01 -2.8088e+00 +2.8608e+00 +2.1243e+00 +6.4507e-01 +3.6687e+00 -5.0084e-01 -4.1665e-01
988 +9.032313931e+00 +9.032313931e+00 +9.094231393e+01 +9.094231393e+01 +1.7375e-01 -2.2079e+00 -6.8432e-01 -2.8313e+00 +2.8944e+00 +2.1162e+00 +6.5168e-01 +3.6833e+00 -4.8716e-01 -4.2248e-01
1004 +8.812443697e+00 +8.812443697e+00 +9.072244370e+01 +9.072244370e+01 +1.6899e-01 -2.2117e+00 -6.7688e-01 -2.8224e+00 +2.9006e+00 +2.1280e+00 +6.4158e-01 +3.6772e+00 -4.9559e-01 -4.1408e-01
1050 +8.607805023e+00 +8.607805023e+00 +9.051780502e+01 +9.051780502e+01 +1.8614e-01 -2.1983e+00 -6.7768e-01 -2.8214e+00 +2.8985e+00 +2.1121e+00 +6.4743e-01 +3.6811e+00 -4.7974e-01 -4.1908e-01
1063 +8.434076644e+00 +8.434076644e+00 +9.034407664e+01 +9.034407664e+01 +1.8721e-01 -2.2031e+00 -6.6291e-01 -2.8283e+00 +2.8987e+00 +2.1133e+00 +6.5045e-01 +3.6798e+00 -4.9028e-01 -4.0662e-01
1110 +8.247395145e+00 +8.247395145e+00 +9.015739515e+01 +9.015739515e+01 +2.0404e-01 -2.1929e+00 -6.6217e-01 -2.8170e+00 +2.8991e+00 +2.1174e+00 +6.4706e-01 +3.6648e+00 -4.8884e-01 -4.1345e-01
1141 +8.126446979e+00 +8.126446979e+00 +9.003644698e+01 +9.003644698e+01 +2.0776e-01 -2.2075e+00 -6.6531e-01 -2.8158e+00 +2.8857e+00 +2.0999e+00 +6.4976e-01 +3.6721e+00 -4.8112e-01 -4.1395e-01
