% function evaluation | noise-free fitness - Fopt (-1.025500000000e+02) | best noise-free fitness - Fopt | measured fitness | best measured fitness | x1 | x2...
1 +2.503737427e-01 +2.503737427e-01 -1.022996263e+02 -1.022996263e+02 +0.0000e+00 +0.0000e+00
3 +2.206454226e-01 +2.206454226e-01 -1.023293546e+02 -1.023293546e+02 -1.5206e-01 +1.1838e-01
7 +1.881844455e-01 +1.881844455e-01 -1.023618156e+02 -1.023618156e+02 -1.8852e-01 +6.2000e-02
20 +7.183906202e-02 +7.183906202e-02 -1.024781609e+02 -1.024781609e+02 -1.8647e-01 +2.4695e-01
478 +4.139502148e-02 +4.139502148e-02 -1.025086050e+02 -1.025086050e+02 +9.1137e-02 +2.1896e+00
790 +3.086265285e-02 +3.086265285e-02 -1.025191373e+02 -1.025191373e+02 +1.2933e+00 -6.3397e-01
% function evaluation | noise-free fitness - Fopt (7.169000000000e+01) | best noise-free fitness - Fopt | measured fitness | best measured fitness | x1 | x2...
1 +2.503737427e-01 +2.503737427e-01 +7.194037374e+01 +7.194037374e+01 +0.0000e+00 +0.0000e+00
35 +1.518762676e-01 +1.518762676e-01 +7.184187627e+01 +7.184187627e+01 -8.1782e-01 +4.4507e-01
140 +8.795674509e-02 +8.795674509e-02 +7.177795675e+01 +7.177795675e+01 -3.5097e-01 +2.3121e-02
146 +2.089383525e-02 +2.089383525e-02 +7.171089384e+01 +7.171089384e+01 +2.5526e-01 -9.1089e-02
204 +1.615428842e-02 +1.615428842e-02 +7.170615429e+01 +7.170615429e+01 -2.7683e-01 -1.0764e-02
234 +1.284768172e-02 +1.284768172e-02 +7.170284768e+01 +7.170284768e+01 -3.0356e-01 +1.0941e-02
342 +5.756108777e-03 +5.756108777e-03 +7.169575611e+01 +7.169575611e+01 -6.4199e-01 +3.0780e-01
367 +3.331599510e-03 +3.331599510e-03 +7.169333160e+01 +7.169333160e+01 -4.6692e-01 +1.4672e-01
382 +8.452049908e-04 +8.452049908e-04 +7.169084520e+01 +7.169084520e+01 -5.0191e-01 +1.7400e-01
453 +2.231679885e-04 +2.231679885e-04 +7.169022317e+01 +7.169022317e+01 -5.1618e-01 +1.8301e-01
454 +6.846115892e-05 +6.846115892e-05 +7.169006846e+01 +7.169006846e+01 -5.4766e-01 +2.0957e-01
1478 +6.735535797e-05 +6.735535797e-05 +7.169006736e+01 +7.169006736e+01 -5.4772e-01 +2.1002e-01
1539 +6.597142416e-05 +6.597142416e-05 +7.169006597e+01 +7.169006597e+01 -5.4822e-01 +2.1040e-01
1571 +6.326043820e-05 +6.326043820e-05 +7.169006326e+01 +7.169006326e+01 -5.4937e-01 +2.1124e-01
1572 +6.307883459e-05 +6.307883459e-05 +7.169006308e+01 +7.169006308e+01 -5.4958e-01 +2.1134e-01
1647 +6.128713741e-05 +6.128713741e-05 +7.169006129e+01 +7.169006129e+01 -5.5026e-01 +2.1248e-01
1658 +5.906234507e-05 +5.906234507e-05 +7.169005906e+01 +7.169005906e+01 -5.5110e-01 +2.1320e-01
1675 +5.875366077e-05 +5.875366077e-05 +7.169005875e+01 +7.169005875e+01 -5.5107e-01 +2.1287e-01
1715 +5.750056924e-05 +5.750056924e-05 +7.169005750e+01 +7.169005750e+01 -5.5172e-01 +2.1332e-01
1769 +5.603162217e-05 +5.603162217e-05 +7.169005603e+01 +7.169005603e+01 -5.5228e-01 +2.1387e-01
1819 +5.489475443e-05 +5.489475443e-05 +7.169005489e+01 +7.169005489e+01 -5.5268e-01 +2.1433e-01
1843 +5.279759814e-05 +5.279759814e-05 +7.169005280e+01 +7.169005280e+01 -5.5393e-01 +2.1521e-01
1867 +5.143565730e-05 +5.143565730e-05 +7.169005144e+01 +7.169005144e+01 -5.5426e-01 +2.1595e-01
1874 +5.079112741e-05 +5.079112741e-05 +7.169005079e+01 +7.169005079e+01 -5.5507e-01 +2.1694e-01
1887 +5.007830561e-05 +5.007830561e-05 +7.169005008e+01 +7.169005008e+01 -5.5484e-01 +2.1627e-01
1951 +4.892077528e-05 +4.892077528e-05 +7.169004892e+01 +7.169004892e+01 -5.5539e-01 +2.1675e-01
2010 +4.767376713e-05 +4.767376713e-05 +7.169004767e+01 +7.169004767e+01 -5.5599e-01 +2.1728e-01
2098 +4.675302671e-05 +4.675302671e-05 +7.169004675e+01 +7.169004675e+01 -5.5647e-01 +2.1767e-01
2119 +4.549791541e-05 +4.549791541e-05 +7.169004550e+01 +7.169004550e+01 -5.5715e-01 +2.1824e-01
2134 +4.359315267e-05 +4.359315267e-05 +7.169004359e+01 +7.169004359e+01 -5.5832e-01 +2.1918e-01
2144 +4.120850454e-05 +4.120850454e-05 +7.169004121e+01 +7.169004121e+01 -5.5953e-01 +2.2030e-01
2212 +4.064787697e-05 +4.064787697e-05 +7.169004065e+01 +7.169004065e+01 -5.6030e-01 +2.2168e-01
2221 +3.979447523e-05 +3.979447523e-05 +7.169003979e+01 +7.169003979e+01 -5.6002e-01 +2.2102e-01
2244 +3.811471581e-05 +3.811471581e-05 +7.169003811e+01 +7.169003811e+01 -5.6152e-01 +2.2199e-01
2252 +3.745564845e-05 +3.745564845e-05 +7.169003746e+01 +7.169003746e+01 -5.6144e-01 +2.2244e-01
2266 +3.646459571e-05 +3.646459571e-05 +7.169003646e+01 +7.169003646e+01 -5.6193e-01 +2.2274e-01
2274 +3.559763789e-05 +3.559763789e-05 +7.169003560e+01 +7.169003560e+01 -5.6297e-01 +2.2331e-01
2381 +3.541158151e-05 +3.541158151e-05 +7.169003541e+01 +7.169003541e+01 -5.6281e-01 +2.2327e-01
2385 +3.336226354e-05 +3.336226354e-05 +7.169003336e+01 +7.169003336e+01 -5.6403e-01 +2.2440e-01
2406 +2.893883703e-05 +2.893883703e-05 +7.169002894e+01 +7.169002894e+01 -5.6751e-01 +2.2736e-01
2420 +2.506214484e-05 +2.506214484e-05 +7.169002506e+01 +7.169002506e+01 -5.7025e-01 +2.3059e-01
2698 +2.444898655e-05 +2.444898655e-05 +7.169002445e+01 +7.169002445e+01 -5.7020e-01 +2.3024e-01
2714 +2.357425645e-05 +2.357425645e-05 +7.169002357e+01 +7.169002357e+01 -5.7100e-01 +2.3079e-01
2774 +2.340788302e-05 +2.340788302e-05 +7.169002341e+01 +7.169002341e+01 -5.7113e-01 +2.3092e-01
2817 +2.276764094e-05 +2.276764094e-05 +7.169002277e+01 +7.169002277e+01 -5.7174e-01 +2.3143e-01
2872 +2.233576762e-05 +2.233576762e-05 +7.169002234e+01 +7.169002234e+01 -5.7197e-01 +2.3184e-01
2927 +2.181923121e-05 +2.181923121e-05 +7.169002182e+01 +7.169002182e+01 -5.7245e-01 +2.3216e-01
2954 +2.132264277e-05 +2.132264277e-05 +7.169002132e+01 +7.169002132e+01 -5.7306e-01 +2.3260e-01
2973 +2.046420313e-05 +2.046420313e-05 +7.169002046e+01 +7.169002046e+01 -5.7409e-01 +2.3343e-01
2981 +2.023417422e-05 +2.023417422e-05 +7.169002023e+01 +7.169002023e+01 -5.7467e-01 +2.3386e-01
2993 +1.811660465e-05 +1.811660465e-05 +7.169001812e+01 +7.169001812e+01 -5.7609e-01 +2.3537e-01
3258 +1.765586765e-05 +1.765586765e-05 +7.169001766e+01 +7.169001766e+01 -5.7650e-01 +2.3579e-01
3273 +1.736475453e-05 +1.736475453e-05 +7.169001736e+01 +7.169001736e+01 -5.7671e-01 +2.3609e-01
3303 +1.679229453e-05 +1.679229453e-05 +7.169001679e+01 +7.169001679e+01 -5.7754e-01 +2.3667e-01
3313 +1.626007659e-05 +1.626007659e-05 +7.169001626e+01 +7.169001626e+01 -5.7824e-01 +2.3726e-01
3336 +1.576063751e-05 +1.576063751e-05 +7.169001576e+01 +7.169001576e+01 -5.7847e-01 +2.3769e-01
3338 +1.518055375e-05 +1.518055375e-05 +7.169001518e+01 +7.169001518e+01 -5.7934e-01 +2.3832e-01
3443 +1.503331852e-05 +1.503331852e-05 +7.169001503e+01 +7.169001503e+01 -5.7935e-01 +2.3843e-01
3515 +1.478316062e-05 +1.478316062e-05 +7.169001478e+01 +7.169001478e+01 -5.7971e-01 +2.3871e-01
3530 +1.443387883e-05 +1.443387883e-05 +7.169001443e+01 +7.169001443e+01 -5.8007e-01 +2.3927e-01
3552 +1.400914924e-05 +1.400914924e-05 +7.169001401e+01 +7.169001401e+01 -5.8064e-01 +2.3957e-01
3568 +1.324104744e-05 +1.324104744e-05 +7.169001324e+01 +7.169001324e+01 -5.8154e-01 +2.4047e-01
3588 +1.314766209e-05 +1.314766209e-05 +7.169001315e+01 +7.169001315e+01 -5.8178e-01 +2.4058e-01
3621 +1.279946810e-05 +1.279946810e-05 +7.169001280e+01 +7.169001280e+01 -5.8216e-01 +2.4099e-01
3641 +1.247585026e-05 +1.247585026e-05 +7.169001248e+01 +7.169001248e+01 -5.8279e-01 +2.4145e-01
3678 +1.221171777e-05 +1.221171777e-05 +7.169001221e+01 +7.169001221e+01 -5.8302e-01 +2.4201e-01
3715 +1.184976811e-05 +1.184976811e-05 +7.169001185e+01 +7.169001185e+01 -5.8357e-01 +2.4221e-01
3794 +1.165526722e-05 +1.165526722e-05 +7.169001166e+01 +7.169001166e+01 -5.8380e-01 +2.4272e-01
3826 +1.140783900e-05 +1.140783900e-05 +7.169001141e+01 +7.169001141e+01 -5.8428e-01 +2.4282e-01
3860 +1.113841068e-05 +1.113841068e-05 +7.169001114e+01 +7.169001114e+01 -5.8447e-01 +2.4315e-01
3876 +1.078117511e-05 +1.078117511e-05 +7.169001078e+01 +7.169001078e+01 -5.8557e-01 +2.4389e-01
3896 +1.055257164e-05 +1.055257164e-05 +7.169001055e+01 +7.169001055e+01 -5.8537e-01 +2.4407e-01
3926 +1.037646045e-05 +1.037646045e-05 +7.169001038e+01 +7.169001038e+01 -5.8563e-01 +2.4425e-01
3963 +1.020987673e-05 +1.020987673e-05 +7.169001021e+01 +7.169001021e+01 -5.8593e-01 +2.4460e-01
3991 +9.851686642e-06 +9.851686642e-06 +7.169000985e+01 +7.169000985e+01 -5.8656e-01 +2.4523e-01
4026 +9.757505225e-06 +9.757505225e-06 +7.169000976e+01 +7.169000976e+01 -5.8663e-01 +2.4520e-01
4039 +9.548598470e-06 +9.548598470e-06 +7.169000955e+01 +7.169000955e+01 -5.8699e-01 +2.4545e-01
4043 +9.170102757e-06 +9.170102757e-06 +7.169000917e+01 +7.169000917e+01 -5.8768e-01 +2.4603e-01
4063 +9.076659609e-06 +9.076659609e-06 +7.169000908e+01 +7.169000908e+01 -5.8786e-01 +2.4618e-01
4187 +8.883279534e-06 +8.883279534e-06 +7.169000888e+01 +7.169000888e+01 -5.8813e-01 +2.4653e-01
4227 +8.704016025e-06 +8.704016025e-06 +7.169000870e+01 +7.169000870e+01 -5.8863e-01 +2.4717e-01
4229 +8.227544200e-06 +8.227544200e-06 +7.169000823e+01 +7.169000823e+01 -5.8933e-01 +2.4762e-01
4272 +8.092361114e-06 +8.092361114e-06 +7.169000809e+01 +7.169000809e+01 -5.8959e-01 +2.4791e-01
4416 +7.929370128e-06 +7.929370128e-06 +7.169000793e+01 +7.169000793e+01 -5.9000e-01 +2.4813e-01
4438 +7.725765414e-06 +7.725765414e-06 +7.169000773e+01 +7.169000773e+01 -5.9032e-01 +2.4849e-01
4477 +7.581703102e-06 +7.581703102e-06 +7.169000758e+01 +7.169000758e+01 -5.9109e-01 +2.4897e-01
4497 +7.312947304e-06 +7.312947304e-06 +7.169000731e+01 +7.169000731e+01 -5.9128e-01 +2.4957e-01
4509 +7.200146769e-06 +7.200146769e-06 +7.169000720e+01 +7.169000720e+01 -5.9142e-01 +2.4963e-01
4526 +6.972531281e-06 +6.972531281e-06 +7.169000697e+01 +7.169000697e+01 -5.9235e-01 +2.5068e-01
4531 +6.268664137e-06 +6.268664137e-06 +7.169000627e+01 +7.169000627e+01 -5.9352e-01 +2.5159e-01
4574 +5.960544740e-06 +5.960544740e-06 +7.169000596e+01 +7.169000596e+01 -5.9426e-01 +2.5227e-01
4600 +5.799088171e-06 +5.799088171e-06 +7.169000580e+01 +7.169000580e+01 -5.9457e-01 +2.5245e-01
4604 +5.499997926e-06 +5.499997926e-06 +7.169000550e+01 +7.169000550e+01 -5.9542e-01 +2.5334e-01
4701 +5.442789700e-06 +5.442789700e-06 +7.169000544e+01 +7.169000544e+01 -5.9552e-01 +2.5324e-01
4746 +5.363412285e-06 +5.363412285e-06 +7.169000536e+01 +7.169000536e+01 -5.9576e-01 +2.5344e-01
% function evaluation | noise-free fitness - Fopt (2.140100000000e+02) | best noise-free fitness - Fopt | measured fitness | best measured fitness | x1 | x2...
1 +2.503737427e-01 +2.503737427e-01 +2.142603737e+02 +2.142603737e+02 +0.0000e+00 +0.0000e+00
6 +1.681784840e-01 +1.681784840e-01 +2.141781785e+02 +2.141781785e+02 -1.2867e-01 -3.8369e-01
14 +4.150370909e-02 +4.150370909e-02 +2.140515037e+02 +2.140515037e+02 -1.2362e-02 +2.6401e-01
99 +2.725079201e-02 +2.725079201e-02 +2.140372508e+02 +2.140372508e+02 +1.0552e-01 -1.6723e-01
116 +1.572890120e-02 +1.572890120e-02 +2.140257289e+02 +2.140257289e+02 +1.2534e-01 -2.0744e-01
% function evaluation | noise-free fitness - Fopt (-5.848000000000e+01) | best noise-free fitness - Fopt | measured fitness | best measured fitness | x1 | x2...
1 +2.503737427e-01 +2.503737427e-01 -5.822962626e+01 -5.822962626e+01 +0.0000e+00 +0.0000e+00
38 +1.740060726e-01 +1.740060726e-01 -5.830599393e+01 -5.830599393e+01 +2.9254e-01 +5.9640e-01
43 +5.753905199e-02 +5.753905199e-02 -5.842246095e+01 -5.842246095e+01 -1.4232e-01 +3.8092e-01
356 +4.841965933e-02 +4.841965933e-02 -5.843158034e+01 -5.843158034e+01 +4.8100e-01 -2.3872e-01
416 +2.046829888e-02 +2.046829888e-02 -5.845953170e+01 -5.845953170e+01 -3.4783e-01 +1.0901e+00
1939 +1.571017140e-02 +1.571017140e-02 -5.846428983e+01 -5.846428983e+01 -9.0277e-02 +1.2680e+00
% function evaluation | noise-free fitness - Fopt (-6.130800000000e+02) | best noise-free fitness - Fopt | measured fitness | best measured fitness | x1 | x2...
1 +2.503737427e-01 +2.503737427e-01 -6.128296263e+02 -6.128296263e+02 +0.0000e+00 +0.0000e+00
15 +4.014066204e-02 +4.014066204e-02 -6.130398593e+02 -6.130398593e+02 +5.2822e-03 +8.2674e-02
65 +4.552325845e-04 +4.552325845e-04 -6.130795448e+02 -6.130795448e+02 +4.8283e-01 +1.7968e-01
2370 +4.088413559e-04 +4.088413559e-04 -6.130795912e+02 -6.130795912e+02 +4.8632e-01 +1.8312e-01
2396 +4.000084510e-04 +4.000084510e-04 -6.130796000e+02 -6.130796000e+02 +4.8542e-01 +1.8308e-01
2445 +3.904627720e-04 +3.904627720e-04 -6.130796095e+02 -6.130796095e+02 +4.8625e-01 +1.8397e-01
2464 +3.836633931e-04 +3.836633931e-04 -6.130796163e+02 -6.130796163e+02 +4.8687e-01 +1.8457e-01
2465 +3.796282256e-04 +3.796282256e-04 -6.130796204e+02 -6.130796204e+02 +4.8733e-01 +1.8484e-01
2490 +3.662094493e-04 +3.662094493e-04 -6.130796338e+02 -6.130796338e+02 +4.8864e-01 +1.8605e-01
2493 +3.557295929e-04 +3.557295929e-04 -6.130796443e+02 -6.130796443e+02 +4.8965e-01 +1.8749e-01
2510 +3.530922753e-04 +3.530922753e-04 -6.130796469e+02 -6.130796469e+02 +4.8989e-01 +1.8727e-01
2531 +3.403510581e-04 +3.403510581e-04 -6.130796596e+02 -6.130796596e+02 +4.9151e-01 +1.8951e-01
2541 +3.156167883e-04 +3.156167883e-04 -6.130796844e+02 -6.130796844e+02 +4.9455e-01 +1.9125e-01
2555 +3.065730923e-04 +3.065730923e-04 -6.130796934e+02 -6.130796934e+02 +4.9507e-01 +1.9286e-01
2558 +3.004490376e-04 +3.004490376e-04 -6.130796996e+02 -6.130796996e+02 +4.9601e-01 +1.9274e-01
2572 +2.810356946e-04 +2.810356946e-04 -6.130797190e+02 -6.130797190e+02 +4.9797e-01 +1.9562e-01
2585 +2.714415199e-04 +2.714415199e-04 -6.130797286e+02 -6.130797286e+02 +4.9885e-01 +1.9627e-01
2596 +2.194490646e-04 +2.194490646e-04 -6.130797806e+02 -6.130797806e+02 +5.0953e-01 +2.0492e-01
2881 +2.183593792e-04 +2.183593792e-04 -6.130797816e+02 -6.130797816e+02 +5.0608e-01 +2.0336e-01
2897 +2.083946612e-04 +2.083946612e-04 -6.130797916e+02 -6.130797916e+02 +5.0723e-01 +2.0390e-01
2947 +2.027482604e-04 +2.027482604e-04 -6.130797973e+02 -6.130797973e+02 +5.0830e-01 +2.0473e-01
2957 +1.989112893e-04 +1.989112893e-04 -6.130798011e+02 -6.130798011e+02 +5.0891e-01 +2.0604e-01
2974 +1.929553932e-04 +1.929553932e-04 -6.130798070e+02 -6.130798070e+02 +5.0957e-01 +2.0619e-01
2980 +1.883715903e-04 +1.883715903e-04 -6.130798116e+02 -6.130798116e+02 +5.1034e-01 +2.0686e-01
3015 +1.858665502e-04 +1.858665502e-04 -6.130798141e+02 -6.130798141e+02 +5.1067e-01 +2.0739e-01
3074 +1.817628913e-04 +1.817628913e-04 -6.130798182e+02 -6.130798182e+02 +5.1144e-01 +2.0831e-01
3101 +1.760752704e-04 +1.760752704e-04 -6.130798239e+02 -6.130798239e+02 +5.1237e-01 +2.0882e-01
3108 +1.726173240e-04 +1.726173240e-04 -6.130798274e+02 -6.130798274e+02 +5.1333e-01 +2.1036e-01
3110 +1.695818604e-04 +1.695818604e-04 -6.130798304e+02 -6.130798304e+02 +5.1349e-01 +2.0989e-01
3123 +1.644694065e-04 +1.644694065e-04 -6.130798355e+02 -6.130798355e+02 +5.1450e-01 +2.1134e-01
3133 +1.593803210e-04 +1.593803210e-04 -6.130798406e+02 -6.130798406e+02 +5.1551e-01 +2.1168e-01
3166 +1.563742976e-04 +1.563742976e-04 -6.130798436e+02 -6.130798436e+02 +5.1588e-01 +2.1218e-01
3182 +1.548463522e-04 +1.548463522e-04 -6.130798452e+02 -6.130798452e+02 +5.1606e-01 +2.1253e-01
3197 +1.497230402e-04 +1.497230402e-04 -6.130798503e+02 -6.130798503e+02 +5.1714e-01 +2.1339e-01
3202 +1.462306767e-04 +1.462306767e-04 -6.130798538e+02 -6.130798538e+02 +5.1869e-01 +2.1447e-01
3220 +1.438166231e-04 +1.438166231e-04 -6.130798562e+02 -6.130798562e+02 +5.1821e-01 +2.1477e-01
3372 +1.399244405e-04 +1.399244405e-04 -6.130798601e+02 -6.130798601e+02 +5.1900e-01 +2.1526e-01
3397 +1.371065705e-04 +1.371065705e-04 -6.130798629e+02 -6.130798629e+02 +5.2021e-01 +2.1605e-01
3435 +1.339106866e-04 +1.339106866e-04 -6.130798661e+02 -6.130798661e+02 +5.2027e-01 +2.1645e-01
3445 +1.317823429e-04 +1.317823429e-04 -6.130798682e+02 -6.130798682e+02 +5.2063e-01 +2.1700e-01
3458 +1.250688935e-04 +1.250688935e-04 -6.130798749e+02 -6.130798749e+02 +5.2292e-01 +2.1977e-01
3479 +1.147113395e-04 +1.147113395e-04 -6.130798853e+02 -6.130798853e+02 +5.2610e-01 +2.2148e-01
3493 +1.052578627e-04 +1.052578627e-04 -6.130798947e+02 -6.130798947e+02 +5.2770e-01 +2.2445e-01
3532 +1.037224747e-04 +1.037224747e-04 -6.130798963e+02 -6.130798963e+02 +5.2748e-01 +2.2326e-01
3550 +9.973497379e-05 +9.973497379e-05 -6.130799003e+02 -6.130799003e+02 +5.2823e-01 +2.2418e-01
3619 +9.385782255e-05 +9.385782255e-05 -6.130799061e+02 -6.130799061e+02 +5.2974e-01 +2.2573e-01
3630 +8.638429154e-05 +8.638429154e-05 -6.130799136e+02 -6.130799136e+02 +5.3189e-01 +2.2777e-01
3690 +8.395131272e-05 +8.395131272e-05 -6.130799160e+02 -6.130799160e+02 +5.3263e-01 +2.2880e-01
3725 +8.260049196e-05 +8.260049196e-05 -6.130799174e+02 -6.130799174e+02 +5.3296e-01 +2.2898e-01
3734 +8.117584935e-05 +8.117584935e-05 -6.130799188e+02 -6.130799188e+02 +5.3347e-01 +2.2963e-01
3763 +7.929913909e-05 +7.929913909e-05 -6.130799207e+02 -6.130799207e+02 +5.3407e-01 +2.2986e-01
3779 +7.729323704e-05 +7.729323704e-05 -6.130799227e+02 -6.130799227e+02 +5.3462e-01 +2.3050e-01
3874 +7.537734155e-05 +7.537734155e-05 -6.130799246e+02 -6.130799246e+02 +5.3523e-01 +2.3112e-01
3880 +7.313793981e-05 +7.313793981e-05 -6.130799269e+02 -6.130799269e+02 +5.3596e-01 +2.3194e-01
3899 +7.201617825e-05 +7.201617825e-05 -6.130799280e+02 -6.130799280e+02 +5.3692e-01 +2.3328e-01
3908 +7.024294700e-05 +7.024294700e-05 -6.130799298e+02 -6.130799298e+02 +5.3929e-01 +2.3426e-01
3916 +6.630028804e-05 +6.630028804e-05 -6.130799337e+02 -6.130799337e+02 +5.3866e-01 +2.3486e-01
3917 +5.986160397e-05 +5.986160397e-05 -6.130799401e+02 -6.130799401e+02 +5.4086e-01 +2.3689e-01
3939 +5.577549530e-05 +5.577549530e-05 -6.130799442e+02 -6.130799442e+02 +5.4237e-01 +2.3807e-01
3980 +5.481721951e-05 +5.481721951e-05 -6.130799452e+02 -6.130799452e+02 +5.4315e-01 +2.3929e-01
3990 +5.119471473e-05 +5.119471473e-05 -6.130799488e+02 -6.130799488e+02 +5.4470e-01 +2.4009e-01
3995 +4.975845013e-05 +4.975845013e-05 -6.130799502e+02 -6.130799502e+02 +5.4645e-01 +2.4149e-01
4005 +4.761134676e-05 +4.761134676e-05 -6.130799524e+02 -6.130799524e+02 +5.4853e-01 +2.4333e-01
4011 +4.469397265e-05 +4.469397265e-05 -6.130799553e+02 -6.130799553e+02 +5.4730e-01 +2.4308e-01
4028 +4.217409389e-05 +4.217409389e-05 -6.130799578e+02 -6.130799578e+02 +5.4853e-01 +2.4419e-01
4095 +4.131300841e-05 +4.131300841e-05 -6.130799587e+02 -6.130799587e+02 +5.4912e-01 +2.4500e-01
4100 +4.033883681e-05 +4.033883681e-05 -6.130799597e+02 -6.130799597e+02 +5.4948e-01 +2.4511e-01
4153 +3.980746203e-05 +3.980746203e-05 -6.130799602e+02 -6.130799602e+02 +5.4978e-01 +2.4536e-01
4188 +3.853187297e-05 +3.853187297e-05 -6.130799615e+02 -6.130799615e+02 +5.5044e-01 +2.4608e-01
4243 +3.763613097e-05 +3.763613097e-05 -6.130799624e+02 -6.130799624e+02 +5.5110e-01 +2.4653e-01
4302 +3.701023786e-05 +3.701023786e-05 -6.130799630e+02 -6.130799630e+02 +5.5135e-01 +2.4685e-01
4341 +3.623833641e-05 +3.623833641e-05 -6.130799638e+02 -6.130799638e+02 +5.5193e-01 +2.4732e-01
4384 +3.520629343e-05 +3.520629343e-05 -6.130799648e+02 -6.130799648e+02 +5.5234e-01 +2.4789e-01
4417 +3.447201368e-05 +3.447201368e-05 -6.130799655e+02 -6.130799655e+02 +5.5275e-01 +2.4840e-01
4451 +3.383423586e-05 +3.383423586e-05 -6.130799662e+02 -6.130799662e+02 +5.5319e-01 +2.4868e-01
4481 +3.297544436e-05 +3.297544436e-05 -6.130799670e+02 -6.130799670e+02 +5.5400e-01 +2.4930e-01
4482 +3.175923678e-05 +3.175923678e-05 -6.130799682e+02 -6.130799682e+02 +5.5487e-01 +2.5011e-01
4503 +3.131720962e-05 +3.131720962e-05 -6.130799687e+02 -6.130799687e+02 +5.5491e-01 +2.5026e-01
4522 +3.063414522e-05 +3.063414522e-05 -6.130799694e+02 -6.130799694e+02 +5.5520e-01 +2.5091e-01
4524 +2.963942143e-05 +2.963942143e-05 -6.130799704e+02 -6.130799704e+02 +5.5600e-01 +2.5135e-01
4533 +2.939603814e-05 +2.939603814e-05 -6.130799706e+02 -6.130799706e+02 +5.5631e-01 +2.5219e-01
4550 +2.807941155e-05 +2.807941155e-05 -6.130799719e+02 -6.130799719e+02 +5.5931e-01 +2.5407e-01
4561 +2.740927789e-05 +2.740927789e-05 -6.130799726e+02 -6.130799726e+02 +5.5785e-01 +2.5304e-01
4562 +2.553944273e-05 +2.553944273e-05 -6.130799745e+02 -6.130799745e+02 +5.5892e-01 +2.5423e-01
4645 +2.496762659e-05 +2.496762659e-05 -6.130799750e+02 -6.130799750e+02 +5.5924e-01 +2.5461e-01
4660 +2.417687199e-05 +2.417687199e-05 -6.130799758e+02 -6.130799758e+02 +5.5974e-01 +2.5524e-01
4663 +2.394685930e-05 +2.394685930e-05 -6.130799761e+02 -6.130799761e+02 +5.6004e-01 +2.5540e-01
4667 +2.313621928e-05 +2.313621928e-05 -6.130799769e+02 -6.130799769e+02 +5.6074e-01 +2.5606e-01
4770 +2.282122387e-05 +2.282122387e-05 -6.130799772e+02 -6.130799772e+02 +5.6087e-01 +2.5628e-01
% function evaluation | noise-free fitness - Fopt (3.670000000000e+01) | best noise-free fitness - Fopt | measured fitness | best measured fitness | x1 | x2...
1 +2.503737427e-01 +2.503737427e-01 +3.695037374e+01 +3.695037374e+01 +0.0000e+00 +0.0000e+00
8 +7.880777549e-02 +7.880777549e-02 +3.677880778e+01 +3.677880778e+01 +2.1153e-01 +9.8243e-02
9 +2.689689312e-02 +2.689689312e-02 +3.672689689e+01 +3.672689689e+01 +1.6776e-01 -4.3014e-01
64 +7.750350369e-04 +7.750350369e-04 +3.670077504e+01 +3.670077504e+01 +4.3665e-01 -6.3528e-01
126 +5.240017914e-04 +5.240017914e-04 +3.670052400e+01 +3.670052400e+01 +5.5746e-01 -7.3283e-01
443 +4.901783173e-05 +4.901783173e-05 +3.670004902e+01 +3.670004902e+01 +3.4340e-01 -5.6316e-01
% function evaluation | noise-free fitness - Fopt (-3.813000000000e+01) | best noise-free fitness - Fopt | measured fitness | best measured fitness | x1 | x2...
1 +2.503737427e-01 +2.503737427e-01 -3.787962626e+01 -3.787962626e+01 +0.0000e+00 +0.0000e+00
2 +2.350479405e-02 +2.350479405e-02 -3.810649521e+01 -3.810649521e+01 -7.3151e-02 +2.7233e-01
155 +2.045967647e-02 +2.045967647e-02 -3.810954032e+01 -3.810954032e+01 -8.4975e-02 +2.7633e-01
164 +7.492599951e-03 +7.492599951e-03 -3.812250740e+01 -3.812250740e+01 -5.5111e-02 +3.3260e-01
245 +4.393232070e-03 +4.393232070e-03 -3.812560677e+01 -3.812560677e+01 -3.5839e-02 +3.7626e-01
265 +2.899076781e-03 +2.899076781e-03 -3.812710092e+01 -3.812710092e+01 -2.3093e-02 +4.0744e-01
298 +1.123388395e-03 +1.123388395e-03 -3.812887661e+01 -3.812887661e+01 +1.1549e-01 +6.9576e-01
325 +4.430330647e-05 +4.430330647e-05 -3.812995570e+01 -3.812995570e+01 +1.3003e-01 +7.1595e-01
1178 +4.353689364e-05 +4.353689364e-05 -3.812995646e+01 -3.812995646e+01 +6.8761e-02 +5.9568e-01
1192 +4.033532223e-05 +4.033532223e-05 -3.812995966e+01 -3.812995966e+01 +7.0560e-02 +5.9830e-01
1227 +3.903459807e-05 +3.903459807e-05 -3.812996097e+01 -3.812996097e+01 +7.0325e-02 +5.9901e-01
1260 +3.884461265e-05 +3.884461265e-05 -3.812996116e+01 -3.812996116e+01 +7.0435e-02 +5.9860e-01
1267 +3.688448208e-05 +3.688448208e-05 -3.812996312e+01 -3.812996312e+01 +7.1067e-02 +5.9995e-01
1281 +3.367660660e-05 +3.367660660e-05 -3.812996632e+01 -3.812996632e+01 +7.2698e-02 +6.0264e-01
1308 +3.151143085e-05 +3.151143085e-05 -3.812996849e+01 -3.812996849e+01 +7.3090e-02 +6.0410e-01
1419 +3.074970181e-05 +3.074970181e-05 -3.812996925e+01 -3.812996925e+01 +7.3563e-02 +6.0461e-01
1441 +3.004424642e-05 +3.004424642e-05 -3.812996996e+01 -3.812996996e+01 +7.3726e-02 +6.0517e-01
1444 +2.950686579e-05 +2.950686579e-05 -3.812997049e+01 -3.812997049e+01 +7.4145e-02 +6.0568e-01
1472 +2.819611154e-05 +2.819611154e-05 -3.812997180e+01 -3.812997180e+01 +7.4580e-02 +6.0671e-01
1562 +2.813267226e-05 +2.813267226e-05 -3.812997187e+01 -3.812997187e+01 +7.4541e-02 +6.0688e-01
1577 +2.733093275e-05 +2.733093275e-05 -3.812997267e+01 -3.812997267e+01 +7.5083e-02 +6.0834e-01
1579 +2.647742712e-05 +2.647742712e-05 -3.812997352e+01 -3.812997352e+01 +7.5376e-02 +6.0877e-01
1585 +2.539391411e-05 +2.539391411e-05 -3.812997461e+01 -3.812997461e+01 +7.5904e-02 +6.0925e-01
1592 +2.487545479e-05 +2.487545479e-05 -3.812997512e+01 -3.812997512e+01 +7.6090e-02 +6.0999e-01
1604 +2.154253556e-05 +2.154253556e-05 -3.812997846e+01 -3.812997846e+01 +7.8185e-02 +6.1447e-01
1620 +2.034844430e-05 +2.034844430e-05 -3.812997965e+01 -3.812997965e+01 +7.8796e-02 +6.1459e-01
1641 +1.882554206e-05 +1.882554206e-05 -3.812998117e+01 -3.812998117e+01 +7.9506e-02 +6.1617e-01
1663 +1.784329000e-05 +1.784329000e-05 -3.812998216e+01 -3.812998216e+01 +8.0358e-02 +6.1757e-01
1674 +1.724894405e-05 +1.724894405e-05 -3.812998275e+01 -3.812998275e+01 +8.0753e-02 +6.1833e-01
1695 +1.669827338e-05 +1.669827338e-05 -3.812998330e+01 -3.812998330e+01 +8.0851e-02 +6.1925e-01
1699 +1.598261327e-05 +1.598261327e-05 -3.812998402e+01 -3.812998402e+01 +8.1373e-02 +6.1977e-01
1724 +1.572820719e-05 +1.572820719e-05 -3.812998427e+01 -3.812998427e+01 +8.1525e-02 +6.2011e-01
1747 +1.518491194e-05 +1.518491194e-05 -3.812998482e+01 -3.812998482e+01 +8.2261e-02 +6.2229e-01
1748 +1.508470631e-05 +1.508470631e-05 -3.812998492e+01 -3.812998492e+01 +8.2441e-02 +6.2270e-01
1795 +1.423638034e-05 +1.423638034e-05 -3.812998576e+01 -3.812998576e+01 +8.2596e-02 +6.2224e-01
1828 +1.367709707e-05 +1.367709707e-05 -3.812998632e+01 -3.812998632e+01 +8.3048e-02 +6.2307e-01
1841 +1.319171521e-05 +1.319171521e-05 -3.812998681e+01 -3.812998681e+01 +8.3455e-02 +6.2382e-01
1843 +1.303149825e-05 +1.303149825e-05 -3.812998697e+01 -3.812998697e+01 +8.4299e-02 +6.2489e-01
1852 +1.260164725e-05 +1.260164725e-05 -3.812998740e+01 -3.812998740e+01 +8.3895e-02 +6.2483e-01
1869 +1.237551496e-05 +1.237551496e-05 -3.812998762e+01 -3.812998762e+01 +8.4333e-02 +6.2612e-01
1871 +1.152362209e-05 +1.152362209e-05 -3.812998848e+01 -3.812998848e+01 +8.5045e-02 +6.2668e-01
1876 +1.139995528e-05 +1.139995528e-05 -3.812998860e+01 -3.812998860e+01 +8.6065e-02 +6.2813e-01
1895 +8.596183257e-06 +8.596183257e-06 -3.812999140e+01 -3.812999140e+01 +8.7836e-02 +6.3243e-01
1957 +8.183785759e-06 +8.183785759e-06 -3.812999182e+01 -3.812999182e+01 +8.8323e-02 +6.3324e-01
2029 +7.914249153e-06 +7.914249153e-06 -3.812999209e+01 -3.812999209e+01 +8.8761e-02 +6.3387e-01
2045 +7.295523609e-06 +7.295523609e-06 -3.812999270e+01 -3.812999270e+01 +8.9457e-02 +6.3533e-01
2053 +7.082089006e-06 +7.082089006e-06 -3.812999292e+01 -3.812999292e+01 +8.9723e-02 +6.3589e-01
2070 +6.959727614e-06 +6.959727614e-06 -3.812999304e+01 -3.812999304e+01 +9.0216e-02 +6.3646e-01
2128 +6.883286957e-06 +6.883286957e-06 -3.812999312e+01 -3.812999312e+01 +9.0104e-02 +6.3643e-01
2160 +6.696220630e-06 +6.696220630e-06 -3.812999330e+01 -3.812999330e+01 +9.0358e-02 +6.3692e-01
2165 +6.575674064e-06 +6.575674064e-06 -3.812999342e+01 -3.812999342e+01 +9.0428e-02 +6.3721e-01
2218 +6.402058780e-06 +6.402058780e-06 -3.812999360e+01 -3.812999360e+01 +9.0671e-02 +6.3770e-01
2230 +6.301437899e-06 +6.301437899e-06 -3.812999370e+01 -3.812999370e+01 +9.0836e-02 +6.3796e-01
2262 +5.989372745e-06 +5.989372745e-06 -3.812999401e+01 -3.812999401e+01 +9.1291e-02 +6.3903e-01
2440 +5.881134150e-06 +5.881134150e-06 -3.812999412e+01 -3.812999412e+01 +9.1448e-02 +6.3921e-01
2469 +5.738988612e-06 +5.738988612e-06 -3.812999426e+01 -3.812999426e+01 +9.1677e-02 +6.3961e-01
2492 +5.560608230e-06 +5.560608230e-06 -3.812999444e+01 -3.812999444e+01 +9.1974e-02 +6.4034e-01
2514 +5.482535535e-06 +5.482535535e-06 -3.812999452e+01 -3.812999452e+01 +9.2255e-02 +6.4047e-01
2536 +5.345326223e-06 +5.345326223e-06 -3.812999465e+01 -3.812999465e+01 +9.2326e-02 +6.4082e-01
2627 +5.240986532e-06 +5.240986532e-06 -3.812999476e+01 -3.812999476e+01 +9.2489e-02 +6.4121e-01
2665 +5.087346430e-06 +5.087346430e-06 -3.812999491e+01 -3.812999491e+01 +9.2754e-02 +6.4171e-01
2689 +4.994697598e-06 +4.994697598e-06 -3.812999501e+01 -3.812999501e+01 +9.3031e-02 +6.4200e-01
2703 +4.805958028e-06 +4.805958028e-06 -3.812999519e+01 -3.812999519e+01 +9.3257e-02 +6.4266e-01
2718 +4.646682775e-06 +4.646682775e-06 -3.812999535e+01 -3.812999535e+01 +9.3577e-02 +6.4340e-01
2756 +4.556171987e-06 +4.556171987e-06 -3.812999544e+01 -3.812999544e+01 +9.3821e-02 +6.4397e-01
2764 +4.375760319e-06 +4.375760319e-06 -3.812999562e+01 -3.812999562e+01 +9.4072e-02 +6.4422e-01
2776 +4.343296901e-06 +4.343296901e-06 -3.812999566e+01 -3.812999566e+01 +9.4169e-02 +6.4453e-01
2778 +4.228535367e-06 +4.228535367e-06 -3.812999577e+01 -3.812999577e+01 +9.4368e-02 +6.4475e-01
2782 +3.899449538e-06 +3.899449538e-06 -3.812999610e+01 -3.812999610e+01 +9.5061e-02 +6.4603e-01
2813 +3.846513195e-06 +3.846513195e-06 -3.812999615e+01 -3.812999615e+01 +9.5174e-02 +6.4636e-01
2860 +3.573671528e-06 +3.573671528e-06 -3.812999643e+01 -3.812999643e+01 +9.5885e-02 +6.4743e-01
2869 +3.428692288e-06 +3.428692288e-06 -3.812999657e+01 -3.812999657e+01 +9.6122e-02 +6.4808e-01
2923 +3.385140822e-06 +3.385140822e-06 -3.812999661e+01 -3.812999661e+01 +9.6311e-02 +6.4826e-01
2941 +3.297737123e-06 +3.297737123e-06 -3.812999670e+01 -3.812999670e+01 +9.6463e-02 +6.4884e-01
2973 +3.231203927e-06 +3.231203927e-06 -3.812999677e+01 -3.812999677e+01 +9.6633e-02 +6.4895e-01
3016 +3.050184858e-06 +3.050184858e-06 -3.812999695e+01 -3.812999695e+01 +9.7098e-02 +6.4983e-01
3018 +2.881224198e-06 +2.881224198e-06 -3.812999712e+01 -3.812999712e+01 +9.7821e-02 +6.5094e-01
3167 +2.814129317e-06 +2.814129317e-06 -3.812999719e+01 -3.812999719e+01 +9.7753e-02 +6.5104e-01
3192 +2.713286236e-06 +2.713286236e-06 -3.812999729e+01 -3.812999729e+01 +9.7996e-02 +6.5166e-01
3215 +2.685027077e-06 +2.685027077e-06 -3.812999731e+01 -3.812999731e+01 +9.8076e-02 +6.5178e-01
3294 +2.626017462e-06 +2.626017462e-06 -3.812999737e+01 -3.812999737e+01 +9.8252e-02 +6.5216e-01
3325 +2.527303458e-06 +2.527303458e-06 -3.812999747e+01 -3.812999747e+01 +9.8619e-02 +6.5263e-01
3335 +2.507028306e-06 +2.507028306e-06 -3.812999749e+01 -3.812999749e+01 +9.8627e-02 +6.5291e-01
3370 +2.371820386e-06 +2.371820386e-06 -3.812999763e+01 -3.812999763e+01 +9.9033e-02 +6.5362e-01
3403 +2.337262437e-06 +2.337262437e-06 -3.812999766e+01 -3.812999766e+01 +9.9142e-02 +6.5377e-01
3416 +2.276125628e-06 +2.276125628e-06 -3.812999772e+01 -3.812999772e+01 +9.9342e-02 +6.5414e-01
3424 +2.186926174e-06 +2.186926174e-06 -3.812999781e+01 -3.812999781e+01 +9.9754e-02 +6.5516e-01
3442 +2.006478823e-06 +2.006478823e-06 -3.812999799e+01 -3.812999799e+01 +1.0045e-01 +6.5651e-01
3451 +1.755303380e-06 +1.755303380e-06 -3.812999824e+01 -3.812999824e+01 +1.0124e-01 +6.5777e-01
3494 +1.606750025e-06 +1.606750025e-06 -3.812999839e+01 -3.812999839e+01 +1.0201e-01 +6.5940e-01
3579 +1.560701051e-06 +1.560701051e-06 -3.812999844e+01 -3.812999844e+01 +1.0246e-01 +6.5967e-01
3588 +1.454564298e-06 +1.454564298e-06 -3.812999855e+01 -3.812999855e+01 +1.0258e-01 +6.6034e-01
3622 +1.408293507e-06 +1.408293507e-06 -3.812999859e+01 -3.812999859e+01 +1.0347e-01 +6.6145e-01
3636 +1.373088679e-06 +1.373088679e-06 -3.812999863e+01 -3.812999863e+01 +1.0296e-01 +6.6103e-01
3639 +1.263006872e-06 +1.263006872e-06 -3.812999874e+01 -3.812999874e+01 +1.0351e-01 +6.6194e-01
3646 +1.248669932e-06 +1.248669932e-06 -3.812999875e+01 -3.812999875e+01 +1.0363e-01 +6.6210e-01
3661 +1.185260707e-06 +1.185260707e-06 -3.812999881e+01 -3.812999881e+01 +1.0423e-01 +6.6305e-01
3673 +1.126878153e-06 +1.126878153e-06 -3.812999887e+01 -3.812999887e+01 +1.0426e-01 +6.6346e-01
3678 +1.053195383e-06 +1.053195383e-06 -3.812999895e+01 -3.812999895e+01 +1.0529e-01 +6.6491e-01
3682 +9.489221497e-07 +9.489221497e-07 -3.812999905e+01 -3.812999905e+01 +1.0535e-01 +6.6551e-01
3736 +9.296165544e-07 +9.296165544e-07 -3.812999907e+01 -3.812999907e+01 +1.0573e-01 +6.6588e-01
3774 +9.043648603e-07 +9.043648603e-07 -3.812999910e+01 -3.812999910e+01 +1.0565e-01 +6.6611e-01
3790 +8.872571868e-07 +8.872571868e-07 -3.812999911e+01 -3.812999911e+01 +1.0575e-01 +6.6625e-01
3842 +8.704315491e-07 +8.704315491e-07 -3.812999913e+01 -3.812999913e+01 +1.0586e-01 +6.6638e-01
3859 +8.443898807e-07 +8.443898807e-07 -3.812999916e+01 -3.812999916e+01 +1.0605e-01 +6.6672e-01
3877 +8.210531419e-07 +8.210531419e-07 -3.812999918e+01 -3.812999918e+01 +1.0622e-01 +6.6703e-01
3909 +8.090467887e-07 +8.090467887e-07 -3.812999919e+01 -3.812999919e+01 +1.0630e-01 +6.6725e-01
3959 +7.742824124e-07 +7.742824124e-07 -3.812999923e+01 -3.812999923e+01 +1.0656e-01 +6.6771e-01
4001 +7.562462869e-07 +7.562462869e-07 -3.812999924e+01 -3.812999924e+01 +1.0670e-01 +6.6794e-01
4050 +7.371550481e-07 +7.371550481e-07 -3.812999926e+01 -3.812999926e+01 +1.0690e-01 +6.6824e-01
4068 +7.169467935e-07 +7.169467935e-07 -3.812999928e+01 -3.812999928e+01 +1.0702e-01 +6.6864e-01
4078 +6.848197245e-07 +6.848197245e-07 -3.812999932e+01 -3.812999932e+01 +1.0727e-01 +6.6903e-01
4108 +6.698492641e-07 +6.698492641e-07 -3.812999933e+01 -3.812999933e+01 +1.0745e-01 +6.6927e-01
4160 +6.470674592e-07 +6.470674592e-07 -3.812999935e+01 -3.812999935e+01 +1.0764e-01 +6.6983e-01
4173 +6.371490571e-07 +6.371490571e-07 -3.812999936e+01 -3.812999936e+01 +1.0773e-01 +6.6979e-01
4219 +5.828923761e-07 +5.828923761e-07 -3.812999942e+01 -3.812999942e+01 +1.0821e-01 +6.7070e-01
4247 +5.591371064e-07 +5.591371064e-07 -3.812999944e+01 -3.812999944e+01 +1.0840e-01 +6.7113e-01
4376 +5.469249302e-07 +5.469249302e-07 -3.812999945e+01 -3.812999945e+01 +1.0852e-01 +6.7135e-01
4458 +5.327709047e-07 +5.327709047e-07 -3.812999947e+01 -3.812999947e+01 +1.0866e-01 +6.7161e-01
4491 +5.197923727e-07 +5.197923727e-07 -3.812999948e+01 -3.812999948e+01 +1.0883e-01 +6.7205e-01
4498 +5.038018216e-07 +5.038018216e-07 -3.812999950e+01 -3.812999950e+01 +1.0896e-01 +6.7215e-01
4535 +5.009423276e-07 +5.009423276e-07 -3.812999950e+01 -3.812999950e+01 +1.0902e-01 +6.7222e-01
4554 +4.888097678e-07 +4.888097678e-07 -3.812999951e+01 -3.812999951e+01 +1.0911e-01 +6.7251e-01
4604 +4.744469919e-07 +4.744469919e-07 -3.812999953e+01 -3.812999953e+01 +1.0926e-01 +6.7276e-01
4615 +4.673025984e-07 +4.673025984e-07 -3.812999953e+01 -3.812999953e+01 +1.0934e-01 +6.7291e-01
4654 +4.534729712e-07 +4.534729712e-07 -3.812999955e+01 -3.812999955e+01 +1.0950e-01 +6.7325e-01
4666 +4.435801060e-07 +4.435801060e-07 -3.812999956e+01 -3.812999956e+01 +1.0964e-01 +6.7355e-01
4689 +4.283471995e-07 +4.283471995e-07 -3.812999957e+01 -3.812999957e+01 +1.0978e-01 +6.7372e-01
4703 +4.224422483e-07 +4.224422483e-07 -3.812999958e+01 -3.812999958e+01 +1.0987e-01 +6.7384e-01
4708 +4.034118675e-07 +4.034118675e-07 -3.812999960e+01 -3.812999960e+01 +1.1009e-01 +6.7426e-01
4718 +3.846747134e-07 +3.846747134e-07 -3.812999962e+01 -3.812999962e+01 +1.1032e-01 +6.7476e-01
4734 +3.609430692e-07 +3.609430692e-07 -3.812999964e+01 -3.812999964e+01 +1.1079e-01 +6.7543e-01
% function evaluation | noise-free fitness - Fopt (9.992000000000e+01) | best noise-free fitness - Fopt | measured fitness | best measured fitness | x1 | x2...
1 +2.503737427e-01 +2.503737427e-01 +1.001703737e+02 +1.001703737e+02 +0.0000e+00 +0.0000e+00
19 +2.068346730e-02 +2.068346730e-02 +9.994068347e+01 +9.994068347e+01 +5.5238e-01 +5.3625e-01
1087 +2.857923549e-04 +2.857923549e-04 +9.992028579e+01 +9.992028579e+01 -2.1775e-01 -4.9089e-01
2096 +2.032735679e-04 +2.032735679e-04 +9.992020327e+01 +9.992020327e+01 -2.1380e-01 -8.4783e-01
2272 +1.250897947e-04 +1.250897947e-04 +9.992012509e+01 +9.992012509e+01 -2.1595e-01 -5.9826e-01
2279 +7.869044509e-07 +7.869044509e-07 +9.992000079e+01 +9.992000079e+01 -2.1825e-01 -6.5049e-01
2329 +7.669157327e-07 +7.669157327e-07 +9.992000077e+01 +9.992000077e+01 -2.1927e-01 -6.7054e-01
2341 +4.951907187e-07 +4.951907187e-07 +9.992000050e+01 +9.992000050e+01 -2.1842e-01 -6.5003e-01
2348 +1.206552724e-07 +1.206552724e-07 +9.992000012e+01 +9.992000012e+01 -2.1878e-01 -6.5813e-01
2390 +5.332266539e-08 +5.332266539e-08 +9.992000005e+01 +9.992000005e+01 -2.1851e-01 -6.6552e-01
2415 +3.322283249e-08 +3.322283249e-08 +9.992000003e+01 +9.992000003e+01 -2.1850e-01 -6.8040e-01
2426 +3.213713740e-09 +3.213713740e-09 +9.992000000e+01 +9.992000000e+01 -2.1864e-01 -6.7371e-01
2717 +0.000000000e+00 +0.000000000e+00 +9.992000000e+01 +9.992000000e+01 -2.1860e-01 -6.7247e-01
% function evaluation | noise-free fitness - Fopt (-1.791000000000e+01) | best noise-free fitness - Fopt | measured fitness | best measured fitness | x1 | x2...
1 +2.503737427e-01 +2.503737427e-01 -1.765962626e+01 -1.765962626e+01 +0.0000e+00 +0.0000e+00
3 +5.139034299e-02 +5.139034299e-02 -1.785860966e+01 -1.785860966e+01 +4.2464e-01 +7.0488e-02
16 +3.995087228e-02 +3.995087228e-02 -1.787004913e+01 -1.787004913e+01 +4.1527e-02 -2.0815e-01
220 +2.214810754e-02 +2.214810754e-02 -1.788785189e+01 -1.788785189e+01 +3.9996e-01 -1.5955e-01
2013 +1.587299626e-02 +1.587299626e-02 -1.789412700e+01 -1.789412700e+01 +6.5082e-02 +2.6890e-01
2031 +1.522146482e-02 +1.522146482e-02 -1.789477854e+01 -1.789477854e+01 +6.2987e-02 +2.7245e-01
2033 +8.823617825e-03 +8.823617825e-03 -1.790117638e+01 -1.790117638e+01 +3.5652e-02 +3.2344e-01
2041 +7.975155122e-03 +7.975155122e-03 -1.790202484e+01 -1.790202484e+01 +8.3995e-03 +3.8988e-01
2068 +7.438585663e-03 +7.438585663e-03 -1.790256141e+01 -1.790256141e+01 +1.0134e-02 +3.8558e-01
2077 +5.672884288e-03 +5.672884288e-03 -1.790432712e+01 -1.790432712e+01 -2.5133e-03 +3.8933e-01
2097 +5.025791650e-03 +5.025791650e-03 -1.790497421e+01 -1.790497421e+01 +6.5772e-03 +3.7639e-01
2114 +4.136653631e-03 +4.136653631e-03 -1.790586335e+01 -1.790586335e+01 -3.9274e-03 +4.0792e-01
2120 +2.523669988e-03 +2.523669988e-03 -1.790747633e+01 -1.790747633e+01 -1.4975e-02 +4.1854e-01
2179 +2.298466180e-03 +2.298466180e-03 -1.790770153e+01 -1.790770153e+01 -1.5555e-02 +4.2228e-01
2227 +1.971060637e-03 +1.971060637e-03 -1.790802894e+01 -1.790802894e+01 -2.0899e-02 +4.3253e-01
2247 +1.859910559e-03 +1.859910559e-03 -1.790814009e+01 -1.790814009e+01 -2.8101e-02 +4.4894e-01
2252 +1.716041704e-03 +1.716041704e-03 -1.790828396e+01 -1.790828396e+01 -2.9195e-02 +4.4383e-01
2265 +1.619590081e-03 +1.619590081e-03 -1.790838041e+01 -1.790838041e+01 -2.7605e-02 +4.4473e-01
2286 +1.358390753e-03 +1.358390753e-03 -1.790864161e+01 -1.790864161e+01 -3.3944e-02 +4.5677e-01
2316 +1.324616468e-03 +1.324616468e-03 -1.790867538e+01 -1.790867538e+01 -3.8091e-02 +4.5952e-01
2318 +8.495541530e-04 +8.495541530e-04 -1.790915045e+01 -1.790915045e+01 -5.8955e-02 +4.9418e-01
2338 +7.559809069e-04 +7.559809069e-04 -1.790924402e+01 -1.790924402e+01 -5.1653e-02 +4.8517e-01
2385 +6.790678226e-04 +6.790678226e-04 -1.790932093e+01 -1.790932093e+01 -5.8872e-02 +4.9574e-01
2398 +5.451813117e-04 +5.451813117e-04 -1.790945482e+01 -1.790945482e+01 -6.0691e-02 +5.0296e-01
2416 +5.360820460e-04 +5.360820460e-04 -1.790946392e+01 -1.790946392e+01 -6.0741e-02 +5.0263e-01
2420 +4.456522886e-04 +4.456522886e-04 -1.790955435e+01 -1.790955435e+01 -6.6213e-02 +5.1253e-01
2514 +4.316519395e-04 +4.316519395e-04 -1.790956835e+01 -1.790956835e+01 -6.7089e-02 +5.1158e-01
2517 +4.188600412e-04 +4.188600412e-04 -1.790958114e+01 -1.790958114e+01 -6.9260e-02 +5.1457e-01
2527 +4.088635760e-04 +4.088635760e-04 -1.790959114e+01 -1.790959114e+01 -6.7562e-02 +5.1341e-01
2532 +3.312401942e-04 +3.312401942e-04 -1.790966876e+01 -1.790966876e+01 -7.4659e-02 +5.2397e-01
2552 +2.948095255e-04 +2.948095255e-04 -1.790970519e+01 -1.790970519e+01 -7.5550e-02 +5.2698e-01
2562 +2.830342029e-04 +2.830342029e-04 -1.790971697e+01 -1.790971697e+01 -7.7018e-02 +5.2877e-01
2574 +2.560890535e-04 +2.560890535e-04 -1.790974391e+01 -1.790974391e+01 -7.8834e-02 +5.3250e-01
2579 +2.406306709e-04 +2.406306709e-04 -1.790975937e+01 -1.790975937e+01 -8.0261e-02 +5.3531e-01
2639 +2.355994022e-04 +2.355994022e-04 -1.790976440e+01 -1.790976440e+01 -8.4975e-02 +5.4066e-01
2648 +2.057602774e-04 +2.057602774e-04 -1.790979424e+01 -1.790979424e+01 -8.3727e-02 +5.4079e-01
2675 +1.776864585e-04 +1.776864585e-04 -1.790982231e+01 -1.790982231e+01 -8.9507e-02 +5.4881e-01
2707 +7.318167894e-05 +7.318167894e-05 -1.790992682e+01 -1.790992682e+01 -1.0435e-01 +5.7466e-01
2820 +6.461709872e-05 +6.461709872e-05 -1.790993538e+01 -1.790993538e+01 -1.0627e-01 +5.7818e-01
2848 +6.405222578e-05 +6.405222578e-05 -1.790993595e+01 -1.790993595e+01 -1.0740e-01 +5.7924e-01
2859 +6.085435717e-05 +6.085435717e-05 -1.790993915e+01 -1.790993915e+01 -1.0832e-01 +5.8257e-01
2863 +5.956395503e-05 +5.956395503e-05 -1.790994044e+01 -1.790994044e+01 -1.0765e-01 +5.8047e-01
2873 +5.688984821e-05 +5.688984821e-05 -1.790994311e+01 -1.790994311e+01 -1.0949e-01 +5.8449e-01
2896 +4.731648359e-05 +4.731648359e-05 -1.790995268e+01 -1.790995268e+01 -1.1177e-01 +5.8780e-01
2943 +4.640385205e-05 +4.640385205e-05 -1.790995360e+01 -1.790995360e+01 -1.1187e-01 +5.8776e-01
2953 +4.482443872e-05 +4.482443872e-05 -1.790995518e+01 -1.790995518e+01 -1.1241e-01 +5.8862e-01
2968 +4.446760743e-05 +4.446760743e-05 -1.790995553e+01 -1.790995553e+01 -1.1243e-01 +5.8839e-01
3048 +4.348516478e-05 +4.348516478e-05 -1.790995651e+01 -1.790995651e+01 -1.1298e-01 +5.8889e-01
3062 +4.254482232e-05 +4.254482232e-05 -1.790995746e+01 -1.790995746e+01 -1.1313e-01 +5.8952e-01
3174 +4.155911085e-05 +4.155911085e-05 -1.790995844e+01 -1.790995844e+01 -1.1350e-01 +5.9010e-01
3205 +4.009476733e-05 +4.009476733e-05 -1.790995991e+01 -1.790995991e+01 -1.1406e-01 +5.9101e-01
3260 +3.888543434e-05 +3.888543434e-05 -1.790996111e+01 -1.790996111e+01 -1.1454e-01 +5.9174e-01
3282 +3.788122261e-05 +3.788122261e-05 -1.790996212e+01 -1.790996212e+01 -1.1507e-01 +5.9237e-01
3290 +3.698121182e-05 +3.698121182e-05 -1.790996302e+01 -1.790996302e+01 -1.1553e-01 +5.9303e-01
3292 +3.613328299e-05 +3.613328299e-05 -1.790996387e+01 -1.790996387e+01 -1.1603e-01 +5.9373e-01
3299 +3.494727965e-05 +3.494727965e-05 -1.790996505e+01 -1.790996505e+01 -1.1618e-01 +5.9459e-01
3335 +3.356249062e-05 +3.356249062e-05 -1.790996644e+01 -1.790996644e+01 -1.1680e-01 +5.9536e-01
3393 +3.283921525e-05 +3.283921525e-05 -1.790996716e+01 -1.790996716e+01 -1.1747e-01 +5.9609e-01
3420 +3.161140285e-05 +3.161140285e-05 -1.790996839e+01 -1.790996839e+01 -1.1803e-01 +5.9700e-01
3440 +3.009723749e-05 +3.009723749e-05 -1.790996990e+01 -1.790996990e+01 -1.1862e-01 +5.9884e-01
3458 +2.887075457e-05 +2.887075457e-05 -1.790997113e+01 -1.790997113e+01 -1.1904e-01 +5.9895e-01
3471 +2.844472893e-05 +2.844472893e-05 -1.790997156e+01 -1.790997156e+01 -1.1937e-01 +6.0001e-01
3482 +2.810244751e-05 +2.810244751e-05 -1.790997190e+01 -1.790997190e+01 -1.1958e-01 +6.0036e-01
3540 +2.745113040e-05 +2.745113040e-05 -1.790997255e+01 -1.790997255e+01 -1.1972e-01 +6.0017e-01
3598 +2.646059439e-05 +2.646059439e-05 -1.790997354e+01 -1.790997354e+01 -1.2028e-01 +6.0099e-01
3659 +2.584942784e-05 +2.584942784e-05 -1.790997415e+01 -1.790997415e+01 -1.2061e-01 +6.0153e-01
3669 +2.569262793e-05 +2.569262793e-05 -1.790997431e+01 -1.790997431e+01 -1.2069e-01 +6.0168e-01
3683 +2.443442281e-05 +2.443442281e-05 -1.790997557e+01 -1.790997557e+01 -1.2138e-01 +6.0304e-01
3713 +2.392904194e-05 +2.392904194e-05 -1.790997607e+01 -1.790997607e+01 -1.2171e-01 +6.0329e-01
3729 +2.316129497e-05 +2.316129497e-05 -1.790997684e+01 -1.790997684e+01 -1.2214e-01 +6.0429e-01
3732 +2.273345283e-05 +2.273345283e-05 -1.790997727e+01 -1.790997727e+01 -1.2255e-01 +6.0516e-01
3763 +2.232782705e-05 +2.232782705e-05 -1.790997767e+01 -1.790997767e+01 -1.2281e-01 +6.0491e-01
3794 +2.173937390e-05 +2.173937390e-05 -1.790997826e+01 -1.790997826e+01 -1.2300e-01 +6.0545e-01
3834 +2.126290956e-05 +2.126290956e-05 -1.790997874e+01 -1.790997874e+01 -1.2339e-01 +6.0594e-01
3851 +2.075659064e-05 +2.075659064e-05 -1.790997924e+01 -1.790997924e+01 -1.2367e-01 +6.0645e-01
3875 +1.998006239e-05 +1.998006239e-05 -1.790998002e+01 -1.790998002e+01 -1.2417e-01 +6.0729e-01
3882 +1.911976522e-05 +1.911976522e-05 -1.790998088e+01 -1.790998088e+01 -1.2514e-01 +6.0853e-01
3891 +1.823972948e-05 +1.823972948e-05 -1.790998176e+01 -1.790998176e+01 -1.2605e-01 +6.1111e-01
3895 +1.763500945e-05 +1.763500945e-05 -1.790998236e+01 -1.790998236e+01 -1.2710e-01 +6.1134e-01
3901 +1.573639906e-05 +1.573639906e-05 -1.790998426e+01 -1.790998426e+01 -1.2892e-01 +6.1604e-01
3914 +1.444105519e-05 +1.444105519e-05 -1.790998556e+01 -1.790998556e+01 -1.3624e-01 +6.2497e-01
3927 +1.135204382e-05 +1.135204382e-05 -1.790998865e+01 -1.790998865e+01 -1.3296e-01 +6.2073e-01
4121 +1.099629051e-05 +1.099629051e-05 -1.790998900e+01 -1.790998900e+01 -1.3176e-01 +6.1947e-01
4168 +1.091154581e-05 +1.091154581e-05 -1.790998909e+01 -1.790998909e+01 -1.3178e-01 +6.1960e-01
4178 +1.066347955e-05 +1.066347955e-05 -1.790998934e+01 -1.790998934e+01 -1.3211e-01 +6.2043e-01
4202 +1.026925678e-05 +1.026925678e-05 -1.790998973e+01 -1.790998973e+01 -1.3271e-01 +6.2154e-01
4207 +1.015417276e-05 +1.015417276e-05 -1.790998985e+01 -1.790998985e+01 -1.3260e-01 +6.2099e-01
4220 +9.895679167e-06 +9.895679167e-06 -1.790999010e+01 -1.790999010e+01 -1.3290e-01 +6.2154e-01
4369 +9.765529210e-06 +9.765529210e-06 -1.790999023e+01 -1.790999023e+01 -1.3307e-01 +6.2169e-01
4408 +9.447789811e-06 +9.447789811e-06 -1.790999055e+01 -1.790999055e+01 -1.3349e-01 +6.2230e-01
4493 +9.309887833e-06 +9.309887833e-06 -1.790999069e+01 -1.790999069e+01 -1.3360e-01 +6.2269e-01
4517 +9.112878423e-06 +9.112878423e-06 -1.790999089e+01 -1.790999089e+01 -1.3387e-01 +6.2297e-01
4548 +8.842133578e-06 +8.842133578e-06 -1.790999116e+01 -1.790999116e+01 -1.3422e-01 +6.2351e-01
4570 +8.571705120e-06 +8.571705120e-06 -1.790999143e+01 -1.790999143e+01 -1.3454e-01 +6.2413e-01
4606 +8.468295871e-06 +8.468295871e-06 -1.790999153e+01 -1.790999153e+01 -1.3470e-01 +6.2430e-01
4650 +8.261766379e-06 +8.261766379e-06 -1.790999174e+01 -1.790999174e+01 -1.3501e-01 +6.2505e-01
4658 +8.008274431e-06 +8.008274431e-06 -1.790999199e+01 -1.790999199e+01 -1.3560e-01 +6.2619e-01
4659 +7.856563276e-06 +7.856563276e-06 -1.790999214e+01 -1.790999214e+01 -1.3552e-01 +6.2576e-01
4683 +5.862216714e-06 +5.862216714e-06 -1.790999414e+01 -1.790999414e+01 -1.3874e-01 +6.3104e-01
4751 +5.642786686e-06 +5.642786686e-06 -1.790999436e+01 -1.790999436e+01 -1.3922e-01 +6.3139e-01
4760 +5.236680824e-06 +5.236680824e-06 -1.790999476e+01 -1.790999476e+01 -1.3982e-01 +6.3254e-01
4797 +4.813428486e-06 +4.813428486e-06 -1.790999519e+01 -1.790999519e+01 -1.4066e-01 +6.3395e-01
% function evaluation | noise-free fitness - Fopt (-1.647700000000e+02) | best noise-free fitness - Fopt | measured fitness | best measured fitness | x1 | x2...
1 +2.503737427e-01 +2.503737427e-01 -1.645196263e+02 -1.645196263e+02 +0.0000e+00 +0.0000e+00
13 +2.595931266e-02 +2.595931266e-02 -1.647440407e+02 -1.647440407e+02 +1.3510e-01 -2.8713e-01
17 +2.567738084e-02 +2.567738084e-02 -1.647443226e+02 -1.647443226e+02 +4.7385e-02 -2.4568e-01
50 +1.417296724e-02 +1.417296724e-02 -1.647558270e+02 -1.647558270e+02 +1.3025e-01 -2.8861e-01
92 +1.250681689e-02 +1.250681689e-02 -1.647574932e+02 -1.647574932e+02 +1.0299e-01 -2.7707e-01
109 +1.029458294e-02 +1.029458294e-02 -1.647597054e+02 -1.647597054e+02 +1.2567e-01 -2.8965e-01
118 +9.335939507e-03 +9.335939507e-03 -1.647606641e+02 -1.647606641e+02 +1.3788e-01 -2.9669e-01
122 +6.863450059e-03 +6.863450059e-03 -1.647631365e+02 -1.647631365e+02 +1.5213e-01 -3.0901e-01
132 +6.698906862e-03 +6.698906862e-03 -1.647633011e+02 -1.647633011e+02 +1.6051e-01 -3.1155e-01
184 +6.559074427e-03 +6.559074427e-03 -1.647634409e+02 -1.647634409e+02 +1.5564e-01 -3.1078e-01
189 +6.357829535e-03 +6.357829535e-03 -1.647636422e+02 -1.647636422e+02 +1.5808e-01 -3.1269e-01
207 +6.125431883e-03 +6.125431883e-03 -1.647638746e+02 -1.647638746e+02 +1.6087e-01 -3.1415e-01
221 +5.930399805e-03 +5.930399805e-03 -1.647640696e+02 -1.647640696e+02 +1.6441e-01 -3.1728e-01
227 +5.707125012e-03 +5.707125012e-03 -1.647642929e+02 -1.647642929e+02 +1.6789e-01 -3.1729e-01
292 +5.609041588e-03 +5.609041588e-03 -1.647643910e+02 -1.647643910e+02 +1.6974e-01 -3.1824e-01
314 +5.370749682e-03 +5.370749682e-03 -1.647646293e+02 -1.647646293e+02 +1.7100e-01 -3.1995e-01
324 +5.288364116e-03 +5.288364116e-03 -1.647647116e+02 -1.647647116e+02 +1.7201e-01 -3.2117e-01
337 +5.216815580e-03 +5.216815580e-03 -1.647647832e+02 -1.647647832e+02 +1.7316e-01 -3.2128e-01
365 +5.051661038e-03 +5.051661038e-03 -1.647649483e+02 -1.647649483e+02 +1.7545e-01 -3.2335e-01
390 +4.899918255e-03 +4.899918255e-03 -1.647651001e+02 -1.647651001e+02 +1.8042e-01 -3.2459e-01
394 +4.742010985e-03 +4.742010985e-03 -1.647652580e+02 -1.647652580e+02 +1.8010e-01 -3.2618e-01
410 +4.391273878e-03 +4.391273878e-03 -1.647656087e+02 -1.647656087e+02 +1.8956e-01 -3.2985e-01
424 +3.761199146e-03 +3.761199146e-03 -1.647662388e+02 -1.647662388e+02 +1.9692e-01 -3.3655e-01
503 +3.659643721e-03 +3.659643721e-03 -1.647663404e+02 -1.647663404e+02 +1.9891e-01 -3.3657e-01
512 +3.556498310e-03 +3.556498310e-03 -1.647664435e+02 -1.647664435e+02 +2.0260e-01 -3.3814e-01
566 +3.532906060e-03 +3.532906060e-03 -1.647664671e+02 -1.647664671e+02 +2.0082e-01 -3.3842e-01
575 +3.443308164e-03 +3.443308164e-03 -1.647665567e+02 -1.647665567e+02 +2.0531e-01 -3.3963e-01
585 +3.355909542e-03 +3.355909542e-03 -1.647666441e+02 -1.647666441e+02 +2.0511e-01 -3.4160e-01
626 +3.226055824e-03 +3.226055824e-03 -1.647667739e+02 -1.647667739e+02 +2.0704e-01 -3.4183e-01
651 +3.154005606e-03 +3.154005606e-03 -1.647668460e+02 -1.647668460e+02 +2.0859e-01 -3.4271e-01
656 +3.034705116e-03 +3.034705116e-03 -1.647669653e+02 -1.647669653e+02 +2.1254e-01 -3.4431e-01
658 +2.944148125e-03 +2.944148125e-03 -1.647670559e+02 -1.647670559e+02 +2.1324e-01 -3.4539e-01
668 +2.819966421e-03 +2.819966421e-03 -1.647671800e+02 -1.647671800e+02 +2.1811e-01 -3.4972e-01
675 +2.677331001e-03 +2.677331001e-03 -1.647673227e+02 -1.647673227e+02 +2.1953e-01 -3.4975e-01
763 +2.601495072e-03 +2.601495072e-03 -1.647673985e+02 -1.647673985e+02 +2.2120e-01 -3.5039e-01
771 +2.568852177e-03 +2.568852177e-03 -1.647674311e+02 -1.647674311e+02 +2.2397e-01 -3.5092e-01
778 +2.508054738e-03 +2.508054738e-03 -1.647674919e+02 -1.647674919e+02 +2.2466e-01 -3.5160e-01
783 +2.321401899e-03 +2.321401899e-03 -1.647676786e+02 -1.647676786e+02 +2.2888e-01 -3.5537e-01
788 +2.089191922e-03 +2.089191922e-03 -1.647679108e+02 -1.647679108e+02 +2.3507e-01 -3.5860e-01
813 +2.032174005e-03 +2.032174005e-03 -1.647679678e+02 -1.647679678e+02 +2.3768e-01 -3.6073e-01
823 +1.979398023e-03 +1.979398023e-03 -1.647680206e+02 -1.647680206e+02 +2.3838e-01 -3.6050e-01
904 +1.946296282e-03 +1.946296282e-03 -1.647680537e+02 -1.647680537e+02 +2.3961e-01 -3.6079e-01
917 +1.896148723e-03 +1.896148723e-03 -1.647681039e+02 -1.647681039e+02 +2.4099e-01 -3.6187e-01
928 +1.831840847e-03 +1.831840847e-03 -1.647681682e+02 -1.647681682e+02 +2.4379e-01 -3.6418e-01
932 +1.797119127e-03 +1.797119127e-03 -1.647682029e+02 -1.647682029e+02 +2.4450e-01 -3.6436e-01
935 +1.773799768e-03 +1.773799768e-03 -1.647682262e+02 -1.647682262e+02 +2.4521e-01 -3.6471e-01
938 +1.722446729e-03 +1.722446729e-03 -1.647682776e+02 -1.647682776e+02 +2.4825e-01 -3.6702e-01
952 +1.679025013e-03 +1.679025013e-03 -1.647683210e+02 -1.647683210e+02 +2.4849e-01 -3.6662e-01
994 +1.610724087e-03 +1.610724087e-03 -1.647683893e+02 -1.647683893e+02 +2.5081e-01 -3.6737e-01
1017 +1.576677828e-03 +1.576677828e-03 -1.647684233e+02 -1.647684233e+02 +2.5263e-01 -3.6807e-01
1021 +1.504284416e-03 +1.504284416e-03 -1.647684957e+02 -1.647684957e+02 +2.5505e-01 -3.6962e-01
1027 +1.436083010e-03 +1.436083010e-03 -1.647685639e+02 -1.647685639e+02 +2.5738e-01 -3.7124e-01
1046 +1.378047361e-03 +1.378047361e-03 -1.647686220e+02 -1.647686220e+02 +2.5999e-01 -3.7250e-01
1052 +1.299852532e-03 +1.299852532e-03 -1.647687001e+02 -1.647687001e+02 +2.6451e-01 -3.7462e-01
1066 +1.211966200e-03 +1.211966200e-03 -1.647687880e+02 -1.647687880e+02 +2.6785e-01 -3.7805e-01
1198 +1.186201825e-03 +1.186201825e-03 -1.647688138e+02 -1.647688138e+02 +2.6844e-01 -3.7729e-01
1215 +1.138291257e-03 +1.138291257e-03 -1.647688617e+02 -1.647688617e+02 +2.7030e-01 -3.7874e-01
1291 +1.104455215e-03 +1.104455215e-03 -1.647688955e+02 -1.647688955e+02 +2.7211e-01 -3.7952e-01
1305 +1.069511382e-03 +1.069511382e-03 -1.647689305e+02 -1.647689305e+02 +2.7381e-01 -3.8052e-01
1348 +1.045294504e-03 +1.045294504e-03 -1.647689547e+02 -1.647689547e+02 +2.7576e-01 -3.8126e-01
1358 +1.018881928e-03 +1.018881928e-03 -1.647689811e+02 -1.647689811e+02 +2.7630e-01 -3.8204e-01
1371 +9.959966305e-04 +9.959966305e-04 -1.647690040e+02 -1.647690040e+02 +2.7770e-01 -3.8266e-01
1397 +9.751547374e-04 +9.751547374e-04 -1.647690248e+02 -1.647690248e+02 +2.7940e-01 -3.8335e-01
1413 +9.399203858e-04 +9.399203858e-04 -1.647690601e+02 -1.647690601e+02 +2.8116e-01 -3.8441e-01
1434 +9.133064529e-04 +9.133064529e-04 -1.647690867e+02 -1.647690867e+02 +2.8277e-01 -3.8528e-01
1444 +9.028079085e-04 +9.028079085e-04 -1.647690972e+02 -1.647690972e+02 +2.8314e-01 -3.8558e-01
1464 +8.533176538e-04 +8.533176538e-04 -1.647691467e+02 -1.647691467e+02 +2.8733e-01 -3.8756e-01
1465 +8.303690870e-04 +8.303690870e-04 -1.647691696e+02 -1.647691696e+02 +2.8770e-01 -3.8806e-01
1503 +8.060321705e-04 +8.060321705e-04 -1.647691940e+02 -1.647691940e+02 +2.8953e-01 -3.8899e-01
1510 +7.770795661e-04 +7.770795661e-04 -1.647692229e+02 -1.647692229e+02 +2.9143e-01 -3.9140e-01
1514 +7.692241209e-04 +7.692241209e-04 -1.647692308e+02 -1.647692308e+02 +2.9077e-01 -3.9033e-01
1571 +7.552960139e-04 +7.552960139e-04 -1.647692447e+02 -1.647692447e+02 +2.9169e-01 -3.9094e-01
1607 +7.373152101e-04 +7.373152101e-04 -1.647692627e+02 -1.647692627e+02 +2.9324e-01 -3.9136e-01
1617 +7.239223940e-04 +7.239223940e-04 -1.647692761e+02 -1.647692761e+02 +2.9425e-01 -3.9188e-01
1664 +7.026068921e-04 +7.026068921e-04 -1.647692974e+02 -1.647692974e+02 +2.9530e-01 -3.9302e-01
1724 +6.905498965e-04 +6.905498965e-04 -1.647693095e+02 -1.647693095e+02 +2.9627e-01 -3.9319e-01
1746 +6.651443192e-04 +6.651443192e-04 -1.647693349e+02 -1.647693349e+02 +2.9804e-01 -3.9423e-01
1769 +6.599467409e-04 +6.599467409e-04 -1.647693401e+02 -1.647693401e+02 +2.9861e-01 -3.9441e-01
1775 +6.423716293e-04 +6.423716293e-04 -1.647693576e+02 -1.647693576e+02 +2.9983e-01 -3.9515e-01
1810 +6.254838271e-04 +6.254838271e-04 -1.647693745e+02 -1.647693745e+02 +3.0172e-01 -3.9593e-01
1837 +6.104892896e-04 +6.104892896e-04 -1.647693895e+02 -1.647693895e+02 +3.0219e-01 -3.9653e-01
1861 +5.983121721e-04 +5.983121721e-04 -1.647694017e+02 -1.647694017e+02 +3.0307e-01 -3.9709e-01
1883 +5.875033923e-04 +5.875033923e-04 -1.647694125e+02 -1.647694125e+02 +3.0423e-01 -3.9753e-01
1917 +5.714769943e-04 +5.714769943e-04 -1.647694285e+02 -1.647694285e+02 +3.0534e-01 -3.9826e-01
1936 +5.554012059e-04 +5.554012059e-04 -1.647694446e+02 -1.647694446e+02 +3.0704e-01 -3.9902e-01
1961 +5.479360912e-04 +5.479360912e-04 -1.647694521e+02 -1.647694521e+02 +3.0725e-01 -3.9938e-01
2034 +5.354211056e-04 +5.354211056e-04 -1.647694646e+02 -1.647694646e+02 +3.0914e-01 -4.0005e-01
2070 +5.219055629e-04 +5.219055629e-04 -1.647694781e+02 -1.647694781e+02 +3.0947e-01 -4.0065e-01
2092 +5.111631774e-04 +5.111631774e-04 -1.647694888e+02 -1.647694888e+02 +3.1197e-01 -4.0145e-01
2100 +4.901043375e-04 +4.901043375e-04 -1.647695099e+02 -1.647695099e+02 +3.1238e-01 -4.0258e-01
2116 +4.895370000e-04 +4.895370000e-04 -1.647695105e+02 -1.647695105e+02 +3.1416e-01 -4.0262e-01
2131 +4.735028505e-04 +4.735028505e-04 -1.647695265e+02 -1.647695265e+02 +3.1392e-01 -4.0311e-01
2144 +4.492685588e-04 +4.492685588e-04 -1.647695507e+02 -1.647695507e+02 +3.1761e-01 -4.0463e-01
2155 +4.399011013e-04 +4.399011013e-04 -1.647695601e+02 -1.647695601e+02 +3.1768e-01 -4.0576e-01
2170 +4.319734197e-04 +4.319734197e-04 -1.647695680e+02 -1.647695680e+02 +3.1826e-01 -4.0598e-01
2179 +4.177699261e-04 +4.177699261e-04 -1.647695822e+02 -1.647695822e+02 +3.1947e-01 -4.0620e-01
2189 +4.149592683e-04 +4.149592683e-04 -1.647695850e+02 -1.647695850e+02 +3.1975e-01 -4.0659e-01
2203 +3.886801612e-04 +3.886801612e-04 -1.647696113e+02 -1.647696113e+02 +3.2298e-01 -4.0791e-01
2216 +3.775553375e-04 +3.775553375e-04 -1.647696224e+02 -1.647696224e+02 +3.2383e-01 -4.0878e-01
2225 +3.712324926e-04 +3.712324926e-04 -1.647696288e+02 -1.647696288e+02 +3.2512e-01 -4.0986e-01
2228 +3.536730006e-04 +3.536730006e-04 -1.647696463e+02 -1.647696463e+02 +3.2677e-01 -4.1013e-01
2263 +3.339897345e-04 +3.339897345e-04 -1.647696660e+02 -1.647696660e+02 +3.2923e-01 -4.1195e-01
2349 +3.297496708e-04 +3.297496708e-04 -1.647696703e+02 -1.647696703e+02 +3.2978e-01 -4.1174e-01
2375 +3.207068257e-04 +3.207068257e-04 -1.647696793e+02 -1.647696793e+02 +3.3083e-01 -4.1239e-01
2394 +3.132943351e-04 +3.132943351e-04 -1.647696867e+02 -1.647696867e+02 +3.3210e-01 -4.1293e-01
2444 +3.043886415e-04 +3.043886415e-04 -1.647696956e+02 -1.647696956e+02 +3.3288e-01 -4.1362e-01
2460 +3.014213223e-04 +3.014213223e-04 -1.647696986e+02 -1.647696986e+02 +3.3352e-01 -4.1378e-01
2494 +2.939448772e-04 +2.939448772e-04 -1.647697061e+02 -1.647697061e+02 +3.3435e-01 -4.1437e-01
2507 +2.880227471e-04 +2.880227471e-04 -1.647697120e+02 -1.647697120e+02 +3.3520e-01 -4.1514e-01
2530 +2.781914319e-04 +2.781914319e-04 -1.647697218e+02 -1.647697218e+02 +3.3670e-01 -4.1556e-01
2541 +2.747809177e-04 +2.747809177e-04 -1.647697252e+02 -1.647697252e+02 +3.3709e-01 -4.1585e-01
2587 +2.682003547e-04 +2.682003547e-04 -1.647697318e+02 -1.647697318e+02 +3.3841e-01 -4.1638e-01
2642 +2.619396970e-04 +2.619396970e-04 -1.647697381e+02 -1.647697381e+02 +3.3911e-01 -4.1688e-01
2671 +2.543386876e-04 +2.543386876e-04 -1.647697457e+02 -1.647697457e+02 +3.4022e-01 -4.1752e-01
2682 +2.508853094e-04 +2.508853094e-04 -1.647697491e+02 -1.647697491e+02 +3.4080e-01 -4.1781e-01
2696 +2.413903669e-04 +2.413903669e-04 -1.647697586e+02 -1.647697586e+02 +3.4219e-01 -4.1866e-01
2702 +2.392107704e-04 +2.392107704e-04 -1.647697608e+02 -1.647697608e+02 +3.4248e-01 -4.1892e-01
2705 +2.277833461e-04 +2.277833461e-04 -1.647697722e+02 -1.647697722e+02 +3.4438e-01 -4.2003e-01
2711 +2.223092933e-04 +2.223092933e-04 -1.647697777e+02 -1.647697777e+02 +3.4553e-01 -4.2085e-01
2757 +2.135703118e-04 +2.135703118e-04 -1.647697864e+02 -1.647697864e+02 +3.4684e-01 -4.2130e-01
2849 +2.087024116e-04 +2.087024116e-04 -1.647697913e+02 -1.647697913e+02 +3.4790e-01 -4.2211e-01
2859 +2.036828732e-04 +2.036828732e-04 -1.647697963e+02 -1.647697963e+02 +3.4868e-01 -4.2220e-01
2863 +1.975924752e-04 +1.975924752e-04 -1.647698024e+02 -1.647698024e+02 +3.4976e-01 -4.2288e-01
2913 +1.945134054e-04 +1.945134054e-04 -1.647698055e+02 -1.647698055e+02 +3.5038e-01 -4.2332e-01
2922 +1.876405769e-04 +1.876405769e-04 -1.647698124e+02 -1.647698124e+02 +3.5233e-01 -4.2390e-01
2953 +1.850433718e-04 +1.850433718e-04 -1.647698150e+02 -1.647698150e+02 +3.5228e-01 -4.2412e-01
2954 +1.819533072e-04 +1.819533072e-04 -1.647698180e+02 -1.647698180e+02 +3.5293e-01 -4.2479e-01
2997 +1.767417544e-04 +1.767417544e-04 -1.647698233e+02 -1.647698233e+02 +3.5390e-01 -4.2505e-01
3004 +1.713939801e-04 +1.713939801e-04 -1.647698286e+02 -1.647698286e+02 +3.5509e-01 -4.2563e-01
3036 +1.687014283e-04 +1.687014283e-04 -1.647698313e+02 -1.647698313e+02 +3.5556e-01 -4.2606e-01
3062 +1.629908761e-04 +1.629908761e-04 -1.647698370e+02 -1.647698370e+02 +3.5694e-01 -4.2660e-01
3066 +1.604343448e-04 +1.604343448e-04 -1.647698396e+02 -1.647698396e+02 +3.5822e-01 -4.2703e-01
3087 +1.578031966e-04 +1.578031966e-04 -1.647698422e+02 -1.647698422e+02 +3.5797e-01 -4.2727e-01
3092 +1.520344335e-04 +1.520344335e-04 -1.647698480e+02 -1.647698480e+02 +3.6132e-01 -4.2847e-01
3095 +1.450644003e-04 +1.450644003e-04 -1.647698549e+02 -1.647698549e+02 +3.6132e-01 -4.2884e-01
3203 +1.383056897e-04 +1.383056897e-04 -1.647698617e+02 -1.647698617e+02 +3.6523e-01 -4.3049e-01
3212 +1.249228763e-04 +1.249228763e-04 -1.647698751e+02 -1.647698751e+02 +3.6679e-01 -4.3169e-01
3235 +9.884464743e-05 +9.884464743e-05 -1.647699012e+02 -1.647699012e+02 +3.7382e-01 -4.3572e-01
3294 +6.526470037e-05 +6.526470037e-05 -1.647699347e+02 -1.647699347e+02 +3.8670e-01 -4.4251e-01
3327 +5.447837248e-05 +5.447837248e-05 -1.647699455e+02 -1.647699455e+02 +3.9165e-01 -4.4528e-01
3396 +5.240589775e-05 +5.240589775e-05 -1.647699476e+02 -1.647699476e+02 +3.9301e-01 -4.4585e-01
3406 +4.969921682e-05 +4.969921682e-05 -1.647699503e+02 -1.647699503e+02 +3.9534e-01 -4.4687e-01
3491 +4.859662585e-05 +4.859662585e-05 -1.647699514e+02 -1.647699514e+02 +3.9484e-01 -4.4712e-01
3499 +4.651960492e-05 +4.651960492e-05 -1.647699535e+02 -1.647699535e+02 +3.9638e-01 -4.4760e-01
3509 +4.502632819e-05 +4.502632819e-05 -1.647699550e+02 -1.647699550e+02 +3.9696e-01 -4.4804e-01
3516 +4.333949923e-05 +4.333949923e-05 -1.647699567e+02 -1.647699567e+02 +3.9821e-01 -4.4903e-01
3563 +4.169254453e-05 +4.169254453e-05 -1.647699583e+02 -1.647699583e+02 +3.9915e-01 -4.4949e-01
3572 +3.928469707e-05 +3.928469707e-05 -1.647699607e+02 -1.647699607e+02 +4.0054e-01 -4.4996e-01
3664 +3.883918609e-05 +3.883918609e-05 -1.647699612e+02 -1.647699612e+02 +4.0138e-01 -4.5019e-01
3683 +3.779906012e-05 +3.779906012e-05 -1.647699622e+02 -1.647699622e+02 +4.0151e-01 -4.5053e-01
3693 +3.671299561e-05 +3.671299561e-05 -1.647699633e+02 -1.647699633e+02 +4.0228e-01 -4.5091e-01
3728 +3.616526814e-05 +3.616526814e-05 -1.647699638e+02 -1.647699638e+02 +4.0312e-01 -4.5114e-01
3732 +3.371746797e-05 +3.371746797e-05 -1.647699663e+02 -1.647699663e+02 +4.0461e-01 -4.5203e-01
3869 +3.295568231e-05 +3.295568231e-05 -1.647699670e+02 -1.647699670e+02 +4.0501e-01 -4.5239e-01
3885 +3.034481458e-05 +3.034481458e-05 -1.647699697e+02 -1.647699697e+02 +4.0707e-01 -4.5349e-01
3939 +2.854231113e-05 +2.854231113e-05 -1.647699715e+02 -1.647699715e+02 +4.0879e-01 -4.5421e-01
3965 +2.422768725e-05 +2.422768725e-05 -1.647699758e+02 -1.647699758e+02 +4.1260e-01 -4.5627e-01
4169 +2.357712890e-05 +2.357712890e-05 -1.647699764e+02 -1.647699764e+02 +4.1317e-01 -4.5672e-01
4194 +2.321850761e-05 +2.321850761e-05 -1.647699768e+02 -1.647699768e+02 +4.1358e-01 -4.5680e-01
4208 +2.277687665e-05 +2.277687665e-05 -1.647699772e+02 -1.647699772e+02 +4.1431e-01 -4.5706e-01
4232 +2.164394803e-05 +2.164394803e-05 -1.647699784e+02 -1.647699784e+02 +4.1515e-01 -4.5774e-01
4317 +2.125030065e-05 +2.125030065e-05 -1.647699787e+02 -1.647699787e+02 +4.1563e-01 -4.5805e-01
4331 +2.086664159e-05 +2.086664159e-05 -1.647699791e+02 -1.647699791e+02 +4.1633e-01 -4.5853e-01
4338 +2.038504806e-05 +2.038504806e-05 -1.647699796e+02 -1.647699796e+02 +4.1672e-01 -4.5869e-01
4347 +1.988664621e-05 +1.988664621e-05 -1.647699801e+02 -1.647699801e+02 +4.1744e-01 -4.5912e-01
4382 +1.927547819e-05 +1.927547819e-05 -1.647699807e+02 -1.647699807e+02 +4.1786e-01 -4.5903e-01
4414 +1.877715164e-05 +1.877715164e-05 -1.647699812e+02 -1.647699812e+02 +4.1846e-01 -4.5933e-01
4426 +1.854289999e-05 +1.854289999e-05 -1.647699815e+02 -1.647699815e+02 +4.1866e-01 -4.5950e-01
4477 +1.816903199e-05 +1.816903199e-05 -1.647699818e+02 -1.647699818e+02 +4.1917e-01 -4.5990e-01
4504 +1.761144998e-05 +1.761144998e-05 -1.647699824e+02 -1.647699824e+02 +4.1995e-01 -4.6008e-01
4515 +1.685488641e-05 +1.685488641e-05 -1.647699831e+02 -1.647699831e+02 +4.2088e-01 -4.6058e-01
4528 +1.635688056e-05 +1.635688056e-05 -1.647699836e+02 -1.647699836e+02 +4.2149e-01 -4.6092e-01
4541 +1.613259661e-05 +1.613259661e-05 -1.647699839e+02 -1.647699839e+02 +4.2230e-01 -4.6118e-01
4544 +1.573336809e-05 +1.573336809e-05 -1.647699843e+02 -1.647699843e+02 +4.2248e-01 -4.6137e-01
4613 +1.548629027e-05 +1.548629027e-05 -1.647699845e+02 -1.647699845e+02 +4.2261e-01 -4.6155e-01
4638 +1.476533035e-05 +1.476533035e-05 -1.647699852e+02 -1.647699852e+02 +4.2366e-01 -4.6207e-01
4676 +1.415320762e-05 +1.415320762e-05 -1.647699858e+02 -1.647699858e+02 +4.2449e-01 -4.6258e-01
4696 +1.410488755e-05 +1.410488755e-05 -1.647699859e+02 -1.647699859e+02 +4.2462e-01 -4.6273e-01
4708 +1.344384688e-05 +1.344384688e-05 -1.647699866e+02 -1.647699866e+02 +4.2605e-01 -4.6317e-01
4722 +1.278949526e-05 +1.278949526e-05 -1.647699872e+02 -1.647699872e+02 +4.2661e-01 -4.6372e-01
4750 +1.204867050e-05 +1.204867050e-05 -1.647699880e+02 -1.647699880e+02 +4.2814e-01 -4.6430e-01
4760 +1.177710152e-05 +1.177710152e-05 -1.647699882e+02 -1.647699882e+02 +4.2829e-01 -4.6458e-01
4761 +1.105370936e-05 +1.105370936e-05 -1.647699889e+02 -1.647699889e+02 +4.3041e-01 -4.6595e-01
4766 +1.043352748e-05 +1.043352748e-05 -1.647699896e+02 -1.647699896e+02 +4.3076e-01 -4.6592e-01
% function evaluation | noise-free fitness - Fopt (-2.091100000000e+02) | best noise-free fitness - Fopt | measured fitness | best measured fitness | x1 | x2...
1 +2.503737427e-01 +2.503737427e-01 -2.088596263e+02 -2.088596263e+02 +0.0000e+00 +0.0000e+00
3 +1.696532086e-01 +1.696532086e-01 -2.089403468e+02 -2.089403468e+02 +2.6984e-01 -8.2930e-02
20 +6.883188293e-02 +6.883188293e-02 -2.090411681e+02 -2.090411681e+02 -7.8452e-04 +1.7340e-01
35 +1.095754623e-02 +1.095754623e-02 -2.090990425e+02 -2.090990425e+02 +3.8254e-01 +2.4897e-01
47 +5.151181647e-03 +5.151181647e-03 -2.091048488e+02 -2.091048488e+02 +5.5452e-01 +2.4919e-01
% function evaluation | noise-free fitness - Fopt (-6.570000000000e+00) | best noise-free fitness - Fopt | measured fitness | best measured fitness | x1 | x2...
1 +2.503737427e-01 +2.503737427e-01 -6.319626257e+00 -6.319626257e+00 +0.0000e+00 +0.0000e+00
18 +1.711409048e-01 +1.711409048e-01 -6.398859095e+00 -6.398859095e+00 -4.7822e-02 -5.3165e-03
24 +8.230034474e-02 +8.230034474e-02 -6.487699655e+00 -6.487699655e+00 -2.5776e-01 -8.4029e-03
133 +7.577701709e-02 +7.577701709e-02 -6.494222983e+00 -6.494222983e+00 +2.3567e-01 +1.5875e-01
138 +1.643546099e-02 +1.643546099e-02 -6.553564539e+00 -6.553564539e+00 +2.5792e-01 -1.0364e-01
% function evaluation | noise-free fitness - Fopt (3.373000000000e+01) | best noise-free fitness - Fopt | measured fitness | best measured fitness | x1 | x2...
1 +2.503737427e-01 +2.503737427e-01 +3.398037374e+01 +3.398037374e+01 +0.0000e+00 +0.0000e+00
9 +9.742227290e-03 +9.742227290e-03 +3.373974223e+01 +3.373974223e+01 -3.9910e-01 +3.6569e-03
243 +7.931113988e-03 +7.931113988e-03 +3.373793111e+01 +3.373793111e+01 -3.3175e-01 -2.5483e-02
252 +5.553758025e-03 +5.553758025e-03 +3.373555376e+01 +3.373555376e+01 -4.2622e-01 +3.3867e-02
262 +4.294465379e-03 +4.294465379e-03 +3.373429447e+01 +3.373429447e+01 -3.9245e-01 +1.0889e-02
275 +1.593522535e-03 +1.593522535e-03 +3.373159352e+01 +3.373159352e+01 -4.5639e-01 +4.7539e-02
276 +1.432492806e-03 +1.432492806e-03 +3.373143249e+01 +3.373143249e+01 -4.7017e-01 +5.6333e-02
343 +1.358639857e-03 +1.358639857e-03 +3.373135864e+01 +3.373135864e+01 -4.6464e-01 +5.2303e-02
353 +1.228766348e-03 +1.228766348e-03 +3.373122877e+01 +3.373122877e+01 -4.7091e-01 +5.6079e-02
417 +1.198689509e-03 +1.198689509e-03 +3.373119869e+01 +3.373119869e+01 -4.6173e-01 +4.7292e-02
418 +1.171653914e-03 +1.171653914e-03 +3.373117165e+01 +3.373117165e+01 -4.6114e-01 +4.7948e-02
421 +1.043810893e-03 +1.043810893e-03 +3.373104381e+01 +3.373104381e+01 -4.6732e-01 +5.1478e-02
434 +8.790320469e-04 +8.790320469e-04 +3.373087903e+01 +3.373087903e+01 -4.7800e-01 +5.8836e-02
478 +7.919880682e-04 +7.919880682e-04 +3.373079199e+01 +3.373079199e+01 -4.8147e-01 +5.9901e-02
505 +7.140089246e-04 +7.140089246e-04 +3.373071401e+01 +3.373071401e+01 -4.9121e-01 +6.4573e-02
513 +6.124651624e-04 +6.124651624e-04 +3.373061247e+01 +3.373061247e+01 -4.9503e-01 +6.8957e-02
520 +5.677993642e-04 +5.677993642e-04 +3.373056780e+01 +3.373056780e+01 -5.0365e-01 +7.1987e-02
545 +5.395690258e-04 +5.395690258e-04 +3.373053957e+01 +3.373053957e+01 -4.9962e-01 +7.0980e-02
573 +5.217864252e-04 +5.217864252e-04 +3.373052179e+01 +3.373052179e+01 -5.0116e-01 +7.2124e-02
586 +5.095083603e-04 +5.095083603e-04 +3.373050951e+01 +3.373050951e+01 -5.0232e-01 +7.2927e-02
594 +4.910229826e-04 +4.910229826e-04 +3.373049102e+01 +3.373049102e+01 -5.0457e-01 +7.3565e-02
598 +4.809976200e-04 +4.809976200e-04 +3.373048100e+01 +3.373048100e+01 -5.0700e-01 +7.6460e-02
604 +4.273622738e-04 +4.273622738e-04 +3.373042736e+01 +3.373042736e+01 -5.1029e-01 +7.7215e-02
625 +4.238194204e-04 +4.238194204e-04 +3.373042382e+01 +3.373042382e+01 -5.1272e-01 +7.8157e-02
666 +4.049059851e-04 +4.049059851e-04 +3.373040491e+01 +3.373040491e+01 -5.1261e-01 +7.9374e-02
667 +3.670221588e-04 +3.670221588e-04 +3.373036702e+01 +3.373036702e+01 -5.1675e-01 +8.1180e-02
691 +3.448889199e-04 +3.448889199e-04 +3.373034489e+01 +3.373034489e+01 -5.1889e-01 +8.2834e-02
712 +3.234070495e-04 +3.234070495e-04 +3.373032341e+01 +3.373032341e+01 -5.2156e-01 +8.4651e-02
743 +3.034968577e-04 +3.034968577e-04 +3.373030350e+01 +3.373030350e+01 -5.2601e-01 +8.6494e-02
763 +2.956416280e-04 +2.956416280e-04 +3.373029564e+01 +3.373029564e+01 -5.2692e-01 +8.7087e-02
766 +2.923655164e-04 +2.923655164e-04 +3.373029237e+01 +3.373029237e+01 -5.2594e-01 +8.6870e-02
776 +2.560909160e-04 +2.560909160e-04 +3.373025609e+01 +3.373025609e+01 -5.3068e-01 +9.0253e-02
1103 +2.503404084e-04 +2.503404084e-04 +3.373025034e+01 +3.373025034e+01 -5.3162e-01 +9.0585e-02
1142 +2.445008985e-04 +2.445008985e-04 +3.373024450e+01 +3.373024450e+01 -5.3276e-01 +9.1145e-02
1181 +2.394620026e-04 +2.394620026e-04 +3.373023946e+01 +3.373023946e+01 -5.3322e-01 +9.1821e-02
1196 +2.336581778e-04 +2.336581778e-04 +3.373023366e+01 +3.373023366e+01 -5.3470e-01 +9.2261e-02
1209 +2.255386186e-04 +2.255386186e-04 +3.373022554e+01 +3.373022554e+01 -5.3547e-01 +9.3053e-02
1256 +2.230286443e-04 +2.230286443e-04 +3.373022303e+01 +3.373022303e+01 -5.3600e-01 +9.3275e-02
1266 +2.181948053e-04 +2.181948053e-04 +3.373021819e+01 +3.373021819e+01 -5.3673e-01 +9.3795e-02
1282 +2.077477982e-04 +2.077477982e-04 +3.373020775e+01 +3.373020775e+01 -5.3847e-01 +9.5050e-02
1307 +2.020410507e-04 +2.020410507e-04 +3.373020204e+01 +3.373020204e+01 -5.4112e-01 +9.7347e-02
1317 +1.961962065e-04 +1.961962065e-04 +3.373019620e+01 +3.373019620e+01 -5.4099e-01 +9.6235e-02
1363 +1.923976557e-04 +1.923976557e-04 +3.373019240e+01 +3.373019240e+01 -5.4124e-01 +9.6790e-02
1401 +1.904358068e-04 +1.904358068e-04 +3.373019044e+01 +3.373019044e+01 -5.4205e-01 +9.6901e-02
1421 +1.849699715e-04 +1.849699715e-04 +3.373018497e+01 +3.373018497e+01 -5.4263e-01 +9.7615e-02
1426 +1.804551665e-04 +1.804551665e-04 +3.373018046e+01 +3.373018046e+01 -5.4351e-01 +9.8149e-02
1435 +1.671740154e-04 +1.671740154e-04 +3.373016717e+01 +3.373016717e+01 -5.4622e-01 +9.9754e-02
1477 +1.648119150e-04 +1.648119150e-04 +3.373016481e+01 +3.373016481e+01 -5.4684e-01 +1.0047e-01
1509 +1.594502383e-04 +1.594502383e-04 +3.373015945e+01 +3.373015945e+01 -5.4791e-01 +1.0076e-01
1512 +1.548292039e-04 +1.548292039e-04 +3.373015483e+01 +3.373015483e+01 -5.4882e-01 +1.0152e-01
1514 +1.496592830e-04 +1.496592830e-04 +3.373014966e+01 +3.373014966e+01 -5.5015e-01 +1.0255e-01
1548 +1.476639006e-04 +1.476639006e-04 +3.373014766e+01 +3.373014766e+01 -5.5161e-01 +1.0379e-01
1566 +1.426007514e-04 +1.426007514e-04 +3.373014260e+01 +3.373014260e+01 -5.5176e-01 +1.0313e-01
1574 +1.402408147e-04 +1.402408147e-04 +3.373014024e+01 +3.373014024e+01 -5.5251e-01 +1.0351e-01
1634 +1.377015312e-04 +1.377015312e-04 +3.373013770e+01 +3.373013770e+01 -5.5276e-01 +1.0401e-01
1655 +1.285298210e-04 +1.285298210e-04 +3.373012853e+01 +3.373012853e+01 -5.5502e-01 +1.0543e-01
1668 +1.247142268e-04 +1.247142268e-04 +3.373012471e+01 +3.373012471e+01 -5.5617e-01 +1.0631e-01
1685 +1.183115681e-04 +1.183115681e-04 +3.373011831e+01 +3.373011831e+01 -5.5774e-01 +1.0699e-01
1693 +1.108102199e-04 +1.108102199e-04 +3.373011081e+01 +3.373011081e+01 -5.6021e-01 +1.0834e-01
1705 +9.874222332e-05 +9.874222332e-05 +3.373009874e+01 +3.373009874e+01 -5.6392e-01 +1.1136e-01
1713 +8.573958727e-05 +8.573958727e-05 +3.373008574e+01 +3.373008574e+01 -5.6763e-01 +1.1340e-01
1758 +8.157945763e-05 +8.157945763e-05 +3.373008158e+01 +3.373008158e+01 -5.6975e-01 +1.1432e-01
1762 +7.452306927e-05 +7.452306927e-05 +3.373007452e+01 +3.373007452e+01 -5.7222e-01 +1.1658e-01
1832 +7.319445080e-05 +7.319445080e-05 +3.373007319e+01 +3.373007319e+01 -5.7224e-01 +1.1630e-01
1838 +7.148681215e-05 +7.148681215e-05 +3.373007149e+01 +3.373007149e+01 -5.7354e-01 +1.1675e-01
1844 +7.056850828e-05 +7.056850828e-05 +3.373007057e+01 +3.373007057e+01 -5.7404e-01 +1.1703e-01
1854 +6.284270221e-05 +6.284270221e-05 +3.373006284e+01 +3.373006284e+01 -5.7668e-01 +1.1927e-01
1918 +6.081828222e-05 +6.081828222e-05 +3.373006082e+01 +3.373006082e+01 -5.7759e-01 +1.1985e-01
1925 +5.912426129e-05 +5.912426129e-05 +3.373005912e+01 +3.373005912e+01 -5.7831e-01 +1.2001e-01
1926 +5.543821886e-05 +5.543821886e-05 +3.373005544e+01 +3.373005544e+01 -5.8009e-01 +1.2143e-01
1934 +5.445803482e-05 +5.445803482e-05 +3.373005446e+01 +3.373005446e+01 -5.8089e-01 +1.2208e-01
1940 +5.339595172e-05 +5.339595172e-05 +3.373005340e+01 +3.373005340e+01 -5.8459e-01 +1.2334e-01
1971 +4.397898000e-05 +4.397898000e-05 +3.373004398e+01 +3.373004398e+01 -5.8648e-01 +1.2508e-01
2038 +4.303548143e-05 +4.303548143e-05 +3.373004304e+01 +3.373004304e+01 -5.8664e-01 +1.2556e-01
2049 +4.238377657e-05 +4.238377657e-05 +3.373004238e+01 +3.373004238e+01 -5.8702e-01 +1.2562e-01
2107 +4.049644039e-05 +4.049644039e-05 +3.373004050e+01 +3.373004050e+01 -5.8826e-01 +1.2635e-01
2163 +3.852654343e-05 +3.852654343e-05 +3.373003853e+01 +3.373003853e+01 -5.8937e-01 +1.2722e-01
2184 +3.784927188e-05 +3.784927188e-05 +3.373003785e+01 +3.373003785e+01 -5.8988e-01 +1.2743e-01
2250 +3.640025946e-05 +3.640025946e-05 +3.373003640e+01 +3.373003640e+01 -5.9077e-01 +1.2814e-01
2258 +3.539710933e-05 +3.539710933e-05 +3.373003540e+01 +3.373003540e+01 -5.9146e-01 +1.2855e-01
2269 +3.443864816e-05 +3.443864816e-05 +3.373003444e+01 +3.373003444e+01 -5.9216e-01 +1.2893e-01
2285 +3.272709422e-05 +3.272709422e-05 +3.373003273e+01 +3.373003273e+01 -5.9414e-01 +1.2992e-01
2292 +2.935989783e-05 +2.935989783e-05 +3.373002936e+01 +3.373002936e+01 -5.9626e-01 +1.3187e-01
2312 +2.619618773e-05 +2.619618773e-05 +3.373002620e+01 +3.373002620e+01 -5.9871e-01 +1.3338e-01
2357 +2.527033350e-05 +2.527033350e-05 +3.373002527e+01 +3.373002527e+01 -6.0088e-01 +1.3414e-01
2378 +2.474400994e-05 +2.474400994e-05 +3.373002474e+01 +3.373002474e+01 -6.0006e-01 +1.3391e-01
2391 +2.445246210e-05 +2.445246210e-05 +3.373002445e+01 +3.373002445e+01 -6.0223e-01 +1.3493e-01
2396 +2.286849033e-05 +2.286849033e-05 +3.373002287e+01 +3.373002287e+01 -6.0164e-01 +1.3520e-01
2448 +2.232717700e-05 +2.232717700e-05 +3.373002233e+01 +3.373002233e+01 -6.0251e-01 +1.3543e-01
2451 +2.144430016e-05 +2.144430016e-05 +3.373002144e+01 +3.373002144e+01 -6.0321e-01 +1.3595e-01
2461 +2.023849402e-05 +2.023849402e-05 +3.373002024e+01 +3.373002024e+01 -6.0453e-01 +1.3678e-01
2467 +1.993269083e-05 +1.993269083e-05 +3.373001993e+01 +3.373001993e+01 -6.0460e-01 +1.3708e-01
2472 +1.913730687e-05 +1.913730687e-05 +3.373001914e+01 +3.373001914e+01 -6.0769e-01 +1.3847e-01
2486 +1.873064220e-05 +1.873064220e-05 +3.373001873e+01 +3.373001873e+01 -6.0590e-01 +1.3785e-01
2501 +1.603504260e-05 +1.603504260e-05 +3.373001604e+01 +3.373001604e+01 -6.0919e-01 +1.4008e-01
2532 +1.123614328e-05 +1.123614328e-05 +3.373001124e+01 +3.373001124e+01 -6.1647e-01 +1.4452e-01
2562 +9.187425597e-06 +9.187425597e-06 +3.373000919e+01 +3.373000919e+01 -6.1988e-01 +1.4688e-01
2876 +9.105377600e-06 +9.105377600e-06 +3.373000911e+01 +3.373000911e+01 -6.2012e-01 +1.4698e-01
2935 +8.889801542e-06 +8.889801542e-06 +3.373000889e+01 +3.373000889e+01 -6.2082e-01 +1.4734e-01
2949 +8.621337152e-06 +8.621337152e-06 +3.373000862e+01 +3.373000862e+01 -6.2105e-01 +1.4762e-01
2956 +8.511311513e-06 +8.511311513e-06 +3.373000851e+01 +3.373000851e+01 -6.2133e-01 +1.4777e-01
2977 +8.218936948e-06 +8.218936948e-06 +3.373000822e+01 +3.373000822e+01 -6.2186e-01 +1.4819e-01
2983 +7.844016409e-06 +7.844016409e-06 +3.373000784e+01 +3.373000784e+01 -6.2281e-01 +1.4872e-01
2988 +7.658040758e-06 +7.658040758e-06 +3.373000766e+01 +3.373000766e+01 -6.2314e-01 +1.4898e-01
2990 +7.426187956e-06 +7.426187956e-06 +3.373000743e+01 +3.373000743e+01 -6.2398e-01 +1.4980e-01
2994 +7.184413157e-06 +7.184413157e-06 +3.373000718e+01 +3.373000718e+01 -6.2512e-01 +1.5066e-01
3028 +7.036859294e-06 +7.036859294e-06 +3.373000704e+01 +3.373000704e+01 -6.2458e-01 +1.4994e-01
3062 +4.640602498e-06 +4.640602498e-06 +3.373000464e+01 +3.373000464e+01 -6.3135e-01 +1.5443e-01
3066 +3.902042785e-06 +3.902042785e-06 +3.373000390e+01 +3.373000390e+01 -6.3423e-01 +1.5618e-01
3106 +3.885245029e-06 +3.885245029e-06 +3.373000389e+01 +3.373000389e+01 -6.3578e-01 +1.5696e-01
3136 +3.617251089e-06 +3.617251089e-06 +3.373000362e+01 +3.373000362e+01 -6.3514e-01 +1.5692e-01
3152 +3.476519886e-06 +3.476519886e-06 +3.373000348e+01 +3.373000348e+01 -6.3588e-01 +1.5751e-01
3159 +3.439480913e-06 +3.439480913e-06 +3.373000344e+01 +3.373000344e+01 -6.3597e-01 +1.5754e-01
3167 +3.253561928e-06 +3.253561928e-06 +3.373000325e+01 +3.373000325e+01 -6.3670e-01 +1.5795e-01
3393 +3.232870561e-06 +3.232870561e-06 +3.373000323e+01 +3.373000323e+01 -6.3684e-01 +1.5797e-01
3412 +3.155410880e-06 +3.155410880e-06 +3.373000316e+01 +3.373000316e+01 -6.3714e-01 +1.5826e-01
3420 +3.065304519e-06 +3.065304519e-06 +3.373000307e+01 +3.373000307e+01 -6.3772e-01 +1.5872e-01
3447 +2.959203961e-06 +2.959203961e-06 +3.373000296e+01 +3.373000296e+01 -6.3806e-01 +1.5883e-01
3452 +2.849413463e-06 +2.849413463e-06 +3.373000285e+01 +3.373000285e+01 -6.3863e-01 +1.5915e-01
3486 +2.791264400e-06 +2.791264400e-06 +3.373000279e+01 +3.373000279e+01 -6.3906e-01 +1.5938e-01
3507 +2.727646013e-06 +2.727646013e-06 +3.373000273e+01 +3.373000273e+01 -6.3927e-01 +1.5956e-01
3546 +2.659298225e-06 +2.659298225e-06 +3.373000266e+01 +3.373000266e+01 -6.3956e-01 +1.5985e-01
3571 +2.619185253e-06 +2.619185253e-06 +3.373000262e+01 +3.373000262e+01 -6.3977e-01 +1.5994e-01
3597 +2.536226724e-06 +2.536226724e-06 +3.373000254e+01 +3.373000254e+01 -6.4024e-01 +1.6022e-01
3632 +2.507087125e-06 +2.507087125e-06 +3.373000251e+01 +3.373000251e+01 -6.4043e-01 +1.6033e-01
3637 +2.450941906e-06 +2.450941906e-06 +3.373000245e+01 +3.373000245e+01 -6.4081e-01 +1.6054e-01
3645 +2.396026943e-06 +2.396026943e-06 +3.373000240e+01 +3.373000240e+01 -6.4100e-01 +1.6073e-01
3661 +2.290008396e-06 +2.290008396e-06 +3.373000229e+01 +3.373000229e+01 -6.4160e-01 +1.6116e-01
3717 +2.169599455e-06 +2.169599455e-06 +3.373000217e+01 +3.373000217e+01 -6.4233e-01 +1.6167e-01
3732 +2.109228056e-06 +2.109228056e-06 +3.373000211e+01 +3.373000211e+01 -6.4276e-01 +1.6186e-01
3738 +2.002999068e-06 +2.002999068e-06 +3.373000200e+01 +3.373000200e+01 -6.4350e-01 +1.6232e-01
3774 +1.938701836e-06 +1.938701836e-06 +3.373000194e+01 +3.373000194e+01 -6.4380e-01 +1.6259e-01
3807 +1.796782676e-06 +1.796782676e-06 +3.373000180e+01 +3.373000180e+01 -6.4481e-01 +1.6322e-01
3821 +1.759572356e-06 +1.759572356e-06 +3.373000176e+01 +3.373000176e+01 -6.4526e-01 +1.6345e-01
3857 +1.710084177e-06 +1.710084177e-06 +3.373000171e+01 +3.373000171e+01 -6.4610e-01 +1.6392e-01
3882 +1.630912784e-06 +1.630912784e-06 +3.373000163e+01 +3.373000163e+01 -6.4604e-01 +1.6414e-01
3910 +1.553195276e-06 +1.553195276e-06 +3.373000155e+01 +3.373000155e+01 -6.4711e-01 +1.6498e-01
3916 +1.463358409e-06 +1.463358409e-06 +3.373000146e+01 +3.373000146e+01 -6.4761e-01 +1.6499e-01
3938 +1.435341929e-06 +1.435341929e-06 +3.373000144e+01 +3.373000144e+01 -6.4798e-01 +1.6521e-01
3953 +1.406263081e-06 +1.406263081e-06 +3.373000141e+01 +3.373000141e+01 -6.4829e-01 +1.6541e-01
4026 +1.379022152e-06 +1.379022152e-06 +3.373000138e+01 +3.373000138e+01 -6.4818e-01 +1.6541e-01
4079 +1.337141882e-06 +1.337141882e-06 +3.373000134e+01 +3.373000134e+01 -6.4840e-01 +1.6566e-01
4097 +1.315591533e-06 +1.315591533e-06 +3.373000132e+01 +3.373000132e+01 -6.4860e-01 +1.6580e-01
4100 +1.280604316e-06 +1.280604316e-06 +3.373000128e+01 +3.373000128e+01 -6.4891e-01 +1.6598e-01
4112 +1.224885203e-06 +1.224885203e-06 +3.373000122e+01 +3.373000122e+01 -6.4945e-01 +1.6638e-01
4127 +1.194447158e-06 +1.194447158e-06 +3.373000119e+01 +3.373000119e+01 -6.4986e-01 +1.6653e-01
4158 +1.166436284e-06 +1.166436284e-06 +3.373000117e+01 +3.373000117e+01 -6.5000e-01 +1.6670e-01
4166 +1.097959661e-06 +1.097959661e-06 +3.373000110e+01 +3.373000110e+01 -6.5070e-01 +1.6719e-01
4175 +1.093346512e-06 +1.093346512e-06 +3.373000109e+01 +3.373000109e+01 -6.5123e-01 +1.6768e-01
4179 +1.048497872e-06 +1.048497872e-06 +3.373000105e+01 +3.373000105e+01 -6.5180e-01 +1.6772e-01
4214 +1.014674034e-06 +1.014674034e-06 +3.373000101e+01 +3.373000101e+01 -6.5174e-01 +1.6794e-01
4239 +9.750959649e-07 +9.750959649e-07 +3.373000098e+01 +3.373000098e+01 -6.5208e-01 +1.6814e-01
4252 +9.410032860e-07 +9.410032860e-07 +3.373000094e+01 +3.373000094e+01 -6.5245e-01 +1.6828e-01
4258 +9.184423675e-07 +9.184423675e-07 +3.373000092e+01 +3.373000092e+01 -6.5289e-01 +1.6872e-01
4275 +7.950576091e-07 +7.950576091e-07 +3.373000080e+01 +3.373000080e+01 -6.5423e-01 +1.6954e-01
4297 +7.216900713e-07 +7.216900713e-07 +3.373000072e+01 +3.373000072e+01 -6.5523e-01 +1.7019e-01
4302 +6.549988356e-07 +6.549988356e-07 +3.373000065e+01 +3.373000065e+01 -6.5684e-01 +1.7107e-01
4309 +5.644470278e-07 +5.644470278e-07 +3.373000056e+01 +3.373000056e+01 -6.5863e-01 +1.7222e-01
4327 +4.719005844e-07 +4.719005844e-07 +3.373000047e+01 +3.373000047e+01 -6.6004e-01 +1.7353e-01
4458 +4.652164876e-07 +4.652164876e-07 +3.373000047e+01 +3.373000047e+01 -6.5950e-01 +1.7296e-01
4490 +4.456359335e-07 +4.456359335e-07 +3.373000045e+01 +3.373000045e+01 -6.5997e-01 +1.7324e-01
4506 +4.359237096e-07 +4.359237096e-07 +3.373000044e+01 +3.373000044e+01 -6.6004e-01 +1.7338e-01
4539 +4.250106471e-07 +4.250106471e-07 +3.373000043e+01 +3.373000043e+01 -6.6033e-01 +1.7350e-01
4643 +4.163562508e-07 +4.163562508e-07 +3.373000042e+01 +3.373000042e+01 -6.6045e-01 +1.7361e-01
4699 +4.037003976e-07 +4.037003976e-07 +3.373000040e+01 +3.373000040e+01 -6.6079e-01 +1.7381e-01
4734 +3.961365067e-07 +3.961365067e-07 +3.373000040e+01 +3.373000040e+01 -6.6087e-01 +1.7392e-01
4779 +3.885153248e-07 +3.885153248e-07 +3.373000039e+01 +3.373000039e+01 -6.6106e-01 +1.7401e-01
4796 +3.774109842e-07 +3.774109842e-07 +3.373000038e+01 +3.373000038e+01 -6.6142e-01 +1.7421e-01
% function evaluation | noise-free fitness - Fopt (-5.861500000000e+02) | best noise-free fitness - Fopt | measured fitness | best measured fitness | x1 | x2...
1 +2.503737427e-01 +2.503737427e-01 -5.858996263e+02 -5.858996263e+02 +0.0000e+00 +0.0000e+00
2 +6.863917068e-02 +6.863917068e-02 -5.860813608e+02 -5.860813608e+02 -2.2902e-01 -9.2833e-02
11 +7.618338850e-03 +7.618338850e-03 -5.861423817e+02 -5.861423817e+02 -4.6070e-02 -3.6728e-01
% function evaluation | noise-free fitness - Fopt (2.605400000000e+02) | best noise-free fitness - Fopt | measured fitness | best measured fitness | x1 | x2...
1 +2.503737427e-01 +2.503737427e-01 +2.607903737e+02 +2.607903737e+02 +0.0000e+00 +0.0000e+00
3 +3.581457102e-02 +3.581457102e-02 +2.605758146e+02 +2.605758146e+02 -1.5427e-01 -1.8513e-01
31 +1.832635209e-02 +1.832635209e-02 +2.605583264e+02 +2.605583264e+02 -1.5583e-01 -2.9835e-02
