% function evaluation | noise-free fitness - Fopt (-5.465000000000e+02) | best noise-free fitness - Fopt | measured fitness | best measured fitness | x1 | x2...
1 +1.033747614e+04 +1.033747614e+04 +9.790976136e+03 +9.790976136e+03 +0.0000e+00 +0.0000e+00 +0.0000e+00 +0.0000e+00 +0.0000e+00 +0.0000e+00 +0.0000e+00 +0.0000e+00 +0.0000e+00 +0.0000e+00
2 +8.966833200e+03 +8.966833200e+03 +8.420333200e+03 +8.420333200e+03 +1.7140e-01 -1.2314e-02 -3.9255e-02 +1.1602e-02 -1.3099e-01 -1.9375e-01 -3.2934e-02 -2.8712e-01 +4.2143e-02 +4.0713e-01
6 +8.604619529e+03 +8.604619529e+03 +8.058119529e+03 +8.058119529e+03 +4.9938e-02 +6.3000e-02 +1.1625e-01 +1.8816e-01 +1.8375e-01 -1.0299e-01 +1.6679e-01 -3.4458e-01 -2.7485e-01 +2.6529e-01
10 +7.501016777e+03 +7.501016777e+03 +6.954516777e+03 +6.954516777e+03 -1.0550e-01 +5.7799e-01 +3.3236e-01 +1.6321e-01 -1.8005e-02 -1.2090e-01 +3.4761e-01 -3.7277e-03 -1.3540e-01 +3.7013e-01
15 +5.718507021e+03 +5.718507021e+03 +5.172007021e+03 +5.172007021e+03 +1.2309e-01 +2.1747e-02 -2.0582e-01 +4.1760e-01 +4.4639e-01 +3.1356e-01 +2.1321e-01 -2.5378e-01 -7.9197e-01 +3.7176e-01
18 +3.337590024e+03 +3.337590024e+03 +2.791090024e+03 +2.791090024e+03 +1.6469e-01 +1.1465e-01 +3.5631e-02 +6.4563e-01 +3.9504e-01 +3.6372e-01 -1.0379e-01 +4.7390e-01 -1.0042e+00 +1.4532e-01
23 +3.299111196e+03 +3.299111196e+03 +2.752611196e+03 +2.752611196e+03 +3.1205e-01 +1.0744e-01 -6.4162e-02 +4.1983e-01 +3.4250e-01 +3.3698e-01 -4.8583e-01 +1.2136e-01 -3.5967e-01 +5.1435e-01
26 +1.097096663e+03 +1.097096663e+03 +5.505966634e+02 +5.505966634e+02 +6.1485e-01 -1.3543e-01 +2.3172e-01 +2.4535e-01 +4.1896e-02 +2.9275e-01 -1.1846e-01 +6.4501e-01 -9.6150e-01 +6.3191e-01
27 +5.475723172e+02 +5.475723172e+02 +1.072317195e+00 +1.072317195e+00 +2.0771e-01 +3.7572e-02 -3.2749e-01 +6.8085e-01 +2.7444e-01 +2.9520e-01 -4.3719e-01 +6.8227e-01 -7.3209e-01 +7.8263e-01
40 +4.616015698e+02 +4.616015698e+02 -8.489843022e+01 -8.489843022e+01 -7.8394e-02 -3.5594e-02 -2.1395e-01 +3.0656e-01 +5.1604e-02 +1.4358e-01 -3.1169e-01 +9.9927e-01 -4.6600e-01 +1.1591e+00
54 +2.390822189e+02 +2.390822189e+02 -3.074177811e+02 -3.074177811e+02 +1.6223e-01 +2.7557e-01 +1.3587e-01 +5.9029e-01 +1.7745e-01 +1.3404e-01 -5.1002e-01 +9.9268e-01 -5.3862e-01 +1.0371e+00
66 +5.255768635e+01 +5.255768635e+01 -4.939423136e+02 -4.939423136e+02 -1.0322e-01 +5.3698e-02 +2.2176e-01 +7.4753e-01 +1.0141e-01 -2.4233e-01 -3.3339e-01 +8.1358e-01 -8.5835e-01 +1.4247e+00
72 +2.442765049e+01 +2.442765049e+01 -5.220723495e+02 -5.220723495e+02 +5.9233e-02 +5.2281e-03 +4.4128e-01 +5.7059e-01 +2.2420e-01 -3.7093e-01 -3.1411e-01 +7.2010e-01 -8.3704e-01 +9.2636e-01
77 +5.002768229e+00 +5.002768229e+00 -5.414972318e+02 -5.414972318e+02 +2.2667e-02 -3.2356e-01 +4.3824e-01 +4.0876e-01 +4.7313e-01 -1.5592e-01 -5.4047e-01 +1.1097e+00 -6.8398e-01 +1.6405e+00
96 +4.441554594e+00 +4.441554594e+00 -5.420584454e+02 -5.420584454e+02 -2.3001e-02 -3.3015e-01 +9.9894e-01 +4.9305e-01 +2.8759e-01 -5.7069e-01 -8.3149e-01 +1.0702e+00 -9.7100e-01 +1.5715e+00
105 +4.002796857e+00 +4.002796857e+00 -5.424972031e+02 -5.424972031e+02 +1.4662e-01 +1.8329e-01 +1.0013e+00 +2.6372e-01 +2.7342e-01 -2.5428e-01 -9.3735e-01 +9.9972e-01 -1.0890e+00 +1.5566e+00
125 +3.805472517e+00 +3.805472517e+00 -5.426945275e+02 -5.426945275e+02 +3.2855e-02 -6.8067e-01 +6.2749e-01 +8.0673e-02 +5.7492e-01 -1.6807e-01 -1.2218e+00 +9.6916e-01 -9.9870e-01 +1.7906e+00
130 +3.632724729e+00 +3.632724729e+00 -5.428672753e+02 -5.428672753e+02 -9.5570e-02 -6.4604e-01 -1.2592e-01 -4.0946e-02 +1.0923e+00 -3.3130e-01 -8.0139e-01 +1.5120e+00 -8.5141e-01 +1.4315e+00
144 +3.317927473e+00 +3.317927473e+00 -5.431820725e+02 -5.431820725e+02 -3.0260e-01 -4.7549e-01 +2.9631e-02 +2.7002e-02 +9.2587e-01 -4.6406e-01 -9.6108e-01 +9.8577e-01 -1.4133e+00 +8.7962e-01
171 +3.214840112e+00 +3.214840112e+00 -5.432851599e+02 -5.432851599e+02 +8.5711e-02 -5.3841e-01 -4.0379e-02 -2.1240e-01 +8.0160e-01 -1.3845e+00 -5.9708e-01 +1.4229e+00 -2.3845e+00 +1.8983e+00
181 +3.119533499e+00 +3.119533499e+00 -5.433804665e+02 -5.433804665e+02 +1.1648e-01 -5.8339e-01 +6.3310e-01 +8.4162e-02 +9.7147e-01 -5.3567e-01 -4.1906e-01 +1.9516e+00 -1.7400e+00 +1.8058e+00
272 +3.010942710e+00 +3.010942710e+00 -5.434890573e+02 -5.434890573e+02 -7.1408e-01 -8.3678e-02 +1.6783e+00 -5.0516e-01 +9.0026e-01 -5.4880e-01 -1.1590e+00 +1.2220e+00 -2.3456e+00 +8.9280e-01
355 +2.850063206e+00 +2.850063206e+00 -5.436499368e+02 -5.436499368e+02 -1.0594e+00 +1.8215e-01 +2.5798e+00 -4.8727e-01 +9.6021e-01 -4.6594e-01 -1.2046e+00 +7.6252e-01 -1.7119e+00 +1.0783e+00
383 +2.708421438e+00 +2.708421438e+00 -5.437915786e+02 -5.437915786e+02 -8.2675e-01 -7.6153e-02 +2.5207e+00 -2.0717e-01 +4.2616e-01 -5.5959e-01 -1.2222e+00 +1.2302e+00 -1.6677e+00 +1.0199e+00
458 +2.574668692e+00 +2.574668692e+00 -5.439253313e+02 -5.439253313e+02 -1.1634e+00 +3.0546e-02 +2.6350e+00 -7.9090e-01 +7.3610e-01 -4.9310e-01 -8.3512e-01 +9.2810e-01 -1.8170e+00 +1.1046e+00
693 +2.551917926e+00 +2.551917926e+00 -5.439480821e+02 -5.439480821e+02 -1.1908e+00 -2.3036e-01 +2.6055e+00 -5.2053e-01 +1.0135e+00 -5.0392e-01 -8.8240e-01 +8.7353e-01 -2.3815e+00 +1.6873e+00
699 +2.511607547e+00 +2.511607547e+00 -5.439883925e+02 -5.439883925e+02 -1.1494e+00 -2.0483e-01 +2.6625e+00 -4.2343e-01 +1.0253e+00 -5.4985e-01 -8.0498e-01 +9.3584e-01 -2.3295e+00 +1.6673e+00
709 +2.384702162e+00 +2.384702162e+00 -5.441152978e+02 -5.441152978e+02 -1.1602e+00 -6.2061e-02 +2.6150e+00 -4.8681e-01 +9.9952e-01 -5.0343e-01 -7.9402e-01 +9.9476e-01 -2.3479e+00 +1.4356e+00
734 +2.249132276e+00 +2.249132276e+00 -5.442508677e+02 -5.442508677e+02 -1.2087e+00 -2.3727e-01 +2.6545e+00 -4.0799e-01 +4.1974e-01 -5.6472e-01 -8.0856e-01 +9.5426e-01 -2.3490e+00 +1.4865e+00
740 +2.138233006e+00 +2.138233006e+00 -5.443617670e+02 -5.443617670e+02 -1.1078e+00 -1.1189e-01 +2.6701e+00 -2.2920e-01 +3.9873e-01 -5.1806e-01 -8.4375e-01 +9.2703e-01 -2.3495e+00 +1.4668e+00
781 +2.055535385e+00 +2.055535385e+00 -5.444444646e+02 -5.444444646e+02 -9.8522e-01 +1.2413e-01 +2.5825e+00 -4.2738e-01 +4.3966e-01 -6.0922e-01 -7.9050e-01 +9.7043e-01 -2.3519e+00 +1.3354e+00
789 +1.964960444e+00 +1.964960444e+00 -5.445350396e+02 -5.445350396e+02 -9.3835e-01 +1.6869e-02 +2.6439e+00 -1.8550e-02 +5.4376e-01 -6.0690e-01 -8.2235e-01 +9.4518e-01 -2.4217e+00 +1.3403e+00
795 +1.794078404e+00 +1.794078404e+00 -5.447059216e+02 -5.447059216e+02 -9.2127e-01 +2.8102e-02 +2.6445e+00 -1.3657e-01 +4.4219e-01 -5.8066e-01 -8.5015e-01 +9.4357e-01 -2.3873e+00 +1.2164e+00
924 +1.772748408e+00 +1.772748408e+00 -5.447272516e+02 -5.447272516e+02 -9.3734e-01 +4.4442e-02 +2.7250e+00 -1.0672e-01 +4.1858e-01 -6.1792e-01 -8.0325e-01 +9.6810e-01 -2.3995e+00 +1.1956e+00
943 +1.730357637e+00 +1.730357637e+00 -5.447696424e+02 -5.447696424e+02 -9.8390e-01 -2.0528e-02 +2.6908e+00 -1.6684e-01 +4.8373e-01 -6.1113e-01 -7.8900e-01 +9.3517e-01 -2.3900e+00 +1.1678e+00
972 +1.696092232e+00 +1.696092232e+00 -5.448039078e+02 -5.448039078e+02 -1.0515e+00 -2.7924e-02 +2.6177e+00 -1.5538e-01 +4.3527e-01 -6.6459e-01 -8.0312e-01 +9.2745e-01 -2.3922e+00 +1.1516e+00
1047 +1.639168296e+00 +1.639168296e+00 -5.448608317e+02 -5.448608317e+02 -9.7145e-01 -1.3930e-02 +2.6034e+00 -1.0781e-01 +4.4015e-01 -6.3161e-01 -7.9238e-01 +9.4099e-01 -2.3704e+00 +1.1786e+00
1057 +1.619088071e+00 +1.619088071e+00 -5.448809119e+02 -5.448809119e+02 -9.6142e-01 -2.4304e-02 +2.6034e+00 -1.1329e-01 +4.3125e-01 -6.2961e-01 -8.0552e-01 +9.5792e-01 -2.3920e+00 +1.1791e+00
1183 +1.584247972e+00 +1.584247972e+00 -5.449157520e+02 -5.449157520e+02 -1.0213e+00 -7.2387e-03 +2.6337e+00 -1.2084e-01 +4.3254e-01 -6.2142e-01 -7.9563e-01 +9.4963e-01 -2.3931e+00 +1.1666e+00
% function evaluation | noise-free fitness - Fopt (1.000000000000e+03) | best noise-free fitness - Fopt | measured fitness | best measured fitness | x1 | x2...
1 +1.033747614e+04 +1.033747614e+04 +1.133747614e+04 +1.133747614e+04 +0.0000e+00 +0.0000e+00 +0.0000e+00 +0.0000e+00 +0.0000e+00 +0.0000e+00 +0.0000e+00 +0.0000e+00 +0.0000e+00 +0.0000e+00
2 +8.175589213e+03 +8.175589213e+03 +9.175589213e+03 +9.175589213e+03 -2.7111e-01 -2.0324e-01 +3.7340e-01 +2.3376e-01 -2.8647e-01 +3.0587e-02 -1.6311e-01 +1.4694e-01 +5.9937e-02 -1.7634e-01
5 +7.400778463e+03 +7.400778463e+03 +8.400778463e+03 +8.400778463e+03 -3.3032e-01 -1.3947e-01 -4.7982e-02 -4.7535e-02 -1.3979e-01 -1.1889e-01 -6.6262e-02 +1.3122e-01 -2.0925e-01 -7.9610e-02
8 +7.226993762e+03 +7.226993762e+03 +8.226993762e+03 +8.226993762e+03 -2.5607e-01 -1.1290e-01 -5.0241e-01 +6.6156e-02 -2.7846e-01 -3.0339e-01 -1.3576e-02 +2.1973e-01 -1.0180e-01 -1.9708e-01
12 +4.745450043e+03 +4.745450043e+03 +5.745450043e+03 +5.745450043e+03 +2.9535e-01 -2.6783e-02 +7.0446e-02 +2.4026e-01 -7.4630e-03 -2.5351e-01 -1.6781e-01 +3.3562e-01 -5.0251e-01 -1.3318e-01
13 +3.541682068e+03 +3.541682068e+03 +4.541682068e+03 +4.541682068e+03 +2.7205e-01 -6.4781e-02 -1.5784e-01 +3.1493e-02 -2.1349e-01 -1.1324e-01 -2.5495e-01 +3.7297e-02 -2.3677e-01 -7.1400e-01
25 +1.440233176e+03 +1.440233176e+03 +2.440233176e+03 +2.440233176e+03 +4.8102e-01 -1.0573e-01 +1.2520e-01 +8.9217e-02 -1.3033e-01 -3.2932e-02 -2.7864e-01 +1.2089e-01 -6.5473e-01 -7.5142e-01
43 +1.268715363e+03 +1.268715363e+03 +2.268715363e+03 +2.268715363e+03 +2.7641e-01 +3.6999e-01 -4.2521e-02 +1.2239e-01 -6.8195e-01 -6.0896e-02 -1.1997e-01 +3.8338e-01 -4.0572e-01 -1.1626e+00
52 +1.165984028e+03 +1.165984028e+03 +2.165984028e+03 +2.165984028e+03 +6.4789e-01 +4.7475e-01 +4.2219e-01 +3.9246e-01 -5.5795e-01 +6.0863e-01 -2.6102e-01 +2.4329e-01 -4.4599e-01 -1.6356e+00
56 +6.743078135e+02 +6.743078135e+02 +1.674307813e+03 +1.674307813e+03 +6.6891e-01 +5.7396e-01 +5.2543e-02 +5.5435e-01 -8.8106e-01 +4.6730e-01 -1.0116e+00 +1.8345e-01 -5.5781e-01 -1.0762e+00
60 +5.959826595e+02 +5.959826595e+02 +1.595982660e+03 +1.595982660e+03 +7.6065e-01 +1.2275e-01 +1.9106e-01 +2.2000e-01 -9.0639e-01 +6.5796e-01 -7.8499e-01 +2.2046e-01 -8.8642e-01 -6.7019e-01
62 +1.124055788e+02 +1.124055788e+02 +1.112405579e+03 +1.112405579e+03 +1.0136e+00 +6.5387e-01 -1.4589e-02 +8.0840e-01 -1.2853e+00 +3.8127e-01 -7.6320e-01 +4.4382e-01 -1.0482e+00 -1.8374e+00
69 +5.639883886e+01 +5.639883886e+01 +1.056398839e+03 +1.056398839e+03 +1.5232e+00 +5.2820e-01 -2.8129e-01 +6.1081e-01 -1.8330e+00 +7.0903e-01 -9.5273e-01 +3.6389e-01 -1.5928e+00 -1.0760e+00
70 +1.811004007e+01 +1.811004007e+01 +1.018110040e+03 +1.018110040e+03 +2.6031e-01 +1.1211e+00 -1.5631e-01 +6.5031e-01 -1.1893e+00 +4.6754e-01 -1.1785e+00 +6.3873e-01 -7.7371e-01 -1.2941e+00
72 +8.936673032e+00 +8.936673032e+00 +1.008936673e+03 +1.008936673e+03 +7.8946e-01 +1.7329e-01 +2.4689e-01 +5.2372e-01 -1.6579e+00 +4.2727e-01 -1.2382e+00 +6.9755e-01 -1.1986e+00 -1.3235e+00
75 +5.200084228e+00 +5.200084228e+00 +1.005200084e+03 +1.005200084e+03 +4.9541e-01 +3.0047e-01 -2.4535e-02 +3.8453e-01 -1.4320e+00 -9.8959e-02 -7.9548e-01 +7.1736e-01 -1.4337e+00 -8.7500e-01
78 +3.979350985e+00 +3.979350985e+00 +1.003979351e+03 +1.003979351e+03 +4.3522e-01 +6.1940e-01 -3.6210e-01 +6.0488e-01 -1.2742e+00 +1.6490e+00 -1.1872e+00 +7.2970e-01 -1.2377e+00 -1.4016e+00
79 +3.876783712e+00 +3.876783712e+00 +1.003876784e+03 +1.003876784e+03 +4.6912e-01 +5.4918e-01 -2.0474e-01 +5.0022e-01 -1.5002e+00 +7.9677e-01 -1.7523e+00 +7.9747e-01 -1.1511e+00 -1.7436e+00
87 +3.722701925e+00 +3.722701925e+00 +1.003722702e+03 +1.003722702e+03 +4.6525e-01 +1.0282e+00 -3.8623e-01 +1.4027e-01 -2.1899e+00 +6.6502e-01 -2.5436e+00 +8.0170e-01 -1.0587e+00 -2.0425e+00
95 +3.705410126e+00 +3.705410126e+00 +1.003705410e+03 +1.003705410e+03 +1.2657e+00 +1.0721e+00 +4.2763e-01 +3.2783e-01 -1.7077e+00 +9.2750e-01 -2.3887e+00 +1.0180e+00 -1.0233e+00 -1.0007e+00
123 +3.036393292e+00 +3.036393292e+00 +1.003036393e+03 +1.003036393e+03 +8.2717e-01 +2.5883e+00 -4.9980e-01 -9.6590e-01 -2.5023e-01 +1.4953e+00 -1.6698e+00 +2.1493e+00 -2.1562e+00 -6.3522e-01
212 +2.896610440e+00 +2.896610440e+00 +1.002896610e+03 +1.002896610e+03 +1.3454e+00 +1.4625e+00 -4.6081e-01 -4.5482e-02 -1.0326e+00 +4.7512e-01 -2.0635e+00 +2.1390e+00 -1.9583e+00 -1.5144e+00
279 +2.696840108e+00 +2.696840108e+00 +1.002696840e+03 +1.002696840e+03 +1.6025e+00 +3.1107e+00 -2.9937e-01 -8.9053e-04 -2.6373e+00 +6.1264e-01 -1.3994e+00 +9.1200e-01 -2.4754e+00 -1.3953e+00
370 +2.679957247e+00 +2.679957247e+00 +1.002679957e+03 +1.002679957e+03 +1.4673e+00 +2.7924e+00 -1.7338e-01 -6.4543e-02 -2.6300e+00 +4.8925e-01 -2.1036e+00 +6.5645e-01 -1.9742e+00 -2.0412e+00
445 +2.453131961e+00 +2.453131961e+00 +1.002453132e+03 +1.002453132e+03 +1.3916e+00 +2.9501e+00 -1.3222e-01 -9.6945e-02 -2.5792e+00 +5.7099e-01 -1.8220e+00 +6.5446e-01 -1.6007e+00 -1.8912e+00
467 +2.358293234e+00 +2.358293234e+00 +1.002358293e+03 +1.002358293e+03 +1.6559e+00 +3.0991e+00 -1.6980e-01 -1.1549e-01 -2.5399e+00 +7.0825e-01 -1.9131e+00 +6.9876e-01 -1.7189e+00 -1.8851e+00
481 +2.209400527e+00 +2.209400527e+00 +1.002209401e+03 +1.002209401e+03 +1.5766e+00 +3.0787e+00 -1.6054e-01 -1.0519e-01 -2.6458e+00 +7.8480e-01 -1.9520e+00 +6.7645e-01 -1.7194e+00 -1.8046e+00
518 +2.133866463e+00 +2.133866463e+00 +1.002133866e+03 +1.002133866e+03 +1.4184e+00 +2.9463e+00 -9.6851e-02 -1.1567e-01 -2.6579e+00 +4.6545e-01 -2.0309e+00 +6.5002e-01 -1.6325e+00 -1.8761e+00
561 +2.070593148e+00 +2.070593148e+00 +1.002070593e+03 +1.002070593e+03 +1.5121e+00 +3.0139e+00 +6.6363e-02 -1.7847e-01 -2.6259e+00 +4.4723e-01 -2.0195e+00 +6.4007e-01 -1.8403e+00 -1.8046e+00
614 +2.037392915e+00 +2.037392915e+00 +1.002037393e+03 +1.002037393e+03 +1.5646e+00 +2.9825e+00 -6.5507e-02 -1.6246e-01 -2.5954e+00 +5.7784e-01 -1.9545e+00 +6.5003e-01 -1.8729e+00 -1.8092e+00
686 +1.948777010e+00 +1.948777010e+00 +1.001948777e+03 +1.001948777e+03 +1.5435e+00 +2.9803e+00 -1.4211e-01 -1.2387e-01 -2.5751e+00 +5.9180e-01 -1.9497e+00 +6.3683e-01 -1.8454e+00 -1.8192e+00
728 +1.885031271e+00 +1.885031271e+00 +1.001885031e+03 +1.001885031e+03 +1.5382e+00 +3.0268e+00 -1.5911e-01 -1.0940e-01 -2.5902e+00 +5.5758e-01 -1.9762e+00 +6.2955e-01 -1.8428e+00 -1.8314e+00
816 +1.856993216e+00 +1.856993216e+00 +1.001856993e+03 +1.001856993e+03 +1.5070e+00 +3.0052e+00 -1.5209e-01 -9.8277e-02 -2.5907e+00 +5.4098e-01 -1.9804e+00 +6.5669e-01 -1.8272e+00 -1.8220e+00
% function evaluation | noise-free fitness - Fopt (2.083800000000e+02) | best noise-free fitness - Fopt | measured fitness | best measured fitness | x1 | x2...
1 +1.033747614e+04 +1.033747614e+04 +1.054585614e+04 +1.054585614e+04 +0.0000e+00 +0.0000e+00 +0.0000e+00 +0.0000e+00 +0.0000e+00 +0.0000e+00 +0.0000e+00 +0.0000e+00 +0.0000e+00 +0.0000e+00
3 +6.146018176e+03 +6.146018176e+03 +6.354398176e+03 +6.354398176e+03 -1.9321e-01 -1.0784e-01 -5.6334e-02 -2.9869e-01 -4.9449e-02 +1.8998e-01 +3.5976e-01 -3.9288e-03 -6.4511e-02 +3.6979e-01
12 +5.925004088e+03 +5.925004088e+03 +6.133384088e+03 +6.133384088e+03 -2.7159e-01 +2.0233e-01 -6.9440e-02 -2.5918e-01 -6.1351e-01 -1.0584e-01 +2.1296e-01 -7.3732e-02 -1.3058e-01 +5.5734e-01
20 +4.525393599e+03 +4.525393599e+03 +4.733773599e+03 +4.733773599e+03 -1.6119e-01 +3.2008e-01 -3.5211e-01 -5.6475e-02 -2.6003e-01 -1.3335e-01 +5.6678e-01 +6.8818e-02 -1.3505e-01 +5.3542e-01
30 +4.314688625e+03 +4.314688625e+03 +4.523068625e+03 +4.523068625e+03 -1.4735e-01 -3.0988e-02 -8.8637e-02 +2.8714e-01 -3.1332e-01 -5.5588e-01 +1.4157e-01 -2.0423e-02 -3.4154e-01 +8.2452e-01
33 +3.152917310e+03 +3.152917310e+03 +3.361297310e+03 +3.361297310e+03 -1.0181e-01 -8.5342e-02 -5.1900e-02 +3.2961e-01 -7.2366e-01 -2.3807e-02 -5.4216e-02 +1.0435e-01 -3.8353e-01 +1.0230e+00
34 +1.867382167e+03 +1.867382167e+03 +2.075762167e+03 +2.075762167e+03 +3.3611e-02 +2.4552e-01 -1.0387e-01 +3.0017e-01 -3.9731e-01 -2.6737e-01 -8.9786e-02 +4.2844e-01 -5.6505e-01 +1.1906e+00
43 +1.793059783e+03 +1.793059783e+03 +2.001439783e+03 +2.001439783e+03 -5.0575e-01 +2.7147e-01 +7.3279e-03 +7.5667e-02 -6.6352e-01 -4.3983e-01 +6.7601e-02 +7.1215e-01 -7.4678e-01 +9.3070e-01
47 +9.228768449e+02 +9.228768449e+02 +1.131256845e+03 +1.131256845e+03 -1.6973e-01 -2.8846e-01 -3.4489e-01 -9.8377e-02 +2.8015e-01 -2.9088e-01 +1.6062e-01 +7.0194e-01 -4.7298e-01 +9.8284e-01
51 +7.896383829e+02 +7.896383829e+02 +9.980183829e+02 +9.980183829e+02 -4.0874e-01 -6.3883e-02 -5.7324e-01 +2.6304e-02 +5.5837e-02 +1.1003e-01 +3.5081e-02 +6.3381e-01 -4.5727e-01 +1.5771e+00
58 +5.174896016e+01 +5.174896016e+01 +2.601289602e+02 +2.601289602e+02 -6.1183e-01 -2.5142e-01 -5.8313e-01 -3.6919e-01 -2.3970e-01 +6.5558e-01 +4.8700e-01 +6.0463e-01 -9.8815e-01 +9.1980e-01
67 +4.703691290e+00 +4.703691290e+00 +2.130836913e+02 +2.130836913e+02 -8.6248e-01 -5.5171e-01 -4.7913e-01 +3.1399e-01 -1.2480e-01 +8.1427e-01 +4.6934e-01 +1.3609e+00 -7.1113e-01 +1.5238e+00
78 +4.240297218e+00 +4.240297218e+00 +2.126202972e+02 +2.126202972e+02 -2.5709e-01 -2.4032e-01 -2.4664e-01 +1.4793e-01 +7.4262e-01 +8.2230e-01 +3.2548e-01 +1.4796e+00 -8.8149e-01 +1.1736e+00
104 +4.056851427e+00 +4.056851427e+00 +2.124368514e+02 +2.124368514e+02 -7.7220e-01 +1.5024e-02 -8.8348e-01 -2.9382e-01 +2.8740e-02 +1.3026e+00 +8.1121e-01 +1.5618e+00 -1.4812e+00 +1.0689e+00
143 +3.246823592e+00 +3.246823592e+00 +2.116268236e+02 +2.116268236e+02 -1.6581e+00 -8.6224e-01 -6.5802e-02 +1.4249e-01 -1.4919e-01 +2.6310e+00 +6.6294e-01 +1.4838e+00 -2.1046e+00 +1.2769e+00
235 +3.103793218e+00 +3.103793218e+00 +2.114837932e+02 +2.114837932e+02 -1.7636e+00 -9.4684e-01 +6.7551e-02 +1.9487e+00 +9.9065e-01 +1.7037e+00 +1.0999e+00 +1.2704e+00 -9.6785e-01 +2.0954e+00
269 +2.842420267e+00 +2.842420267e+00 +2.112224203e+02 +2.112224203e+02 -1.9081e+00 -9.2360e-01 +1.3663e-02 +1.4267e+00 +9.4313e-02 +1.1773e+00 +1.2804e+00 +1.5034e+00 -1.2365e+00 +1.7445e+00
297 +2.785589710e+00 +2.785589710e+00 +2.111655897e+02 +2.111655897e+02 -2.2469e+00 -1.0398e+00 +8.0308e-02 +1.1752e+00 -2.9125e-02 +2.0546e+00 +1.6240e+00 +1.0861e+00 -1.4937e+00 +1.9162e+00
363 +2.508039755e+00 +2.508039755e+00 +2.108880398e+02 +2.108880398e+02 -2.1701e+00 -1.2431e+00 +6.7929e-02 +1.7674e+00 +6.8932e-02 +2.0298e+00 +8.8581e-01 +1.2516e+00 -2.2223e+00 +1.6634e+00
381 +2.310237422e+00 +2.310237422e+00 +2.106902374e+02 +2.106902374e+02 -2.0155e+00 -1.2452e+00 +2.1297e-01 +1.0007e+00 +3.0813e-01 +1.9740e+00 +8.9168e-01 +1.6641e+00 -2.2296e+00 +1.7362e+00
410 +1.978069527e+00 +1.978069527e+00 +2.103580695e+02 +2.103580695e+02 -1.9765e+00 -1.1026e+00 +4.7610e-02 +1.4811e+00 +5.5924e-02 +2.0928e+00 +1.1097e+00 +1.6324e+00 -2.2236e+00 +2.0505e+00
667 +1.949270219e+00 +1.949270219e+00 +2.103292702e+02 +2.103292702e+02 -2.1005e+00 -1.0641e+00 +1.0313e-01 +1.7206e+00 -9.3513e-02 +2.1132e+00 +1.5579e+00 +1.8074e+00 -2.1976e+00 +1.7053e+00
724 +1.763541041e+00 +1.763541041e+00 +2.101435410e+02 +2.101435410e+02 -2.1357e+00 -9.8960e-01 +8.8369e-02 +1.7900e+00 -5.0157e-02 +2.0869e+00 +1.6226e+00 +1.8107e+00 -2.1342e+00 +1.7310e+00
738 +1.731331288e+00 +1.731331288e+00 +2.101113313e+02 +2.101113313e+02 -2.1278e+00 -1.0852e+00 +1.6694e-01 +1.7837e+00 -1.2654e-02 +2.0677e+00 +1.5736e+00 +1.7828e+00 -2.1189e+00 +1.7642e+00
747 +1.548928856e+00 +1.548928856e+00 +2.099289289e+02 +2.099289289e+02 -2.1309e+00 -1.0584e+00 +1.3757e-01 +1.8452e+00 +1.2137e-02 +2.0670e+00 +1.6658e+00 +1.7614e+00 -2.2016e+00 +1.7430e+00
776 +1.541115230e+00 +1.541115230e+00 +2.099211152e+02 +2.099211152e+02 -2.1601e+00 -1.0275e+00 +7.0276e-02 +1.8869e+00 +9.0405e-04 +2.0371e+00 +1.6411e+00 +1.8078e+00 -2.1796e+00 +1.7512e+00
850 +1.507727295e+00 +1.507727295e+00 +2.098877273e+02 +2.098877273e+02 -2.1807e+00 -1.0985e+00 +7.8030e-02 +1.8789e+00 -2.2748e-03 +2.0279e+00 +1.6312e+00 +1.7968e+00 -2.1836e+00 +1.7358e+00
867 +1.472555191e+00 +1.472555191e+00 +2.098525552e+02 +2.098525552e+02 -2.1443e+00 -1.0967e+00 +9.7821e-02 +1.8324e+00 +3.4409e-03 +2.0537e+00 +1.6132e+00 +1.7867e+00 -2.1687e+00 +1.7466e+00
1059 +1.445337100e+00 +1.445337100e+00 +2.098253371e+02 +2.098253371e+02 -2.1103e+00 -1.0831e+00 +1.0593e-01 +1.8671e+00 -1.6474e-03 +2.0694e+00 +1.6108e+00 +1.7785e+00 -2.1849e+00 +1.7438e+00
% function evaluation | noise-free fitness - Fopt (-1.449600000000e+02) | best noise-free fitness - Fopt | measured fitness | best measured fitness | x1 | x2...
1 +1.033747614e+04 +1.033747614e+04 +1.019251614e+04 +1.019251614e+04 +0.0000e+00 +0.0000e+00 +0.0000e+00 +0.0000e+00 +0.0000e+00 +0.0000e+00 +0.0000e+00 +0.0000e+00 +0.0000e+00 +0.0000e+00
3 +7.327810119e+03 +7.327810119e+03 +7.182850119e+03 +7.182850119e+03 -2.4727e-01 +3.7222e-02 -9.1182e-02 -7.3930e-03 -2.1198e-01 -1.7804e-01 -6.1262e-02 +3.0001e-01 -1.5647e-01 +6.6269e-02
12 +5.620484301e+03 +5.620484301e+03 +5.475524301e+03 +5.475524301e+03 -1.7768e-02 +4.3804e-02 -8.7631e-02 -2.6958e-01 +6.1752e-03 -5.3114e-02 +3.7217e-01 +4.0631e-01 -4.7884e-01 +1.6888e-01
15 +4.268935016e+03 +4.268935016e+03 +4.123975016e+03 +4.123975016e+03 -4.1851e-02 +3.1391e-02 -5.7424e-02 +1.6901e-01 -1.5530e-01 -4.3412e-02 -1.0754e-01 +3.4711e-01 -5.1637e-01 +1.6018e-01
19 +3.737166551e+03 +3.737166551e+03 +3.592206551e+03 +3.592206551e+03 -3.7664e-02 +4.1197e-02 +4.6487e-02 -9.1646e-02 -3.4936e-01 -1.6072e-01 +1.9335e-01 +3.3165e-01 -5.3573e-01 +3.8449e-01
20 +3.119324804e+03 +3.119324804e+03 +2.974364804e+03 +2.974364804e+03 -2.6275e-01 -1.0959e-01 +5.8222e-02 +1.7160e-01 -6.1918e-02 -7.0315e-02 -4.4851e-02 +2.9802e-01 -7.8894e-01 +2.5133e-01
28 +5.220262161e+02 +5.220262161e+02 +3.770662161e+02 +3.770662161e+02 -4.7734e-01 +9.3729e-02 +1.0576e-01 +3.2793e-02 -4.1217e-01 +2.2302e-02 -1.4159e-01 +4.9666e-01 -7.6290e-01 +7.9107e-01
34 +3.125425815e+02 +3.125425815e+02 +1.675825815e+02 +1.675825815e+02 -3.7050e-02 +1.8810e-01 +3.6268e-03 +2.1453e-01 -3.4665e-01 +3.5356e-01 -4.4308e-01 +8.8430e-01 -5.1330e-01 +8.6876e-01
43 +1.090278984e+02 +1.090278984e+02 -3.593210156e+01 -3.593210156e+01 -2.5181e-01 -2.5639e-01 -2.0064e-01 +1.3532e-01 -9.5007e-02 +5.4726e-01 -5.6564e-01 +5.7230e-01 -7.3494e-01 +8.5691e-01
52 +6.172058579e+01 +6.172058579e+01 -8.323941421e+01 -8.323941421e+01 +3.5998e-02 -4.1543e-01 -2.8909e-01 +7.5150e-01 -3.8809e-01 +1.6866e-01 -9.2813e-01 +4.0177e-01 -1.0936e+00 +1.7836e+00
57 +6.038114331e+00 +6.038114331e+00 -1.389218857e+02 -1.389218857e+02 -3.6781e-02 -4.2939e-02 +7.9348e-02 +5.1518e-01 -1.5331e-01 +3.9416e-01 -5.1469e-01 +8.6752e-01 -1.3754e+00 +9.0569e-01
61 +4.588106676e+00 +4.588106676e+00 -1.403718933e+02 -1.403718933e+02 -2.2465e-01 +1.2169e-01 -4.3572e-02 +2.5643e-01 +5.6489e-02 +9.0345e-01 -5.2106e-01 +6.1937e-01 -1.8089e+00 +1.3239e+00
88 +4.288584969e+00 +4.288584969e+00 -1.406714150e+02 -1.406714150e+02 -4.4549e-01 -7.3678e-01 -9.1077e-02 +1.4914e-01 -5.5703e-01 +1.5828e+00 -1.5537e+00 +7.2177e-01 -1.7225e+00 +1.7748e+00
94 +4.144160141e+00 +4.144160141e+00 -1.408158399e+02 -1.408158399e+02 -3.8773e-01 -2.3520e-01 -1.9064e-01 +3.9011e-01 -1.0110e-01 +1.2125e+00 -1.2035e+00 +8.1445e-01 -2.0029e+00 +2.1863e+00
96 +3.744162258e+00 +3.744162258e+00 -1.412158377e+02 -1.412158377e+02 -4.4763e-01 -3.0163e-01 +3.5010e-01 +4.2958e-01 -6.9756e-01 +1.0425e+00 -1.5232e+00 +1.1779e+00 -2.1093e+00 +1.2609e+00
117 +3.548114075e+00 +3.548114075e+00 -1.414118859e+02 -1.414118859e+02 -3.7802e-01 -4.4734e-01 +2.9102e-01 +4.5227e-01 -1.1045e+00 +1.4511e+00 -1.0994e+00 +1.2448e+00 -1.6900e+00 +1.1362e+00
142 +3.426310831e+00 +3.426310831e+00 -1.415336892e+02 -1.415336892e+02 +8.5339e-03 -5.3080e-01 +2.9755e-01 -2.1427e-01 -1.0131e+00 +1.0613e+00 -2.4708e+00 +9.3909e-01 -1.5177e+00 +1.6555e+00
155 +3.183751116e+00 +3.183751116e+00 -1.417762489e+02 -1.417762489e+02 +3.6238e-02 -6.3981e-01 +2.4818e-01 -9.9646e-02 -7.1981e-01 +1.3073e+00 -2.1744e+00 +6.2731e-01 -2.4033e+00 +8.3707e-01
199 +3.152664750e+00 +3.152664750e+00 -1.418073352e+02 -1.418073352e+02 -1.3519e-02 -9.3703e-02 +2.3970e-01 -4.0878e-01 -1.4506e+00 +1.7729e+00 -2.0773e+00 +9.8547e-01 -1.7268e+00 +1.0972e+00
220 +3.026222324e+00 +3.026222324e+00 -1.419337777e+02 -1.419337777e+02 -1.7367e-01 +4.2177e-01 +8.2789e-01 -2.6227e-01 -1.2243e+00 +1.3528e+00 -2.2688e+00 +4.6229e-01 -1.8854e+00 +1.0510e+00
236 +2.859935200e+00 +2.859935200e+00 -1.421000648e+02 -1.421000648e+02 +1.3031e-01 +2.1969e-01 +8.9099e-01 -4.8182e-01 -1.3270e+00 +1.7244e+00 -2.1475e+00 +6.0962e-01 -1.8732e+00 +9.7471e-01
340 +2.760578962e+00 +2.760578962e+00 -1.421994210e+02 -1.421994210e+02 +1.1508e-01 +4.1008e-01 +5.6875e-02 -1.6174e-01 -1.8127e+00 +1.3924e+00 -2.2110e+00 +1.2230e+00 -1.9498e+00 +9.5141e-01
353 +2.504767862e+00 +2.504767862e+00 -1.424552321e+02 -1.424552321e+02 -7.3759e-02 +7.0630e-01 -1.2625e-01 -1.6373e-01 -1.4705e+00 +1.1928e+00 -2.3309e+00 +1.3185e+00 -2.2282e+00 +9.3602e-01
424 +2.000078423e+00 +2.000078423e+00 -1.429599216e+02 -1.429599216e+02 +4.5056e-01 +3.4096e-01 -2.0700e-02 -1.0667e-01 -1.2919e+00 +1.3814e+00 -2.2604e+00 +1.5864e+00 -2.2142e+00 +2.0856e+00
708 +1.967275687e+00 +1.967275687e+00 -1.429927243e+02 -1.429927243e+02 +6.6941e-01 +3.8635e-01 +9.4962e-02 -1.9496e-01 -3.9092e-01 +1.2029e+00 -2.3654e+00 +6.5298e-01 -2.3901e+00 +9.2046e-01
720 +1.805575183e+00 +1.805575183e+00 -1.431544248e+02 -1.431544248e+02 +6.4450e-01 +3.8491e-01 +1.5288e-01 -1.9569e-01 -4.6300e-01 +1.1274e+00 -2.3657e+00 +5.9387e-01 -2.4348e+00 +1.1213e+00
722 +1.728515649e+00 +1.728515649e+00 -1.432314844e+02 -1.432314844e+02 +6.6895e-01 +3.1013e-01 +1.3591e-01 -1.5426e-01 -5.0004e-01 +1.0416e+00 -2.3347e+00 +5.7731e-01 -2.4726e+00 +1.1772e+00
753 +1.628976846e+00 +1.628976846e+00 -1.433310232e+02 -1.433310232e+02 +7.2023e-01 +3.9267e-01 +3.3492e-02 -1.6517e-01 -4.3258e-01 +1.0766e+00 -2.3364e+00 +5.6527e-01 -2.5016e+00 +1.4520e+00
918 +1.614876941e+00 +1.614876941e+00 -1.433451231e+02 -1.433451231e+02 +7.1756e-01 +4.4850e-01 +1.8925e-02 -1.3809e-01 -4.3866e-01 +1.0644e+00 -2.3490e+00 +5.6346e-01 -2.4772e+00 +1.1354e+00
957 +1.581077830e+00 +1.581077830e+00 -1.433789222e+02 -1.433789222e+02 +6.9901e-01 +4.2207e-01 +2.7854e-02 -1.4180e-01 -4.2739e-01 +1.0621e+00 -2.3404e+00 +5.8699e-01 -2.4912e+00 +1.1412e+00
982 +1.548476244e+00 +1.548476244e+00 -1.434115238e+02 -1.434115238e+02 +6.9333e-01 +4.0787e-01 +2.0484e-02 -1.4772e-01 -4.3661e-01 +1.0854e+00 -2.3552e+00 +5.8294e-01 -2.4807e+00 +1.1493e+00
1073 +1.510911593e+00 +1.510911593e+00 -1.434490884e+02 -1.434490884e+02 +6.7144e-01 +4.0795e-01 +3.6806e-02 -1.6351e-01 -4.2784e-01 +1.0921e+00 -2.3570e+00 +5.7197e-01 -2.4945e+00 +1.1476e+00
% function evaluation | noise-free fitness - Fopt (-6.300000000000e+00) | best noise-free fitness - Fopt | measured fitness | best measured fitness | x1 | x2...
1 +1.033747614e+04 +1.033747614e+04 +1.033117614e+04 +1.033117614e+04 +0.0000e+00 +0.0000e+00 +0.0000e+00 +0.0000e+00 +0.0000e+00 +0.0000e+00 +0.0000e+00 +0.0000e+00 +0.0000e+00 +0.0000e+00
2 +8.950652513e+03 +8.950652513e+03 +8.944352513e+03 +8.944352513e+03 -2.1447e-01 +1.0758e-02 +1.1315e-01 +6.8246e-02 +3.5364e-02 -2.1219e-01 +1.0277e-01 -4.6061e-01 -1.7824e-01 +7.6867e-02
3 +8.793998016e+03 +8.793998016e+03 +8.787698016e+03 +8.787698016e+03 -3.5970e-01 +1.0164e-01 +3.5453e-01 -4.0472e-01 +2.0734e-01 -2.5333e-01 -2.5134e-02 -1.0906e-01 +1.6772e-01 -3.7010e-02
14 +8.587428379e+03 +8.587428379e+03 +8.581128379e+03 +8.581128379e+03 -3.3483e-01 +1.5636e-01 +4.5390e-01 -3.8157e-01 +1.6579e-01 -1.6620e-01 +4.0531e-01 -4.9661e-01 -4.5490e-03 -7.1617e-02
17 +7.663448644e+03 +7.663448644e+03 +7.657148644e+03 +7.657148644e+03 -3.4869e-01 -8.8505e-02 +2.8164e-01 -2.2863e-01 +1.2290e-01 -2.3194e-01 +4.1167e-02 -3.7885e-01 +2.1514e-02 +7.8204e-02
20 +4.999547368e+03 +4.999547368e+03 +4.993247368e+03 +4.993247368e+03 -6.0906e-01 +4.1019e-01 +4.4666e-01 -3.3642e-01 +2.7078e-01 -2.2496e-01 +2.5207e-01 -5.0854e-01 +3.0498e-01 +1.1377e-01
26 +3.952950896e+03 +3.952950896e+03 +3.946650896e+03 +3.946650896e+03 -5.9212e-01 +1.2046e-01 -2.0401e-03 -5.4657e-01 -9.3037e-03 -3.2494e-01 +4.7243e-01 -6.4774e-01 +3.1320e-01 +2.0648e-01
30 +3.613269379e+03 +3.613269379e+03 +3.606969379e+03 +3.606969379e+03 -5.8562e-01 +3.4386e-01 +1.5104e-01 -3.5545e-01 +3.8697e-01 +7.6027e-03 +4.7584e-01 -4.9996e-01 +3.9327e-01 +2.6263e-01
32 +3.240028266e+03 +3.240028266e+03 +3.233728266e+03 +3.233728266e+03 -3.6329e-01 +9.6878e-02 -1.7135e-02 -4.3881e-01 +2.7734e-01 -1.5750e-01 -9.0779e-02 -7.5352e-01 +3.1943e-01 +4.0362e-01
33 +2.671380543e+03 +2.671380543e+03 +2.665080543e+03 +2.665080543e+03 -7.6134e-01 +2.9191e-01 +5.9850e-01 -1.3167e-01 +3.0068e-01 -3.6378e-01 +3.2163e-01 -6.4798e-01 +4.6561e-01 +3.1158e-01
35 +2.418435006e+03 +2.418435006e+03 +2.412135006e+03 +2.412135006e+03 -1.8171e-01 +3.5348e-01 +2.5241e-01 -3.6207e-01 +4.1254e-01 -1.4430e-01 +3.4266e-01 -9.1840e-01 +5.4173e-01 +3.2022e-01
36 +2.013474038e+03 +2.013474038e+03 +2.007174038e+03 +2.007174038e+03 -8.1448e-01 +2.5591e-01 +7.5776e-01 -1.4827e-01 +4.8153e-01 -1.8736e-01 -1.7602e-02 -4.6869e-01 +4.1694e-01 +6.7980e-01
38 +1.966262246e+03 +1.966262246e+03 +1.959962246e+03 +1.959962246e+03 -3.3998e-01 +4.2652e-01 +4.5533e-01 -8.3383e-02 -1.0472e-01 -3.6803e-01 -1.6755e-01 -6.4055e-01 +3.5384e-01 +6.8603e-01
41 +8.524330805e+02 +8.524330805e+02 +8.461330805e+02 +8.461330805e+02 -4.6544e-01 +2.0512e-01 +5.6362e-01 -3.4159e-01 +4.5572e-01 -3.4245e-01 +1.5257e-01 -9.9744e-01 +5.5121e-01 +7.0445e-01
43 +4.049538294e+02 +4.049538294e+02 +3.986538294e+02 +3.986538294e+02 -4.9128e-01 +5.2489e-02 +3.1251e-01 +1.5497e-01 +6.3403e-02 -7.3442e-01 +1.1837e-01 -1.1096e+00 +5.1734e-01 +8.0482e-01
56 +7.274610648e+01 +7.274610648e+01 +6.644610648e+01 +6.644610648e+01 -1.8105e-01 -4.7509e-01 -7.0250e-02 -3.2143e-01 -3.8328e-02 -7.7879e-01 +2.7132e-01 -5.7374e-01 +7.3106e-01 +9.4707e-01
82 +1.276754463e+01 +1.276754463e+01 +6.467544632e+00 +6.467544632e+00 -1.1555e+00 +3.0003e-01 +1.0101e-01 -2.1204e-01 -3.7009e-02 -1.2105e+00 +1.3271e-01 -6.8330e-01 +1.0196e+00 +1.1496e+00
91 +8.361919047e+00 +8.361919047e+00 +2.061919047e+00 +2.061919047e+00 -1.1787e+00 +4.6977e-01 +4.7839e-01 +1.0644e-01 -1.3593e-01 -1.2503e+00 +1.3190e-01 -7.2031e-01 +1.1620e+00 +1.2051e+00
97 +4.661115374e+00 +4.661115374e+00 -1.638884626e+00 -1.638884626e+00 -8.1434e-01 -1.5723e-02 +4.8033e-02 +2.4900e-01 -1.8361e-01 -1.1095e+00 +4.4838e-01 -1.0555e+00 +9.0106e-01 +1.0072e+00
98 +4.290222910e+00 +4.290222910e+00 -2.009777090e+00 -2.009777090e+00 -1.4001e+00 -1.9243e-02 +8.4843e-01 +1.2877e-01 -7.1306e-02 -1.3421e+00 +5.4851e-01 -1.0600e+00 +9.3929e-01 +1.5077e+00
100 +4.211490040e+00 +4.211490040e+00 -2.088509960e+00 -2.088509960e+00 -7.7004e-01 +1.9083e-01 +4.7593e-01 +2.2708e-01 +5.8404e-02 -8.3158e-01 +6.2682e-01 -1.1314e+00 +1.3966e+00 +1.3546e+00
119 +3.555927823e+00 +3.555927823e+00 -2.744072177e+00 -2.744072177e+00 -1.8489e+00 -1.0650e-02 +1.5967e-01 +2.8726e-02 +1.3667e-01 -1.6481e+00 +7.7100e-01 -1.9306e+00 +1.5298e+00 +1.3815e+00
135 +3.502407717e+00 +3.502407717e+00 -2.797592283e+00 -2.797592283e+00 -1.4927e+00 +2.4670e-01 +7.1879e-02 +2.4668e-01 -2.5620e-01 -1.4187e+00 +2.0489e+00 -1.8582e+00 +2.0585e+00 +1.4607e+00
174 +3.231066162e+00 +3.231066162e+00 -3.068933838e+00 -3.068933838e+00 -1.6842e+00 -8.9209e-01 +1.8802e-01 +1.3556e-01 -1.1161e+00 -1.4564e+00 +2.2609e+00 -1.1282e+00 +2.0782e+00 +2.1382e+00
313 +2.872533774e+00 +2.872533774e+00 -3.427466226e+00 -3.427466226e+00 -1.6954e+00 -1.1135e+00 +3.8934e-01 +3.2044e-01 -4.0809e-01 -1.1422e+00 +1.1807e+00 -1.6530e+00 +1.2685e+00 +1.9524e+00
607 +2.465499187e+00 +2.465499187e+00 -3.834500813e+00 -3.834500813e+00 -1.2407e+00 -3.0782e+00 -1.8398e+00 +2.0893e+00 -1.5119e+00 -2.1663e+00 +8.2440e-01 -2.0542e+00 +1.6124e+00 +1.3803e+00
850 +2.337157651e+00 +2.337157651e+00 -3.962842349e+00 -3.962842349e+00 -1.2069e+00 -2.0147e+00 -1.3030e+00 +2.3243e+00 -2.0803e+00 -1.3679e+00 +4.6552e-01 -1.7578e+00 +2.1784e+00 +2.0832e+00
874 +2.168773840e+00 +2.168773840e+00 -4.131226160e+00 -4.131226160e+00 -1.5102e+00 -1.9960e+00 -1.4160e+00 +2.2100e+00 -2.0971e+00 -1.3798e+00 +6.6632e-01 -1.5565e+00 +2.2796e+00 +2.1402e+00
1127 +2.135481285e+00 +2.135481285e+00 -4.164518715e+00 -4.164518715e+00 -1.3328e+00 -2.0813e+00 -1.2544e+00 +9.7723e-01 -2.4662e+00 -1.4115e+00 +6.3469e-01 -2.0609e+00 +2.1617e+00 +2.1488e+00
1146 +2.025990927e+00 +2.025990927e+00 -4.274009073e+00 -4.274009073e+00 -1.4336e+00 -2.0222e+00 -1.2434e+00 +8.7878e-01 -2.3565e+00 -1.5086e+00 +6.6380e-01 -2.0738e+00 +2.0732e+00 +2.1537e+00
1155 +1.916126980e+00 +1.916126980e+00 -4.383873020e+00 -4.383873020e+00 -1.3085e+00 -1.9973e+00 -1.2377e+00 +9.0493e-01 -2.3989e+00 -1.4362e+00 +5.8165e-01 -2.0640e+00 +2.0768e+00 +2.1587e+00
1156 +1.629399485e+00 +1.629399485e+00 -4.670600515e+00 -4.670600515e+00 -1.3833e+00 -2.0708e+00 -1.3107e+00 +1.0677e+00 -2.3945e+00 -1.4416e+00 +5.9111e-01 -2.0378e+00 +2.1201e+00 +2.1274e+00
1294 +1.602380511e+00 +1.602380511e+00 -4.697619489e+00 -4.697619489e+00 -1.4482e+00 -1.9787e+00 -1.2858e+00 +1.1282e+00 -2.3844e+00 -1.4843e+00 +5.9325e-01 -2.0075e+00 +2.1107e+00 +2.0860e+00
1299 +1.576577627e+00 +1.576577627e+00 -4.723422373e+00 -4.723422373e+00 -1.4373e+00 -1.9502e+00 -1.2755e+00 +1.1300e+00 -2.3422e+00 -1.4851e+00 +5.9070e-01 -2.0224e+00 +2.1091e+00 +2.1102e+00
1372 +1.534108156e+00 +1.534108156e+00 -4.765891844e+00 -4.765891844e+00 -1.5375e+00 -2.0007e+00 -1.2863e+00 +1.1073e+00 -2.3756e+00 -1.4751e+00 +5.7754e-01 -2.0217e+00 +2.1502e+00 +2.0940e+00
1448 +1.498850234e+00 +1.498850234e+00 -4.801149766e+00 -4.801149766e+00 -1.5616e+00 -2.0578e+00 -1.2726e+00 +1.1211e+00 -2.3546e+00 -1.4787e+00 +5.6320e-01 -2.0438e+00 +2.1347e+00 +2.0905e+00
1493 +1.478774720e+00 +1.478774720e+00 -4.821225280e+00 -4.821225280e+00 -1.5414e+00 -2.0587e+00 -1.2672e+00 +1.1213e+00 -2.3461e+00 -1.4878e+00 +5.7080e-01 -2.0428e+00 +2.1238e+00 +2.0939e+00
% function evaluation | noise-free fitness - Fopt (7.056400000000e+02) | best noise-free fitness - Fopt | measured fitness | best measured fitness | x1 | x2...
1 +1.033747614e+04 +1.033747614e+04 +1.104311614e+04 +1.104311614e+04 +0.0000e+00 +0.0000e+00 +0.0000e+00 +0.0000e+00 +0.0000e+00 +0.0000e+00 +0.0000e+00 +0.0000e+00 +0.0000e+00 +0.0000e+00
3 +6.315701063e+03 +6.315701063e+03 +7.021341063e+03 +7.021341063e+03 +1.8470e-02 +2.3506e-02 +9.7634e-02 -1.5646e-01 +1.6346e-01 -4.0467e-01 -2.5835e-01 +1.5548e-02 +1.8142e-01 +2.2615e-01
13 +5.349158325e+03 +5.349158325e+03 +6.054798325e+03 +6.054798325e+03 +1.0577e-01 -4.1897e-01 +3.6132e-02 -2.7699e-01 -1.7802e-01 -6.3500e-02 -2.9589e-01 +3.9869e-01 +4.4497e-01 +5.9671e-03
16 +4.778958359e+03 +4.778958359e+03 +5.484598359e+03 +5.484598359e+03 -1.2196e-01 -2.0777e-01 -2.8156e-01 -3.5330e-01 +4.3350e-02 +3.1779e-02 -1.9497e-01 +5.0921e-02 +4.5817e-01 +2.3543e-01
21 +3.715807638e+03 +3.715807638e+03 +4.421447638e+03 +4.421447638e+03 -2.3710e-01 -3.7365e-01 -2.7233e-01 -4.3188e-01 -3.9111e-01 -1.7151e-01 -3.8555e-01 +4.3254e-02 +5.4814e-01 +2.9266e-01
22 +2.698735648e+03 +2.698735648e+03 +3.404375648e+03 +3.404375648e+03 -2.7576e-01 -7.2351e-01 -4.8538e-01 -2.6589e-01 +1.0214e-01 -5.5307e-02 -1.2557e-01 +3.1596e-01 +6.9541e-01 +3.0727e-01
30 +1.555465139e+03 +1.555465139e+03 +2.261105139e+03 +2.261105139e+03 +3.2882e-02 -6.9174e-01 +2.2354e-01 -3.4461e-01 +5.7000e-02 -1.6375e-01 -4.2464e-01 +9.3476e-01 +3.8435e-01 +5.4212e-01
38 +1.550623465e+02 +1.550623465e+02 +8.607023465e+02 +8.607023465e+02 -1.0633e-01 -8.0596e-01 +1.6859e-01 -6.3147e-01 -2.3945e-01 -3.9292e-02 -3.6663e-01 +9.3744e-01 +1.7424e+00 +6.2142e-01
41 +1.173931505e+02 +1.173931505e+02 +8.230331505e+02 +8.230331505e+02 +2.4403e-01 -4.6434e-01 +2.6046e-01 +3.6218e-01 -1.2456e-01 -1.1486e-01 -3.0527e-01 +5.8245e-01 +1.4177e+00 +7.4947e-01
50 +1.401786713e+01 +1.401786713e+01 +7.196578671e+02 +7.196578671e+02 -4.4090e-01 -3.7354e-01 +4.8221e-01 -9.5873e-01 +2.4355e-01 -9.0813e-01 -1.0940e+00 +8.0782e-01 +1.7849e+00 +6.7791e-01
72 +4.448427620e+00 +4.448427620e+00 +7.100884276e+02 +7.100884276e+02 +3.1992e-01 -5.6710e-01 +3.4775e-01 -2.0642e-01 +4.9621e-02 -4.7627e-01 -1.4369e+00 +4.5466e-01 +2.0949e+00 +9.4847e-01
95 +3.818684948e+00 +3.818684948e+00 +7.094586849e+02 +7.094586849e+02 +8.0887e-01 -3.3092e-01 +2.6387e-01 -7.5937e-01 -1.6814e-02 -2.1533e-01 -1.6086e+00 +7.6222e-01 +1.7599e+00 +1.7137e+00
136 +3.576042290e+00 +3.576042290e+00 +7.092160423e+02 +7.092160423e+02 +6.0355e-01 -8.6843e-01 +6.7010e-01 -1.9007e+00 +4.1521e-01 -6.3673e-01 -1.7359e+00 +2.2825e+00 +1.4590e+00 +2.2562e+00
195 +3.063280827e+00 +3.063280827e+00 +7.087032808e+02 +7.087032808e+02 +5.7764e-01 -5.5351e-01 +2.0764e-01 -2.5246e+00 +1.8827e+00 -1.5757e+00 -1.5627e+00 +5.8106e-01 +2.4497e+00 +8.3434e-01
299 +2.993927425e+00 +2.993927425e+00 +7.086339274e+02 +7.086339274e+02 -9.5282e-01 -1.4522e-01 +1.8671e-01 -1.1756e+00 +2.3405e+00 -2.1410e+00 -6.7667e-01 +1.0728e+00 +2.0296e+00 +1.5904e+00
574 +2.920893801e+00 +2.920893801e+00 +7.085608938e+02 +7.085608938e+02 -4.0671e-01 -1.3680e+00 -2.8136e-01 -6.6580e-01 +2.4475e+00 -6.2538e-01 -1.2279e+00 +8.6485e-01 +1.4211e+00 +1.4378e+00
578 +2.855428729e+00 +2.855428729e+00 +7.084954287e+02 +7.084954287e+02 -4.3272e-01 -1.4248e+00 -2.1912e-01 -6.7878e-01 +2.5068e+00 -6.0296e-01 -1.2272e+00 +8.6622e-01 +1.5948e+00 +1.3469e+00
589 +2.791317475e+00 +2.791317475e+00 +7.084313175e+02 +7.084313175e+02 -3.5733e-01 -1.4324e+00 -1.5573e-01 -7.7078e-01 +2.3893e+00 -5.7189e-01 -1.2313e+00 +8.0004e-01 +1.4085e+00 +1.3739e+00
599 +2.670048710e+00 +2.670048710e+00 +7.083100487e+02 +7.083100487e+02 -3.8980e-01 -1.5178e+00 -1.2160e-01 -7.4286e-01 +2.4112e+00 -6.2370e-01 -1.2015e+00 +8.2150e-01 +1.2409e+00 +1.4771e+00
677 +2.555067219e+00 +2.555067219e+00 +7.081950672e+02 +7.081950672e+02 -3.6570e-01 -1.4987e+00 -2.0664e-01 -7.0461e-01 +2.4423e+00 -6.1363e-01 -1.2400e+00 +8.3099e-01 +1.4216e+00 +1.6642e+00
748 +2.446860221e+00 +2.446860221e+00 +7.080868602e+02 +7.080868602e+02 -3.9795e-01 -1.5263e+00 -1.9784e-01 -7.4342e-01 +2.4754e+00 -5.4081e-01 -1.2231e+00 +8.3604e-01 +1.4314e+00 +1.7083e+00
766 +2.396736155e+00 +2.396736155e+00 +7.080367362e+02 +7.080367362e+02 -3.4874e-01 -1.5043e+00 -1.9384e-01 -7.1438e-01 +2.4435e+00 -5.6855e-01 -1.2184e+00 +8.4016e-01 +1.4364e+00 +1.7200e+00
% function evaluation | noise-free fitness - Fopt (1.839000000000e+02) | best noise-free fitness - Fopt | measured fitness | best measured fitness | x1 | x2...
1 +1.033747614e+04 +1.033747614e+04 +1.052137614e+04 +1.052137614e+04 +0.0000e+00 +0.0000e+00 +0.0000e+00 +0.0000e+00 +0.0000e+00 +0.0000e+00 +0.0000e+00 +0.0000e+00 +0.0000e+00 +0.0000e+00
5 +3.364154237e+03 +3.364154237e+03 +3.548054237e+03 +3.548054237e+03 -1.4631e-01 -1.3699e-02 +2.7358e-01 +2.6143e-01 -2.2861e-01 +1.6667e-01 -6.2981e-02 +5.1380e-01 +5.5875e-01 -2.1964e-01
18 +2.485514521e+03 +2.485514521e+03 +2.669414521e+03 +2.669414521e+03 +3.4576e-01 +1.6038e-02 +3.8262e-01 -1.4642e-01 +4.1949e-01 +4.7399e-01 -6.2353e-01 +3.8796e-01 +7.3821e-01 -2.2900e-01
25 +1.578337723e+03 +1.578337723e+03 +1.762237723e+03 +1.762237723e+03 +4.7099e-02 -1.3281e-01 +2.2898e-01 +3.5733e-01 +5.0962e-01 +1.3535e-01 -4.7332e-01 +4.7607e-01 +6.4089e-01 -4.2898e-01
31 +1.479345484e+03 +1.479345484e+03 +1.663245484e+03 +1.663245484e+03 +4.0821e-01 +1.5488e-01 +7.9467e-02 -2.2781e-01 +4.7854e-01 +6.5243e-01 -6.8431e-01 +5.7332e-01 +4.1209e-01 -5.9044e-01
34 +1.162646844e+03 +1.162646844e+03 +1.346546844e+03 +1.346546844e+03 +6.1329e-01 +2.2478e-01 +2.9300e-01 +9.5429e-02 +8.5494e-01 +6.4970e-01 -1.0123e-01 +2.0204e-01 +7.1362e-01 -7.3924e-01
44 +3.046022538e+01 +3.046022538e+01 +2.143602254e+02 +2.143602254e+02 +2.1078e-01 -5.0568e-02 -6.2839e-03 -2.2331e-01 +1.2717e+00 -2.9132e-02 -3.8579e-01 +6.9257e-01 +8.9873e-01 -9.2684e-01
59 +4.612107192e+00 +4.612107192e+00 +1.885121072e+02 +1.885121072e+02 -9.3023e-03 -9.4460e-03 +1.3190e-01 -4.1955e-01 +6.3038e-01 +4.0415e-01 -8.0371e-01 +8.1272e-01 +1.1775e+00 -1.7259e+00
68 +3.871317689e+00 +3.871317689e+00 +1.877713177e+02 +1.877713177e+02 +2.6833e-01 -6.3636e-01 +6.4445e-02 -5.8469e-01 +1.1950e+00 +3.6238e-01 -9.9245e-01 +1.0539e+00 +7.4841e-01 -1.5260e+00
74 +3.689070088e+00 +3.689070088e+00 +1.875890701e+02 +1.875890701e+02 +1.1430e-01 -2.4340e-01 -2.1917e-03 -3.2835e-01 +9.8574e-01 +6.9085e-01 -7.9251e-01 +1.5753e+00 +1.0331e+00 -2.0869e+00
88 +3.100815772e+00 +3.100815772e+00 +1.870008158e+02 +1.870008158e+02 +7.3231e-01 -3.6621e-01 -2.2794e-01 -1.2437e+00 +2.6053e-01 +6.1376e-01 -7.3194e-01 +1.9242e+00 +1.2763e+00 -1.6539e+00
121 +2.958273576e+00 +2.958273576e+00 +1.868582736e+02 +1.868582736e+02 +1.0510e+00 -8.7683e-02 -1.7004e-01 -2.0651e-01 +3.2905e-01 +7.7581e-01 -7.3150e-01 +1.9064e+00 +8.9480e-01 -1.8026e+00
570 +2.746610478e+00 +2.746610478e+00 +1.866466105e+02 +1.866466105e+02 +2.8502e-01 +7.1444e-01 -4.4931e-01 -1.4903e-01 +9.0884e-01 +2.3523e+00 -1.5452e+00 +1.4982e+00 +9.8967e-01 -2.0099e+00
636 +2.659888270e+00 +2.659888270e+00 +1.865598883e+02 +1.865598883e+02 +3.9479e-01 +1.0602e+00 -4.7634e-01 -3.2680e-01 +1.9068e+00 +2.1038e+00 -1.5620e+00 +1.4946e+00 +9.3727e-01 -2.1377e+00
654 +2.562358768e+00 +2.562358768e+00 +1.864623588e+02 +1.864623588e+02 +3.7655e-01 +1.0592e+00 -4.3196e-01 -2.5469e-01 +1.9120e+00 +2.0593e+00 -1.5564e+00 +1.3745e+00 +9.5874e-01 -2.0423e+00
682 +2.484209501e+00 +2.484209501e+00 +1.863842095e+02 +1.863842095e+02 +2.3333e-01 +1.1344e+00 -4.6423e-01 -3.3727e-01 +1.4078e+00 +2.1797e+00 -1.6197e+00 +1.5628e+00 +9.4543e-01 -2.4109e+00
701 +2.235015347e+00 +2.235015347e+00 +1.861350153e+02 +1.861350153e+02 +4.1439e-01 +1.0060e+00 -4.8477e-01 -2.7453e-01 +1.9332e+00 +2.2063e+00 -1.5762e+00 +1.5006e+00 +9.3756e-01 -2.3553e+00
819 +2.179246515e+00 +2.179246515e+00 +1.860792465e+02 +1.860792465e+02 -1.8615e-01 +1.4127e+00 -4.6763e-01 -2.7285e-01 +2.1179e+00 +2.1035e+00 -1.6094e+00 +2.1811e+00 +7.5705e-01 -2.4376e+00
834 +1.888020976e+00 +1.888020976e+00 +1.857880210e+02 +1.857880210e+02 +1.5337e-01 +1.3067e+00 -4.1348e-01 -2.5864e-01 +1.8951e+00 +2.1533e+00 -1.5510e+00 +2.2617e+00 +7.9905e-01 -2.4055e+00
888 +1.687911932e+00 +1.687911932e+00 +1.855879119e+02 +1.855879119e+02 -9.5014e-02 +9.8910e-01 -3.4658e-01 -2.4832e-01 +1.9206e+00 +2.1362e+00 -1.5971e+00 +2.1979e+00 +7.8369e-01 -2.4477e+00
998 +1.610697610e+00 +1.610697610e+00 +1.855106976e+02 +1.855106976e+02 +6.6891e-02 +1.0795e+00 -5.0171e-01 -2.7696e-01 +1.9084e+00 +2.1446e+00 -1.5804e+00 +2.2271e+00 +7.8614e-01 -2.4232e+00
1032 +1.580256510e+00 +1.580256510e+00 +1.854802565e+02 +1.854802565e+02 +1.1388e-01 +1.1035e+00 -4.2127e-01 -2.7244e-01 +1.9214e+00 +2.1614e+00 -1.5708e+00 +2.2267e+00 +7.8426e-01 -2.4168e+00
1203 +1.545932177e+00 +1.545932177e+00 +1.854459322e+02 +1.854459322e+02 +1.3041e-01 +1.0980e+00 -4.4039e-01 -2.5630e-01 +1.9150e+00 +2.1603e+00 -1.5868e+00 +2.2339e+00 +7.7006e-01 -2.4387e+00
% function evaluation | noise-free fitness - Fopt (1.321000000000e+02) | best noise-free fitness - Fopt | measured fitness | best measured fitness | x1 | x2...
1 +1.033747614e+04 +1.033747614e+04 +1.046957614e+04 +1.046957614e+04 +0.0000e+00 +0.0000e+00 +0.0000e+00 +0.0000e+00 +0.0000e+00 +0.0000e+00 +0.0000e+00 +0.0000e+00 +0.0000e+00 +0.0000e+00
2 +9.266560207e+03 +9.266560207e+03 +9.398660207e+03 +9.398660207e+03 +1.1238e-01 -1.0299e-01 +1.5524e-01 +3.5616e-01 -2.4491e-02 +1.7633e-01 +2.0542e-01 +1.2932e-01 +5.5481e-02 -5.0056e-02
4 +8.935369170e+03 +8.935369170e+03 +9.067469170e+03 +9.067469170e+03 -2.0133e-01 +1.3087e-01 +2.5472e-01 -2.4270e-01 +2.0729e-01 -1.6388e-01 -2.7002e-02 +1.2917e-01 -1.7655e-01 -2.9630e-01
7 +7.611892426e+03 +7.611892426e+03 +7.743992426e+03 +7.743992426e+03 -2.1714e-02 +7.4124e-02 -3.2207e-01 -2.1058e-01 +3.0406e-01 -1.2930e-01 +9.0513e-02 +5.1524e-01 -8.9195e-02 -2.2635e-01
12 +5.650664578e+03 +5.650664578e+03 +5.782764578e+03 +5.782764578e+03 +9.3144e-02 +7.2555e-02 -8.9496e-02 -2.5299e-01 +4.6572e-01 -3.9416e-02 -7.2389e-02 +3.9143e-01 -1.9405e-02 -4.2810e-01
18 +3.608490307e+03 +3.608490307e+03 +3.740590307e+03 +3.740590307e+03 +1.6951e-02 +1.9030e-01 -4.7167e-01 -3.9132e-01 +5.8881e-01 -9.4219e-02 -2.3279e-01 +7.9786e-01 +6.9752e-02 -5.4924e-01
29 +3.256541945e+03 +3.256541945e+03 +3.388641945e+03 +3.388641945e+03 -2.8548e-01 +1.5314e-01 -5.0853e-01 +2.9416e-01 +6.2240e-01 -1.4333e-01 +4.7921e-02 +1.2257e+00 +1.2504e-01 -6.4491e-01
30 +2.762633600e+03 +2.762633600e+03 +2.894733600e+03 +2.894733600e+03 +2.8475e-01 +5.4790e-01 -8.5795e-01 -4.1332e-01 +1.9496e-01 +2.0712e-01 -1.9732e-01 +1.2146e+00 -4.7191e-02 -6.7617e-01
35 +2.444888584e+03 +2.444888584e+03 +2.576988584e+03 +2.576988584e+03 +2.6298e-01 +2.3504e-01 -1.0110e+00 +1.1232e-01 +6.1401e-01 +4.2132e-01 -3.0138e-01 +1.5276e+00 -2.0157e-01 -1.0172e+00
36 +2.017743814e+03 +2.017743814e+03 +2.149843814e+03 +2.149843814e+03 +1.3306e-01 +4.1228e-01 -6.9339e-01 -4.0814e-01 +5.4302e-01 +5.9348e-01 -3.1787e-01 +1.0321e+00 +1.0318e-01 -7.2089e-01
47 +1.552681895e+03 +1.552681895e+03 +1.684781895e+03 +1.684781895e+03 -2.9256e-01 +2.4667e-01 -5.7479e-01 -9.5581e-02 +7.6554e-01 -3.7346e-01 -2.3053e-01 +1.8308e+00 +4.5480e-01 -9.6478e-01
48 +1.377689968e+03 +1.377689968e+03 +1.509789968e+03 +1.509789968e+03 -3.4245e-03 +2.6078e-01 -7.3514e-01 +1.9627e-01 -1.1366e-01 +6.8057e-01 -1.7895e-01 +6.3802e-01 +3.1754e-01 -7.2411e-01
49 +1.308165398e+02 +1.308165398e+02 +2.629165398e+02 +2.629165398e+02 +5.8165e-02 -4.7771e-01 -2.8951e-01 +8.7895e-02 -2.4007e-02 +4.7066e-01 -1.9672e-01 +1.1251e+00 +6.0245e-01 -9.2230e-01
66 +3.506615140e+01 +3.506615140e+01 +1.671661514e+02 +1.671661514e+02 -4.3552e-01 -4.1356e-01 -6.8249e-01 +9.2242e-02 -9.2331e-02 +6.4893e-01 -7.4006e-01 +8.7162e-01 +6.5745e-01 -1.3590e+00
67 +1.968445724e+01 +1.968445724e+01 +1.517844572e+02 +1.517844572e+02 -3.2012e-01 -1.1035e+00 -2.8463e-01 +5.3333e-01 +3.3242e-02 +1.1546e+00 -3.9726e-01 +9.6300e-01 +6.9130e-01 -1.3423e+00
74 +5.572406917e+00 +5.572406917e+00 +1.376724069e+02 +1.376724069e+02 -3.7485e-01 -1.6989e-01 -3.6836e-01 +1.8892e-01 +1.5397e-02 +8.7591e-01 -4.3958e-01 +7.3617e-01 +7.8799e-01 -1.1821e+00
88 +3.630181341e+00 +3.630181341e+00 +1.357301813e+02 +1.357301813e+02 -6.0477e-02 -8.7934e-01 -2.3735e-02 -2.6803e-01 -9.0826e-01 +5.5798e-01 -1.3364e+00 +9.7813e-01 +7.4108e-01 -1.5421e+00
89 +3.190852025e+00 +3.190852025e+00 +1.352908520e+02 +1.352908520e+02 -9.0622e-01 -2.5956e-01 -9.9432e-02 -1.0566e-01 -6.9331e-01 +1.3074e+00 -5.3938e-01 +1.0234e+00 +9.4287e-01 -1.2269e+00
109 +2.988702815e+00 +2.988702815e+00 +1.350887028e+02 +1.350887028e+02 +1.4084e-01 -5.7338e-01 -2.5963e-01 -1.5676e-01 -1.9761e+00 +1.1067e+00 -6.7644e-01 +1.3349e+00 +1.0097e+00 -2.1274e+00
188 +2.664366215e+00 +2.664366215e+00 +1.347643662e+02 +1.347643662e+02 +4.7359e-01 -6.4640e-01 +1.0791e-01 -1.1953e+00 -2.3995e+00 +1.2758e+00 -6.3425e-01 +2.5608e+00 +6.3661e-01 -1.3918e+00
520 +2.407783282e+00 +2.407783282e+00 +1.345077833e+02 +1.345077833e+02 +3.5891e-01 +1.7418e+00 +4.7813e-01 -9.7534e-01 -2.3294e-01 +2.5763e+00 -3.6932e-01 +1.0471e+00 +1.3688e+00 -2.3411e+00
564 +2.240803566e+00 +2.240803566e+00 +1.343408036e+02 +1.343408036e+02 +1.5338e-01 +1.6676e+00 +4.8172e-01 -1.0123e+00 -2.3324e-01 +2.5701e+00 -3.5045e-01 +1.1131e+00 +1.3699e+00 -2.2689e+00
633 +2.176080978e+00 +2.176080978e+00 +1.342760810e+02 +1.342760810e+02 +3.4470e-01 +1.5440e+00 +4.9034e-01 -1.1716e+00 -1.3535e-01 +2.5606e+00 -3.0975e-01 +1.0730e+00 +1.4176e+00 -2.2641e+00
637 +2.103181337e+00 +2.103181337e+00 +1.342031813e+02 +1.342031813e+02 +4.4287e-01 +1.5727e+00 +4.6034e-01 -1.2725e+00 -1.6220e-01 +2.6224e+00 -2.8745e-01 +1.0757e+00 +1.3880e+00 -2.2957e+00
688 +2.071926697e+00 +2.071926697e+00 +1.341719267e+02 +1.341719267e+02 +3.6504e-01 +1.5573e+00 +5.7904e-01 -1.2660e+00 -1.5641e-01 +2.6241e+00 -3.1733e-01 +1.0748e+00 +1.3610e+00 -2.3056e+00
772 +2.029246735e+00 +2.029246735e+00 +1.341292467e+02 +1.341292467e+02 +2.6360e-01 +1.6172e+00 +5.2811e-01 -1.3158e+00 -1.4944e-01 +2.6060e+00 -2.8630e-01 +1.0879e+00 +1.3831e+00 -2.2951e+00
850 +1.992855176e+00 +1.992855176e+00 +1.340928552e+02 +1.340928552e+02 +3.3868e-01 +1.6000e+00 +4.7810e-01 -1.3063e+00 -1.1290e-01 +2.5920e+00 -2.9427e-01 +1.0795e+00 +1.3788e+00 -2.2885e+00
% function evaluation | noise-free fitness - Fopt (-6.067000000000e+01) | best noise-free fitness - Fopt | measured fitness | best measured fitness | x1 | x2...
1 +1.033747614e+04 +1.033747614e+04 +1.027680614e+04 +1.027680614e+04 +0.0000e+00 +0.0000e+00 +0.0000e+00 +0.0000e+00 +0.0000e+00 +0.0000e+00 +0.0000e+00 +0.0000e+00 +0.0000e+00 +0.0000e+00
4 +9.004099417e+03 +9.004099417e+03 +8.943429417e+03 +8.943429417e+03 -2.9465e-01 -1.2134e-01 -2.9821e-01 +9.4639e-02 -1.5800e-02 +4.9741e-02 -3.3963e-01 +8.9657e-02 +1.3373e-01 +2.2676e-01
13 +7.445486865e+03 +7.445486865e+03 +7.384816865e+03 +7.384816865e+03 -1.8459e-01 +7.7958e-02 -1.9592e-01 +9.5828e-02 +1.6330e-01 +4.6561e-01 -2.3739e-01 -2.1598e-01 +4.4099e-03 +2.6776e-01
18 +6.150611211e+03 +6.150611211e+03 +6.089941211e+03 +6.089941211e+03 -2.3228e-01 +2.2866e-01 -2.3530e-01 +1.4472e-01 -1.9568e-01 +4.1924e-01 +1.1572e-02 -3.8908e-02 +7.1644e-02 +4.1569e-01
24 +5.363119165e+03 +5.363119165e+03 +5.302449165e+03 +5.302449165e+03 -4.1683e-01 +1.9826e-01 -1.9794e-01 -1.1970e-01 +1.2567e-02 +3.2490e-01 -3.2309e-01 -2.0606e-01 +4.0766e-01 +2.6847e-01
31 +4.129493512e+03 +4.129493512e+03 +4.068823512e+03 +4.068823512e+03 -1.0405e-01 +2.8035e-01 -4.9957e-02 +2.3058e-02 -1.2385e-01 +5.5201e-01 -2.2794e-01 -1.7667e-01 +2.1343e-01 +6.3651e-01
34 +3.397585000e+03 +3.397585000e+03 +3.336915000e+03 +3.336915000e+03 +1.3704e-01 +1.7324e-01 +3.1115e-01 +8.7486e-02 +2.4588e-02 +3.7562e-01 -8.2664e-02 -3.9465e-01 +8.1076e-02 +7.4990e-01
38 +2.625547442e+03 +2.625547442e+03 +2.564877442e+03 +2.564877442e+03 -3.7663e-01 +1.0584e-01 +2.6033e-01 +6.0483e-03 -1.3376e-01 +5.4068e-01 -2.4968e-01 -3.5689e-01 +2.5959e-01 +8.7734e-01
45 +2.533606327e+03 +2.533606327e+03 +2.472936327e+03 +2.472936327e+03 +6.5280e-02 +1.9539e-01 +2.1453e-01 +5.6057e-02 +3.4211e-02 +7.5001e-01 -1.6637e-01 -3.3815e-01 +1.8651e-01 +9.8578e-01
51 +2.381973346e+03 +2.381973346e+03 +2.321303346e+03 +2.321303346e+03 +6.8439e-02 +2.4830e-01 +3.9496e-02 -1.9813e-01 -1.1400e-01 +8.6608e-02 -3.3460e-01 -2.5428e-01 +6.1688e-01 +8.9497e-01
53 +9.824010284e+02 +9.824010284e+02 +9.217310284e+02 +9.217310284e+02 -2.3076e-01 +3.9628e-01 -1.9186e-02 -1.3533e-01 +2.2781e-01 +4.6078e-01 -1.6233e-01 -5.6590e-01 +6.1398e-01 +8.1998e-01
58 +5.638912447e+02 +5.638912447e+02 +5.032212447e+02 +5.032212447e+02 -4.0002e-01 +1.9973e-01 +3.8837e-02 -9.1830e-03 +6.2627e-01 +2.7089e-01 +6.3313e-02 -7.4392e-01 +5.1761e-01 +8.9950e-01
59 +4.078662754e+02 +4.078662754e+02 +3.471962754e+02 +3.471962754e+02 -1.2849e-02 +4.1304e-01 +3.1458e-01 -1.9403e-01 +3.7000e-01 +4.2492e-01 +1.9620e-01 -9.0488e-01 +4.8863e-01 +8.7666e-01
71 +6.335435292e+00 +6.335435292e+00 -5.433456471e+01 -5.433456471e+01 -5.4715e-02 +1.2968e-01 -2.3987e-01 +3.2757e-01 +4.1188e-01 +5.0526e-01 +3.3353e-01 -9.5115e-01 +9.5089e-01 +1.1725e+00
86 +5.255914119e+00 +5.255914119e+00 -5.541408588e+01 -5.541408588e+01 -3.4537e-01 +5.8762e-01 -2.1887e-01 +2.0574e-01 +4.7150e-01 +2.3136e-01 +4.1267e-01 -1.1109e+00 +9.6727e-01 +9.1655e-01
97 +3.009019869e+00 +3.009019869e+00 -5.766098013e+01 -5.766098013e+01 -5.3284e-01 +5.6101e-01 +1.5853e-01 +1.5781e-01 +1.0062e+00 +9.5964e-01 +2.6722e-01 -9.8963e-01 +1.0236e+00 +1.6160e+00
256 +2.835099047e+00 +2.835099047e+00 -5.783490095e+01 -5.783490095e+01 +1.2754e+00 -7.5673e-01 +2.6007e-01 +2.8448e-01 +1.7503e-01 +7.2777e-01 +9.8694e-01 -1.9211e+00 +2.1838e+00 +2.0859e+00
354 +2.598937895e+00 +2.598937895e+00 -5.807106210e+01 -5.807106210e+01 +1.9397e+00 -4.2731e-01 +2.9871e-01 +3.2750e-01 +3.6723e-01 +9.9776e-01 +6.3783e-01 -9.6800e-01 +1.5022e+00 +1.3768e+00
389 +2.460770055e+00 +2.460770055e+00 -5.820922995e+01 -5.820922995e+01 +2.0631e+00 -2.9434e-01 +2.3040e-01 +3.1135e-01 +3.2423e-01 +7.7282e-01 +7.8438e-01 -8.7547e-01 +2.0834e+00 +1.5214e+00
438 +2.346196886e+00 +2.346196886e+00 -5.832380311e+01 -5.832380311e+01 +1.9288e+00 -3.6903e-01 +1.2577e-01 +2.9639e-01 +4.6505e-01 +6.0683e-01 +7.9419e-01 -9.9265e-01 +1.3776e+00 +1.4681e+00
441 +1.824453603e+00 +1.824453603e+00 -5.884554640e+01 -5.884554640e+01 +2.0143e+00 -5.4552e-01 +2.4508e-01 +1.5764e-01 +4.2108e-01 +5.9930e-01 +7.9549e-01 -1.0056e+00 +2.0175e+00 +1.2757e+00
762 +1.766068800e+00 +1.766068800e+00 -5.890393120e+01 -5.890393120e+01 +2.1227e+00 +2.4997e-01 +1.3622e-01 +2.1054e-01 +3.5728e-01 +1.1249e+00 +2.2703e+00 -5.7267e-01 +1.1662e+00 +1.4446e+00
766 +1.707814241e+00 +1.707814241e+00 -5.896218576e+01 -5.896218576e+01 +2.1744e+00 +3.0767e-01 +1.7359e-01 +2.3698e-01 +3.6095e-01 +1.0638e+00 +2.3854e+00 -5.8861e-01 +1.1740e+00 +1.5066e+00
838 +1.683364657e+00 +1.683364657e+00 -5.898663534e+01 -5.898663534e+01 +2.0826e+00 +2.2742e-01 +1.1499e-01 +1.7596e-01 +4.2357e-01 +1.0884e+00 +2.4081e+00 -5.8896e-01 +1.1755e+00 +1.7901e+00
891 +1.617655445e+00 +1.617655445e+00 -5.905234455e+01 -5.905234455e+01 +2.1543e+00 +2.9146e-01 +4.9156e-02 +1.8909e-01 +4.1408e-01 +1.0598e+00 +2.3987e+00 -5.5757e-01 +1.2011e+00 +1.7683e+00
933 +1.582080400e+00 +1.582080400e+00 -5.908791960e+01 -5.908791960e+01 +2.1556e+00 +2.9363e-01 +6.8748e-02 +1.9223e-01 +4.2148e-01 +1.0825e+00 +2.3756e+00 -5.4888e-01 +1.1794e+00 +1.7673e+00
1081 +1.548305478e+00 +1.548305478e+00 -5.912169452e+01 -5.912169452e+01 +2.0999e+00 +2.9861e-01 +9.6867e-02 +1.8570e-01 +4.0269e-01 +1.0857e+00 +2.3484e+00 -5.7474e-01 +1.1886e+00 +1.7715e+00
% function evaluation | noise-free fitness - Fopt (7.560000000000e+01) | best noise-free fitness - Fopt | measured fitness | best measured fitness | x1 | x2...
1 +1.033747614e+04 +1.033747614e+04 +1.041307614e+04 +1.041307614e+04 +0.0000e+00 +0.0000e+00 +0.0000e+00 +0.0000e+00 +0.0000e+00 +0.0000e+00 +0.0000e+00 +0.0000e+00 +0.0000e+00 +0.0000e+00
2 +8.454113259e+03 +8.454113259e+03 +8.529713259e+03 +8.529713259e+03 -1.1728e-01 -1.2430e-01 +2.1531e-01 +2.0533e-01 -2.7721e-03 +1.7492e-01 -5.4739e-02 -3.2334e-01 -1.1178e-01 -6.2193e-02
9 +7.356646531e+03 +7.356646531e+03 +7.432246531e+03 +7.432246531e+03 -3.7513e-01 -5.1185e-02 +1.7903e-01 -1.3417e-01 +2.8726e-01 +5.7513e-02 -3.7679e-01 -3.0009e-01 -8.4097e-02 +4.9452e-02
12 +7.029024741e+03 +7.029024741e+03 +7.104624741e+03 +7.104624741e+03 -2.8487e-01 -1.1352e-01 -9.0615e-02 -7.0205e-02 +8.8540e-02 -3.3920e-02 -3.9853e-01 +5.2149e-03 -1.5545e-01 +1.6316e-01
17 +5.520268650e+03 +5.520268650e+03 +5.595868650e+03 +5.595868650e+03 -3.4020e-01 -9.1102e-02 +2.4944e-01 -3.3585e-02 +2.4151e-02 -8.0812e-02 -3.2879e-01 -9.8088e-02 -3.9767e-01 +1.2648e-01
20 +3.717524463e+03 +3.717524463e+03 +3.793124463e+03 +3.793124463e+03 -1.7517e-01 +1.6389e-01 +1.7453e-01 +9.3445e-02 +1.8932e-01 -1.6513e-01 -7.3394e-01 +5.0618e-03 -7.1711e-01 +2.1083e-01
27 +2.183207049e+03 +2.183207049e+03 +2.258807049e+03 +2.258807049e+03 +1.4607e-01 -1.4143e-01 -5.8512e-03 -6.8960e-02 -4.7340e-01 +5.6581e-02 -5.3142e-01 -2.4793e-01 -4.0016e-01 +5.6677e-01
34 +1.447832856e+03 +1.447832856e+03 +1.523432856e+03 +1.523432856e+03 +8.5469e-02 +8.7252e-02 +1.5199e-01 -3.7289e-01 -3.4182e-01 -3.9323e-01 -9.5091e-01 -4.7626e-01 -3.8880e-01 +7.6690e-01
45 +1.412348983e+03 +1.412348983e+03 +1.487948983e+03 +1.487948983e+03 -6.1353e-01 -4.7573e-01 +4.0491e-01 -3.1998e-01 -7.2813e-01 -5.4065e-02 -1.5342e+00 -4.6457e-01 -3.3477e-01 +7.2219e-01
48 +1.031036393e+03 +1.031036393e+03 +1.106636393e+03 +1.106636393e+03 -6.4300e-02 -1.7899e-01 +5.7648e-01 +1.9461e-01 -2.4745e-01 +1.2210e-01 -1.1951e+00 -3.2777e-01 -3.2877e-01 +1.3591e+00
52 +7.049215760e+02 +7.049215760e+02 +7.805215760e+02 +7.805215760e+02 +1.5642e-02 -3.5438e-01 +4.7998e-01 -2.9405e-01 -6.0151e-01 +2.5414e-01 -1.5554e+00 -5.9806e-01 -3.5140e-01 +1.7304e+00
53 +2.232522096e+02 +2.232522096e+02 +2.988522096e+02 +2.988522096e+02 -1.1900e-01 -8.4404e-01 +5.2420e-01 -4.0200e-02 +3.2041e-01 -7.5129e-02 -1.2427e+00 -4.6382e-01 -8.8578e-01 +1.2762e+00
57 +3.621741198e+01 +3.621741198e+01 +1.118174120e+02 +1.118174120e+02 +1.4337e-02 -2.9848e-01 +4.1938e-01 -1.8039e-01 -4.9385e-01 -6.4110e-02 -1.5569e+00 -8.1244e-01 -7.3688e-01 +1.1927e+00
71 +5.871901330e+00 +5.871901330e+00 +8.147190133e+01 +8.147190133e+01 +4.7467e-01 -6.5565e-01 +4.1107e-01 +3.2175e-01 -1.5823e-01 +3.8168e-01 -1.9915e+00 -8.5478e-01 -7.4916e-01 +1.7404e+00
76 +4.277303650e+00 +4.277303650e+00 +7.987730365e+01 +7.987730365e+01 -2.6120e-01 -7.7107e-01 +1.0380e-01 +3.0681e-02 -5.2827e-01 +2.6760e-01 -1.6120e+00 -4.1696e-01 -9.6452e-01 +1.5374e+00
84 +4.220754608e+00 +4.220754608e+00 +7.982075461e+01 +7.982075461e+01 -1.7519e-02 -1.0440e+00 +8.4020e-02 -1.0462e-01 -5.8877e-01 +4.1065e-01 -1.7038e+00 -9.0840e-01 -9.9349e-01 +1.8088e+00
106 +3.967903653e+00 +3.967903653e+00 +7.956790365e+01 +7.956790365e+01 -2.4530e-01 -5.6200e-01 -4.9524e-01 -2.1674e-01 -6.0836e-01 +4.3038e-01 -2.0094e+00 -1.2313e+00 -1.1079e+00 +1.3245e+00
109 +3.371540792e+00 +3.371540792e+00 +7.897154079e+01 +7.897154079e+01 -1.7067e-02 -5.1981e-01 +2.5760e-01 +2.0633e-02 -8.1901e-01 +6.0230e-01 -1.9935e+00 -1.2335e+00 -1.0021e+00 +1.3250e+00
246 +3.098246982e+00 +3.098246982e+00 +7.869824698e+01 +7.869824698e+01 +2.0786e+00 +6.1328e-01 +2.4659e+00 +1.1088e+00 -1.5562e+00 +8.7046e-01 -6.8678e-01 -1.0168e+00 -1.0857e+00 +1.8079e+00
339 +2.969738464e+00 +2.969738464e+00 +7.856973846e+01 +7.856973846e+01 +5.2019e-01 -2.8823e-01 +1.3129e+00 +2.0039e-01 -1.6005e+00 +9.5893e-01 -1.1470e+00 -7.7975e-01 -1.1185e+00 +1.4990e+00
356 +2.842514575e+00 +2.842514575e+00 +7.844251457e+01 +7.844251457e+01 +3.6173e-01 -4.8737e-01 +1.1554e+00 +2.2688e-01 -1.3746e+00 +8.8077e-01 -1.2728e+00 -8.4757e-01 -1.0925e+00 +1.2253e+00
389 +2.572971718e+00 +2.572971718e+00 +7.817297172e+01 +7.817297172e+01 +6.7739e-01 -4.6624e-01 +1.4008e+00 +2.6336e-01 -1.4810e+00 +8.5029e-01 -8.7548e-01 -9.4385e-01 -1.0862e+00 +1.2275e+00
442 +2.496672988e+00 +2.496672988e+00 +7.809667299e+01 +7.809667299e+01 +6.1345e-01 -4.9470e-01 +1.4514e+00 +1.7522e-01 -1.5820e+00 +8.0795e-01 -1.1627e+00 -9.3740e-01 -1.0887e+00 +1.1895e+00
562 +2.410080030e+00 +2.410080030e+00 +7.801008003e+01 +7.801008003e+01 +5.4812e-01 -4.8002e-01 +1.3637e+00 +1.7613e-01 -1.5265e+00 +8.1889e-01 -1.1534e+00 -9.2155e-01 -1.1059e+00 +1.2086e+00
580 +2.385978408e+00 +2.385978408e+00 +7.798597841e+01 +7.798597841e+01 +6.5546e-01 -4.2596e-01 +1.3769e+00 +1.2149e-01 -1.5336e+00 +8.2311e-01 -1.1568e+00 -9.0427e-01 -1.0762e+00 +1.2002e+00
603 +2.317225143e+00 +2.317225143e+00 +7.791722514e+01 +7.791722514e+01 +6.3779e-01 -4.6850e-01 +1.3258e+00 +1.4231e-01 -1.5515e+00 +8.1634e-01 -1.1431e+00 -8.7907e-01 -1.0920e+00 +1.2045e+00
628 +2.285935080e+00 +2.285935080e+00 +7.788593508e+01 +7.788593508e+01 +6.1876e-01 -4.0563e-01 +1.3292e+00 +1.3274e-01 -1.5503e+00 +8.1548e-01 -1.1620e+00 -8.3960e-01 -1.1089e+00 +1.2302e+00
671 +2.232152779e+00 +2.232152779e+00 +7.783215278e+01 +7.783215278e+01 +6.2530e-01 -4.1625e-01 +1.3463e+00 +1.5159e-01 -1.5597e+00 +8.0590e-01 -1.1588e+00 -8.7352e-01 -1.1222e+00 +1.2034e+00
% function evaluation | noise-free fitness - Fopt (-1.699200000000e+02) | best noise-free fitness - Fopt | measured fitness | best measured fitness | x1 | x2...
1 +1.033747614e+04 +1.033747614e+04 +1.016755614e+04 +1.016755614e+04 +0.0000e+00 +0.0000e+00 +0.0000e+00 +0.0000e+00 +0.0000e+00 +0.0000e+00 +0.0000e+00 +0.0000e+00 +0.0000e+00 +0.0000e+00
2 +8.020609582e+03 +8.020609582e+03 +7.850689582e+03 +7.850689582e+03 -1.2161e-02 -1.3280e-01 -1.3574e-01 -1.6469e-01 +8.5353e-03 +5.9469e-02 -3.6384e-01 +2.1986e-01 -1.9859e-01 +1.4024e-01
6 +6.387853464e+03 +6.387853464e+03 +6.217933464e+03 +6.217933464e+03 +2.7985e-01 -2.3683e-01 -2.1280e-01 +7.3175e-03 -8.1661e-02 -2.0050e-01 -1.1563e-01 -1.6090e-01 -2.5944e-01 +1.0848e-01
10 +6.147364644e+03 +6.147364644e+03 +5.977444644e+03 +5.977444644e+03 +1.2888e-02 -3.5692e-01 -1.3937e-01 +1.2061e-01 +5.3730e-02 -4.1545e-02 -5.5400e-01 +2.8210e-02 -2.0607e-01 +2.2064e-01
14 +5.577150953e+03 +5.577150953e+03 +5.407230953e+03 +5.407230953e+03 +2.3913e-01 -2.0352e-01 -4.2947e-02 +1.0644e-01 +9.6852e-02 -5.2258e-02 -2.7631e-01 +9.9617e-02 -2.7927e-01 +3.3051e-01
18 +3.592313391e+03 +3.592313391e+03 +3.422393391e+03 +3.422393391e+03 +1.2253e-01 -2.2471e-01 -2.5675e-01 +8.7556e-02 -5.4402e-02 +4.6304e-03 -2.7228e-01 +4.0664e-02 -2.7178e-01 +7.2169e-01
19 +2.652458655e+03 +2.652458655e+03 +2.482538655e+03 +2.482538655e+03 +6.5707e-01 -4.8322e-01 +2.0883e-01 +6.7189e-02 +2.4229e-01 +9.8314e-03 -5.2999e-01 -1.0084e-01 -6.1043e-01 +3.8666e-01
27 +2.372511890e+03 +2.372511890e+03 +2.202591890e+03 +2.202591890e+03 +4.3923e-01 -1.6327e-01 -7.2587e-02 +4.0044e-01 +2.4042e-01 -5.2905e-02 -5.1781e-01 -3.4948e-01 -4.8367e-01 +4.0732e-01
28 +2.186044165e+03 +2.186044165e+03 +2.016124165e+03 +2.016124165e+03 +4.9504e-01 -4.0618e-01 -9.5587e-02 +2.2021e-02 -2.7220e-02 -1.5323e-01 -2.1700e-01 +7.0155e-02 -5.7959e-01 +8.4665e-01
30 +1.456047585e+03 +1.456047585e+03 +1.286127585e+03 +1.286127585e+03 +2.9764e-01 -5.5173e-01 +1.1105e-01 -1.8944e-01 -6.6921e-02 +2.0097e-01 -3.1283e-01 -3.8200e-01 -5.8229e-01 +6.3528e-01
43 +8.150523903e+02 +8.150523903e+02 +6.451323903e+02 +6.451323903e+02 -1.3685e-01 -4.0621e-01 +2.3158e-01 +1.3382e-01 -1.9677e-01 -1.0943e-03 -2.8264e-01 -4.4752e-01 -8.6781e-01 +6.0114e-01
45 +3.178402707e+02 +3.178402707e+02 +1.479202707e+02 +1.479202707e+02 -3.6876e-01 -5.2181e-01 +1.9427e-01 +4.6684e-01 +1.1132e-01 +5.7804e-02 -5.5737e-01 -4.7255e-01 -8.8621e-01 +7.3467e-01
50 +3.899578937e+01 +3.899578937e+01 -1.309242106e+02 -1.309242106e+02 -4.9547e-01 -4.1972e-02 +2.7665e-01 +3.8968e-01 +2.6963e-01 -2.0306e-01 -3.9031e-01 -6.2076e-01 -7.2523e-01 +1.1128e+00
61 +4.310247061e+00 +4.310247061e+00 -1.656097529e+02 -1.656097529e+02 -4.1979e-01 -1.2435e-01 +2.0094e-01 -3.1958e-02 +5.0534e-01 -6.9385e-02 -6.0901e-01 -6.8024e-01 -8.1091e-01 +1.6622e+00
92 +4.204826135e+00 +4.204826135e+00 -1.657151739e+02 -1.657151739e+02 -8.0367e-01 +4.0818e-01 +2.6644e-01 -1.3826e-01 +5.5121e-03 -6.4180e-01 -5.8082e-01 -1.2322e+00 -1.0017e+00 +1.2500e+00
111 +3.595841585e+00 +3.595841585e+00 -1.663241584e+02 -1.663241584e+02 -9.0776e-01 +1.2802e-01 -8.3406e-02 -1.7791e-01 -4.8152e-02 -8.3864e-01 -8.0312e-01 -9.5322e-01 -1.3851e+00 +8.2325e-01
113 +3.296848958e+00 +3.296848958e+00 -1.666231510e+02 -1.666231510e+02 -7.1898e-01 +4.2307e-01 +3.3869e-01 +1.7697e-01 -1.8541e-01 -8.7516e-01 -7.8699e-01 -1.0660e+00 -1.1962e+00 +1.2482e+00
183 +2.905381681e+00 +2.905381681e+00 -1.670146183e+02 -1.670146183e+02 +4.1228e-01 -4.2710e-01 +1.4066e-01 +7.3340e-01 -2.7359e-01 -8.2141e-01 -7.8096e-01 -1.0490e+00 -1.6437e+00 +1.6305e+00
321 +2.685431488e+00 +2.685431488e+00 -1.672345685e+02 -1.672345685e+02 +7.4917e-01 -1.1244e+00 -1.3045e+00 +2.2105e+00 +4.6863e-01 -6.7211e-01 -7.5307e-01 -9.5053e-01 -2.3319e+00 +1.1392e+00
531 +2.396004611e+00 +2.396004611e+00 -1.675239954e+02 -1.675239954e+02 +5.8629e-01 -4.7717e-01 -1.0411e+00 +2.3450e+00 -8.7981e-02 -6.8641e-01 -7.3988e-01 -1.5134e+00 -1.2349e+00 +1.1147e+00
727 +2.291087291e+00 +2.291087291e+00 -1.676289127e+02 -1.676289127e+02 +1.7088e-01 -5.5701e-01 -6.4391e-01 +2.3762e+00 -1.0957e-01 -8.7527e-01 -7.0679e-01 -1.9135e+00 -8.5729e-01 +1.2313e+00
740 +2.239789240e+00 +2.239789240e+00 -1.676802108e+02 -1.676802108e+02 +1.9999e-01 -5.7556e-01 -7.3063e-01 +2.3433e+00 -9.7247e-02 -7.2346e-01 -7.1361e-01 -1.8679e+00 -8.5674e-01 +1.2740e+00
747 +2.183818517e+00 +2.183818517e+00 -1.677361815e+02 -1.677361815e+02 +2.3213e-01 -5.4081e-01 -7.1394e-01 +2.3609e+00 -1.7007e-01 -7.9457e-01 -6.8971e-01 -1.7576e+00 -8.4086e-01 +1.2758e+00
765 +2.044634316e+00 +2.044634316e+00 -1.678753657e+02 -1.678753657e+02 +1.0439e-01 -4.6970e-01 -6.9234e-01 +2.3943e+00 -9.9661e-02 -8.3870e-01 -7.0402e-01 -1.7325e+00 -9.0660e-01 +1.2688e+00
801 +2.035822076e+00 +2.035822076e+00 -1.678841779e+02 -1.678841779e+02 +8.8860e-02 -5.0892e-01 -6.1127e-01 +2.3716e+00 -1.0789e-01 -7.7301e-01 -7.2021e-01 -1.6421e+00 -9.2413e-01 +1.2497e+00
813 +1.985633128e+00 +1.985633128e+00 -1.679343669e+02 -1.679343669e+02 +1.0976e-01 -5.2114e-01 -6.7165e-01 +2.3442e+00 -1.0627e-01 -8.0755e-01 -7.4488e-01 -1.7027e+00 -9.0220e-01 +1.2494e+00
827 +1.916646164e+00 +1.916646164e+00 -1.680033538e+02 -1.680033538e+02 +1.3082e-01 -5.1515e-01 -6.5567e-01 +2.4186e+00 -1.2022e-01 -7.9300e-01 -7.2368e-01 -1.6701e+00 -9.0808e-01 +1.2749e+00
849 +1.868073319e+00 +1.868073319e+00 -1.680519267e+02 -1.680519267e+02 +1.3982e-01 -5.3922e-01 -6.5554e-01 +2.3914e+00 -1.1773e-01 -7.4474e-01 -7.4957e-01 -1.6847e+00 -9.0743e-01 +1.2698e+00
873 +1.861655641e+00 +1.861655641e+00 -1.680583444e+02 -1.680583444e+02 +1.1301e-01 -5.2504e-01 -6.1762e-01 +2.4016e+00 -1.2500e-01 -7.4185e-01 -7.4974e-01 -1.7095e+00 -9.1346e-01 +1.2401e+00
898 +1.815249222e+00 +1.815249222e+00 -1.681047508e+02 -1.681047508e+02 +7.6787e-02 -5.6699e-01 -6.4414e-01 +2.4313e+00 -1.3487e-01 -7.7276e-01 -7.6285e-01 -1.7042e+00 -8.9529e-01 +1.2736e+00
933 +1.772923592e+00 +1.772923592e+00 -1.681470764e+02 -1.681470764e+02 +1.1183e-01 -5.1385e-01 -6.3255e-01 +2.4866e+00 -1.5015e-01 -7.5653e-01 -7.6234e-01 -1.7044e+00 -9.0349e-01 +1.2513e+00
% function evaluation | noise-free fitness - Fopt (-1.805400000000e+02) | best noise-free fitness - Fopt | measured fitness | best measured fitness | x1 | x2...
1 +1.033747614e+04 +1.033747614e+04 +1.015693614e+04 +1.015693614e+04 +0.0000e+00 +0.0000e+00 +0.0000e+00 +0.0000e+00 +0.0000e+00 +0.0000e+00 +0.0000e+00 +0.0000e+00 +0.0000e+00 +0.0000e+00
3 +1.001522478e+04 +1.001522478e+04 +9.834684783e+03 +9.834684783e+03 +1.5863e-01 -2.1236e-02 +8.7973e-02 -8.0768e-02 +1.8072e-01 -1.5140e-01 -3.4085e-02 +8.5590e-02 -1.9172e-01 -8.0120e-02
4 +6.432009435e+03 +6.432009435e+03 +6.251469435e+03 +6.251469435e+03 +1.9687e-01 +9.4796e-02 -1.4295e-01 -1.6682e-03 -1.5707e-02 +2.5839e-02 +1.5998e-01 -1.6136e-01 -5.6148e-01 -8.1652e-02
9 +6.126374305e+03 +6.126374305e+03 +5.945834305e+03 +5.945834305e+03 +7.6466e-03 -1.5732e-01 +1.5824e-01 +9.0017e-02 +1.1418e-01 -2.9888e-01 +3.8857e-01 -4.3897e-01 +2.4943e-01 +5.0334e-01
10 +4.232905718e+03 +4.232905718e+03 +4.052365718e+03 +4.052365718e+03 +2.9534e-01 +7.4168e-02 +2.4354e-01 +4.0029e-01 -3.0552e-01 +9.1560e-02 +5.6811e-01 -2.6507e-01 -2.8507e-01 +2.8662e-01
16 +3.649797012e+03 +3.649797012e+03 +3.469257012e+03 +3.469257012e+03 +9.4452e-02 -6.6856e-02 +5.9131e-02 +2.4529e-01 -8.0330e-02 -3.2367e-01 +1.9825e-01 -5.9498e-01 -2.2314e-01 +3.4393e-01
18 +3.021416955e+03 +3.021416955e+03 +2.840876955e+03 +2.840876955e+03 +5.8222e-01 +4.3497e-01 -2.9150e-01 +2.4619e-01 -3.1339e-01 -2.8778e-01 +4.7217e-01 -8.5541e-01 -2.9908e-01 +3.3330e-01
19 +2.306811061e+03 +2.306811061e+03 +2.126271061e+03 +2.126271061e+03 +1.9965e-01 +1.1213e-01 +1.7075e-01 +4.1501e-01 -4.0108e-02 +1.2842e-01 +1.1670e-01 -5.3483e-01 -3.4027e-01 +5.9487e-01
20 +1.986187603e+03 +1.986187603e+03 +1.805647603e+03 +1.805647603e+03 +1.1340e-02 -2.3122e-01 -1.4385e-02 +3.0719e-01 -4.8761e-01 -1.9535e-02 +4.3204e-01 -4.6193e-01 -4.0097e-01 +5.1786e-01
27 +7.571692673e+02 +7.571692673e+02 +5.766292673e+02 +5.766292673e+02 +9.4563e-02 -2.1456e-01 +3.7897e-01 +2.0774e-01 -1.4797e-01 -2.3198e-01 +4.3172e-01 -7.5192e-01 -2.9550e-01 +1.1842e+00
34 +1.138971888e+02 +1.138971888e+02 -6.664281121e+01 -6.664281121e+01 +1.0442e-01 -1.9062e-01 +1.3571e-01 +3.1779e-01 -3.1861e-01 +3.3353e-02 +4.4725e-01 -1.0845e+00 -9.9311e-01 +7.9271e-01
42 +4.843150483e+01 +4.843150483e+01 -1.321084952e+02 -1.321084952e+02 +3.9695e-01 -2.7722e-01 +4.4207e-01 +4.6416e-01 -1.4616e-01 -1.3988e-02 +6.7636e-01 -5.1371e-01 -1.0759e+00 +1.0323e+00
54 +1.667484069e+01 +1.667484069e+01 -1.638651593e+02 -1.638651593e+02 +1.9036e-01 -2.3287e-01 +1.4349e-01 +5.5520e-01 -4.5221e-01 +6.0409e-03 +1.1851e+00 -9.5089e-01 -1.6554e+00 +1.7916e+00
67 +3.756368794e+00 +3.756368794e+00 -1.767836312e+02 -1.767836312e+02 +4.6088e-01 -4.8827e-01 -1.9491e-02 +3.2499e-01 -1.8250e-01 -1.3993e-01 +1.1261e+00 -1.4079e+00 -9.4356e-01 +1.5822e+00
74 +3.695138329e+00 +3.695138329e+00 -1.768448617e+02 -1.768448617e+02 +7.4034e-01 -2.6317e-01 -6.1157e-02 +9.0508e-01 -9.1074e-02 -4.7634e-01 +8.2719e-01 -1.0759e+00 -1.1098e+00 +1.8562e+00
101 +2.954710422e+00 +2.954710422e+00 -1.775852896e+02 -1.775852896e+02 +3.3801e-01 -5.5109e-01 +3.7096e-02 +1.6846e-01 -3.6268e-01 -7.2869e-01 +9.9870e-01 -9.5444e-01 -1.5088e+00 +1.1837e+00
105 +2.859303181e+00 +2.859303181e+00 -1.776806968e+02 -1.776806968e+02 +4.1933e-01 -3.4923e-01 +7.8991e-01 +3.1382e-01 -2.9459e-01 -7.3704e-01 +7.4878e-01 -1.6104e+00 -1.5997e+00 +1.1538e+00
136 +2.654021044e+00 +2.654021044e+00 -1.778859790e+02 -1.778859790e+02 +6.0524e-01 -4.5223e-01 +1.6418e-01 +1.8931e-01 -2.9334e-01 -7.0453e-01 +1.2042e+00 -1.4059e+00 -1.5099e+00 +1.9465e+00
153 +2.620722753e+00 +2.620722753e+00 -1.779192772e+02 -1.779192772e+02 +7.6716e-01 -3.6234e-01 +1.9467e-01 -4.5687e-01 -4.5939e-01 -6.0349e-01 +1.1421e+00 -1.5086e+00 -1.4473e+00 +2.2813e+00
252 +2.494470684e+00 +2.494470684e+00 -1.780455293e+02 -1.780455293e+02 +7.0899e-01 -4.0928e-01 -4.1272e-03 +1.4204e-01 -4.0913e-01 -6.3565e-01 +1.9468e+00 -8.7478e-01 -1.9419e+00 +1.7774e+00
292 +2.258980574e+00 +2.258980574e+00 -1.782810194e+02 -1.782810194e+02 +7.7321e-01 -3.3343e-01 +1.2171e-01 +2.6576e-01 -4.2568e-01 -6.0867e-01 +1.7256e+00 -6.8890e-01 -1.8323e+00 +1.8206e+00
316 +2.036038561e+00 +2.036038561e+00 -1.785039614e+02 -1.785039614e+02 +7.0489e-01 -3.1252e-01 +1.1200e-01 +2.0093e-01 -4.2356e-01 -6.0476e-01 +1.9654e+00 -5.7812e-01 -1.5994e+00 +2.2691e+00
356 +1.962014591e+00 +1.962014591e+00 -1.785779854e+02 -1.785779854e+02 +7.8744e-01 -2.9360e-01 +1.1064e-01 +1.6621e-01 -3.5005e-01 -5.8327e-01 +2.0084e+00 -6.1394e-01 -1.7991e+00 +2.1840e+00
410 +1.917536062e+00 +1.917536062e+00 -1.786224639e+02 -1.786224639e+02 +7.4312e-01 -2.8064e-01 +7.8596e-02 +2.0799e-01 -4.1269e-01 -6.1719e-01 +2.0278e+00 -6.0954e-01 -1.7410e+00 +2.1674e+00
417 +1.885753484e+00 +1.885753484e+00 -1.786542465e+02 -1.786542465e+02 +7.2508e-01 -2.2938e-01 +1.3204e-01 +2.3163e-01 -4.2781e-01 -6.1779e-01 +2.0134e+00 -6.6304e-01 -1.7294e+00 +2.2087e+00
468 +1.819639345e+00 +1.819639345e+00 -1.787203607e+02 -1.787203607e+02 +7.1963e-01 -2.8244e-01 +1.4190e-01 +2.4750e-01 -3.8415e-01 -6.2263e-01 +1.9473e+00 -6.8639e-01 -1.7334e+00 +2.2001e+00
515 +1.776552034e+00 +1.776552034e+00 -1.787634480e+02 -1.787634480e+02 +7.2811e-01 -3.0237e-01 +1.0122e-01 +2.4004e-01 -4.1069e-01 -6.3372e-01 +1.9120e+00 -6.6882e-01 -1.8095e+00 +2.1882e+00
525 +1.722969187e+00 +1.722969187e+00 -1.788170308e+02 -1.788170308e+02 +7.2336e-01 -2.9783e-01 +1.1855e-01 +2.4664e-01 -3.9023e-01 -6.5293e-01 +1.9578e+00 -6.7716e-01 -1.8180e+00 +2.1649e+00
575 +1.679469232e+00 +1.679469232e+00 -1.788605308e+02 -1.788605308e+02 +7.0428e-01 -3.3281e-01 +4.2482e-02 +2.1561e-01 -3.7652e-01 -6.4530e-01 +1.9678e+00 -6.6521e-01 -1.8163e+00 +2.1768e+00
595 +1.643922078e+00 +1.643922078e+00 -1.788960779e+02 -1.788960779e+02 +6.9430e-01 -3.6206e-01 +5.5955e-02 +2.1108e-01 -3.9315e-01 -5.9313e-01 +1.9741e+00 -6.5736e-01 -1.8253e+00 +2.1778e+00
643 +1.613394356e+00 +1.613394356e+00 -1.789266056e+02 -1.789266056e+02 +6.9012e-01 -3.8235e-01 +5.8884e-02 +2.0460e-01 -4.0435e-01 -6.1719e-01 +1.9681e+00 -6.6079e-01 -1.8199e+00 +2.1786e+00
794 +1.584452790e+00 +1.584452790e+00 -1.789555472e+02 -1.789555472e+02 +6.1979e-01 -4.0977e-01 +7.3740e-02 +1.8770e-01 -4.2740e-01 -6.1985e-01 +1.9717e+00 -6.6615e-01 -1.8247e+00 +2.1720e+00
% function evaluation | noise-free fitness - Fopt (9.752000000000e+01) | best noise-free fitness - Fopt | measured fitness | best measured fitness | x1 | x2...
1 +1.033747614e+04 +1.033747614e+04 +1.043499614e+04 +1.043499614e+04 +0.0000e+00 +0.0000e+00 +0.0000e+00 +0.0000e+00 +0.0000e+00 +0.0000e+00 +0.0000e+00 +0.0000e+00 +0.0000e+00 +0.0000e+00
2 +9.320320497e+03 +9.320320497e+03 +9.417840497e+03 +9.417840497e+03 +1.0074e-01 +4.4497e-02 +4.9609e-02 +2.2412e-01 -9.6528e-02 -7.7534e-02 +3.7312e-01 -7.2676e-02 -2.8286e-01 +2.8669e-01
4 +9.028951951e+03 +9.028951951e+03 +9.126471951e+03 +9.126471951e+03 -5.4441e-03 -6.8269e-02 -1.1681e-01 +2.0273e-01 +2.9265e-03 -8.7797e-02 +2.4768e-01 +2.3114e-01 +5.2765e-02 +1.7387e-01
7 +6.528560784e+03 +6.528560784e+03 +6.626080784e+03 +6.626080784e+03 +3.3787e-02 -4.6036e-02 +2.5061e-01 +1.4397e-01 +1.3294e-01 -2.8368e-01 +1.0779e-01 -1.8851e-01 +1.4145e-01 +1.7361e-01
10 +5.118594981e+03 +5.118594981e+03 +5.216114981e+03 +5.216114981e+03 +1.3408e-01 +1.3636e-01 -1.1580e-01 +1.9196e-01 -4.9006e-02 +6.3657e-02 +2.5314e-02 -2.5380e-01 +2.0671e-02 +5.5186e-01
11 +4.794535299e+03 +4.794535299e+03 +4.892055299e+03 +4.892055299e+03 +6.5510e-02 -2.9051e-01 -2.0955e-01 -1.1112e-01 -1.8010e-01 -3.3120e-01 +3.9389e-01 -3.7725e-01 -5.4428e-02 +5.0154e-01
18 +3.169145716e+03 +3.169145716e+03 +3.266665716e+03 +3.266665716e+03 +1.0964e-01 -1.1691e-01 -3.3245e-01 -1.4353e-01 +4.0212e-01 +1.3374e-01 -5.5397e-02 -4.7755e-01 +3.4524e-01 +4.8687e-01
24 +1.074414850e+03 +1.074414850e+03 +1.171934850e+03 +1.171934850e+03 +9.6082e-02 +1.4359e-01 -1.4971e-02 +5.6090e-01 -4.1373e-02 -6.2918e-01 +1.9877e-02 -1.0398e+00 +3.1032e-01 +7.9225e-01
31 +8.922463696e+02 +8.922463696e+02 +9.897663696e+02 +9.897663696e+02 +1.9975e-01 +1.8312e-02 -1.5057e-01 +2.5709e-01 +2.1770e-01 -4.5537e-01 +1.3559e-01 -9.5508e-01 +5.6200e-01 +6.2158e-01
34 +8.352958570e+02 +8.352958570e+02 +9.328158570e+02 +9.328158570e+02 +1.6435e-01 -4.5169e-01 +6.4177e-02 +4.0178e-01 +7.5679e-02 -3.2609e-01 -1.9570e-02 -1.3475e+00 +5.0612e-01 +7.2090e-01
36 +7.289518444e+02 +7.289518444e+02 +8.264718444e+02 +8.264718444e+02 +7.8170e-02 -2.0204e-01 -4.1696e-01 +2.6766e-01 -4.6327e-01 -5.3914e-01 +2.2594e-01 -1.3877e+00 +7.4283e-01 +5.9802e-01
42 +6.473931442e+02 +6.473931442e+02 +7.449131442e+02 +7.449131442e+02 +1.1346e-01 +4.7987e-01 -2.4658e-01 +9.2991e-01 +1.7035e-01 -8.3650e-01 +7.8460e-02 -1.2769e+00 +3.7310e-01 +8.0126e-01
45 +5.065473538e+02 +5.065473538e+02 +6.040673538e+02 +6.040673538e+02 -2.0990e-01 -1.2584e-01 -1.7345e-02 +5.0728e-01 -9.2728e-01 -6.1667e-01 +4.0374e-01 -1.5692e+00 +9.7533e-01 +9.5149e-01
47 +4.979589478e+02 +4.979589478e+02 +5.954789478e+02 +5.954789478e+02 +1.7758e-01 +1.6552e-02 -2.9906e-01 +2.2263e-01 -4.0209e-01 -1.1688e+00 +3.0588e-01 -1.0966e+00 +4.2582e-01 +8.4198e-01
51 +1.563513265e+02 +1.563513265e+02 +2.538713265e+02 +2.538713265e+02 -4.7137e-01 -5.0351e-02 -3.4435e-01 +3.5597e-01 -4.6676e-01 -7.0533e-01 +5.6789e-01 -1.7120e+00 +1.3012e+00 +7.0490e-01
58 +3.806226210e+01 +3.806226210e+01 +1.355822621e+02 +1.355822621e+02 +8.2847e-02 -9.8916e-02 +3.9941e-01 +2.6030e-01 +5.2432e-01 -3.4210e-01 +4.8596e-01 -2.7877e+00 +1.7267e+00 +1.3415e+00
60 +4.626558583e+00 +4.626558583e+00 +1.021465586e+02 +1.021465586e+02 -1.2583e-01 -3.6594e-02 -5.5739e-01 +4.3274e-01 +1.6899e-01 -1.1923e+00 +3.2787e-01 -1.1149e+00 +1.6986e+00 +9.4786e-01
71 +4.425160958e+00 +4.425160958e+00 +1.019451610e+02 +1.019451610e+02 +2.5966e-01 -3.1438e-01 -2.4606e-01 +3.5625e-01 +2.9403e-01 -4.6812e-01 +9.5838e-01 -1.2148e+00 +1.5016e+00 +1.7215e+00
78 +3.997407633e+00 +3.997407633e+00 +1.015174076e+02 +1.015174076e+02 +2.6780e-01 -9.1836e-01 -7.1442e-01 +5.1601e-01 -2.8549e-02 -2.1995e-01 +8.5338e-01 -1.3047e+00 +1.5466e+00 +1.5306e+00
82 +3.316776056e+00 +3.316776056e+00 +1.008367761e+02 +1.008367761e+02 +4.7257e-01 -9.5826e-01 -7.3354e-01 +1.2828e+00 +1.0897e+00 -4.3474e-01 +9.0176e-01 -2.0217e+00 +1.1349e+00 +1.9649e+00
124 +3.300836787e+00 +3.300836787e+00 +1.008208368e+02 +1.008208368e+02 -5.2752e-01 -3.6837e-01 -1.1453e+00 +9.5054e-01 +2.4537e+00 -3.2261e-01 +1.4816e+00 -1.5375e+00 +1.8891e+00 +1.2776e+00
448 +3.070564540e+00 +3.070564540e+00 +1.005905645e+02 +1.005905645e+02 -1.3031e+00 -1.3191e-01 -1.6890e+00 +1.0288e+00 +7.2788e-01 -2.3962e+00 +9.0784e-01 -1.8989e+00 +1.5820e+00 +2.1608e+00
512 +2.986055579e+00 +2.986055579e+00 +1.005060556e+02 +1.005060556e+02 -1.7264e+00 -5.2532e-02 -1.8306e+00 +5.5790e-01 +8.6805e-01 -1.9146e+00 +8.5580e-01 -2.4369e+00 +1.3145e+00 +1.6749e+00
606 +2.687166312e+00 +2.687166312e+00 +1.002071663e+02 +1.002071663e+02 -1.5985e+00 -1.5049e-01 -2.0990e+00 +8.1907e-01 +7.9966e-01 -1.2386e+00 +1.3030e+00 -2.3118e+00 +7.2622e-01 +1.3245e+00
607 +2.593052415e+00 +2.593052415e+00 +1.001130524e+02 +1.001130524e+02 -1.4067e+00 -1.1804e-01 -1.8831e+00 +7.2124e-01 +7.3191e-01 -1.3595e+00 +1.1660e+00 -2.3303e+00 +7.8959e-01 +1.2874e+00
862 +2.396902282e+00 +2.396902282e+00 +9.991690228e+01 +9.991690228e+01 -1.4643e+00 -3.2554e-01 -1.8132e+00 +1.0960e+00 +2.3173e-01 -1.4253e+00 +6.0108e-01 -2.5079e+00 +1.1517e+00 +1.2158e+00
1071 +2.329760016e+00 +2.329760016e+00 +9.984976002e+01 +9.984976002e+01 -1.4456e+00 -2.0511e-01 -1.8658e+00 +1.4834e+00 +1.7620e-01 -1.5194e+00 +1.1449e+00 -2.3903e+00 +1.0593e+00 +1.2266e+00
1074 +2.224412510e+00 +2.224412510e+00 +9.974441251e+01 +9.974441251e+01 -1.5165e+00 -1.7412e-01 -1.7554e+00 +1.5325e+00 +7.4349e-02 -1.5443e+00 +9.8137e-01 -2.4009e+00 +1.1817e+00 +1.2019e+00
1247 +2.183656498e+00 +2.183656498e+00 +9.970365650e+01 +9.970365650e+01 -1.3970e+00 -1.0793e-01 -1.8097e+00 +1.4968e+00 +1.2768e-01 -1.4017e+00 +1.0378e+00 -2.4152e+00 +1.0697e+00 +1.2043e+00
1292 +2.132736213e+00 +2.132736213e+00 +9.965273621e+01 +9.965273621e+01 -1.3763e+00 -1.5830e-01 -1.7501e+00 +1.5323e+00 +6.1334e-02 -1.6553e+00 +9.4810e-01 -2.3907e+00 +1.0788e+00 +1.1992e+00
1417 +2.074580293e+00 +2.074580293e+00 +9.959458029e+01 +9.959458029e+01 -1.4347e+00 -1.6216e-01 -1.6894e+00 +1.4921e+00 +9.7251e-02 -1.6536e+00 +9.4065e-01 -2.3846e+00 +1.0299e+00 +1.2291e+00
1444 +2.035625224e+00 +2.035625224e+00 +9.955562522e+01 +9.955562522e+01 -1.4552e+00 -1.3303e-01 -1.7256e+00 +1.4990e+00 +9.9953e-02 -1.6734e+00 +9.0797e-01 -2.4081e+00 +1.0336e+00 +1.2167e+00
1458 +1.958714726e+00 +1.958714726e+00 +9.947871473e+01 +9.947871473e+01 -1.4844e+00 -1.1712e-01 -1.7604e+00 +1.4662e+00 +7.5248e-02 -1.6937e+00 +9.0881e-01 -2.4064e+00 +1.0467e+00 +1.2162e+00
1485 +1.934146565e+00 +1.934146565e+00 +9.945414656e+01 +9.945414656e+01 -1.4789e+00 -1.4139e-01 -1.7980e+00 +1.4427e+00 +1.1106e-01 -1.6963e+00 +9.3328e-01 -2.4142e+00 +1.0471e+00 +1.2490e+00
1507 +1.905076501e+00 +1.905076501e+00 +9.942507650e+01 +9.942507650e+01 -1.4957e+00 -1.2242e-01 -1.8448e+00 +1.4386e+00 +1.1367e-01 -1.6746e+00 +9.5256e-01 -2.4084e+00 +1.0548e+00 +1.2368e+00
1646 +1.861261276e+00 +1.861261276e+00 +9.938126128e+01 +9.938126128e+01 -1.5109e+00 -1.5940e-01 -1.8298e+00 +1.4493e+00 +1.0064e-01 -1.6679e+00 +9.4623e-01 -2.3936e+00 +1.0551e+00 +1.2281e+00
% function evaluation | noise-free fitness - Fopt (1.241000000000e+01) | best noise-free fitness - Fopt | measured fitness | best measured fitness | x1 | x2...
1 +1.033747614e+04 +1.033747614e+04 +1.034988614e+04 +1.034988614e+04 +0.0000e+00 +0.0000e+00 +0.0000e+00 +0.0000e+00 +0.0000e+00 +0.0000e+00 +0.0000e+00 +0.0000e+00 +0.0000e+00 +0.0000e+00
4 +1.020026909e+04 +1.020026909e+04 +1.021267909e+04 +1.021267909e+04 +6.0672e-02 +2.0811e-01 -1.9162e-01 -2.6508e-01 -6.1087e-02 +2.4156e-01 +1.4530e-02 +1.5734e-01 -1.3656e-01 -3.1075e-01
7 +8.107741942e+03 +8.107741942e+03 +8.120151942e+03 +8.120151942e+03 +3.5237e-02 +5.6677e-02 +4.0563e-02 -2.8903e-01 +1.0155e-01 -9.0703e-02 +8.7171e-02 -9.2341e-03 +4.0515e-02 -2.4258e-01
10 +5.063209422e+03 +5.063209422e+03 +5.075619422e+03 +5.075619422e+03 -8.4307e-02 -3.7267e-01 +1.8326e-01 -9.6746e-02 +8.7061e-02 +5.7968e-02 -3.0259e-02 -1.1562e-01 +2.5636e-01 -3.8618e-01
24 +4.991753742e+03 +4.991753742e+03 +5.004163742e+03 +5.004163742e+03 +4.2892e-01 -1.3855e-01 -5.5308e-02 -2.6734e-01 -1.8784e-01 -2.1416e-02 -3.8177e-02 -5.0861e-02 +1.9988e-01 -4.8460e-01
25 +3.107532080e+03 +3.107532080e+03 +3.119942080e+03 +3.119942080e+03 -7.1724e-02 -1.5858e-01 +2.7964e-01 -1.6310e-01 -2.5708e-01 -3.9758e-03 +4.4084e-02 -2.0221e-01 +5.1004e-01 -4.8674e-01
26 +1.854418793e+03 +1.854418793e+03 +1.866828793e+03 +1.866828793e+03 +1.5514e-01 -3.1889e-02 +1.6809e-01 -3.6751e-01 -2.9624e-02 -8.4760e-02 -3.6999e-01 -3.0961e-01 +3.9226e-01 -6.5039e-01
36 +1.109780146e+03 +1.109780146e+03 +1.122190146e+03 +1.122190146e+03 +2.7485e-01 +3.4070e-02 -4.1057e-02 -7.8491e-02 +5.2756e-01 +2.4020e-01 -3.5845e-01 -4.2462e-01 +8.9430e-01 -7.1020e-01
44 +8.758233520e+02 +8.758233520e+02 +8.882333520e+02 +8.882333520e+02 +1.4566e-01 -1.3967e-02 +1.4207e-02 -1.3538e-01 +2.4797e-01 +7.7195e-02 -5.6528e-01 -1.2615e-01 +7.4828e-01 -1.2770e+00
50 +7.208601263e+02 +7.208601263e+02 +7.332701263e+02 +7.332701263e+02 +1.5914e-02 -1.5388e-01 +3.8131e-01 -9.9888e-02 +2.5852e-02 -1.6682e-01 -4.3253e-01 -1.2234e-01 +8.3972e-01 -8.7557e-01
51 +4.517741762e+02 +4.517741762e+02 +4.641841762e+02 +4.641841762e+02 +7.8889e-01 -2.8004e-02 -2.0589e-01 -4.5529e-01 -4.0855e-02 +3.6223e-01 -5.3445e-01 -5.8689e-01 +1.3401e+00 -1.1397e+00
57 +3.361150494e+02 +3.361150494e+02 +3.485250494e+02 +3.485250494e+02 +4.7263e-01 +1.5244e-02 +2.7645e-01 -3.2657e-01 -1.1225e-01 +1.6478e-02 -4.6925e-01 -2.9528e-01 +8.6432e-01 -9.5098e-01
64 +1.142513254e+02 +1.142513254e+02 +1.266613254e+02 +1.266613254e+02 +4.4284e-01 -2.7289e-01 +1.0680e-01 -7.3563e-01 -3.3318e-01 +1.1032e-01 -5.4843e-01 -1.0016e+00 +1.5395e+00 -1.2079e+00
70 +5.177629677e+01 +5.177629677e+01 +6.418629677e+01 +6.418629677e+01 +7.2555e-01 +7.2488e-02 +2.9193e-01 -7.5818e-01 -2.1203e-01 -4.0521e-02 -4.3875e-01 -1.0117e+00 +1.2092e+00 -1.0088e+00
84 +3.050718259e+01 +3.050718259e+01 +4.291718259e+01 +4.291718259e+01 +1.5567e+00 +2.3765e-01 +6.1273e-01 -6.1657e-01 -1.6940e-02 -9.3945e-02 -4.0538e-01 -6.0318e-01 +9.0889e-01 -1.1937e+00
106 +1.697542589e+01 +1.697542589e+01 +2.938542589e+01 +2.938542589e+01 +9.0156e-01 +6.8609e-01 +9.7930e-01 -3.9863e-01 +1.0567e-01 -4.7941e-01 -5.0378e-01 -7.5779e-01 +7.4653e-01 -1.1673e+00
109 +7.805462881e+00 +7.805462881e+00 +2.021546288e+01 +2.021546288e+01 +8.6797e-01 +5.1369e-01 +8.4987e-01 -7.4391e-01 -4.5476e-01 -4.4840e-01 -5.1912e-01 -1.0456e+00 +6.8280e-01 -1.4665e+00
114 +5.605278767e+00 +5.605278767e+00 +1.801527877e+01 +1.801527877e+01 +1.6238e+00 +4.2162e-01 +1.3528e+00 -8.8838e-01 -2.2905e-01 -7.3933e-01 -7.8309e-01 -8.5729e-01 +9.0253e-01 -9.9057e-01
126 +5.238725305e+00 +5.238725305e+00 +1.764872531e+01 +1.764872531e+01 +5.2194e-01 +6.3261e-01 +8.0593e-01 -5.5746e-01 -1.1342e-01 -7.8606e-01 -5.1780e-01 -8.7528e-01 +9.0738e-01 -1.1959e+00
137 +4.288284320e+00 +4.288284320e+00 +1.669828432e+01 +1.669828432e+01 +8.6459e-01 +2.7249e-01 +6.9555e-01 -5.4536e-01 -9.6984e-02 -8.9126e-01 -4.0509e-01 -1.0687e+00 +7.2961e-01 -1.2594e+00
142 +3.545450120e+00 +3.545450120e+00 +1.595545012e+01 +1.595545012e+01 +8.4800e-01 +7.5935e-01 +8.0133e-01 -7.0601e-01 -5.3165e-02 -7.0434e-01 -7.0929e-01 -9.7828e-01 +9.7839e-01 -1.6030e+00
152 +3.313407417e+00 +3.313407417e+00 +1.572340742e+01 +1.572340742e+01 +9.4556e-01 +5.0423e-01 +1.1027e+00 -7.2359e-01 -5.3902e-01 -1.1588e+00 -1.0560e+00 -8.9804e-01 +1.1707e+00 -1.1656e+00
192 +2.843748842e+00 +2.843748842e+00 +1.525374884e+01 +1.525374884e+01 +3.1008e-02 +4.5428e-01 +1.3611e+00 -2.7354e-01 -4.2171e-01 -1.2442e+00 -6.8565e-01 -9.2675e-01 +1.4349e+00 -1.9490e+00
333 +2.732635332e+00 +2.732635332e+00 +1.514263533e+01 +1.514263533e+01 -4.3493e-01 +6.8215e-01 +7.6325e-01 +1.1209e-01 -4.3621e-01 -1.2546e+00 -1.7898e+00 -7.2126e-01 +2.0616e+00 -1.4156e+00
367 +2.685255818e+00 +2.685255818e+00 +1.509525582e+01 +1.509525582e+01 -3.0431e-01 +5.1881e-01 +5.7987e-01 +5.5362e-02 -4.7631e-01 -1.1169e+00 -1.8273e+00 -6.1941e-01 +2.0939e+00 -1.3280e+00
389 +2.447739713e+00 +2.447739713e+00 +1.485773971e+01 +1.485773971e+01 -4.7202e-01 +6.1161e-01 +6.3470e-01 +2.4118e-02 -4.6889e-01 -1.3293e+00 -1.7836e+00 -7.4040e-01 +2.0848e+00 -1.2463e+00
483 +2.391162997e+00 +2.391162997e+00 +1.480116300e+01 +1.480116300e+01 -4.2363e-01 +6.7244e-01 +6.8280e-01 +4.2824e-02 -4.4493e-01 -1.3684e+00 -1.8285e+00 -6.8185e-01 +2.0579e+00 -1.2570e+00
511 +2.308491417e+00 +2.308491417e+00 +1.471849142e+01 +1.471849142e+01 -3.3834e-01 +6.1340e-01 +6.5357e-01 -7.5144e-03 -4.4935e-01 -1.3333e+00 -1.8238e+00 -6.8273e-01 +2.0488e+00 -1.2540e+00
561 +2.286595755e+00 +2.286595755e+00 +1.469659575e+01 +1.469659575e+01 -3.1682e-01 +6.5428e-01 +6.6898e-01 +5.1326e-03 -4.5846e-01 -1.3305e+00 -1.7860e+00 -6.9272e-01 +2.0787e+00 -1.2306e+00
% function evaluation | noise-free fitness - Fopt (1.090700000000e+02) | best noise-free fitness - Fopt | measured fitness | best measured fitness | x1 | x2...
1 +1.033747614e+04 +1.033747614e+04 +1.044654614e+04 +1.044654614e+04 +0.0000e+00 +0.0000e+00 +0.0000e+00 +0.0000e+00 +0.0000e+00 +0.0000e+00 +0.0000e+00 +0.0000e+00 +0.0000e+00 +0.0000e+00
2 +7.711470505e+03 +7.711470505e+03 +7.820540505e+03 +7.820540505e+03 +2.7277e-01 -1.3026e-01 +2.8028e-01 -2.1006e-01 +3.7504e-01 +9.1976e-02 -4.9977e-03 +2.0200e-01 +2.6119e-01 +1.9857e-01
6 +4.920950537e+03 +4.920950537e+03 +5.030020537e+03 +5.030020537e+03 +1.6660e-01 -6.5304e-02 +5.2393e-02 -2.2962e-01 -3.2911e-02 -2.0312e-01 -2.5508e-01 -2.8421e-01 +3.9134e-01 +1.6771e-01
12 +4.300674604e+03 +4.300674604e+03 +4.409744604e+03 +4.409744604e+03 +7.7127e-02 -3.7797e-03 +6.9106e-01 +3.2926e-01 +2.8574e-01 -1.7316e-01 +8.9511e-02 -2.3311e-01 +4.4701e-01 +3.4729e-01
14 +3.939377077e+03 +3.939377077e+03 +4.048447077e+03 +4.048447077e+03 -2.7993e-01 -3.1857e-01 +7.6838e-01 +1.8476e-01 +4.0285e-01 +2.9696e-01 -2.5411e-01 -7.5779e-02 +5.5001e-01 +2.5075e-01
19 +1.528101155e+03 +1.528101155e+03 +1.637171155e+03 +1.637171155e+03 -1.8791e-01 -3.7555e-01 +1.4001e+00 +2.4938e-01 +5.9036e-01 +1.6878e-01 -6.1390e-02 -4.8634e-01 +6.7733e-01 +5.6228e-01
31 +9.516685167e+02 +9.516685167e+02 +1.060738517e+03 +1.060738517e+03 -8.1675e-01 -7.9320e-01 +1.7335e+00 -2.2217e-01 +2.3063e-01 +9.1721e-01 -5.9901e-01 -4.6183e-01 +7.8775e-01 +7.5296e-01
33 +1.168241260e+02 +1.168241260e+02 +2.258941260e+02 +2.258941260e+02 -1.6111e-01 -3.3529e-01 +4.1547e-01 +2.1664e-01 +8.3445e-01 +6.1507e-01 -1.9298e-01 -5.2719e-01 +9.9219e-01 +1.1765e+00
36 +1.105811315e+02 +1.105811315e+02 +2.196511315e+02 +2.196511315e+02 -2.0052e-01 -1.1071e+00 +8.2600e-01 +6.0020e-01 +6.1354e-01 +5.5990e-01 -1.5896e-01 -6.2468e-01 +1.0539e+00 +9.9727e-01
39 +5.261515440e+00 +5.261515440e+00 +1.143315154e+02 +1.143315154e+02 -5.0161e-01 -3.3791e-02 +7.2806e-01 +2.3597e-01 +1.0103e-01 +1.6399e+00 -8.3125e-01 -8.0085e-01 +1.0196e+00 +9.6985e-01
45 +3.885312991e+00 +3.885312991e+00 +1.129553130e+02 +1.129553130e+02 -2.0358e-01 -6.6092e-01 +1.3889e-01 +7.7427e-01 +4.7945e-01 +1.0522e+00 -5.3904e-01 -1.3416e+00 +1.4175e+00 +8.1043e-01
60 +3.609799820e+00 +3.609799820e+00 +1.126797998e+02 +1.126797998e+02 -9.0630e-01 -3.0489e-01 -8.3256e-03 +8.5901e-01 +1.3641e+00 +2.1154e+00 -1.4314e+00 -7.3621e-01 +1.6964e+00 +1.1031e+00
67 +3.469611341e+00 +3.469611341e+00 +1.125396113e+02 +1.125396113e+02 +2.9462e-01 -7.6933e-02 +8.2078e-02 +1.3732e-01 +1.1727e+00 +2.4107e+00 -1.3698e+00 -1.8464e+00 +7.8715e-01 +1.7588e+00
89 +3.455789307e+00 +3.455789307e+00 +1.125257893e+02 +1.125257893e+02 +2.7032e-01 -5.9726e-01 +1.4220e-02 +8.4897e-01 +9.8365e-01 +2.3713e+00 -1.0060e+00 -1.1482e+00 +1.6907e+00 +1.1745e+00
94 +2.692198659e+00 +2.692198659e+00 +1.117621987e+02 +1.117621987e+02 +4.8052e-01 -4.9498e-01 +2.4114e-01 +2.3808e-01 +1.1435e+00 +2.3328e+00 -1.2123e+00 -1.1826e+00 +2.0265e+00 +2.1576e+00
404 +2.460744817e+00 +2.460744817e+00 +1.115307448e+02 +1.115307448e+02 -9.7258e-01 -8.1587e-01 -1.1266e+00 +1.5449e+00 +9.4270e-01 +1.7333e+00 -1.2085e+00 -8.3733e-01 +2.4651e+00 +2.0545e+00
410 +2.440878305e+00 +2.440878305e+00 +1.115108783e+02 +1.115108783e+02 -9.2021e-01 -7.3426e-01 -1.0432e+00 +1.5284e+00 +9.5597e-01 +1.7594e+00 -1.3609e+00 -8.8197e-01 +2.4233e+00 +2.0121e+00
449 +2.252115649e+00 +2.252115649e+00 +1.113221156e+02 +1.113221156e+02 -1.0057e+00 -7.8859e-01 -1.4281e+00 +1.5979e+00 +8.7187e-01 +1.8176e+00 -1.3849e+00 -7.7972e-01 +2.4144e+00 +2.0780e+00
482 +2.216792407e+00 +2.216792407e+00 +1.112867924e+02 +1.112867924e+02 -9.5129e-01 -8.2670e-01 -1.0672e+00 +1.6316e+00 +1.0298e+00 +1.8007e+00 -1.3489e+00 -8.1914e-01 +2.4157e+00 +1.9855e+00
509 +2.069072046e+00 +2.069072046e+00 +1.111390720e+02 +1.111390720e+02 -1.0379e+00 -7.6648e-01 -8.0557e-01 +1.6989e+00 +1.1049e+00 +1.8256e+00 -1.3516e+00 -8.2470e-01 +2.4498e+00 +2.0336e+00
590 +2.022208391e+00 +2.022208391e+00 +1.110922084e+02 +1.110922084e+02 -1.0518e+00 -8.4265e-01 -7.7105e-01 +1.7121e+00 +1.1617e+00 +1.8182e+00 -1.3662e+00 -8.1067e-01 +2.4232e+00 +2.0534e+00
600 +1.960147642e+00 +1.960147642e+00 +1.110301476e+02 +1.110301476e+02 -1.0428e+00 -8.3378e-01 -7.5419e-01 +1.7212e+00 +1.0991e+00 +1.7855e+00 -1.3499e+00 -8.1309e-01 +2.4190e+00 +2.0488e+00
624 +1.932212925e+00 +1.932212925e+00 +1.110022129e+02 +1.110022129e+02 -1.0457e+00 -8.0413e-01 -6.9423e-01 +1.7232e+00 +1.1430e+00 +1.7502e+00 -1.3791e+00 -8.0439e-01 +2.4220e+00 +2.0407e+00
750 +1.903638581e+00 +1.903638581e+00 +1.109736386e+02 +1.109736386e+02 -1.0296e+00 -7.8731e-01 -7.0577e-01 +1.7069e+00 +1.1402e+00 +1.7829e+00 -1.3585e+00 -8.1039e-01 +2.4263e+00 +2.0289e+00
