% function evaluation | noise-free fitness - Fopt (-5.465000000000e+02) | best noise-free fitness - Fopt | measured fitness | best measured fitness | x1 | x2...
1 +3.449670211e+04 +3.449670211e+04 +3.395020211e+04 +3.395020211e+04
4 +3.222172932e+04 +3.222172932e+04 +3.167522932e+04 +3.167522932e+04
7 +3.082859372e+04 +3.082859372e+04 +3.028209372e+04 +3.028209372e+04
13 +2.991836882e+04 +2.991836882e+04 +2.937186882e+04 +2.937186882e+04
18 +2.932386417e+04 +2.932386417e+04 +2.877736417e+04 +2.877736417e+04
20 +2.624088595e+04 +2.624088595e+04 +2.569438595e+04 +2.569438595e+04
24 +2.382743659e+04 +2.382743659e+04 +2.328093659e+04 +2.328093659e+04
33 +2.110392752e+04 +2.110392752e+04 +2.055742752e+04 +2.055742752e+04
35 +1.785313842e+04 +1.785313842e+04 +1.730663842e+04 +1.730663842e+04
49 +1.307009992e+04 +1.307009992e+04 +1.252359992e+04 +1.252359992e+04
57 +1.094550391e+04 +1.094550391e+04 +1.039900391e+04 +1.039900391e+04
61 +1.065871043e+04 +1.065871043e+04 +1.011221043e+04 +1.011221043e+04
65 +1.013676360e+04 +1.013676360e+04 +9.590263602e+03 +9.590263602e+03
68 +8.086911447e+03 +8.086911447e+03 +7.540411447e+03 +7.540411447e+03
74 +7.772687832e+03 +7.772687832e+03 +7.226187832e+03 +7.226187832e+03
75 +6.853635274e+03 +6.853635274e+03 +6.307135274e+03 +6.307135274e+03
82 +6.410492717e+03 +6.410492717e+03 +5.863992717e+03 +5.863992717e+03
83 +6.087551331e+03 +6.087551331e+03 +5.541051331e+03 +5.541051331e+03
91 +5.436265787e+03 +5.436265787e+03 +4.889765787e+03 +4.889765787e+03
92 +5.193836550e+03 +5.193836550e+03 +4.647336550e+03 +4.647336550e+03
93 +3.679957026e+03 +3.679957026e+03 +3.133457026e+03 +3.133457026e+03
106 +3.222469963e+03 +3.222469963e+03 +2.675969963e+03 +2.675969963e+03
119 +3.142699585e+03 +3.142699585e+03 +2.596199585e+03 +2.596199585e+03
126 +2.752808266e+03 +2.752808266e+03 +2.206308266e+03 +2.206308266e+03
138 +2.539410433e+03 +2.539410433e+03 +1.992910433e+03 +1.992910433e+03
150 +1.881421819e+03 +1.881421819e+03 +1.334921819e+03 +1.334921819e+03
151 +1.672740049e+03 +1.672740049e+03 +1.126240049e+03 +1.126240049e+03
154 +5.098256342e+02 +5.098256342e+02 -3.667436576e+01 -3.667436576e+01
188 +3.242459050e+02 +3.242459050e+02 -2.222540950e+02 -2.222540950e+02
194 +2.248489866e+02 +2.248489866e+02 -3.216510134e+02 -3.216510134e+02
210 +1.328019100e+02 +1.328019100e+02 -4.136980900e+02 -4.136980900e+02
221 +9.503215637e+01 +9.503215637e+01 -4.514678436e+02 -4.514678436e+02
230 +3.649969785e+01 +3.649969785e+01 -5.100003021e+02 -5.100003021e+02
259 +2.121966997e+01 +2.121966997e+01 -5.252803300e+02 -5.252803300e+02
281 +4.278415965e+00 +4.278415965e+00 -5.422215840e+02 -5.422215840e+02
426 +3.973777250e+00 +3.973777250e+00 -5.425262228e+02 -5.425262228e+02
475 +3.718271561e+00 +3.718271561e+00 -5.427817284e+02 -5.427817284e+02
600 +3.680155472e+00 +3.680155472e+00 -5.428198445e+02 -5.428198445e+02
648 +3.525322742e+00 +3.525322742e+00 -5.429746773e+02 -5.429746773e+02
980 +3.462663660e+00 +3.462663660e+00 -5.430373363e+02 -5.430373363e+02
990 +3.244391776e+00 +3.244391776e+00 -5.432556082e+02 -5.432556082e+02
1001 +3.119277620e+00 +3.119277620e+00 -5.433807224e+02 -5.433807224e+02
1035 +2.946757494e+00 +2.946757494e+00 -5.435532425e+02 -5.435532425e+02
1701 +2.880779062e+00 +2.880779062e+00 -5.436192209e+02 -5.436192209e+02
1737 +2.802114198e+00 +2.802114198e+00 -5.436978858e+02 -5.436978858e+02
2004 +2.744269055e+00 +2.744269055e+00 -5.437557309e+02 -5.437557309e+02
2023 +2.663034762e+00 +2.663034762e+00 -5.438369652e+02 -5.438369652e+02
2050 +2.622098465e+00 +2.622098465e+00 -5.438779015e+02 -5.438779015e+02
2188 +2.547821209e+00 +2.547821209e+00 -5.439521788e+02 -5.439521788e+02
2239 +2.507111539e+00 +2.507111539e+00 -5.439928885e+02 -5.439928885e+02
2272 +2.426313472e+00 +2.426313472e+00 -5.440736865e+02 -5.440736865e+02
2428 +2.386586172e+00 +2.386586172e+00 -5.441134138e+02 -5.441134138e+02
2705 +2.329829398e+00 +2.329829398e+00 -5.441701706e+02 -5.441701706e+02
3299 +2.289266315e+00 +2.289266315e+00 -5.442107337e+02 -5.442107337e+02
3947 +2.236938169e+00 +2.236938169e+00 -5.442630618e+02 -5.442630618e+02
% function evaluation | noise-free fitness - Fopt (1.000000000000e+03) | best noise-free fitness - Fopt | measured fitness | best measured fitness | x1 | x2...
1 +3.449670211e+04 +3.449670211e+04 +3.549670211e+04 +3.549670211e+04
2 +2.957831725e+04 +2.957831725e+04 +3.057831725e+04 +3.057831725e+04
12 +2.094890423e+04 +2.094890423e+04 +2.194890423e+04 +2.194890423e+04
21 +1.901258002e+04 +1.901258002e+04 +2.001258002e+04 +2.001258002e+04
27 +1.637783905e+04 +1.637783905e+04 +1.737783905e+04 +1.737783905e+04
28 +1.366324723e+04 +1.366324723e+04 +1.466324723e+04 +1.466324723e+04
33 +1.344962580e+04 +1.344962580e+04 +1.444962580e+04 +1.444962580e+04
34 +1.293874670e+04 +1.293874670e+04 +1.393874670e+04 +1.393874670e+04
36 +1.157006707e+04 +1.157006707e+04 +1.257006707e+04 +1.257006707e+04
47 +9.335948906e+03 +9.335948906e+03 +1.033594891e+04 +1.033594891e+04
62 +7.843856483e+03 +7.843856483e+03 +8.843856483e+03 +8.843856483e+03
66 +6.055143088e+03 +6.055143088e+03 +7.055143088e+03 +7.055143088e+03
69 +5.775182461e+03 +5.775182461e+03 +6.775182461e+03 +6.775182461e+03
74 +4.750853818e+03 +4.750853818e+03 +5.750853818e+03 +5.750853818e+03
76 +2.482676947e+03 +2.482676947e+03 +3.482676947e+03 +3.482676947e+03
90 +2.212904161e+03 +2.212904161e+03 +3.212904161e+03 +3.212904161e+03
100 +2.093923969e+03 +2.093923969e+03 +3.093923969e+03 +3.093923969e+03
105 +9.450565093e+02 +9.450565093e+02 +1.945056509e+03 +1.945056509e+03
115 +8.887688611e+02 +8.887688611e+02 +1.888768861e+03 +1.888768861e+03
125 +8.524422937e+02 +8.524422937e+02 +1.852442294e+03 +1.852442294e+03
131 +8.149534477e+02 +8.149534477e+02 +1.814953448e+03 +1.814953448e+03
142 +6.281092311e+02 +6.281092311e+02 +1.628109231e+03 +1.628109231e+03
147 +2.917805592e+02 +2.917805592e+02 +1.291780559e+03 +1.291780559e+03
158 +1.461891741e+02 +1.461891741e+02 +1.146189174e+03 +1.146189174e+03
178 +9.033700618e+01 +9.033700618e+01 +1.090337006e+03 +1.090337006e+03
188 +4.622287754e+01 +4.622287754e+01 +1.046222878e+03 +1.046222878e+03
206 +3.475355748e+01 +3.475355748e+01 +1.034753557e+03 +1.034753557e+03
214 +5.138383845e+00 +5.138383845e+00 +1.005138384e+03 +1.005138384e+03
288 +4.389480368e+00 +4.389480368e+00 +1.004389480e+03 +1.004389480e+03
375 +4.324946976e+00 +4.324946976e+00 +1.004324947e+03 +1.004324947e+03
376 +4.014171877e+00 +4.014171877e+00 +1.004014172e+03 +1.004014172e+03
380 +3.972615548e+00 +3.972615548e+00 +1.003972616e+03 +1.003972616e+03
391 +3.841957935e+00 +3.841957935e+00 +1.003841958e+03 +1.003841958e+03
437 +3.645396122e+00 +3.645396122e+00 +1.003645396e+03 +1.003645396e+03
484 +3.509031542e+00 +3.509031542e+00 +1.003509032e+03 +1.003509032e+03
514 +3.397378555e+00 +3.397378555e+00 +1.003397379e+03 +1.003397379e+03
578 +3.297634004e+00 +3.297634004e+00 +1.003297634e+03 +1.003297634e+03
810 +3.204048058e+00 +3.204048058e+00 +1.003204048e+03 +1.003204048e+03
830 +3.121146368e+00 +3.121146368e+00 +1.003121146e+03 +1.003121146e+03
866 +3.040962818e+00 +3.040962818e+00 +1.003040963e+03 +1.003040963e+03
891 +3.010078903e+00 +3.010078903e+00 +1.003010079e+03 +1.003010079e+03
900 +2.903752025e+00 +2.903752025e+00 +1.002903752e+03 +1.002903752e+03
1005 +2.856255454e+00 +2.856255454e+00 +1.002856255e+03 +1.002856255e+03
1014 +2.759985236e+00 +2.759985236e+00 +1.002759985e+03 +1.002759985e+03
1027 +2.753888917e+00 +2.753888917e+00 +1.002753889e+03 +1.002753889e+03
1043 +2.674711413e+00 +2.674711413e+00 +1.002674711e+03 +1.002674711e+03
1183 +2.609733789e+00 +2.609733789e+00 +1.002609734e+03 +1.002609734e+03
1238 +2.562341454e+00 +2.562341454e+00 +1.002562341e+03 +1.002562341e+03
1284 +2.511311175e+00 +2.511311175e+00 +1.002511311e+03 +1.002511311e+03
1416 +2.451724082e+00 +2.451724082e+00 +1.002451724e+03 +1.002451724e+03
1545 +2.397768042e+00 +2.397768042e+00 +1.002397768e+03 +1.002397768e+03
1770 +2.343119939e+00 +2.343119939e+00 +1.002343120e+03 +1.002343120e+03
2008 +2.288089195e+00 +2.288089195e+00 +1.002288089e+03 +1.002288089e+03
2861 +2.238436630e+00 +2.238436630e+00 +1.002238437e+03 +1.002238437e+03
% function evaluation | noise-free fitness - Fopt (2.083800000000e+02) | best noise-free fitness - Fopt | measured fitness | best measured fitness | x1 | x2...
1 +3.449670211e+04 +3.449670211e+04 +3.470508211e+04 +3.470508211e+04
3 +2.937181758e+04 +2.937181758e+04 +2.958019758e+04 +2.958019758e+04
10 +2.856912684e+04 +2.856912684e+04 +2.877750684e+04 +2.877750684e+04
12 +2.667474806e+04 +2.667474806e+04 +2.688312806e+04 +2.688312806e+04
14 +2.462290085e+04 +2.462290085e+04 +2.483128085e+04 +2.483128085e+04
18 +2.423702243e+04 +2.423702243e+04 +2.444540243e+04 +2.444540243e+04
22 +1.912919610e+04 +1.912919610e+04 +1.933757610e+04 +1.933757610e+04
30 +1.837864979e+04 +1.837864979e+04 +1.858702979e+04 +1.858702979e+04
36 +1.811056120e+04 +1.811056120e+04 +1.831894120e+04 +1.831894120e+04
38 +1.425356961e+04 +1.425356961e+04 +1.446194961e+04 +1.446194961e+04
50 +1.259370022e+04 +1.259370022e+04 +1.280208022e+04 +1.280208022e+04
52 +1.209337092e+04 +1.209337092e+04 +1.230175092e+04 +1.230175092e+04
63 +1.094522141e+04 +1.094522141e+04 +1.115360141e+04 +1.115360141e+04
65 +8.987609570e+03 +8.987609570e+03 +9.195989570e+03 +9.195989570e+03
67 +8.902217404e+03 +8.902217404e+03 +9.110597404e+03 +9.110597404e+03
69 +8.519582711e+03 +8.519582711e+03 +8.727962711e+03 +8.727962711e+03
70 +7.349396672e+03 +7.349396672e+03 +7.557776672e+03 +7.557776672e+03
72 +7.152591839e+03 +7.152591839e+03 +7.360971839e+03 +7.360971839e+03
87 +5.716051775e+03 +5.716051775e+03 +5.924431775e+03 +5.924431775e+03
98 +3.998659033e+03 +3.998659033e+03 +4.207039033e+03 +4.207039033e+03
111 +3.850005444e+03 +3.850005444e+03 +4.058385444e+03 +4.058385444e+03
116 +3.675336985e+03 +3.675336985e+03 +3.883716985e+03 +3.883716985e+03
121 +2.984570626e+03 +2.984570626e+03 +3.192950626e+03 +3.192950626e+03
138 +2.684183285e+03 +2.684183285e+03 +2.892563285e+03 +2.892563285e+03
139 +1.923052730e+03 +1.923052730e+03 +2.131432730e+03 +2.131432730e+03
146 +1.859401088e+03 +1.859401088e+03 +2.067781088e+03 +2.067781088e+03
150 +1.547866371e+03 +1.547866371e+03 +1.756246371e+03 +1.756246371e+03
152 +1.121827362e+03 +1.121827362e+03 +1.330207362e+03 +1.330207362e+03
154 +6.790766917e+02 +6.790766917e+02 +8.874566917e+02 +8.874566917e+02
167 +6.747209443e+02 +6.747209443e+02 +8.831009443e+02 +8.831009443e+02
173 +3.506082707e+02 +3.506082707e+02 +5.589882707e+02 +5.589882707e+02
175 +2.976512759e+02 +2.976512759e+02 +5.060312759e+02 +5.060312759e+02
177 +2.093697221e+02 +2.093697221e+02 +4.177497221e+02 +4.177497221e+02
178 +1.509106403e+02 +1.509106403e+02 +3.592906403e+02 +3.592906403e+02
205 +1.216136263e+02 +1.216136263e+02 +3.299936263e+02 +3.299936263e+02
260 +7.178391694e+01 +7.178391694e+01 +2.801639169e+02 +2.801639169e+02
267 +4.143171196e+01 +4.143171196e+01 +2.498117120e+02 +2.498117120e+02
279 +1.169970727e+01 +1.169970727e+01 +2.200797073e+02 +2.200797073e+02
283 +5.671905550e+00 +5.671905550e+00 +2.140519055e+02 +2.140519055e+02
284 +5.382474351e+00 +5.382474351e+00 +2.137624744e+02 +2.137624744e+02
294 +4.604872607e+00 +4.604872607e+00 +2.129848726e+02 +2.129848726e+02
298 +4.096713313e+00 +4.096713313e+00 +2.124767133e+02 +2.124767133e+02
372 +3.963553843e+00 +3.963553843e+00 +2.123435538e+02 +2.123435538e+02
375 +3.820538551e+00 +3.820538551e+00 +2.122005386e+02 +2.122005386e+02
385 +3.754403697e+00 +3.754403697e+00 +2.121344037e+02 +2.121344037e+02
421 +3.570611098e+00 +3.570611098e+00 +2.119506111e+02 +2.119506111e+02
673 +3.353500173e+00 +3.353500173e+00 +2.117335002e+02 +2.117335002e+02
705 +3.232075300e+00 +3.232075300e+00 +2.116120753e+02 +2.116120753e+02
835 +3.112511059e+00 +3.112511059e+00 +2.114925111e+02 +2.114925111e+02
845 +2.946280375e+00 +2.946280375e+00 +2.113262804e+02 +2.113262804e+02
932 +2.847204538e+00 +2.847204538e+00 +2.112272045e+02 +2.112272045e+02
938 +2.802350923e+00 +2.802350923e+00 +2.111823509e+02 +2.111823509e+02
1021 +2.731436220e+00 +2.731436220e+00 +2.111114362e+02 +2.111114362e+02
1053 +2.683031083e+00 +2.683031083e+00 +2.110630311e+02 +2.110630311e+02
1072 +2.552859186e+00 +2.552859186e+00 +2.109328592e+02 +2.109328592e+02
1220 +2.450191235e+00 +2.450191235e+00 +2.108301912e+02 +2.108301912e+02
1229 +2.372921643e+00 +2.372921643e+00 +2.107529216e+02 +2.107529216e+02
1254 +2.341474133e+00 +2.341474133e+00 +2.107214741e+02 +2.107214741e+02
1265 +2.286577760e+00 +2.286577760e+00 +2.106665778e+02 +2.106665778e+02
1275 +2.235249153e+00 +2.235249153e+00 +2.106152492e+02 +2.106152492e+02
1395 +2.185080300e+00 +2.185080300e+00 +2.105650803e+02 +2.105650803e+02
1499 +2.113753541e+00 +2.113753541e+00 +2.104937535e+02 +2.104937535e+02
1565 +2.078127784e+00 +2.078127784e+00 +2.104581278e+02 +2.104581278e+02
1608 +2.032930202e+00 +2.032930202e+00 +2.104129302e+02 +2.104129302e+02
1706 +1.993442368e+00 +1.993442368e+00 +2.103734424e+02 +2.103734424e+02
1767 +1.949401200e+00 +1.949401200e+00 +2.103294012e+02 +2.103294012e+02
1836 +1.901948071e+00 +1.901948071e+00 +2.102819481e+02 +2.102819481e+02
1887 +1.854905352e+00 +1.854905352e+00 +2.102349054e+02 +2.102349054e+02
1995 +1.808351300e+00 +1.808351300e+00 +2.101883513e+02 +2.101883513e+02
2166 +1.774908236e+00 +1.774908236e+00 +2.101549082e+02 +2.101549082e+02
2347 +1.735644419e+00 +1.735644419e+00 +2.101156444e+02 +2.101156444e+02
% function evaluation | noise-free fitness - Fopt (-1.449600000000e+02) | best noise-free fitness - Fopt | measured fitness | best measured fitness | x1 | x2...
1 +3.449670211e+04 +3.449670211e+04 +3.435174211e+04 +3.435174211e+04
2 +3.183034004e+04 +3.183034004e+04 +3.168538004e+04 +3.168538004e+04
8 +2.760335215e+04 +2.760335215e+04 +2.745839215e+04 +2.745839215e+04
13 +2.394065621e+04 +2.394065621e+04 +2.379569621e+04 +2.379569621e+04
15 +2.010655421e+04 +2.010655421e+04 +1.996159421e+04 +1.996159421e+04
18 +1.842049759e+04 +1.842049759e+04 +1.827553759e+04 +1.827553759e+04
19 +1.368734520e+04 +1.368734520e+04 +1.354238520e+04 +1.354238520e+04
26 +1.046827732e+04 +1.046827732e+04 +1.032331732e+04 +1.032331732e+04
39 +9.768293659e+03 +9.768293659e+03 +9.623333659e+03 +9.623333659e+03
42 +8.712379998e+03 +8.712379998e+03 +8.567419998e+03 +8.567419998e+03
49 +7.480269179e+03 +7.480269179e+03 +7.335309179e+03 +7.335309179e+03
52 +6.636711328e+03 +6.636711328e+03 +6.491751328e+03 +6.491751328e+03
53 +5.484188273e+03 +5.484188273e+03 +5.339228273e+03 +5.339228273e+03
63 +5.177929591e+03 +5.177929591e+03 +5.032969591e+03 +5.032969591e+03
66 +3.930925770e+03 +3.930925770e+03 +3.785965770e+03 +3.785965770e+03
82 +2.681671674e+03 +2.681671674e+03 +2.536711674e+03 +2.536711674e+03
91 +2.129312182e+03 +2.129312182e+03 +1.984352182e+03 +1.984352182e+03
103 +1.149227152e+03 +1.149227152e+03 +1.004267152e+03 +1.004267152e+03
120 +5.285296479e+02 +5.285296479e+02 +3.835696479e+02 +3.835696479e+02
144 +4.305530606e+02 +4.305530606e+02 +2.855930606e+02 +2.855930606e+02
150 +2.466525281e+02 +2.466525281e+02 +1.016925281e+02 +1.016925281e+02
165 +8.029458882e+01 +8.029458882e+01 -6.466541118e+01 -6.466541118e+01
179 +7.666849921e+01 +7.666849921e+01 -6.829150079e+01 -6.829150079e+01
183 +3.878532590e+01 +3.878532590e+01 -1.061746741e+02 -1.061746741e+02
188 +9.460005235e+00 +9.460005235e+00 -1.354999948e+02 -1.354999948e+02
203 +4.531866311e+00 +4.531866311e+00 -1.404281337e+02 -1.404281337e+02
221 +4.248858955e+00 +4.248858955e+00 -1.407111410e+02 -1.407111410e+02
266 +4.147904286e+00 +4.147904286e+00 -1.408120957e+02 -1.408120957e+02
281 +3.934794017e+00 +3.934794017e+00 -1.410252060e+02 -1.410252060e+02
313 +3.633907187e+00 +3.633907187e+00 -1.413260928e+02 -1.413260928e+02
517 +3.597240641e+00 +3.597240641e+00 -1.413627594e+02 -1.413627594e+02
688 +3.525102216e+00 +3.525102216e+00 -1.414348978e+02 -1.414348978e+02
727 +3.463469308e+00 +3.463469308e+00 -1.414965307e+02 -1.414965307e+02
767 +3.319277823e+00 +3.319277823e+00 -1.416407222e+02 -1.416407222e+02
795 +3.296674464e+00 +3.296674464e+00 -1.416633255e+02 -1.416633255e+02
832 +3.162338319e+00 +3.162338319e+00 -1.417976617e+02 -1.417976617e+02
1141 +3.154470072e+00 +3.154470072e+00 -1.418055299e+02 -1.418055299e+02
1243 +3.076972758e+00 +3.076972758e+00 -1.418830272e+02 -1.418830272e+02
1263 +2.972454605e+00 +2.972454605e+00 -1.419875454e+02 -1.419875454e+02
1269 +2.858884647e+00 +2.858884647e+00 -1.421011154e+02 -1.421011154e+02
1292 +2.812768707e+00 +2.812768707e+00 -1.421472313e+02 -1.421472313e+02
1299 +2.743401058e+00 +2.743401058e+00 -1.422165989e+02 -1.422165989e+02
1320 +2.666197998e+00 +2.666197998e+00 -1.422938020e+02 -1.422938020e+02
1369 +2.592939153e+00 +2.592939153e+00 -1.423670608e+02 -1.423670608e+02
1388 +2.569185095e+00 +2.569185095e+00 -1.423908149e+02 -1.423908149e+02
1394 +2.494417097e+00 +2.494417097e+00 -1.424655829e+02 -1.424655829e+02
1404 +2.438398074e+00 +2.438398074e+00 -1.425216019e+02 -1.425216019e+02
1418 +2.394134757e+00 +2.394134757e+00 -1.425658652e+02 -1.425658652e+02
1495 +2.334961947e+00 +2.334961947e+00 -1.426250381e+02 -1.426250381e+02
1568 +2.279453049e+00 +2.279453049e+00 -1.426805470e+02 -1.426805470e+02
1684 +2.235140304e+00 +2.235140304e+00 -1.427248597e+02 -1.427248597e+02
1818 +2.186686482e+00 +2.186686482e+00 -1.427733135e+02 -1.427733135e+02
1891 +2.120879053e+00 +2.120879053e+00 -1.428391209e+02 -1.428391209e+02
1939 +2.086239516e+00 +2.086239516e+00 -1.428737605e+02 -1.428737605e+02
2381 +2.037538364e+00 +2.037538364e+00 -1.429224616e+02 -1.429224616e+02
2596 +1.994557002e+00 +1.994557002e+00 -1.429654430e+02 -1.429654430e+02
3575 +1.949817283e+00 +1.949817283e+00 -1.430101827e+02 -1.430101827e+02
% function evaluation | noise-free fitness - Fopt (-6.300000000000e+00) | best noise-free fitness - Fopt | measured fitness | best measured fitness | x1 | x2...
1 +3.449670211e+04 +3.449670211e+04 +3.449040211e+04 +3.449040211e+04
2 +3.119157550e+04 +3.119157550e+04 +3.118527550e+04 +3.118527550e+04
10 +2.980688853e+04 +2.980688853e+04 +2.980058853e+04 +2.980058853e+04
11 +2.466523690e+04 +2.466523690e+04 +2.465893690e+04 +2.465893690e+04
20 +2.160272458e+04 +2.160272458e+04 +2.159642458e+04 +2.159642458e+04
26 +1.930814504e+04 +1.930814504e+04 +1.930184504e+04 +1.930184504e+04
33 +1.650091789e+04 +1.650091789e+04 +1.649461789e+04 +1.649461789e+04
34 +1.378231337e+04 +1.378231337e+04 +1.377601337e+04 +1.377601337e+04
43 +1.214520470e+04 +1.214520470e+04 +1.213890470e+04 +1.213890470e+04
45 +1.038473179e+04 +1.038473179e+04 +1.037843179e+04 +1.037843179e+04
60 +9.302089586e+03 +9.302089586e+03 +9.295789586e+03 +9.295789586e+03
70 +9.034981406e+03 +9.034981406e+03 +9.028681406e+03 +9.028681406e+03
71 +7.483760941e+03 +7.483760941e+03 +7.477460941e+03 +7.477460941e+03
77 +6.454523832e+03 +6.454523832e+03 +6.448223832e+03 +6.448223832e+03
92 +5.016180474e+03 +5.016180474e+03 +5.009880474e+03 +5.009880474e+03
110 +4.613435506e+03 +4.613435506e+03 +4.607135506e+03 +4.607135506e+03
112 +3.951281592e+03 +3.951281592e+03 +3.944981592e+03 +3.944981592e+03
114 +3.616199766e+03 +3.616199766e+03 +3.609899766e+03 +3.609899766e+03
126 +2.838707403e+03 +2.838707403e+03 +2.832407403e+03 +2.832407403e+03
130 +2.266059942e+03 +2.266059942e+03 +2.259759942e+03 +2.259759942e+03
133 +1.234955385e+03 +1.234955385e+03 +1.228655385e+03 +1.228655385e+03
142 +7.251824278e+02 +7.251824278e+02 +7.188824278e+02 +7.188824278e+02
150 +3.747161341e+02 +3.747161341e+02 +3.684161341e+02 +3.684161341e+02
154 +2.975675624e+02 +2.975675624e+02 +2.912675624e+02 +2.912675624e+02
167 +2.712255324e+02 +2.712255324e+02 +2.649255324e+02 +2.649255324e+02
172 +2.663234227e+02 +2.663234227e+02 +2.600234227e+02 +2.600234227e+02
193 +9.266612060e+01 +9.266612060e+01 +8.636612060e+01 +8.636612060e+01
213 +1.619194552e+01 +1.619194552e+01 +9.891945516e+00 +9.891945516e+00
236 +1.014179002e+01 +1.014179002e+01 +3.841790019e+00 +3.841790019e+00
243 +8.592328040e+00 +8.592328040e+00 +2.292328040e+00 +2.292328040e+00
250 +6.797705240e+00 +6.797705240e+00 +4.977052396e-01 +4.977052396e-01
257 +5.680013843e+00 +5.680013843e+00 -6.199861572e-01 -6.199861572e-01
259 +4.549296153e+00 +4.549296153e+00 -1.750703847e+00 -1.750703847e+00
260 +4.149239472e+00 +4.149239472e+00 -2.150760528e+00 -2.150760528e+00
266 +4.033960885e+00 +4.033960885e+00 -2.266039115e+00 -2.266039115e+00
326 +3.979286198e+00 +3.979286198e+00 -2.320713802e+00 -2.320713802e+00
358 +3.887639574e+00 +3.887639574e+00 -2.412360426e+00 -2.412360426e+00
410 +3.622911113e+00 +3.622911113e+00 -2.677088887e+00 -2.677088887e+00
418 +3.293301418e+00 +3.293301418e+00 -3.006698582e+00 -3.006698582e+00
540 +3.211588127e+00 +3.211588127e+00 -3.088411873e+00 -3.088411873e+00
745 +3.054873425e+00 +3.054873425e+00 -3.245126575e+00 -3.245126575e+00
1038 +2.992289884e+00 +2.992289884e+00 -3.307710116e+00 -3.307710116e+00
1042 +2.923671394e+00 +2.923671394e+00 -3.376328606e+00 -3.376328606e+00
1144 +2.883282754e+00 +2.883282754e+00 -3.416717246e+00 -3.416717246e+00
1164 +2.771258694e+00 +2.771258694e+00 -3.528741306e+00 -3.528741306e+00
1244 +2.678701875e+00 +2.678701875e+00 -3.621298125e+00 -3.621298125e+00
1260 +2.557310278e+00 +2.557310278e+00 -3.742689722e+00 -3.742689722e+00
1282 +2.457280359e+00 +2.457280359e+00 -3.842719641e+00 -3.842719641e+00
1334 +2.418263058e+00 +2.418263058e+00 -3.881736942e+00 -3.881736942e+00
1346 +2.320163306e+00 +2.320163306e+00 -3.979836694e+00 -3.979836694e+00
1430 +2.253895109e+00 +2.253895109e+00 -4.046104891e+00 -4.046104891e+00
1438 +2.216816920e+00 +2.216816920e+00 -4.083183080e+00 -4.083183080e+00
1442 +2.155613728e+00 +2.155613728e+00 -4.144386272e+00 -4.144386272e+00
1662 +2.134399108e+00 +2.134399108e+00 -4.165600892e+00 -4.165600892e+00
1729 +2.089118382e+00 +2.089118382e+00 -4.210881618e+00 -4.210881618e+00
1797 +2.037920674e+00 +2.037920674e+00 -4.262079326e+00 -4.262079326e+00
1912 +1.994894996e+00 +1.994894996e+00 -4.305105004e+00 -4.305105004e+00
2023 +1.949039966e+00 +1.949039966e+00 -4.350960034e+00 -4.350960034e+00
2117 +1.901502301e+00 +1.901502301e+00 -4.398497699e+00 -4.398497699e+00
2487 +1.861150850e+00 +1.861150850e+00 -4.438849150e+00 -4.438849150e+00
3061 +1.819603768e+00 +1.819603768e+00 -4.480396232e+00 -4.480396232e+00
% function evaluation | noise-free fitness - Fopt (7.056400000000e+02) | best noise-free fitness - Fopt | measured fitness | best measured fitness | x1 | x2...
1 +3.449670211e+04 +3.449670211e+04 +3.520234211e+04 +3.520234211e+04
5 +3.075375357e+04 +3.075375357e+04 +3.145939357e+04 +3.145939357e+04
9 +2.801163649e+04 +2.801163649e+04 +2.871727649e+04 +2.871727649e+04
12 +2.633397636e+04 +2.633397636e+04 +2.703961636e+04 +2.703961636e+04
20 +2.465987408e+04 +2.465987408e+04 +2.536551408e+04 +2.536551408e+04
25 +2.277096170e+04 +2.277096170e+04 +2.347660170e+04 +2.347660170e+04
26 +2.214344240e+04 +2.214344240e+04 +2.284908240e+04 +2.284908240e+04
29 +2.154149672e+04 +2.154149672e+04 +2.224713672e+04 +2.224713672e+04
30 +2.013176192e+04 +2.013176192e+04 +2.083740192e+04 +2.083740192e+04
34 +1.994332310e+04 +1.994332310e+04 +2.064896310e+04 +2.064896310e+04
38 +1.665378690e+04 +1.665378690e+04 +1.735942690e+04 +1.735942690e+04
48 +1.610370521e+04 +1.610370521e+04 +1.680934521e+04 +1.680934521e+04
52 +1.441782692e+04 +1.441782692e+04 +1.512346692e+04 +1.512346692e+04
59 +1.314179275e+04 +1.314179275e+04 +1.384743275e+04 +1.384743275e+04
68 +1.157866497e+04 +1.157866497e+04 +1.228430497e+04 +1.228430497e+04
70 +1.106047161e+04 +1.106047161e+04 +1.176611161e+04 +1.176611161e+04
71 +1.051823770e+04 +1.051823770e+04 +1.122387770e+04 +1.122387770e+04
78 +9.863820244e+03 +9.863820244e+03 +1.056946024e+04 +1.056946024e+04
84 +9.128011060e+03 +9.128011060e+03 +9.833651060e+03 +9.833651060e+03
89 +8.670877330e+03 +8.670877330e+03 +9.376517330e+03 +9.376517330e+03
91 +7.614638321e+03 +7.614638321e+03 +8.320278321e+03 +8.320278321e+03
100 +6.674035150e+03 +6.674035150e+03 +7.379675150e+03 +7.379675150e+03
102 +6.594478100e+03 +6.594478100e+03 +7.300118100e+03 +7.300118100e+03
106 +4.991757091e+03 +4.991757091e+03 +5.697397091e+03 +5.697397091e+03
114 +3.911158632e+03 +3.911158632e+03 +4.616798632e+03 +4.616798632e+03
115 +3.656447850e+03 +3.656447850e+03 +4.362087850e+03 +4.362087850e+03
116 +3.058337543e+03 +3.058337543e+03 +3.763977543e+03 +3.763977543e+03
133 +2.720612343e+03 +2.720612343e+03 +3.426252343e+03 +3.426252343e+03
135 +2.353825782e+03 +2.353825782e+03 +3.059465782e+03 +3.059465782e+03
139 +2.330329971e+03 +2.330329971e+03 +3.035969971e+03 +3.035969971e+03
141 +2.011780448e+03 +2.011780448e+03 +2.717420448e+03 +2.717420448e+03
144 +1.709417045e+03 +1.709417045e+03 +2.415057045e+03 +2.415057045e+03
149 +1.623820980e+03 +1.623820980e+03 +2.329460980e+03 +2.329460980e+03
150 +1.117156085e+03 +1.117156085e+03 +1.822796085e+03 +1.822796085e+03
165 +7.495188649e+02 +7.495188649e+02 +1.455158865e+03 +1.455158865e+03
196 +7.181569135e+02 +7.181569135e+02 +1.423796913e+03 +1.423796913e+03
199 +3.694623512e+02 +3.694623512e+02 +1.075102351e+03 +1.075102351e+03
204 +3.483799672e+02 +3.483799672e+02 +1.054019967e+03 +1.054019967e+03
207 +3.270215150e+02 +3.270215150e+02 +1.032661515e+03 +1.032661515e+03
209 +3.187481854e+02 +3.187481854e+02 +1.024388185e+03 +1.024388185e+03
213 +2.373330074e+02 +2.373330074e+02 +9.429730074e+02 +9.429730074e+02
217 +1.000304453e+02 +1.000304453e+02 +8.056704453e+02 +8.056704453e+02
228 +9.462909513e+01 +9.462909513e+01 +8.002690951e+02 +8.002690951e+02
239 +8.793072132e+01 +8.793072132e+01 +7.935707213e+02 +7.935707213e+02
242 +7.991452962e+01 +7.991452962e+01 +7.855545296e+02 +7.855545296e+02
246 +6.679411937e+01 +6.679411937e+01 +7.724341194e+02 +7.724341194e+02
247 +2.678249118e+01 +2.678249118e+01 +7.324224912e+02 +7.324224912e+02
250 +1.352042110e+01 +1.352042110e+01 +7.191604211e+02 +7.191604211e+02
258 +8.104680077e+00 +8.104680077e+00 +7.137446801e+02 +7.137446801e+02
297 +6.752278729e+00 +6.752278729e+00 +7.123922787e+02 +7.123922787e+02
309 +6.356190003e+00 +6.356190003e+00 +7.119961900e+02 +7.119961900e+02
310 +5.152723319e+00 +5.152723319e+00 +7.107927233e+02 +7.107927233e+02
316 +4.989844704e+00 +4.989844704e+00 +7.106298447e+02 +7.106298447e+02
328 +4.239081256e+00 +4.239081256e+00 +7.098790813e+02 +7.098790813e+02
481 +4.010980569e+00 +4.010980569e+00 +7.096509806e+02 +7.096509806e+02
488 +3.933179987e+00 +3.933179987e+00 +7.095731800e+02 +7.095731800e+02
535 +3.720813553e+00 +3.720813553e+00 +7.093608136e+02 +7.093608136e+02
574 +3.656969782e+00 +3.656969782e+00 +7.092969698e+02 +7.092969698e+02
580 +3.601492414e+00 +3.601492414e+00 +7.092414924e+02 +7.092414924e+02
587 +3.459526034e+00 +3.459526034e+00 +7.090995260e+02 +7.090995260e+02
631 +3.229330946e+00 +3.229330946e+00 +7.088693309e+02 +7.088693309e+02
719 +2.967970442e+00 +2.967970442e+00 +7.086079704e+02 +7.086079704e+02
783 +2.927824366e+00 +2.927824366e+00 +7.085678244e+02 +7.085678244e+02
798 +2.864241251e+00 +2.864241251e+00 +7.085042413e+02 +7.085042413e+02
837 +2.812415109e+00 +2.812415109e+00 +7.084524151e+02 +7.084524151e+02
959 +2.721885804e+00 +2.721885804e+00 +7.083618858e+02 +7.083618858e+02
1010 +2.644544692e+00 +2.644544692e+00 +7.082845447e+02 +7.082845447e+02
1030 +2.462815937e+00 +2.462815937e+00 +7.081028159e+02 +7.081028159e+02
1102 +2.451149310e+00 +2.451149310e+00 +7.080911493e+02 +7.080911493e+02
1155 +2.278952880e+00 +2.278952880e+00 +7.079189529e+02 +7.079189529e+02
1172 +2.169996236e+00 +2.169996236e+00 +7.078099962e+02 +7.078099962e+02
1330 +2.115033566e+00 +2.115033566e+00 +7.077550336e+02 +7.077550336e+02
1338 +2.022344300e+00 +2.022344300e+00 +7.076623443e+02 +7.076623443e+02
1398 +1.985811815e+00 +1.985811815e+00 +7.076258118e+02 +7.076258118e+02
1434 +1.908746297e+00 +1.908746297e+00 +7.075487463e+02 +7.075487463e+02
1644 +1.900329097e+00 +1.900329097e+00 +7.075403291e+02 +7.075403291e+02
1667 +1.842655256e+00 +1.842655256e+00 +7.074826553e+02 +7.074826553e+02
1715 +1.815314897e+00 +1.815314897e+00 +7.074553149e+02 +7.074553149e+02
1877 +1.772236041e+00 +1.772236041e+00 +7.074122360e+02 +7.074122360e+02
2181 +1.737674143e+00 +1.737674143e+00 +7.073776741e+02 +7.073776741e+02
% function evaluation | noise-free fitness - Fopt (1.839000000000e+02) | best noise-free fitness - Fopt | measured fitness | best measured fitness | x1 | x2...
1 +3.449670211e+04 +3.449670211e+04 +3.468060211e+04 +3.468060211e+04
2 +3.269476365e+04 +3.269476365e+04 +3.287866365e+04 +3.287866365e+04
3 +3.181050197e+04 +3.181050197e+04 +3.199440197e+04 +3.199440197e+04
10 +3.106457861e+04 +3.106457861e+04 +3.124847861e+04 +3.124847861e+04
15 +2.668710587e+04 +2.668710587e+04 +2.687100587e+04 +2.687100587e+04
20 +1.895135972e+04 +1.895135972e+04 +1.913525972e+04 +1.913525972e+04
36 +1.692960107e+04 +1.692960107e+04 +1.711350107e+04 +1.711350107e+04
37 +1.471626365e+04 +1.471626365e+04 +1.490016365e+04 +1.490016365e+04
45 +1.435834195e+04 +1.435834195e+04 +1.454224195e+04 +1.454224195e+04
46 +1.170026988e+04 +1.170026988e+04 +1.188416988e+04 +1.188416988e+04
52 +1.146750644e+04 +1.146750644e+04 +1.165140644e+04 +1.165140644e+04
53 +1.036512400e+04 +1.036512400e+04 +1.054902400e+04 +1.054902400e+04
63 +9.659399075e+03 +9.659399075e+03 +9.843299075e+03 +9.843299075e+03
66 +7.645018029e+03 +7.645018029e+03 +7.828918029e+03 +7.828918029e+03
70 +6.542135890e+03 +6.542135890e+03 +6.726035890e+03 +6.726035890e+03
74 +6.105799337e+03 +6.105799337e+03 +6.289699337e+03 +6.289699337e+03
75 +5.794588790e+03 +5.794588790e+03 +5.978488790e+03 +5.978488790e+03
80 +5.666974139e+03 +5.666974139e+03 +5.850874139e+03 +5.850874139e+03
85 +4.616507064e+03 +4.616507064e+03 +4.800407064e+03 +4.800407064e+03
87 +4.356976742e+03 +4.356976742e+03 +4.540876742e+03 +4.540876742e+03
90 +2.683602256e+03 +2.683602256e+03 +2.867502256e+03 +2.867502256e+03
100 +1.871559778e+03 +1.871559778e+03 +2.055459778e+03 +2.055459778e+03
109 +1.781489584e+03 +1.781489584e+03 +1.965389584e+03 +1.965389584e+03
127 +1.681023714e+03 +1.681023714e+03 +1.864923714e+03 +1.864923714e+03
131 +1.000049045e+03 +1.000049045e+03 +1.183949045e+03 +1.183949045e+03
134 +6.469740949e+02 +6.469740949e+02 +8.308740949e+02 +8.308740949e+02
147 +2.428778450e+02 +2.428778450e+02 +4.267778450e+02 +4.267778450e+02
154 +1.966110861e+02 +1.966110861e+02 +3.805110861e+02 +3.805110861e+02
164 +8.271975540e+01 +8.271975540e+01 +2.666197554e+02 +2.666197554e+02
176 +4.051758940e+01 +4.051758940e+01 +2.244175894e+02 +2.244175894e+02
228 +6.849763594e+00 +6.849763594e+00 +1.907497636e+02 +1.907497636e+02
258 +5.916080273e+00 +5.916080273e+00 +1.898160803e+02 +1.898160803e+02
286 +5.035435371e+00 +5.035435371e+00 +1.889354354e+02 +1.889354354e+02
292 +4.983901653e+00 +4.983901653e+00 +1.888839017e+02 +1.888839017e+02
297 +4.637677548e+00 +4.637677548e+00 +1.885376775e+02 +1.885376775e+02
299 +4.464837422e+00 +4.464837422e+00 +1.883648374e+02 +1.883648374e+02
302 +4.190946086e+00 +4.190946086e+00 +1.880909461e+02 +1.880909461e+02
307 +3.933433884e+00 +3.933433884e+00 +1.878334339e+02 +1.878334339e+02
308 +3.854189742e+00 +3.854189742e+00 +1.877541897e+02 +1.877541897e+02
370 +3.739353809e+00 +3.739353809e+00 +1.876393538e+02 +1.876393538e+02
421 +3.504520012e+00 +3.504520012e+00 +1.874045200e+02 +1.874045200e+02
514 +3.424744950e+00 +3.424744950e+00 +1.873247449e+02 +1.873247449e+02
560 +3.373194659e+00 +3.373194659e+00 +1.872731947e+02 +1.872731947e+02
798 +3.197641476e+00 +3.197641476e+00 +1.870976415e+02 +1.870976415e+02
827 +3.115092788e+00 +3.115092788e+00 +1.870150928e+02 +1.870150928e+02
878 +2.984084538e+00 +2.984084538e+00 +1.868840845e+02 +1.868840845e+02
928 +2.941989475e+00 +2.941989475e+00 +1.868419895e+02 +1.868419895e+02
975 +2.838312829e+00 +2.838312829e+00 +1.867383128e+02 +1.867383128e+02
1004 +2.816702500e+00 +2.816702500e+00 +1.867167025e+02 +1.867167025e+02
1045 +2.730768335e+00 +2.730768335e+00 +1.866307683e+02 +1.866307683e+02
1065 +2.608068044e+00 +2.608068044e+00 +1.865080680e+02 +1.865080680e+02
1091 +2.549536645e+00 +2.549536645e+00 +1.864495366e+02 +1.864495366e+02
1178 +2.431879332e+00 +2.431879332e+00 +1.863318793e+02 +1.863318793e+02
1324 +2.389178844e+00 +2.389178844e+00 +1.862891788e+02 +1.862891788e+02
1339 +2.331546329e+00 +2.331546329e+00 +1.862315463e+02 +1.862315463e+02
1361 +2.270706837e+00 +2.270706837e+00 +1.861707068e+02 +1.861707068e+02
1419 +2.233896738e+00 +2.233896738e+00 +1.861338967e+02 +1.861338967e+02
1511 +2.182682419e+00 +2.182682419e+00 +1.860826824e+02 +1.860826824e+02
1549 +2.124189377e+00 +2.124189377e+00 +1.860241894e+02 +1.860241894e+02
1670 +2.077224139e+00 +2.077224139e+00 +1.859772241e+02 +1.859772241e+02
1773 +2.033460015e+00 +2.033460015e+00 +1.859334600e+02 +1.859334600e+02
2000 +1.992379046e+00 +1.992379046e+00 +1.858923790e+02 +1.858923790e+02
% function evaluation | noise-free fitness - Fopt (1.321000000000e+02) | best noise-free fitness - Fopt | measured fitness | best measured fitness | x1 | x2...
1 +3.449670211e+04 +3.449670211e+04 +3.462880211e+04 +3.462880211e+04
7 +3.354271765e+04 +3.354271765e+04 +3.367481765e+04 +3.367481765e+04
12 +2.686233046e+04 +2.686233046e+04 +2.699443046e+04 +2.699443046e+04
19 +2.245316507e+04 +2.245316507e+04 +2.258526507e+04 +2.258526507e+04
29 +2.221535092e+04 +2.221535092e+04 +2.234745092e+04 +2.234745092e+04
34 +1.772088781e+04 +1.772088781e+04 +1.785298781e+04 +1.785298781e+04
42 +1.622999211e+04 +1.622999211e+04 +1.636209211e+04 +1.636209211e+04
43 +1.262393433e+04 +1.262393433e+04 +1.275603433e+04 +1.275603433e+04
50 +1.249297075e+04 +1.249297075e+04 +1.262507075e+04 +1.262507075e+04
51 +1.143132469e+04 +1.143132469e+04 +1.156342469e+04 +1.156342469e+04
54 +1.026057253e+04 +1.026057253e+04 +1.039267253e+04 +1.039267253e+04
59 +9.820654310e+03 +9.820654310e+03 +9.952754310e+03 +9.952754310e+03
73 +8.559578100e+03 +8.559578100e+03 +8.691678100e+03 +8.691678100e+03
75 +6.648639183e+03 +6.648639183e+03 +6.780739183e+03 +6.780739183e+03
77 +5.860708589e+03 +5.860708589e+03 +5.992808589e+03 +5.992808589e+03
99 +5.007220304e+03 +5.007220304e+03 +5.139320304e+03 +5.139320304e+03
117 +3.265511132e+03 +3.265511132e+03 +3.397611132e+03 +3.397611132e+03
136 +3.217425500e+03 +3.217425500e+03 +3.349525500e+03 +3.349525500e+03
147 +1.484204965e+03 +1.484204965e+03 +1.616304965e+03 +1.616304965e+03
157 +1.382230134e+03 +1.382230134e+03 +1.514330134e+03 +1.514330134e+03
175 +1.076569017e+03 +1.076569017e+03 +1.208669017e+03 +1.208669017e+03
178 +4.371496257e+02 +4.371496257e+02 +5.692496257e+02 +5.692496257e+02
193 +4.057924411e+02 +4.057924411e+02 +5.378924411e+02 +5.378924411e+02
195 +3.854636516e+02 +3.854636516e+02 +5.175636516e+02 +5.175636516e+02
200 +3.580455389e+02 +3.580455389e+02 +4.901455389e+02 +4.901455389e+02
216 +3.545632163e+02 +3.545632163e+02 +4.866632163e+02 +4.866632163e+02
222 +2.705228508e+02 +2.705228508e+02 +4.026228508e+02 +4.026228508e+02
231 +1.006654965e+02 +1.006654965e+02 +2.327654965e+02 +2.327654965e+02
236 +5.981556041e+01 +5.981556041e+01 +1.919155604e+02 +1.919155604e+02
293 +1.837445307e+01 +1.837445307e+01 +1.504744531e+02 +1.504744531e+02
389 +1.815491839e+01 +1.815491839e+01 +1.502549184e+02 +1.502549184e+02
402 +1.317295953e+01 +1.317295953e+01 +1.452729595e+02 +1.452729595e+02
406 +9.461089532e+00 +9.461089532e+00 +1.415610895e+02 +1.415610895e+02
412 +4.372295623e+00 +4.372295623e+00 +1.364722956e+02 +1.364722956e+02
445 +4.272375543e+00 +4.272375543e+00 +1.363723755e+02 +1.363723755e+02
452 +4.144400333e+00 +4.144400333e+00 +1.362444003e+02 +1.362444003e+02
476 +4.021689544e+00 +4.021689544e+00 +1.361216895e+02 +1.361216895e+02
513 +3.961896708e+00 +3.961896708e+00 +1.360618967e+02 +1.360618967e+02
514 +3.674214629e+00 +3.674214629e+00 +1.357742146e+02 +1.357742146e+02
524 +3.522637921e+00 +3.522637921e+00 +1.356226379e+02 +1.356226379e+02
674 +3.419027669e+00 +3.419027669e+00 +1.355190277e+02 +1.355190277e+02
788 +3.357926450e+00 +3.357926450e+00 +1.354579265e+02 +1.354579265e+02
834 +3.306490558e+00 +3.306490558e+00 +1.354064906e+02 +1.354064906e+02
890 +3.113656691e+00 +3.113656691e+00 +1.352136567e+02 +1.352136567e+02
912 +3.080752509e+00 +3.080752509e+00 +1.351807525e+02 +1.351807525e+02
936 +2.972488155e+00 +2.972488155e+00 +1.350724882e+02 +1.350724882e+02
947 +2.943992796e+00 +2.943992796e+00 +1.350439928e+02 +1.350439928e+02
978 +2.748660088e+00 +2.748660088e+00 +1.348486601e+02 +1.348486601e+02
1084 +2.629628660e+00 +2.629628660e+00 +1.347296287e+02 +1.347296287e+02
1183 +2.557022644e+00 +2.557022644e+00 +1.346570226e+02 +1.346570226e+02
1277 +2.499522405e+00 +2.499522405e+00 +1.345995224e+02 +1.345995224e+02
1387 +2.432640747e+00 +2.432640747e+00 +1.345326407e+02 +1.345326407e+02
1431 +2.398377262e+00 +2.398377262e+00 +1.344983773e+02 +1.344983773e+02
1515 +2.303866161e+00 +2.303866161e+00 +1.344038662e+02 +1.344038662e+02
1557 +2.287022192e+00 +2.287022192e+00 +1.343870222e+02 +1.343870222e+02
1579 +2.223310400e+00 +2.223310400e+00 +1.343233104e+02 +1.343233104e+02
1640 +2.180834870e+00 +2.180834870e+00 +1.342808349e+02 +1.342808349e+02
1725 +2.132026312e+00 +2.132026312e+00 +1.342320263e+02 +1.342320263e+02
1883 +2.087719482e+00 +2.087719482e+00 +1.341877195e+02 +1.341877195e+02
2133 +2.041205188e+00 +2.041205188e+00 +1.341412052e+02 +1.341412052e+02
% function evaluation | noise-free fitness - Fopt (-6.067000000000e+01) | best noise-free fitness - Fopt | measured fitness | best measured fitness | x1 | x2...
1 +3.449670211e+04 +3.449670211e+04 +3.443603211e+04 +3.443603211e+04
5 +2.843452172e+04 +2.843452172e+04 +2.837385172e+04 +2.837385172e+04
11 +2.761540946e+04 +2.761540946e+04 +2.755473946e+04 +2.755473946e+04
12 +2.502969273e+04 +2.502969273e+04 +2.496902273e+04 +2.496902273e+04
13 +2.431641071e+04 +2.431641071e+04 +2.425574071e+04 +2.425574071e+04
20 +2.220627743e+04 +2.220627743e+04 +2.214560743e+04 +2.214560743e+04
30 +2.125429723e+04 +2.125429723e+04 +2.119362723e+04 +2.119362723e+04
33 +2.074430579e+04 +2.074430579e+04 +2.068363579e+04 +2.068363579e+04
38 +1.936757646e+04 +1.936757646e+04 +1.930690646e+04 +1.930690646e+04
39 +1.678369207e+04 +1.678369207e+04 +1.672302207e+04 +1.672302207e+04
43 +1.214879278e+04 +1.214879278e+04 +1.208812278e+04 +1.208812278e+04
54 +1.185419281e+04 +1.185419281e+04 +1.179352281e+04 +1.179352281e+04
59 +1.016478657e+04 +1.016478657e+04 +1.010411657e+04 +1.010411657e+04
61 +6.385478544e+03 +6.385478544e+03 +6.324808544e+03 +6.324808544e+03
71 +5.087997642e+03 +5.087997642e+03 +5.027327642e+03 +5.027327642e+03
76 +4.524995017e+03 +4.524995017e+03 +4.464325017e+03 +4.464325017e+03
82 +3.446653992e+03 +3.446653992e+03 +3.385983992e+03 +3.385983992e+03
97 +3.029400700e+03 +3.029400700e+03 +2.968730700e+03 +2.968730700e+03
101 +2.388420834e+03 +2.388420834e+03 +2.327750834e+03 +2.327750834e+03
102 +1.910386234e+03 +1.910386234e+03 +1.849716234e+03 +1.849716234e+03
111 +1.823510387e+03 +1.823510387e+03 +1.762840387e+03 +1.762840387e+03
112 +1.434956444e+03 +1.434956444e+03 +1.374286444e+03 +1.374286444e+03
113 +1.359491156e+03 +1.359491156e+03 +1.298821156e+03 +1.298821156e+03
114 +8.856435577e+02 +8.856435577e+02 +8.249735577e+02 +8.249735577e+02
115 +5.967042331e+02 +5.967042331e+02 +5.360342331e+02 +5.360342331e+02
140 +1.761251518e+02 +1.761251518e+02 +1.154551518e+02 +1.154551518e+02
147 +6.751096712e+01 +6.751096712e+01 +6.840967121e+00 +6.840967121e+00
185 +8.877901609e+00 +8.877901609e+00 -5.179209839e+01 -5.179209839e+01
193 +5.170777640e+00 +5.170777640e+00 -5.549922236e+01 -5.549922236e+01
208 +4.128759994e+00 +4.128759994e+00 -5.654124001e+01 -5.654124001e+01
246 +3.994478136e+00 +3.994478136e+00 -5.667552186e+01 -5.667552186e+01
266 +3.836776526e+00 +3.836776526e+00 -5.683322347e+01 -5.683322347e+01
535 +3.572449120e+00 +3.572449120e+00 -5.709755088e+01 -5.709755088e+01
871 +3.532949353e+00 +3.532949353e+00 -5.713705065e+01 -5.713705065e+01
876 +3.336837918e+00 +3.336837918e+00 -5.733316208e+01 -5.733316208e+01
1022 +3.291836287e+00 +3.291836287e+00 -5.737816371e+01 -5.737816371e+01
1028 +3.160820378e+00 +3.160820378e+00 -5.750917962e+01 -5.750917962e+01
1086 +3.041564112e+00 +3.041564112e+00 -5.762843589e+01 -5.762843589e+01
1100 +2.752020062e+00 +2.752020062e+00 -5.791797994e+01 -5.791797994e+01
1422 +2.686122188e+00 +2.686122188e+00 -5.798387781e+01 -5.798387781e+01
1434 +2.544014223e+00 +2.544014223e+00 -5.812598578e+01 -5.812598578e+01
1446 +2.428995769e+00 +2.428995769e+00 -5.824100423e+01 -5.824100423e+01
1457 +2.376973845e+00 +2.376973845e+00 -5.829302616e+01 -5.829302616e+01
1472 +2.341731748e+00 +2.341731748e+00 -5.832826825e+01 -5.832826825e+01
1527 +2.200754393e+00 +2.200754393e+00 -5.846924561e+01 -5.846924561e+01
1691 +2.182344672e+00 +2.182344672e+00 -5.848765533e+01 -5.848765533e+01
1709 +2.137470483e+00 +2.137470483e+00 -5.853252952e+01 -5.853252952e+01
1753 +2.066138051e+00 +2.066138051e+00 -5.860386195e+01 -5.860386195e+01
1929 +2.039309856e+00 +2.039309856e+00 -5.863069014e+01 -5.863069014e+01
1950 +1.984133669e+00 +1.984133669e+00 -5.868586633e+01 -5.868586633e+01
1987 +1.946436391e+00 +1.946436391e+00 -5.872356361e+01 -5.872356361e+01
2210 +1.904165367e+00 +1.904165367e+00 -5.876583463e+01 -5.876583463e+01
% function evaluation | noise-free fitness - Fopt (7.560000000000e+01) | best noise-free fitness - Fopt | measured fitness | best measured fitness | x1 | x2...
1 +3.449670211e+04 +3.449670211e+04 +3.457230211e+04 +3.457230211e+04
2 +3.232871082e+04 +3.232871082e+04 +3.240431082e+04 +3.240431082e+04
6 +3.122322862e+04 +3.122322862e+04 +3.129882862e+04 +3.129882862e+04
9 +3.031714647e+04 +3.031714647e+04 +3.039274647e+04 +3.039274647e+04
13 +3.015185490e+04 +3.015185490e+04 +3.022745490e+04 +3.022745490e+04
14 +2.462517245e+04 +2.462517245e+04 +2.470077245e+04 +2.470077245e+04
18 +2.268224433e+04 +2.268224433e+04 +2.275784433e+04 +2.275784433e+04
27 +2.166435943e+04 +2.166435943e+04 +2.173995943e+04 +2.173995943e+04
32 +2.125590502e+04 +2.125590502e+04 +2.133150502e+04 +2.133150502e+04
37 +1.968552914e+04 +1.968552914e+04 +1.976112914e+04 +1.976112914e+04
39 +1.551837894e+04 +1.551837894e+04 +1.559397894e+04 +1.559397894e+04
45 +1.547287515e+04 +1.547287515e+04 +1.554847515e+04 +1.554847515e+04
46 +1.501874121e+04 +1.501874121e+04 +1.509434121e+04 +1.509434121e+04
52 +1.287484142e+04 +1.287484142e+04 +1.295044142e+04 +1.295044142e+04
54 +1.114512469e+04 +1.114512469e+04 +1.122072469e+04 +1.122072469e+04
59 +8.940648980e+03 +8.940648980e+03 +9.016248980e+03 +9.016248980e+03
71 +6.966991991e+03 +6.966991991e+03 +7.042591991e+03 +7.042591991e+03
78 +6.136037858e+03 +6.136037858e+03 +6.211637858e+03 +6.211637858e+03
83 +5.600888065e+03 +5.600888065e+03 +5.676488065e+03 +5.676488065e+03
90 +4.942887344e+03 +4.942887344e+03 +5.018487344e+03 +5.018487344e+03
100 +3.729119448e+03 +3.729119448e+03 +3.804719448e+03 +3.804719448e+03
109 +3.685828383e+03 +3.685828383e+03 +3.761428383e+03 +3.761428383e+03
110 +3.334876648e+03 +3.334876648e+03 +3.410476648e+03 +3.410476648e+03
117 +2.183177327e+03 +2.183177327e+03 +2.258777327e+03 +2.258777327e+03
137 +1.835175764e+03 +1.835175764e+03 +1.910775764e+03 +1.910775764e+03
138 +1.774310984e+03 +1.774310984e+03 +1.849910984e+03 +1.849910984e+03
139 +1.344518566e+03 +1.344518566e+03 +1.420118566e+03 +1.420118566e+03
149 +9.639480942e+02 +9.639480942e+02 +1.039548094e+03 +1.039548094e+03
151 +6.647522210e+02 +6.647522210e+02 +7.403522210e+02 +7.403522210e+02
178 +4.210108518e+02 +4.210108518e+02 +4.966108518e+02 +4.966108518e+02
186 +4.095456839e+02 +4.095456839e+02 +4.851456839e+02 +4.851456839e+02
216 +2.392367447e+02 +2.392367447e+02 +3.148367447e+02 +3.148367447e+02
246 +1.318354260e+02 +1.318354260e+02 +2.074354260e+02 +2.074354260e+02
258 +9.271001208e+01 +9.271001208e+01 +1.683100121e+02 +1.683100121e+02
272 +5.850237150e+01 +5.850237150e+01 +1.341023715e+02 +1.341023715e+02
275 +4.637836852e+01 +4.637836852e+01 +1.219783685e+02 +1.219783685e+02
276 +3.811373248e+01 +3.811373248e+01 +1.137137325e+02 +1.137137325e+02
313 +1.935526505e+01 +1.935526505e+01 +9.495526505e+01 +9.495526505e+01
318 +4.018428031e+00 +4.018428031e+00 +7.961842803e+01 +7.961842803e+01
409 +3.877208662e+00 +3.877208662e+00 +7.947720866e+01 +7.947720866e+01
417 +3.789093368e+00 +3.789093368e+00 +7.938909337e+01 +7.938909337e+01
568 +3.615073960e+00 +3.615073960e+00 +7.921507396e+01 +7.921507396e+01
770 +3.277501181e+00 +3.277501181e+00 +7.887750118e+01 +7.887750118e+01
794 +3.228928844e+00 +3.228928844e+00 +7.882892884e+01 +7.882892884e+01
891 +3.132454088e+00 +3.132454088e+00 +7.873245409e+01 +7.873245409e+01
901 +2.982260540e+00 +2.982260540e+00 +7.858226054e+01 +7.858226054e+01
1017 +2.940924802e+00 +2.940924802e+00 +7.854092480e+01 +7.854092480e+01
1089 +2.819614757e+00 +2.819614757e+00 +7.841961476e+01 +7.841961476e+01
1101 +2.799845575e+00 +2.799845575e+00 +7.839984558e+01 +7.839984558e+01
1108 +2.694122057e+00 +2.694122057e+00 +7.829412206e+01 +7.829412206e+01
1181 +2.678802422e+00 +2.678802422e+00 +7.827880242e+01 +7.827880242e+01
1182 +2.556119374e+00 +2.556119374e+00 +7.815611937e+01 +7.815611937e+01
1300 +2.499993453e+00 +2.499993453e+00 +7.809999345e+01 +7.809999345e+01
1308 +2.446135180e+00 +2.446135180e+00 +7.804613518e+01 +7.804613518e+01
1553 +2.379083260e+00 +2.379083260e+00 +7.797908326e+01 +7.797908326e+01
1779 +2.342406953e+00 +2.342406953e+00 +7.794240695e+01 +7.794240695e+01
1782 +2.289327741e+00 +2.289327741e+00 +7.788932774e+01 +7.788932774e+01
1942 +2.227922711e+00 +2.227922711e+00 +7.782792271e+01 +7.782792271e+01
1961 +2.178175834e+00 +2.178175834e+00 +7.777817583e+01 +7.777817583e+01
2101 +2.133279309e+00 +2.133279309e+00 +7.773327931e+01 +7.773327931e+01
2162 +2.085293386e+00 +2.085293386e+00 +7.768529339e+01 +7.768529339e+01
2276 +2.038638411e+00 +2.038638411e+00 +7.763863841e+01 +7.763863841e+01
2531 +1.992522368e+00 +1.992522368e+00 +7.759252237e+01 +7.759252237e+01
2927 +1.949779546e+00 +1.949779546e+00 +7.754977955e+01 +7.754977955e+01
% function evaluation | noise-free fitness - Fopt (-1.699200000000e+02) | best noise-free fitness - Fopt | measured fitness | best measured fitness | x1 | x2...
1 +3.449670211e+04 +3.449670211e+04 +3.432678211e+04 +3.432678211e+04
13 +3.350832875e+04 +3.350832875e+04 +3.333840875e+04 +3.333840875e+04
17 +3.197019814e+04 +3.197019814e+04 +3.180027814e+04 +3.180027814e+04
18 +3.071611323e+04 +3.071611323e+04 +3.054619323e+04 +3.054619323e+04
20 +2.611741387e+04 +2.611741387e+04 +2.594749387e+04 +2.594749387e+04
28 +2.467222797e+04 +2.467222797e+04 +2.450230797e+04 +2.450230797e+04
30 +2.142591117e+04 +2.142591117e+04 +2.125599117e+04 +2.125599117e+04
35 +1.976179214e+04 +1.976179214e+04 +1.959187214e+04 +1.959187214e+04
41 +1.886154596e+04 +1.886154596e+04 +1.869162596e+04 +1.869162596e+04
42 +1.741568896e+04 +1.741568896e+04 +1.724576896e+04 +1.724576896e+04
52 +1.594109122e+04 +1.594109122e+04 +1.577117122e+04 +1.577117122e+04
53 +1.310669764e+04 +1.310669764e+04 +1.293677764e+04 +1.293677764e+04
75 +1.284528046e+04 +1.284528046e+04 +1.267536046e+04 +1.267536046e+04
85 +1.193223698e+04 +1.193223698e+04 +1.176231698e+04 +1.176231698e+04
89 +1.169338292e+04 +1.169338292e+04 +1.152346292e+04 +1.152346292e+04
95 +9.715985129e+03 +9.715985129e+03 +9.546065129e+03 +9.546065129e+03
99 +8.276411850e+03 +8.276411850e+03 +8.106491850e+03 +8.106491850e+03
114 +6.572061213e+03 +6.572061213e+03 +6.402141213e+03 +6.402141213e+03
128 +5.984669005e+03 +5.984669005e+03 +5.814749005e+03 +5.814749005e+03
129 +5.877950377e+03 +5.877950377e+03 +5.708030377e+03 +5.708030377e+03
130 +5.608666667e+03 +5.608666667e+03 +5.438746667e+03 +5.438746667e+03
133 +4.899189077e+03 +4.899189077e+03 +4.729269077e+03 +4.729269077e+03
134 +4.098681695e+03 +4.098681695e+03 +3.928761695e+03 +3.928761695e+03
140 +3.372534255e+03 +3.372534255e+03 +3.202614255e+03 +3.202614255e+03
154 +3.165354447e+03 +3.165354447e+03 +2.995434447e+03 +2.995434447e+03
160 +2.296994017e+03 +2.296994017e+03 +2.127074017e+03 +2.127074017e+03
168 +1.839488967e+03 +1.839488967e+03 +1.669568967e+03 +1.669568967e+03
169 +1.080445560e+03 +1.080445560e+03 +9.105255599e+02 +9.105255599e+02
181 +5.753443320e+02 +5.753443320e+02 +4.054243320e+02 +4.054243320e+02
187 +4.216279642e+02 +4.216279642e+02 +2.517079642e+02 +2.517079642e+02
190 +3.759308890e+02 +3.759308890e+02 +2.060108890e+02 +2.060108890e+02
211 +2.026038949e+02 +2.026038949e+02 +3.268389489e+01 +3.268389489e+01
229 +1.352195734e+02 +1.352195734e+02 -3.470042659e+01 -3.470042659e+01
231 +8.923509622e+01 +8.923509622e+01 -8.068490378e+01 -8.068490378e+01
234 +2.934691294e+01 +2.934691294e+01 -1.405730871e+02 -1.405730871e+02
243 +4.650380974e+00 +4.650380974e+00 -1.652696190e+02 -1.652696190e+02
296 +4.259637408e+00 +4.259637408e+00 -1.656603626e+02 -1.656603626e+02
549 +4.149163107e+00 +4.149163107e+00 -1.657708369e+02 -1.657708369e+02
596 +3.859581866e+00 +3.859581866e+00 -1.660604181e+02 -1.660604181e+02
656 +3.755841995e+00 +3.755841995e+00 -1.661641580e+02 -1.661641580e+02
662 +3.579816210e+00 +3.579816210e+00 -1.663401838e+02 -1.663401838e+02
751 +3.546284972e+00 +3.546284972e+00 -1.663737150e+02 -1.663737150e+02
763 +3.354257337e+00 +3.354257337e+00 -1.665657427e+02 -1.665657427e+02
817 +3.188569222e+00 +3.188569222e+00 -1.667314308e+02 -1.667314308e+02
846 +3.150451331e+00 +3.150451331e+00 -1.667695487e+02 -1.667695487e+02
852 +3.062607339e+00 +3.062607339e+00 -1.668573927e+02 -1.668573927e+02
863 +2.897686833e+00 +2.897686833e+00 -1.670223132e+02 -1.670223132e+02
1009 +2.883715580e+00 +2.883715580e+00 -1.670362844e+02 -1.670362844e+02
1019 +2.787210337e+00 +2.787210337e+00 -1.671327897e+02 -1.671327897e+02
1029 +2.667156884e+00 +2.667156884e+00 -1.672528431e+02 -1.672528431e+02
1039 +2.619485336e+00 +2.619485336e+00 -1.673005147e+02 -1.673005147e+02
1051 +2.544963298e+00 +2.544963298e+00 -1.673750367e+02 -1.673750367e+02
1233 +2.484204234e+00 +2.484204234e+00 -1.674357958e+02 -1.674357958e+02
1254 +2.414072551e+00 +2.414072551e+00 -1.675059274e+02 -1.675059274e+02
1316 +2.380340460e+00 +2.380340460e+00 -1.675396595e+02 -1.675396595e+02
1321 +2.342632529e+00 +2.342632529e+00 -1.675773675e+02 -1.675773675e+02
1346 +2.281467928e+00 +2.281467928e+00 -1.676385321e+02 -1.676385321e+02
1431 +2.219539059e+00 +2.219539059e+00 -1.677004609e+02 -1.677004609e+02
1452 +2.162602671e+00 +2.162602671e+00 -1.677573973e+02 -1.677573973e+02
1563 +2.122803076e+00 +2.122803076e+00 -1.677971969e+02 -1.677971969e+02
1581 +2.087691272e+00 +2.087691272e+00 -1.678323087e+02 -1.678323087e+02
1648 +2.023148838e+00 +2.023148838e+00 -1.678968512e+02 -1.678968512e+02
1766 +1.990091668e+00 +1.990091668e+00 -1.679299083e+02 -1.679299083e+02
1958 +1.948019707e+00 +1.948019707e+00 -1.679719803e+02 -1.679719803e+02
2385 +1.904629055e+00 +1.904629055e+00 -1.680153709e+02 -1.680153709e+02
% function evaluation | noise-free fitness - Fopt (-1.805400000000e+02) | best noise-free fitness - Fopt | measured fitness | best measured fitness | x1 | x2...
1 +3.449670211e+04 +3.449670211e+04 +3.431616211e+04 +3.431616211e+04
5 +3.330907279e+04 +3.330907279e+04 +3.312853279e+04 +3.312853279e+04
18 +3.178845665e+04 +3.178845665e+04 +3.160791665e+04 +3.160791665e+04
22 +2.709308919e+04 +2.709308919e+04 +2.691254919e+04 +2.691254919e+04
26 +2.560325857e+04 +2.560325857e+04 +2.542271857e+04 +2.542271857e+04
38 +2.399103810e+04 +2.399103810e+04 +2.381049810e+04 +2.381049810e+04
39 +2.132732649e+04 +2.132732649e+04 +2.114678649e+04 +2.114678649e+04
40 +2.079496001e+04 +2.079496001e+04 +2.061442001e+04 +2.061442001e+04
42 +1.918831433e+04 +1.918831433e+04 +1.900777433e+04 +1.900777433e+04
44 +1.486020675e+04 +1.486020675e+04 +1.467966675e+04 +1.467966675e+04
56 +1.405681821e+04 +1.405681821e+04 +1.387627821e+04 +1.387627821e+04
63 +1.327556856e+04 +1.327556856e+04 +1.309502856e+04 +1.309502856e+04
64 +1.087230332e+04 +1.087230332e+04 +1.069176332e+04 +1.069176332e+04
69 +8.551552554e+03 +8.551552554e+03 +8.371012554e+03 +8.371012554e+03
92 +6.377690661e+03 +6.377690661e+03 +6.197150661e+03 +6.197150661e+03
103 +5.613293041e+03 +5.613293041e+03 +5.432753041e+03 +5.432753041e+03
116 +4.766400991e+03 +4.766400991e+03 +4.585860991e+03 +4.585860991e+03
130 +3.599106684e+03 +3.599106684e+03 +3.418566684e+03 +3.418566684e+03
135 +3.461992083e+03 +3.461992083e+03 +3.281452083e+03 +3.281452083e+03
142 +3.217122638e+03 +3.217122638e+03 +3.036582638e+03 +3.036582638e+03
144 +2.793098695e+03 +2.793098695e+03 +2.612558695e+03 +2.612558695e+03
152 +1.393018419e+03 +1.393018419e+03 +1.212478419e+03 +1.212478419e+03
169 +3.783929905e+02 +3.783929905e+02 +1.978529905e+02 +1.978529905e+02
203 +1.721777001e+02 +1.721777001e+02 -8.362299896e+00 -8.362299896e+00
216 +6.449125957e+01 +6.449125957e+01 -1.160487404e+02 -1.160487404e+02
219 +5.308833715e+01 +5.308833715e+01 -1.274516629e+02 -1.274516629e+02
282 +1.080964942e+01 +1.080964942e+01 -1.697303506e+02 -1.697303506e+02
303 +8.121173773e+00 +8.121173773e+00 -1.724188262e+02 -1.724188262e+02
319 +5.662733955e+00 +5.662733955e+00 -1.748772660e+02 -1.748772660e+02
322 +3.990075527e+00 +3.990075527e+00 -1.765499245e+02 -1.765499245e+02
324 +3.923999998e+00 +3.923999998e+00 -1.766160000e+02 -1.766160000e+02
384 +3.823993696e+00 +3.823993696e+00 -1.767160063e+02 -1.767160063e+02
538 +3.603078789e+00 +3.603078789e+00 -1.769369212e+02 -1.769369212e+02
617 +3.537800107e+00 +3.537800107e+00 -1.770021999e+02 -1.770021999e+02
730 +3.419205578e+00 +3.419205578e+00 -1.771207944e+02 -1.771207944e+02
838 +3.045595683e+00 +3.045595683e+00 -1.774944043e+02 -1.774944043e+02
1127 +2.998487853e+00 +2.998487853e+00 -1.775415121e+02 -1.775415121e+02
1254 +2.916179643e+00 +2.916179643e+00 -1.776238204e+02 -1.776238204e+02
1319 +2.868509717e+00 +2.868509717e+00 -1.776714903e+02 -1.776714903e+02
1448 +2.757854831e+00 +2.757854831e+00 -1.777821452e+02 -1.777821452e+02
1450 +2.686775704e+00 +2.686775704e+00 -1.778532243e+02 -1.778532243e+02
1617 +2.568361042e+00 +2.568361042e+00 -1.779716390e+02 -1.779716390e+02
1640 +2.495717766e+00 +2.495717766e+00 -1.780442822e+02 -1.780442822e+02
1645 +2.393835996e+00 +2.393835996e+00 -1.781461640e+02 -1.781461640e+02
1674 +2.319773809e+00 +2.319773809e+00 -1.782202262e+02 -1.782202262e+02
1838 +2.225617515e+00 +2.225617515e+00 -1.783143825e+02 -1.783143825e+02
1944 +2.174723059e+00 +2.174723059e+00 -1.783652769e+02 -1.783652769e+02
1978 +2.134964971e+00 +2.134964971e+00 -1.784050350e+02 -1.784050350e+02
2052 +2.065489489e+00 +2.065489489e+00 -1.784745105e+02 -1.784745105e+02
2181 +2.035799298e+00 +2.035799298e+00 -1.785042007e+02 -1.785042007e+02
2261 +1.989086891e+00 +1.989086891e+00 -1.785509131e+02 -1.785509131e+02
2384 +1.942979514e+00 +1.942979514e+00 -1.785970205e+02 -1.785970205e+02
2690 +1.903952781e+00 +1.903952781e+00 -1.786360472e+02 -1.786360472e+02
3247 +1.861430697e+00 +1.861430697e+00 -1.786785693e+02 -1.786785693e+02
% function evaluation | noise-free fitness - Fopt (9.752000000000e+01) | best noise-free fitness - Fopt | measured fitness | best measured fitness | x1 | x2...
1 +3.449670211e+04 +3.449670211e+04 +3.459422211e+04 +3.459422211e+04
2 +2.826812650e+04 +2.826812650e+04 +2.836564650e+04 +2.836564650e+04
7 +2.533882659e+04 +2.533882659e+04 +2.543634659e+04 +2.543634659e+04
11 +1.949208870e+04 +1.949208870e+04 +1.958960870e+04 +1.958960870e+04
19 +1.791487986e+04 +1.791487986e+04 +1.801239986e+04 +1.801239986e+04
20 +1.649961877e+04 +1.649961877e+04 +1.659713877e+04 +1.659713877e+04
27 +1.471074563e+04 +1.471074563e+04 +1.480826563e+04 +1.480826563e+04
28 +1.353453452e+04 +1.353453452e+04 +1.363205452e+04 +1.363205452e+04
37 +1.188440389e+04 +1.188440389e+04 +1.198192389e+04 +1.198192389e+04
44 +7.535151511e+03 +7.535151511e+03 +7.632671511e+03 +7.632671511e+03
69 +6.366407128e+03 +6.366407128e+03 +6.463927128e+03 +6.463927128e+03
74 +5.312971665e+03 +5.312971665e+03 +5.410491665e+03 +5.410491665e+03
84 +4.573010595e+03 +4.573010595e+03 +4.670530595e+03 +4.670530595e+03
88 +3.123216883e+03 +3.123216883e+03 +3.220736883e+03 +3.220736883e+03
94 +2.954219747e+03 +2.954219747e+03 +3.051739747e+03 +3.051739747e+03
96 +2.613955615e+03 +2.613955615e+03 +2.711475615e+03 +2.711475615e+03
101 +2.536314117e+03 +2.536314117e+03 +2.633834117e+03 +2.633834117e+03
107 +1.871684342e+03 +1.871684342e+03 +1.969204342e+03 +1.969204342e+03
113 +1.488009950e+03 +1.488009950e+03 +1.585529950e+03 +1.585529950e+03
118 +1.222693459e+03 +1.222693459e+03 +1.320213459e+03 +1.320213459e+03
131 +1.136886511e+03 +1.136886511e+03 +1.234406511e+03 +1.234406511e+03
136 +6.173163040e+02 +6.173163040e+02 +7.148363040e+02 +7.148363040e+02
142 +5.005222630e+02 +5.005222630e+02 +5.980422630e+02 +5.980422630e+02
150 +2.581052243e+02 +2.581052243e+02 +3.556252243e+02 +3.556252243e+02
153 +2.004538841e+02 +2.004538841e+02 +2.979738841e+02 +2.979738841e+02
165 +9.075596946e+01 +9.075596946e+01 +1.882759695e+02 +1.882759695e+02
188 +6.447951713e+01 +6.447951713e+01 +1.619995171e+02 +1.619995171e+02
194 +5.158471812e+01 +5.158471812e+01 +1.491047181e+02 +1.491047181e+02
212 +5.658261217e+00 +5.658261217e+00 +1.031782612e+02 +1.031782612e+02
238 +4.522814657e+00 +4.522814657e+00 +1.020428147e+02 +1.020428147e+02
274 +4.300182757e+00 +4.300182757e+00 +1.018201828e+02 +1.018201828e+02
384 +4.025765022e+00 +4.025765022e+00 +1.015457650e+02 +1.015457650e+02
386 +3.527736489e+00 +3.527736489e+00 +1.010477365e+02 +1.010477365e+02
543 +3.392215478e+00 +3.392215478e+00 +1.009122155e+02 +1.009122155e+02
870 +3.381543253e+00 +3.381543253e+00 +1.009015433e+02 +1.009015433e+02
1122 +3.307666198e+00 +3.307666198e+00 +1.008276662e+02 +1.008276662e+02
1272 +3.223890550e+00 +3.223890550e+00 +1.007438905e+02 +1.007438905e+02
1584 +2.979513632e+00 +2.979513632e+00 +1.004995136e+02 +1.004995136e+02
1669 +2.926450138e+00 +2.926450138e+00 +1.004464501e+02 +1.004464501e+02
1804 +2.820470186e+00 +2.820470186e+00 +1.003404702e+02 +1.003404702e+02
1816 +2.801965800e+00 +2.801965800e+00 +1.003219658e+02 +1.003219658e+02
1850 +2.729179180e+00 +2.729179180e+00 +1.002491792e+02 +1.002491792e+02
1873 +2.657578060e+00 +2.657578060e+00 +1.001775781e+02 +1.001775781e+02
1896 +2.574568889e+00 +2.574568889e+00 +1.000945689e+02 +1.000945689e+02
1923 +2.523441545e+00 +2.523441545e+00 +1.000434415e+02 +1.000434415e+02
1952 +2.491187748e+00 +2.491187748e+00 +1.000111877e+02 +1.000111877e+02
1981 +2.429980135e+00 +2.429980135e+00 +9.994998014e+01 +9.994998014e+01
2035 +2.389838567e+00 +2.389838567e+00 +9.990983857e+01 +9.990983857e+01
2047 +2.306784246e+00 +2.306784246e+00 +9.982678425e+01 +9.982678425e+01
2072 +2.236690882e+00 +2.236690882e+00 +9.975669088e+01 +9.975669088e+01
2467 +2.178721371e+00 +2.178721371e+00 +9.969872137e+01 +9.969872137e+01
2552 +2.120420616e+00 +2.120420616e+00 +9.964042062e+01 +9.964042062e+01
2626 +2.088064843e+00 +2.088064843e+00 +9.960806484e+01 +9.960806484e+01
2671 +2.041096459e+00 +2.041096459e+00 +9.956109646e+01 +9.956109646e+01
2806 +1.993193349e+00 +1.993193349e+00 +9.951319335e+01 +9.951319335e+01
2939 +1.943859091e+00 +1.943859091e+00 +9.946385909e+01 +9.946385909e+01
3160 +1.902905386e+00 +1.902905386e+00 +9.942290539e+01 +9.942290539e+01
3855 +1.861951657e+00 +1.861951657e+00 +9.938195166e+01 +9.938195166e+01
% function evaluation | noise-free fitness - Fopt (1.241000000000e+01) | best noise-free fitness - Fopt | measured fitness | best measured fitness | x1 | x2...
1 +3.449670211e+04 +3.449670211e+04 +3.450911211e+04 +3.450911211e+04
2 +3.165116463e+04 +3.165116463e+04 +3.166357463e+04 +3.166357463e+04
7 +3.055144245e+04 +3.055144245e+04 +3.056385245e+04 +3.056385245e+04
10 +2.688422823e+04 +2.688422823e+04 +2.689663823e+04 +2.689663823e+04
18 +2.347891907e+04 +2.347891907e+04 +2.349132907e+04 +2.349132907e+04
27 +1.849178776e+04 +1.849178776e+04 +1.850419776e+04 +1.850419776e+04
32 +1.775723705e+04 +1.775723705e+04 +1.776964705e+04 +1.776964705e+04
35 +1.605974054e+04 +1.605974054e+04 +1.607215054e+04 +1.607215054e+04
41 +1.381547621e+04 +1.381547621e+04 +1.382788621e+04 +1.382788621e+04
48 +1.262400584e+04 +1.262400584e+04 +1.263641584e+04 +1.263641584e+04
54 +1.229992384e+04 +1.229992384e+04 +1.231233384e+04 +1.231233384e+04
62 +8.551585889e+03 +8.551585889e+03 +8.563995889e+03 +8.563995889e+03
69 +6.697826499e+03 +6.697826499e+03 +6.710236499e+03 +6.710236499e+03
77 +5.866118527e+03 +5.866118527e+03 +5.878528527e+03 +5.878528527e+03
92 +4.142265312e+03 +4.142265312e+03 +4.154675312e+03 +4.154675312e+03
104 +3.944340287e+03 +3.944340287e+03 +3.956750287e+03 +3.956750287e+03
106 +3.531822135e+03 +3.531822135e+03 +3.544232135e+03 +3.544232135e+03
120 +2.803707241e+03 +2.803707241e+03 +2.816117241e+03 +2.816117241e+03
128 +2.018054211e+03 +2.018054211e+03 +2.030464211e+03 +2.030464211e+03
131 +2.044406802e+02 +2.044406802e+02 +2.168506802e+02 +2.168506802e+02
165 +9.214162845e+01 +9.214162845e+01 +1.045516284e+02 +1.045516284e+02
178 +4.161082500e+01 +4.161082500e+01 +5.402082500e+01 +5.402082500e+01
183 +3.621742415e+01 +3.621742415e+01 +4.862742415e+01 +4.862742415e+01
187 +4.352242691e+00 +4.352242691e+00 +1.676224269e+01 +1.676224269e+01
213 +3.881750770e+00 +3.881750770e+00 +1.629175077e+01 +1.629175077e+01
427 +3.796362897e+00 +3.796362897e+00 +1.620636290e+01 +1.620636290e+01
510 +3.586914741e+00 +3.586914741e+00 +1.599691474e+01 +1.599691474e+01
571 +3.528602842e+00 +3.528602842e+00 +1.593860284e+01 +1.593860284e+01
602 +3.408661958e+00 +3.408661958e+00 +1.581866196e+01 +1.581866196e+01
896 +3.215498236e+00 +3.215498236e+00 +1.562549824e+01 +1.562549824e+01
1252 +3.021687225e+00 +3.021687225e+00 +1.543168722e+01 +1.543168722e+01
1294 +2.946688436e+00 +2.946688436e+00 +1.535668844e+01 +1.535668844e+01
1320 +2.789658581e+00 +2.789658581e+00 +1.519965858e+01 +1.519965858e+01
1670 +2.698428428e+00 +2.698428428e+00 +1.510842843e+01 +1.510842843e+01
1717 +2.674798366e+00 +2.674798366e+00 +1.508479837e+01 +1.508479837e+01
1747 +2.555049778e+00 +2.555049778e+00 +1.496504978e+01 +1.496504978e+01
1983 +2.469736452e+00 +2.469736452e+00 +1.487973645e+01 +1.487973645e+01
1986 +2.453441237e+00 +2.453441237e+00 +1.486344124e+01 +1.486344124e+01
2091 +2.388766184e+00 +2.388766184e+00 +1.479876618e+01 +1.479876618e+01
2131 +2.337296072e+00 +2.337296072e+00 +1.474729607e+01 +1.474729607e+01
2151 +2.262261184e+00 +2.262261184e+00 +1.467226118e+01 +1.467226118e+01
2276 +2.230719262e+00 +2.230719262e+00 +1.464071926e+01 +1.464071926e+01
2576 +2.184955028e+00 +2.184955028e+00 +1.459495503e+01 +1.459495503e+01
3426 +2.137480401e+00 +2.137480401e+00 +1.454748040e+01 +1.454748040e+01
% function evaluation | noise-free fitness - Fopt (1.090700000000e+02) | best noise-free fitness - Fopt | measured fitness | best measured fitness | x1 | x2...
1 +3.449670211e+04 +3.449670211e+04 +3.460577211e+04 +3.460577211e+04
2 +3.292353638e+04 +3.292353638e+04 +3.303260638e+04 +3.303260638e+04
5 +3.050176691e+04 +3.050176691e+04 +3.061083691e+04 +3.061083691e+04
15 +2.508524211e+04 +2.508524211e+04 +2.519431211e+04 +2.519431211e+04
19 +2.257691577e+04 +2.257691577e+04 +2.268598577e+04 +2.268598577e+04
26 +1.812752806e+04 +1.812752806e+04 +1.823659806e+04 +1.823659806e+04
39 +1.448972487e+04 +1.448972487e+04 +1.459879487e+04 +1.459879487e+04
43 +1.376537764e+04 +1.376537764e+04 +1.387444764e+04 +1.387444764e+04
47 +1.275189886e+04 +1.275189886e+04 +1.286096886e+04 +1.286096886e+04
50 +1.098302841e+04 +1.098302841e+04 +1.109209841e+04 +1.109209841e+04
56 +1.022512173e+04 +1.022512173e+04 +1.033419173e+04 +1.033419173e+04
58 +9.228328727e+03 +9.228328727e+03 +9.337398727e+03 +9.337398727e+03
67 +8.331136332e+03 +8.331136332e+03 +8.440206332e+03 +8.440206332e+03
73 +7.208737294e+03 +7.208737294e+03 +7.317807294e+03 +7.317807294e+03
74 +6.204718572e+03 +6.204718572e+03 +6.313788572e+03 +6.313788572e+03
85 +5.043349087e+03 +5.043349087e+03 +5.152419087e+03 +5.152419087e+03
93 +4.527444950e+03 +4.527444950e+03 +4.636514950e+03 +4.636514950e+03
98 +4.255239008e+03 +4.255239008e+03 +4.364309008e+03 +4.364309008e+03
104 +3.177981857e+03 +3.177981857e+03 +3.287051857e+03 +3.287051857e+03
106 +2.400785051e+03 +2.400785051e+03 +2.509855051e+03 +2.509855051e+03
123 +2.328082526e+03 +2.328082526e+03 +2.437152526e+03 +2.437152526e+03
147 +1.300135453e+03 +1.300135453e+03 +1.409205453e+03 +1.409205453e+03
161 +1.211407522e+03 +1.211407522e+03 +1.320477522e+03 +1.320477522e+03
165 +6.950148091e+02 +6.950148091e+02 +8.040848091e+02 +8.040848091e+02
169 +4.095462181e+02 +4.095462181e+02 +5.186162181e+02 +5.186162181e+02
173 +1.262493897e+02 +1.262493897e+02 +2.353193897e+02 +2.353193897e+02
222 +8.848380332e+01 +8.848380332e+01 +1.975538033e+02 +1.975538033e+02
235 +2.439154634e+01 +2.439154634e+01 +1.334615463e+02 +1.334615463e+02
244 +4.550130025e+00 +4.550130025e+00 +1.136201300e+02 +1.136201300e+02
254 +4.452347129e+00 +4.452347129e+00 +1.135223471e+02 +1.135223471e+02
280 +4.027052647e+00 +4.027052647e+00 +1.130970526e+02 +1.130970526e+02
293 +3.580444471e+00 +3.580444471e+00 +1.126504445e+02 +1.126504445e+02
681 +3.164880523e+00 +3.164880523e+00 +1.122348805e+02 +1.122348805e+02
1121 +3.101155539e+00 +3.101155539e+00 +1.121711555e+02 +1.121711555e+02
1238 +3.084835441e+00 +3.084835441e+00 +1.121548354e+02 +1.121548354e+02
1328 +2.852508257e+00 +2.852508257e+00 +1.119225083e+02 +1.119225083e+02
1383 +2.720513334e+00 +2.720513334e+00 +1.117905133e+02 +1.117905133e+02
1474 +2.655303517e+00 +2.655303517e+00 +1.117253035e+02 +1.117253035e+02
1543 +2.605545257e+00 +2.605545257e+00 +1.116755453e+02 +1.116755453e+02
1544 +2.408895707e+00 +2.408895707e+00 +1.114788957e+02 +1.114788957e+02
1692 +2.393737903e+00 +2.393737903e+00 +1.114637379e+02 +1.114637379e+02
1718 +2.341642099e+00 +2.341642099e+00 +1.114116421e+02 +1.114116421e+02
1766 +2.271116895e+00 +2.271116895e+00 +1.113411169e+02 +1.113411169e+02
1825 +2.223707857e+00 +2.223707857e+00 +1.112937079e+02 +1.112937079e+02
1873 +2.184036598e+00 +2.184036598e+00 +1.112540366e+02 +1.112540366e+02
1895 +2.133476051e+00 +2.133476051e+00 +1.112034761e+02 +1.112034761e+02
1934 +2.086610494e+00 +2.086610494e+00 +1.111566105e+02 +1.111566105e+02
2057 +2.016637488e+00 +2.016637488e+00 +1.110866375e+02 +1.110866375e+02
2094 +1.981355495e+00 +1.981355495e+00 +1.110513555e+02 +1.110513555e+02
2129 +1.921097207e+00 +1.921097207e+00 +1.109910972e+02 +1.109910972e+02
2280 +1.903362565e+00 +1.903362565e+00 +1.109733626e+02 +1.109733626e+02
2559 +1.859279444e+00 +1.859279444e+00 +1.109292794e+02 +1.109292794e+02
4322 +1.819566434e+00 +1.819566434e+00 +1.108895664e+02 +1.108895664e+02
