% function evaluation | noise-free fitness - Fopt (-1.694000000000e+01) | best noise-free fitness - Fopt | measured fitness | best measured fitness | x1 | x2...
1 +2.668714155e+01 +2.668714155e+01 +9.747141552e+00 +9.747141552e+00 +0.0000e+00 +0.0000e+00 +0.0000e+00 +0.0000e+00 +0.0000e+00
2 +1.349440720e+01 +1.349440720e+01 -3.445592804e+00 -3.445592804e+00 +1.0043e-02 +5.0340e-01 -2.0281e-01 +2.8330e-01 -1.6747e-01
11 +1.213474643e+01 +1.213474643e+01 -4.805253572e+00 -4.805253572e+00 +2.7744e-01 +2.9399e-01 -5.5988e-01 +2.1232e-01 -7.5104e-02
14 +1.197653582e+01 +1.197653582e+01 -4.963464180e+00 -4.963464180e+00 +2.1508e-01 +1.5852e-01 -4.3081e-01 +1.5905e-01 -6.9737e-02
15 +9.202641094e+00 +9.202641094e+00 -7.737358906e+00 -7.737358906e+00 +2.7472e-01 +2.6247e-01 -3.2930e-01 +5.7886e-02 +1.5326e-01
26 +8.955651154e+00 +8.955651154e+00 -7.984348846e+00 -7.984348846e+00 +4.8882e-01 +6.1940e-01 -9.4151e-01 +2.6658e-01 +2.6291e-01
29 +6.929395695e+00 +6.929395695e+00 -1.001060431e+01 -1.001060431e+01 +5.9124e-01 +3.6131e-01 -3.1188e-01 -1.6599e-01 +2.8435e-01
58 +5.398824334e+00 +5.398824334e+00 -1.154117567e+01 -1.154117567e+01 +1.1237e+00 -6.1980e-01 -1.8237e+00 -1.9457e-01 -7.5214e-01
73 +4.928188757e+00 +4.928188757e+00 -1.201181124e+01 -1.201181124e+01 +1.2632e+00 +3.0341e-01 -2.0233e+00 -6.9195e-03 +6.2982e-03
93 +4.246178386e+00 +4.246178386e+00 -1.269382161e+01 -1.269382161e+01 +2.0054e+00 -9.0759e-01 -1.4821e+00 -1.5096e-01 +5.7900e-02
103 +4.001134879e+00 +4.001134879e+00 -1.293886512e+01 -1.293886512e+01 +2.4578e+00 +7.3454e-02 -1.8403e+00 -1.3650e-01 +1.5939e-01
146 +3.896617455e+00 +3.896617455e+00 -1.304338254e+01 -1.304338254e+01 +2.5606e+00 +8.4880e-01 -2.0599e+00 -3.7610e-01 +9.6715e-01
147 +2.866235302e+00 +2.866235302e+00 -1.407376470e+01 -1.407376470e+01 +3.0929e+00 +7.0200e-01 -1.8493e+00 -4.7858e-01 +1.3796e-01
194 +2.486227499e+00 +2.486227499e+00 -1.445377250e+01 -1.445377250e+01 +3.1621e+00 +1.1630e+00 -9.7786e-01 -5.1098e-01 +8.3743e-01
197 +1.779540071e+00 +1.779540071e+00 -1.516045993e+01 -1.516045993e+01 +3.2717e+00 +1.5809e+00 -1.4335e+00 -3.3946e-01 +1.2944e+00
206 +1.626813523e+00 +1.626813523e+00 -1.531318648e+01 -1.531318648e+01 +2.9670e+00 +1.2522e+00 -9.3091e-01 -3.3399e-01 +6.7057e-01
344 +1.423787830e+00 +1.423787830e+00 -1.551621217e+01 -1.551621217e+01 +3.0987e+00 +1.1299e+00 -1.5859e+00 -1.9424e-01 +2.3045e-01
429 +1.283089834e+00 +1.283089834e+00 -1.565691017e+01 -1.565691017e+01 +3.0626e+00 +1.2426e+00 -1.6380e+00 -2.5490e-01 +2.8525e-01
455 +1.227539966e+00 +1.227539966e+00 -1.571246003e+01 -1.571246003e+01 +3.2360e+00 +1.2058e+00 -1.4590e+00 -2.4002e-01 +3.9153e-01
502 +9.851010008e-01 +9.851010008e-01 -1.595489900e+01 -1.595489900e+01 +3.2337e+00 +1.2560e+00 -1.4399e+00 -3.5917e-01 +3.7082e-01
522 +9.417018254e-01 +9.417018254e-01 -1.599829817e+01 -1.599829817e+01 +3.2483e+00 +1.3099e+00 -1.4416e+00 -3.2360e-01 +4.1123e-01
546 +8.990799455e-01 +8.990799455e-01 -1.604092005e+01 -1.604092005e+01 +3.2521e+00 +1.2731e+00 -1.4405e+00 -3.2614e-01 +4.2337e-01
549 +7.842148031e-01 +7.842148031e-01 -1.615578520e+01 -1.615578520e+01 +3.2338e+00 +1.2705e+00 -1.4444e+00 -3.4401e-01 +3.9717e-01
776 +7.750001524e-01 +7.750001524e-01 -1.616499985e+01 -1.616499985e+01 +3.2268e+00 +1.2933e+00 -1.4390e+00 -3.6317e-01 +3.9799e-01
1288 +7.584154125e-01 +7.584154125e-01 -1.618158459e+01 -1.618158459e+01 +3.2260e+00 +1.2901e+00 -1.4372e+00 -3.7065e-01 +3.9319e-01
% function evaluation | noise-free fitness - Fopt (1.881000000000e+01) | best noise-free fitness - Fopt | measured fitness | best measured fitness | x1 | x2...
1 +7.554084938e+00 +7.554084938e+00 +2.636408494e+01 +2.636408494e+01 +0.0000e+00 +0.0000e+00 +0.0000e+00 +0.0000e+00 +0.0000e+00
3 +5.782585497e+00 +5.782585497e+00 +2.459258550e+01 +2.459258550e+01 -2.0185e-01 +1.5295e-01 +7.7311e-02 -1.5168e-01 -4.9854e-02
9 +4.559462293e+00 +4.559462293e+00 +2.336946229e+01 +2.336946229e+01 -2.2316e-01 +2.0736e-01 -2.9319e-01 -9.8591e-02 +3.3554e-01
10 +4.411362350e+00 +4.411362350e+00 +2.322136235e+01 +2.322136235e+01 -2.5418e-01 +5.9617e-02 +1.8631e-01 -2.7428e-02 +3.5624e-01
14 +3.297376609e+00 +3.297376609e+00 +2.210737661e+01 +2.210737661e+01 +3.5079e-02 +3.3898e-01 -2.1310e-01 -3.5782e-01 +3.5623e-01
34 +2.290958068e+00 +2.290958068e+00 +2.110095807e+01 +2.110095807e+01 -5.1814e-01 +1.3047e+00 -8.6745e-01 +3.6511e-01 +3.1241e-01
44 +2.031124056e+00 +2.031124056e+00 +2.084112406e+01 +2.084112406e+01 -5.2574e-01 +1.3482e+00 -8.6351e-01 +3.7699e-01 +5.0372e-01
58 +1.221197460e+00 +1.221197460e+00 +2.003119746e+01 +2.003119746e+01 -4.9159e-01 +1.4945e+00 -4.2636e-01 +9.6688e-02 +1.4110e+00
65 +8.134854513e-01 +8.134854513e-01 +1.962348545e+01 +1.962348545e+01 -5.0146e-01 +9.8044e-01 -1.0063e+00 +2.3977e-01 +1.0995e+00
90 +7.637567482e-01 +7.637567482e-01 +1.957375675e+01 +1.957375675e+01 -3.1281e-01 +1.4641e+00 -9.0578e-01 -1.1371e-01 +1.8181e+00
111 +5.541484301e-01 +5.541484301e-01 +1.936414843e+01 +1.936414843e+01 -9.9596e-02 +1.6693e+00 -7.9315e-01 +4.3330e-02 +1.5569e+00
151 +5.296845972e-01 +5.296845972e-01 +1.933968460e+01 +1.933968460e+01 -2.6266e-01 +1.7715e+00 -6.8401e-01 -8.1159e-02 +1.8610e+00
160 +3.423415014e-01 +3.423415014e-01 +1.915234150e+01 +1.915234150e+01 -1.4332e-01 +2.0350e+00 -8.9970e-01 -1.5443e-02 +1.6125e+00
170 +3.310245120e-01 +3.310245120e-01 +1.914102451e+01 +1.914102451e+01 -2.4421e-01 +1.5854e+00 -8.5687e-01 -1.4671e-01 +1.6473e+00
236 +3.161779215e-01 +3.161779215e-01 +1.912617792e+01 +1.912617792e+01 -2.5659e-01 +1.6645e+00 -8.2812e-01 -2.1791e-01 +1.6784e+00
243 +2.659221533e-01 +2.659221533e-01 +1.907592215e+01 +1.907592215e+01 -4.2458e-01 +1.7990e+00 -7.2176e-01 -1.7963e-01 +1.7183e+00
292 +2.548416780e-01 +2.548416780e-01 +1.906484168e+01 +1.906484168e+01 -1.9362e-01 +1.8909e+00 -9.5600e-01 -2.0086e-01 +1.6994e+00
298 +1.563807394e-01 +1.563807394e-01 +1.896638074e+01 +1.896638074e+01 -1.8605e-01 +1.8139e+00 -9.6664e-01 -2.0372e-01 +1.7292e+00
372 +8.574870933e-02 +8.574870933e-02 +1.889574871e+01 +1.889574871e+01 -1.7405e-01 +1.7933e+00 -8.2551e-01 -1.2222e-01 +1.7274e+00
394 +8.059313325e-02 +8.059313325e-02 +1.889059313e+01 +1.889059313e+01 -1.8866e-01 +1.7143e+00 -7.9086e-01 -1.7514e-01 +1.7790e+00
449 +7.892216672e-02 +7.892216672e-02 +1.888892217e+01 +1.888892217e+01 -1.7072e-01 +1.6950e+00 -7.8862e-01 -1.6525e-01 +1.7645e+00
450 +6.524688006e-02 +6.524688006e-02 +1.887524688e+01 +1.887524688e+01 -1.7454e-01 +1.7038e+00 -8.1897e-01 -1.5837e-01 +1.7581e+00
476 +4.587955801e-02 +4.587955801e-02 +1.885587956e+01 +1.885587956e+01 -1.5564e-01 +1.7254e+00 -8.0139e-01 -1.5514e-01 +1.7724e+00
500 +3.963526722e-02 +3.963526722e-02 +1.884963527e+01 +1.884963527e+01 -1.7111e-01 +1.7035e+00 -7.9644e-01 -1.4831e-01 +1.7738e+00
519 +3.338782269e-02 +3.338782269e-02 +1.884338782e+01 +1.884338782e+01 -1.6642e-01 +1.6977e+00 -8.0831e-01 -1.5635e-01 +1.7746e+00
556 +2.963612810e-02 +2.963612810e-02 +1.883963613e+01 +1.883963613e+01 -1.6739e-01 +1.7096e+00 -8.0331e-01 -1.5164e-01 +1.7748e+00
600 +2.936631642e-02 +2.936631642e-02 +1.883936632e+01 +1.883936632e+01 -1.6650e-01 +1.7032e+00 -8.0449e-01 -1.4678e-01 +1.7678e+00
611 +2.376004293e-02 +2.376004293e-02 +1.883376004e+01 +1.883376004e+01 -1.6835e-01 +1.7075e+00 -8.0651e-01 -1.4726e-01 +1.7720e+00
640 +1.908621099e-02 +1.908621099e-02 +1.882908621e+01 +1.882908621e+01 -1.6750e-01 +1.7071e+00 -8.0298e-01 -1.4756e-01 +1.7697e+00
647 +1.854821839e-02 +1.854821839e-02 +1.882854822e+01 +1.882854822e+01 -1.6737e-01 +1.7070e+00 -8.0304e-01 -1.4656e-01 +1.7702e+00
681 +1.711385789e-02 +1.711385789e-02 +1.882711386e+01 +1.882711386e+01 -1.6701e-01 +1.7062e+00 -8.0253e-01 -1.4862e-01 +1.7727e+00
726 +1.692225417e-02 +1.692225417e-02 +1.882692225e+01 +1.882692225e+01 -1.6712e-01 +1.7058e+00 -8.0328e-01 -1.4734e-01 +1.7721e+00
767 +1.613094000e-02 +1.613094000e-02 +1.882613094e+01 +1.882613094e+01 -1.6770e-01 +1.7071e+00 -8.0305e-01 -1.4696e-01 +1.7723e+00
774 +1.491135202e-02 +1.491135202e-02 +1.882491135e+01 +1.882491135e+01 -1.6769e-01 +1.7066e+00 -8.0350e-01 -1.4730e-01 +1.7724e+00
805 +1.435063964e-02 +1.435063964e-02 +1.882435064e+01 +1.882435064e+01 -1.6731e-01 +1.7073e+00 -8.0328e-01 -1.4709e-01 +1.7720e+00
862 +1.387125059e-02 +1.387125059e-02 +1.882387125e+01 +1.882387125e+01 -1.6730e-01 +1.7067e+00 -8.0353e-01 -1.4733e-01 +1.7716e+00
931 +1.265191334e-02 +1.265191334e-02 +1.882265191e+01 +1.882265191e+01 -1.6743e-01 +1.7072e+00 -8.0340e-01 -1.4658e-01 +1.7712e+00
938 +1.235919827e-02 +1.235919827e-02 +1.882235920e+01 +1.882235920e+01 -1.6758e-01 +1.7071e+00 -8.0356e-01 -1.4646e-01 +1.7711e+00
984 +1.210785956e-02 +1.210785956e-02 +1.882210786e+01 +1.882210786e+01 -1.6751e-01 +1.7073e+00 -8.0340e-01 -1.4631e-01 +1.7710e+00
1064 +1.196525131e-02 +1.196525131e-02 +1.882196525e+01 +1.882196525e+01 -1.6757e-01 +1.7074e+00 -8.0355e-01 -1.4625e-01 +1.7710e+00
1144 +1.112837392e-02 +1.112837392e-02 +1.882112837e+01 +1.882112837e+01 -1.6752e-01 +1.7074e+00 -8.0350e-01 -1.4634e-01 +1.7709e+00
1320 +1.088621885e-02 +1.088621885e-02 +1.882088622e+01 +1.882088622e+01 -1.6750e-01 +1.7073e+00 -8.0352e-01 -1.4638e-01 +1.7709e+00
1379 +1.067272193e-02 +1.067272193e-02 +1.882067272e+01 +1.882067272e+01 -1.6751e-01 +1.7073e+00 -8.0350e-01 -1.4638e-01 +1.7710e+00
1445 +1.042736165e-02 +1.042736165e-02 +1.882042736e+01 +1.882042736e+01 -1.6750e-01 +1.7073e+00 -8.0350e-01 -1.4639e-01 +1.7710e+00
1547 +1.018376821e-02 +1.018376821e-02 +1.882018377e+01 +1.882018377e+01 -1.6750e-01 +1.7073e+00 -8.0351e-01 -1.4639e-01 +1.7710e+00
% function evaluation | noise-free fitness - Fopt (2.731500000000e+02) | best noise-free fitness - Fopt | measured fitness | best measured fitness | x1 | x2...
1 +1.688902988e+01 +1.688902988e+01 +2.900390299e+02 +2.900390299e+02 +0.0000e+00 +0.0000e+00 +0.0000e+00 +0.0000e+00 +0.0000e+00
4 +1.430976813e+01 +1.430976813e+01 +2.874597681e+02 +2.874597681e+02 +1.6953e-01 -2.6940e-01 -1.4211e-01 +5.3084e-01 +2.1305e-01
12 +1.096005913e+01 +1.096005913e+01 +2.841100591e+02 +2.841100591e+02 -1.3049e-01 +9.7301e-02 +1.4471e-01 +5.9141e-02 +2.2531e-01
18 +1.026933705e+01 +1.026933705e+01 +2.834193370e+02 +2.834193370e+02 +8.3561e-02 -6.5406e-02 +4.0445e-01 +2.6541e-01 +2.6966e-01
21 +1.005294272e+01 +1.005294272e+01 +2.832029427e+02 +2.832029427e+02 -1.2612e-01 +2.2219e-01 -2.0392e-01 +5.0863e-01 +1.9313e-01
22 +9.917456736e+00 +9.917456736e+00 +2.830674567e+02 +2.830674567e+02 -7.1698e-02 -4.0803e-02 +2.2470e-01 +3.1956e-01 +3.3766e-01
24 +9.001059036e+00 +9.001059036e+00 +2.821510590e+02 +2.821510590e+02 -8.1684e-02 +2.8385e-01 -2.6544e-01 +3.8374e-01 +9.7996e-02
31 +6.678875196e+00 +6.678875196e+00 +2.798288752e+02 +2.798288752e+02 -1.7631e-01 +5.0142e-01 -6.5193e-02 +2.8267e-01 +7.1733e-02
148 +6.520783538e+00 +6.520783538e+00 +2.796707835e+02 +2.796707835e+02 +1.6469e-02 +3.8091e-03 -5.4435e-01 +5.9945e-01 +8.8577e-02
154 +6.233336036e+00 +6.233336036e+00 +2.793833360e+02 +2.793833360e+02 +2.1075e-02 +7.9664e-02 -5.8775e-01 +5.5364e-01 +1.3802e-01
186 +6.096441246e+00 +6.096441246e+00 +2.792464412e+02 +2.792464412e+02 -3.0259e-02 +4.5234e-02 -6.2768e-01 +6.2114e-01 +1.2505e-01
% function evaluation | noise-free fitness - Fopt (3.718000000000e+01) | best noise-free fitness - Fopt | measured fitness | best measured fitness | x1 | x2...
1 +3.440707979e+01 +3.440707979e+01 +7.158707979e+01 +7.158707979e+01 +0.0000e+00 +0.0000e+00 +0.0000e+00 +0.0000e+00 +0.0000e+00
2 +3.152251162e+01 +3.152251162e+01 +6.870251162e+01 +6.870251162e+01 -4.2191e-01 -5.6844e-02 +1.0178e-01 -6.0660e-02 -2.2770e-02
5 +1.841296439e+01 +1.841296439e+01 +5.559296439e+01 +5.559296439e+01 -1.1251e-01 -2.3170e-01 -1.0625e-01 -1.1741e-01 +1.3163e-01
41 +1.807347295e+01 +1.807347295e+01 +5.525347295e+01 +5.525347295e+01 -4.5583e-01 -7.6935e-01 -2.4276e-02 -4.0453e-03 +1.6413e-01
59 +1.766698096e+01 +1.766698096e+01 +5.484698096e+01 +5.484698096e+01 -3.7955e-01 -5.5062e-01 +8.4856e-02 +3.7449e-01 -1.2874e-01
100 +1.488755706e+01 +1.488755706e+01 +5.206755706e+01 +5.206755706e+01 -7.2796e-01 -9.7724e-01 -1.5612e-01 -2.7482e-01 -8.0175e-01
174 +1.348529280e+01 +1.348529280e+01 +5.066529280e+01 +5.066529280e+01 -7.1175e-01 -3.2747e-01 +2.3845e-01 -2.5126e-01 -1.8452e+00
182 +1.238582148e+01 +1.238582148e+01 +4.956582148e+01 +4.956582148e+01 -1.1203e+00 -7.1506e-01 +7.3347e-01 -1.1602e-01 -1.1399e+00
183 +1.006687180e+01 +1.006687180e+01 +4.724687180e+01 +4.724687180e+01 -3.2908e-01 +5.8735e-02 +5.8987e-01 -3.2431e-01 -1.5883e+00
206 +9.479736622e+00 +9.479736622e+00 +4.665973662e+01 +4.665973662e+01 -6.2960e-01 +1.5550e-01 +2.0061e+00 -2.6640e-02 -1.8545e+00
220 +7.957032763e+00 +7.957032763e+00 +4.513703276e+01 +4.513703276e+01 -9.8542e-01 +1.0293e+00 +2.0664e+00 +4.4191e-01 -1.5563e+00
232 +5.924353963e+00 +5.924353963e+00 +4.310435396e+01 +4.310435396e+01 -1.0633e+00 +8.7463e-01 +2.6370e+00 +1.0006e-01 -1.9990e+00
240 +4.294502437e+00 +4.294502437e+00 +4.147450244e+01 +4.147450244e+01 -5.9247e-01 -2.1668e-01 +3.0854e+00 +3.5597e-01 -1.9491e+00
249 +3.093165014e+00 +3.093165014e+00 +4.027316501e+01 +4.027316501e+01 -5.0474e-01 +7.2854e-01 +4.8405e+00 +2.8251e-01 -2.2518e+00
284 +1.610359431e+00 +1.610359431e+00 +3.879035943e+01 +3.879035943e+01 -1.2730e+00 +1.1626e+00 +4.8398e+00 +8.3753e-01 -2.3853e+00
341 +1.553412478e+00 +1.553412478e+00 +3.873341248e+01 +3.873341248e+01 -2.2206e+00 +1.4833e+00 +3.5902e+00 +1.1583e+00 -3.0160e+00
371 +1.407512913e+00 +1.407512913e+00 +3.858751291e+01 +3.858751291e+01 -2.4827e+00 +1.5753e+00 +3.0457e+00 +1.5532e+00 -3.3826e+00
386 +1.340821940e+00 +1.340821940e+00 +3.852082194e+01 +3.852082194e+01 -3.2133e+00 +1.3275e+00 +2.7440e+00 +1.2543e+00 -3.2797e+00
390 +8.816834624e-01 +8.816834624e-01 +3.806168346e+01 +3.806168346e+01 -3.8835e+00 +2.1721e+00 +1.8410e+00 +1.6209e+00 -3.7067e+00
436 +7.970052715e-01 +7.970052715e-01 +3.797700527e+01 +3.797700527e+01 -3.0777e+00 +1.8095e+00 +3.0214e+00 +1.3441e+00 -2.9596e+00
496 +4.403043305e-01 +4.403043305e-01 +3.762030433e+01 +3.762030433e+01 -3.8079e+00 +2.0143e+00 +1.7934e+00 +1.6474e+00 -3.3364e+00
541 +4.262112466e-01 +4.262112466e-01 +3.760621125e+01 +3.760621125e+01 -3.6585e+00 +2.0846e+00 +2.1211e+00 +1.3845e+00 -3.4896e+00
578 +3.132251297e-01 +3.132251297e-01 +3.749322513e+01 +3.749322513e+01 -3.7187e+00 +2.0740e+00 +2.4568e+00 +1.4277e+00 -3.3845e+00
591 +2.200000410e-01 +2.200000410e-01 +3.740000004e+01 +3.740000004e+01 -3.7020e+00 +2.0579e+00 +2.3086e+00 +1.4844e+00 -3.4368e+00
629 +1.446080362e-01 +1.446080362e-01 +3.732460804e+01 +3.732460804e+01 -3.7803e+00 +2.1311e+00 +2.3436e+00 +1.5056e+00 -3.4516e+00
697 +1.092537705e-01 +1.092537705e-01 +3.728925377e+01 +3.728925377e+01 -3.7981e+00 +2.1050e+00 +2.2334e+00 +1.5265e+00 -3.4978e+00
718 +7.865042076e-02 +7.865042076e-02 +3.725865042e+01 +3.725865042e+01 -3.7660e+00 +2.0694e+00 +2.2378e+00 +1.5500e+00 -3.4579e+00
785 +6.519229564e-02 +6.519229564e-02 +3.724519230e+01 +3.724519230e+01 -3.8149e+00 +2.0562e+00 +2.1471e+00 +1.5737e+00 -3.4952e+00
832 +6.326355751e-02 +6.326355751e-02 +3.724326356e+01 +3.724326356e+01 -3.8227e+00 +2.0721e+00 +2.1637e+00 +1.5879e+00 -3.5002e+00
855 +5.959526287e-02 +5.959526287e-02 +3.723959526e+01 +3.723959526e+01 -3.8551e+00 +2.0582e+00 +2.1332e+00 +1.5851e+00 -3.5207e+00
878 +5.843992224e-02 +5.843992224e-02 +3.723843992e+01 +3.723843992e+01 -3.8506e+00 +2.0672e+00 +2.1281e+00 +1.5917e+00 -3.5080e+00
882 +5.247869865e-02 +5.247869865e-02 +3.723247870e+01 +3.723247870e+01 -3.8520e+00 +2.0559e+00 +2.1200e+00 +1.5880e+00 -3.4953e+00
898 +4.831199595e-02 +4.831199595e-02 +3.722831200e+01 +3.722831200e+01 -3.8594e+00 +2.0691e+00 +2.1277e+00 +1.5882e+00 -3.5162e+00
909 +3.253876983e-02 +3.253876983e-02 +3.721253877e+01 +3.721253877e+01 -3.8807e+00 +2.0543e+00 +2.0861e+00 +1.5924e+00 -3.5207e+00
951 +2.955718117e-02 +2.955718117e-02 +3.720955718e+01 +3.720955718e+01 -3.8740e+00 +2.0636e+00 +2.0832e+00 +1.5988e+00 -3.5198e+00
986 +2.391173253e-02 +2.391173253e-02 +3.720391173e+01 +3.720391173e+01 -3.8681e+00 +2.0475e+00 +2.0754e+00 +1.6011e+00 -3.5233e+00
988 +1.866830755e-02 +1.866830755e-02 +3.719866831e+01 +3.719866831e+01 -3.8718e+00 +2.0688e+00 +2.0859e+00 +1.5967e+00 -3.5189e+00
1033 +1.832148368e-02 +1.832148368e-02 +3.719832148e+01 +3.719832148e+01 -3.8655e+00 +2.0566e+00 +2.0857e+00 +1.5962e+00 -3.5212e+00
1040 +1.552931292e-02 +1.552931292e-02 +3.719552931e+01 +3.719552931e+01 -3.8644e+00 +2.0519e+00 +2.0824e+00 +1.5979e+00 -3.5173e+00
1054 +1.515297949e-02 +1.515297949e-02 +3.719515298e+01 +3.719515298e+01 -3.8694e+00 +2.0583e+00 +2.0861e+00 +1.5961e+00 -3.5201e+00
1056 +1.307086356e-02 +1.307086356e-02 +3.719307086e+01 +3.719307086e+01 -3.8675e+00 +2.0548e+00 +2.0839e+00 +1.5966e+00 -3.5201e+00
1064 +1.257183322e-02 +1.257183322e-02 +3.719257183e+01 +3.719257183e+01 -3.8680e+00 +2.0543e+00 +2.0821e+00 +1.5959e+00 -3.5191e+00
1069 +9.103683320e-03 +9.103683320e-03 +3.718910368e+01 +3.718910368e+01 -3.8663e+00 +2.0560e+00 +2.0841e+00 +1.5972e+00 -3.5183e+00
1090 +8.860096813e-03 +8.860096813e-03 +3.718886010e+01 +3.718886010e+01 -3.8690e+00 +2.0579e+00 +2.0844e+00 +1.5968e+00 -3.5191e+00
1110 +8.497505334e-03 +8.497505334e-03 +3.718849751e+01 +3.718849751e+01 -3.8685e+00 +2.0576e+00 +2.0856e+00 +1.5961e+00 -3.5180e+00
1124 +7.693760551e-03 +7.693760551e-03 +3.718769376e+01 +3.718769376e+01 -3.8685e+00 +2.0560e+00 +2.0827e+00 +1.5964e+00 -3.5188e+00
1149 +6.902656821e-03 +6.902656821e-03 +3.718690266e+01 +3.718690266e+01 -3.8683e+00 +2.0558e+00 +2.0836e+00 +1.5962e+00 -3.5182e+00
1182 +6.357486664e-03 +6.357486664e-03 +3.718635749e+01 +3.718635749e+01 -3.8677e+00 +2.0553e+00 +2.0840e+00 +1.5964e+00 -3.5181e+00
1187 +6.152310282e-03 +6.152310282e-03 +3.718615231e+01 +3.718615231e+01 -3.8671e+00 +2.0550e+00 +2.0840e+00 +1.5965e+00 -3.5180e+00
1265 +5.180904105e-03 +5.180904105e-03 +3.718518090e+01 +3.718518090e+01 -3.8674e+00 +2.0558e+00 +2.0845e+00 +1.5963e+00 -3.5180e+00
1281 +4.992904609e-03 +4.992904609e-03 +3.718499290e+01 +3.718499290e+01 -3.8674e+00 +2.0557e+00 +2.0844e+00 +1.5963e+00 -3.5180e+00
1422 +4.878091421e-03 +4.878091421e-03 +3.718487809e+01 +3.718487809e+01 -3.8677e+00 +2.0555e+00 +2.0841e+00 +1.5962e+00 -3.5180e+00
% function evaluation | noise-free fitness - Fopt (-1.479000000000e+02) | best noise-free fitness - Fopt | measured fitness | best measured fitness | x1 | x2...
1 +1.645177782e+01 +1.645177782e+01 -1.314482222e+02 -1.314482222e+02 +0.0000e+00 +0.0000e+00 +0.0000e+00 +0.0000e+00 +0.0000e+00
2 +1.482599212e+01 +1.482599212e+01 -1.330740079e+02 -1.330740079e+02 -2.4011e-01 +9.0545e-02 -2.1145e-01 -1.8878e-01 +7.6556e-02
4 +8.654172939e+00 +8.654172939e+00 -1.392458271e+02 -1.392458271e+02 +2.0083e-01 -2.1422e-01 +5.0380e-02 +9.3363e-02 +3.8578e-01
15 +7.806453371e+00 +7.806453371e+00 -1.400935466e+02 -1.400935466e+02 -4.2997e-01 -2.7327e-01 +9.6920e-03 +7.0392e-02 +1.1112e-01
22 +6.958879181e+00 +6.958879181e+00 -1.409411208e+02 -1.409411208e+02 -4.8939e-01 -3.8787e-01 -1.0465e-01 -7.9672e-02 +1.4497e-01
33 +6.707169823e+00 +6.707169823e+00 -1.411928302e+02 -1.411928302e+02 -5.9881e-01 -1.5998e-01 -2.3062e-01 -1.7383e-01 +1.6733e-01
36 +6.388768327e+00 +6.388768327e+00 -1.415112317e+02 -1.415112317e+02 -5.2347e-01 -2.3114e-01 +9.1945e-02 -5.1630e-01 +3.9515e-01
45 +6.001267466e+00 +6.001267466e+00 -1.418987325e+02 -1.418987325e+02 -4.5824e-01 -5.9980e-01 -1.3919e-01 -1.8237e-01 -4.5043e-02
49 +5.560983669e+00 +5.560983669e+00 -1.423390163e+02 -1.423390163e+02 -4.7902e-01 -4.0708e-01 +1.6434e-02 -1.9551e-01 +8.9890e-02
91 +4.743646141e+00 +4.743646141e+00 -1.431563539e+02 -1.431563539e+02 -1.0606e+00 -3.2560e-02 +4.3455e-01 -5.1177e-01 -8.3970e-01
118 +4.143587351e+00 +4.143587351e+00 -1.437564126e+02 -1.437564126e+02 -8.2003e-01 +1.9697e-01 +3.5106e-01 -4.2499e-01 -1.5509e+00
122 +2.679344267e+00 +2.679344267e+00 -1.452206557e+02 -1.452206557e+02 -1.3850e+00 -4.2203e-01 +1.0876e+00 -1.1679e+00 -1.8732e+00
142 +2.465808116e+00 +2.465808116e+00 -1.454341919e+02 -1.454341919e+02 -1.2303e+00 -5.2095e-01 +2.3693e+00 -2.9235e+00 -2.6549e+00
146 +1.816093559e+00 +1.816093559e+00 -1.460839064e+02 -1.460839064e+02 -1.4632e+00 -5.0136e-01 +2.3128e+00 -1.6026e+00 -2.1363e+00
170 +1.771357348e+00 +1.771357348e+00 -1.461286427e+02 -1.461286427e+02 -2.5161e+00 +7.2280e-01 +9.6199e-01 -1.3959e+00 -2.2304e+00
176 +1.668984316e+00 +1.668984316e+00 -1.462310157e+02 -1.462310157e+02 -1.5085e+00 -1.2917e-01 +6.4679e-01 -1.4713e+00 -3.4320e+00
188 +1.137639889e+00 +1.137639889e+00 -1.467623601e+02 -1.467623601e+02 -1.6543e+00 +2.7551e-01 +1.3157e+00 -2.4130e+00 -3.1488e+00
208 +1.097629071e+00 +1.097629071e+00 -1.468023709e+02 -1.468023709e+02 -1.9605e+00 +2.8331e-01 +7.0069e-01 -2.0053e+00 -2.9619e+00
213 +7.634942084e-01 +7.634942084e-01 -1.471365058e+02 -1.471365058e+02 -2.1447e+00 +1.9925e-01 +1.1601e+00 -1.6139e+00 -2.9479e+00
215 +5.665849463e-01 +5.665849463e-01 -1.473334151e+02 -1.473334151e+02 -1.4616e+00 -1.0962e-01 +1.4145e+00 -1.9201e+00 -3.2603e+00
248 +5.571791416e-01 +5.571791416e-01 -1.473428209e+02 -1.473428209e+02 -1.6656e+00 -3.2607e-01 +1.2363e+00 -1.7116e+00 -3.2799e+00
269 +4.830978159e-01 +4.830978159e-01 -1.474169022e+02 -1.474169022e+02 -1.6081e+00 -9.4678e-02 +1.2525e+00 -1.7945e+00 -3.2032e+00
307 +3.817438712e-01 +3.817438712e-01 -1.475182561e+02 -1.475182561e+02 -1.9873e+00 +5.0385e-02 +1.3485e+00 -2.0952e+00 -3.1751e+00
326 +2.032242004e-01 +2.032242004e-01 -1.476967758e+02 -1.476967758e+02 -1.7025e+00 +1.8573e-01 +1.1526e+00 -2.0718e+00 -3.1596e+00
446 +1.744515128e-01 +1.744515128e-01 -1.477255485e+02 -1.477255485e+02 -1.7458e+00 +7.5017e-02 +1.1667e+00 -1.9784e+00 -3.0869e+00
460 +1.156955816e-01 +1.156955816e-01 -1.477843044e+02 -1.477843044e+02 -1.6737e+00 +1.6267e-01 +1.0920e+00 -2.0045e+00 -3.0989e+00
475 +9.582074970e-02 +9.582074970e-02 -1.478041793e+02 -1.478041793e+02 -1.6507e+00 +1.2572e-01 +1.0862e+00 -2.0922e+00 -3.1520e+00
476 +7.723693445e-02 +7.723693445e-02 -1.478227631e+02 -1.478227631e+02 -1.6526e+00 +9.4483e-02 +1.1486e+00 -1.9876e+00 -3.0949e+00
571 +7.320997336e-02 +7.320997336e-02 -1.478267900e+02 -1.478267900e+02 -1.6800e+00 +1.3450e-01 +1.0811e+00 -2.0415e+00 -3.1103e+00
576 +6.651286248e-02 +6.651286248e-02 -1.478334871e+02 -1.478334871e+02 -1.6760e+00 +1.4652e-01 +1.1278e+00 -2.0571e+00 -3.1459e+00
598 +2.477478856e-02 +2.477478856e-02 -1.478752252e+02 -1.478752252e+02 -1.6661e+00 +1.4633e-01 +1.1219e+00 -2.0276e+00 -3.1186e+00
667 +2.189645594e-02 +2.189645594e-02 -1.478781035e+02 -1.478781035e+02 -1.6749e+00 +1.3239e-01 +1.1192e+00 -2.0147e+00 -3.1279e+00
695 +2.125231779e-02 +2.125231779e-02 -1.478787477e+02 -1.478787477e+02 -1.6707e+00 +1.4032e-01 +1.1331e+00 -2.0251e+00 -3.1233e+00
713 +1.826451756e-02 +1.826451756e-02 -1.478817355e+02 -1.478817355e+02 -1.6671e+00 +1.3554e-01 +1.1289e+00 -2.0207e+00 -3.1169e+00
727 +1.579773885e-02 +1.579773885e-02 -1.478842023e+02 -1.478842023e+02 -1.6621e+00 +1.3013e-01 +1.1395e+00 -2.0242e+00 -3.1158e+00
729 +7.918966287e-03 +7.918966287e-03 -1.478920810e+02 -1.478920810e+02 -1.6632e+00 +1.3582e-01 +1.1371e+00 -2.0231e+00 -3.1192e+00
848 +7.228377431e-03 +7.228377431e-03 -1.478927716e+02 -1.478927716e+02 -1.6695e+00 +1.4116e-01 +1.1266e+00 -2.0221e+00 -3.1174e+00
857 +6.684497108e-03 +6.684497108e-03 -1.478933155e+02 -1.478933155e+02 -1.6690e+00 +1.4179e-01 +1.1254e+00 -2.0204e+00 -3.1162e+00
864 +6.011876702e-03 +6.011876702e-03 -1.478939881e+02 -1.478939881e+02 -1.6693e+00 +1.4208e-01 +1.1269e+00 -2.0212e+00 -3.1173e+00
865 +4.647415339e-03 +4.647415339e-03 -1.478953526e+02 -1.478953526e+02 -1.6694e+00 +1.4077e-01 +1.1263e+00 -2.0216e+00 -3.1171e+00
869 +4.187743541e-03 +4.187743541e-03 -1.478958123e+02 -1.478958123e+02 -1.6703e+00 +1.4176e-01 +1.1251e+00 -2.0208e+00 -3.1171e+00
877 +3.947320103e-03 +3.947320103e-03 -1.478960527e+02 -1.478960527e+02 -1.6700e+00 +1.4096e-01 +1.1249e+00 -2.0213e+00 -3.1172e+00
958 +3.494716483e-03 +3.494716483e-03 -1.478965053e+02 -1.478965053e+02 -1.6704e+00 +1.4140e-01 +1.1244e+00 -2.0202e+00 -3.1160e+00
986 +3.335923637e-03 +3.335923637e-03 -1.478966641e+02 -1.478966641e+02 -1.6708e+00 +1.4159e-01 +1.1243e+00 -2.0203e+00 -3.1164e+00
999 +2.815036477e-03 +2.815036477e-03 -1.478971850e+02 -1.478971850e+02 -1.6706e+00 +1.4123e-01 +1.1242e+00 -2.0210e+00 -3.1163e+00
1002 +2.476248172e-03 +2.476248172e-03 -1.478975238e+02 -1.478975238e+02 -1.6706e+00 +1.4169e-01 +1.1245e+00 -2.0203e+00 -3.1162e+00
1044 +2.344131635e-03 +2.344131635e-03 -1.478976559e+02 -1.478976559e+02 -1.6707e+00 +1.4134e-01 +1.1245e+00 -2.0205e+00 -3.1162e+00
1132 +2.267718479e-03 +2.267718479e-03 -1.478977323e+02 -1.478977323e+02 -1.6706e+00 +1.4144e-01 +1.1248e+00 -2.0204e+00 -3.1160e+00
% function evaluation | noise-free fitness - Fopt (2.173800000000e+02) | best noise-free fitness - Fopt | measured fitness | best measured fitness | x1 | x2...
1 +3.103060749e+01 +3.103060749e+01 +2.484106075e+02 +2.484106075e+02 +0.0000e+00 +0.0000e+00 +0.0000e+00 +0.0000e+00 +0.0000e+00
2 +2.833747414e+01 +2.833747414e+01 +2.457174741e+02 +2.457174741e+02 -3.6352e-01 +6.5287e-02 +1.0917e-01 +3.6515e-02 -1.1864e-02
4 +2.440876827e+01 +2.440876827e+01 +2.417887683e+02 +2.417887683e+02 +5.5357e-02 +6.9867e-02 -2.5167e-01 -2.1972e-01 -4.2445e-02
11 +2.364524003e+01 +2.364524003e+01 +2.410252400e+02 +2.410252400e+02 -2.5265e-01 +1.6653e-01 -2.6199e-01 -1.0809e-01 +1.5102e-01
14 +1.909853762e+01 +1.909853762e+01 +2.364785376e+02 +2.364785376e+02 +9.1397e-03 +1.5737e-01 +7.9566e-02 +8.2411e-02 +1.3334e-01
23 +1.821191836e+01 +1.821191836e+01 +2.355919184e+02 +2.355919184e+02 +8.5746e-02 -3.3076e-02 +1.9581e-01 -3.0567e-01 -1.5899e-01
34 +1.735065084e+01 +1.735065084e+01 +2.347306508e+02 +2.347306508e+02 +8.6521e-02 +3.8486e-02 +7.0509e-02 -1.2827e-01 +1.0689e-01
42 +1.602458724e+01 +1.602458724e+01 +2.334045872e+02 +2.334045872e+02 +8.3054e-02 -3.9313e-03 +1.2679e-01 -4.6734e-02 +1.6456e-01
88 +1.479670960e+01 +1.479670960e+01 +2.321767096e+02 +2.321767096e+02 +1.0556e-01 -7.1697e-02 +2.1073e-01 -1.5791e-01 +1.9226e-01
91 +1.429527509e+01 +1.429527509e+01 +2.316752751e+02 +2.316752751e+02 +7.0348e-02 -1.3526e-01 +2.8025e-01 -1.2427e-01 +3.6366e-01
110 +1.391927297e+01 +1.391927297e+01 +2.312992730e+02 +2.312992730e+02 +3.7418e-02 -1.0920e-01 +3.3778e-01 -1.6178e-01 +2.0351e-01
214 +1.365411058e+01 +1.365411058e+01 +2.310341106e+02 +2.310341106e+02 -1.3614e-01 -1.1319e-01 +5.0961e-01 -1.6194e-01 +1.1411e-01
408 +1.348751309e+01 +1.348751309e+01 +2.308675131e+02 +2.308675131e+02 -7.1913e-02 -1.4527e-01 +5.0984e-01 -2.0060e-01 +1.2630e-01
% function evaluation | noise-free fitness - Fopt (1.946900000000e+02) | best noise-free fitness - Fopt | measured fitness | best measured fitness | x1 | x2...
1 +1.106864820e+01 +1.106864820e+01 +2.057586482e+02 +2.057586482e+02 +0.0000e+00 +0.0000e+00 +0.0000e+00 +0.0000e+00 +0.0000e+00
10 +1.059331273e+01 +1.059331273e+01 +2.052833127e+02 +2.052833127e+02 +2.1013e-01 -2.7213e-01 -3.7336e-01 -1.2729e-01 +2.1527e-01
14 +8.819674735e+00 +8.819674735e+00 +2.035096747e+02 +2.035096747e+02 +4.4466e-03 -9.9960e-02 -2.3948e-02 -2.9052e-01 -2.1459e-02
49 +8.635479260e+00 +8.635479260e+00 +2.033254793e+02 +2.033254793e+02 +6.1601e-01 -3.8889e-01 +2.7515e-01 +8.0333e-02 +6.6686e-01
209 +8.442990935e+00 +8.442990935e+00 +2.031329909e+02 +2.031329909e+02 +5.6441e-01 -4.9759e-01 +1.3683e-01 -2.0257e-01 +6.9158e-03
216 +8.024350119e+00 +8.024350119e+00 +2.027143501e+02 +2.027143501e+02 +6.0749e-01 -4.8602e-01 +2.1144e-01 -2.3336e-01 +4.5252e-02
226 +7.661792259e+00 +7.661792259e+00 +2.023517923e+02 +2.023517923e+02 +6.4584e-01 -4.8497e-01 +2.4986e-01 -2.6562e-01 +1.5789e-01
% function evaluation | noise-free fitness - Fopt (-9.443000000000e+01) | best noise-free fitness - Fopt | measured fitness | best measured fitness | x1 | x2...
1 +8.201880241e+00 +8.201880241e+00 -8.622811976e+01 -8.622811976e+01 +0.0000e+00 +0.0000e+00 +0.0000e+00 +0.0000e+00 +0.0000e+00
2 +7.301846438e+00 +7.301846438e+00 -8.712815356e+01 -8.712815356e+01 -1.2821e-01 -3.9884e-02 -5.3912e-02 -1.6805e-02 -1.4393e-01
4 +5.595849020e+00 +5.595849020e+00 -8.883415098e+01 -8.883415098e+01 +5.0917e-03 +2.8373e-02 +6.8241e-01 +1.4386e-01 -6.4638e-02
32 +5.201824984e+00 +5.201824984e+00 -8.922817502e+01 -8.922817502e+01 -9.7602e-02 +1.4074e-01 +1.0336e+00 +2.0921e-01 -2.7004e-01
37 +4.729498790e+00 +4.729498790e+00 -8.970050121e+01 -8.970050121e+01 +7.1532e-02 +2.6486e-02 +1.4066e+00 +4.8554e-01 +1.3258e-01
42 +2.630522980e+00 +2.630522980e+00 -9.179947702e+01 -9.179947702e+01 -6.5053e-01 -3.8404e-02 +2.2088e+00 +6.1050e-01 +1.3604e-01
47 +2.599392290e+00 +2.599392290e+00 -9.183060771e+01 -9.183060771e+01 +2.9658e-01 +5.0983e-01 +1.5391e+00 +1.1180e+00 +4.1926e-01
51 +1.902664345e+00 +1.902664345e+00 -9.252733566e+01 -9.252733566e+01 -3.9719e-01 -4.6736e-01 +2.1171e+00 +1.3406e+00 -1.9785e-01
63 +1.212996327e+00 +1.212996327e+00 -9.321700367e+01 -9.321700367e+01 -2.5186e-01 +3.9158e-02 +2.6480e+00 +2.7675e+00 +5.0456e-01
65 +8.388604467e-01 +8.388604467e-01 -9.359113955e+01 -9.359113955e+01 +1.6234e-01 +2.5444e-01 +2.5143e+00 +1.7555e+00 +5.1036e-01
171 +8.231560731e-01 +8.231560731e-01 -9.360684393e+01 -9.360684393e+01 -2.4258e-02 +4.8380e-01 +2.6893e+00 +1.4308e+00 -1.5865e-01
184 +6.924790884e-01 +6.924790884e-01 -9.373752091e+01 -9.373752091e+01 -1.7885e-01 +7.0114e-01 +2.3122e+00 +1.6679e+00 +1.8553e-01
190 +6.706057303e-01 +6.706057303e-01 -9.375939427e+01 -9.375939427e+01 +9.2135e-02 +7.8032e-01 +2.3065e+00 +1.9648e+00 +7.2996e-03
224 +5.632753848e-01 +5.632753848e-01 -9.386672462e+01 -9.386672462e+01 +1.5023e-01 +7.0698e-01 +2.4356e+00 +1.5956e+00 -8.1993e-02
278 +3.038628951e-01 +3.038628951e-01 -9.412613710e+01 -9.412613710e+01 +3.4033e-02 +6.1894e-01 +2.4519e+00 +1.6869e+00 +3.7792e-03
459 +2.885830325e-01 +2.885830325e-01 -9.414141697e+01 -9.414141697e+01 +3.9450e-02 +6.2276e-01 +2.4670e+00 +1.6821e+00 +1.7862e-02
473 +2.460610039e-01 +2.460610039e-01 -9.418393900e+01 -9.418393900e+01 +4.4079e-02 +6.3576e-01 +2.4786e+00 +1.7212e+00 +1.6034e-02
507 +2.253060329e-01 +2.253060329e-01 -9.420469397e+01 -9.420469397e+01 +5.7037e-02 +6.4055e-01 +2.4672e+00 +1.7169e+00 +1.3283e-02
530 +2.029638263e-01 +2.029638263e-01 -9.422703617e+01 -9.422703617e+01 +6.1331e-02 +6.3224e-01 +2.4747e+00 +1.7139e+00 +8.8218e-03
602 +1.951752052e-01 +1.951752052e-01 -9.423482479e+01 -9.423482479e+01 +6.4030e-02 +6.3447e-01 +2.4809e+00 +1.7152e+00 +3.6953e-03
619 +1.933976928e-01 +1.933976928e-01 -9.423660231e+01 -9.423660231e+01 +6.7078e-02 +6.3725e-01 +2.4758e+00 +1.7173e+00 +5.3905e-03
668 +1.905245601e-01 +1.905245601e-01 -9.423947544e+01 -9.423947544e+01 +5.8620e-02 +6.3470e-01 +2.4751e+00 +1.7184e+00 +1.4314e-02
726 +1.791471215e-01 +1.791471215e-01 -9.425085288e+01 -9.425085288e+01 +5.8753e-02 +6.3496e-01 +2.4782e+00 +1.7176e+00 +1.2226e-02
767 +1.700460974e-01 +1.700460974e-01 -9.425995390e+01 -9.425995390e+01 +6.0103e-02 +6.3061e-01 +2.4782e+00 +1.7189e+00 +1.1890e-02
779 +1.695745062e-01 +1.695745062e-01 -9.426042549e+01 -9.426042549e+01 +6.1136e-02 +6.3019e-01 +2.4768e+00 +1.7184e+00 +1.0219e-02
950 +1.658435530e-01 +1.658435530e-01 -9.426415645e+01 -9.426415645e+01 +6.3358e-02 +6.3337e-01 +2.4769e+00 +1.7167e+00 +9.0155e-03
1065 +1.614659918e-01 +1.614659918e-01 -9.426853401e+01 -9.426853401e+01 +6.2549e-02 +6.3123e-01 +2.4775e+00 +1.7176e+00 +9.7987e-03
1240 +1.582268187e-01 +1.582268187e-01 -9.427177318e+01 -9.427177318e+01 +6.2465e-02 +6.3153e-01 +2.4775e+00 +1.7177e+00 +1.0030e-02
% function evaluation | noise-free fitness - Fopt (-1.213000000000e+02) | best noise-free fitness - Fopt | measured fitness | best measured fitness | x1 | x2...
1 +1.767693430e+01 +1.767693430e+01 -1.036230657e+02 -1.036230657e+02 +0.0000e+00 +0.0000e+00 +0.0000e+00 +0.0000e+00 +0.0000e+00
2 +1.587982001e+01 +1.587982001e+01 -1.054201800e+02 -1.054201800e+02 -2.9644e-01 -1.5634e-01 -1.1597e-01 -2.3245e-01 +1.8861e-02
5 +9.352225808e+00 +9.352225808e+00 -1.119477742e+02 -1.119477742e+02 -1.0907e-01 +2.8076e-01 -1.3455e-01 -9.8856e-03 -1.4984e-02
6 +7.954901135e+00 +7.954901135e+00 -1.133450989e+02 -1.133450989e+02 +3.8612e-02 +7.2950e-02 -1.7240e-01 +2.0765e-01 +1.2904e-01
20 +7.597409337e+00 +7.597409337e+00 -1.137025907e+02 -1.137025907e+02 -1.0391e-01 +4.1000e-01 +1.8684e-02 +1.8853e-01 -1.0421e-01
53 +7.494786047e+00 +7.494786047e+00 -1.138052140e+02 -1.138052140e+02 +2.1657e-01 +4.8056e-01 +1.1047e-01 +3.2541e-01 +1.2282e-01
59 +7.379066652e+00 +7.379066652e+00 -1.139209333e+02 -1.139209333e+02 -3.5441e-01 +7.3642e-01 +1.9755e-01 +4.8137e-01 +3.5021e-01
65 +7.118590960e+00 +7.118590960e+00 -1.141814090e+02 -1.141814090e+02 +5.3553e-02 +2.6717e-01 -5.8652e-02 +6.2054e-01 +2.0152e-01
66 +6.085328043e+00 +6.085328043e+00 -1.152146720e+02 -1.152146720e+02 +8.7418e-03 +6.8651e-01 +1.2305e-01 +1.4742e-01 +2.7555e-01
114 +6.005708658e+00 +6.005708658e+00 -1.152942913e+02 -1.152942913e+02 -1.6217e-02 +5.3432e-01 -1.0684e-04 +5.6992e-01 +3.6743e-01
118 +5.469760765e+00 +5.469760765e+00 -1.158302392e+02 -1.158302392e+02 +9.3274e-03 +4.7877e-01 -1.8003e-02 +6.1697e-01 +4.2265e-01
156 +5.249990840e+00 +5.249990840e+00 -1.160500092e+02 -1.160500092e+02 -2.5376e-02 +4.0250e-01 -1.3718e-01 +5.8908e-01 +5.3397e-01
247 +5.236895581e+00 +5.236895581e+00 -1.160631044e+02 -1.160631044e+02 -1.1087e-02 +3.5822e-01 -1.5065e-01 +6.2229e-01 +5.3612e-01
% function evaluation | noise-free fitness - Fopt (-1.000000000000e+03) | best noise-free fitness - Fopt | measured fitness | best measured fitness | x1 | x2...
1 +5.010217019e+00 +5.010217019e+00 -9.949897830e+02 -9.949897830e+02 +0.0000e+00 +0.0000e+00 +0.0000e+00 +0.0000e+00 +0.0000e+00
6 +3.936972071e+00 +3.936972071e+00 -9.960630279e+02 -9.960630279e+02 -1.9168e-01 -2.1105e-01 +1.9919e-01 +1.9275e-01 +4.0266e-02
44 +3.185796773e+00 +3.185796773e+00 -9.968142032e+02 -9.968142032e+02 -3.2642e-01 -1.1174e-01 +4.7829e-01 -1.5184e-01 -7.2449e-01
72 +2.833547944e+00 +2.833547944e+00 -9.971664521e+02 -9.971664521e+02 +4.6874e-01 -2.0406e-01 +6.1577e-01 -4.8070e-01 -7.2086e-01
111 +2.736051037e+00 +2.736051037e+00 -9.972639490e+02 -9.972639490e+02 +3.0004e-02 -3.5037e-01 +4.5736e-01 -9.9471e-02 -5.8897e-01
131 +2.182996509e+00 +2.182996509e+00 -9.978170035e+02 -9.978170035e+02 +1.2070e-01 -4.8975e-01 +7.7358e-01 -2.7834e-02 -6.8088e-01
215 +2.109777409e+00 +2.109777409e+00 -9.978902226e+02 -9.978902226e+02 +2.8118e-01 -3.8576e-01 +7.0645e-01 -9.1092e-02 -6.9186e-01
219 +1.916206897e+00 +1.916206897e+00 -9.980837931e+02 -9.980837931e+02 +2.4280e-01 -3.3745e-01 +7.6939e-01 -9.8208e-02 -7.0396e-01
239 +1.753689620e+00 +1.753689620e+00 -9.982463104e+02 -9.982463104e+02 +1.8464e-01 -4.1291e-01 +7.3105e-01 -7.2980e-02 -6.9622e-01
325 +1.709692875e+00 +1.709692875e+00 -9.982903071e+02 -9.982903071e+02 +1.6708e-01 -4.3506e-01 +7.2268e-01 -5.1193e-02 -7.1788e-01
338 +1.670315346e+00 +1.670315346e+00 -9.983296847e+02 -9.983296847e+02 +1.6226e-01 -4.2920e-01 +7.1045e-01 -5.0177e-02 -7.2008e-01
359 +1.653620518e+00 +1.653620518e+00 -9.983463795e+02 -9.983463795e+02 +1.5850e-01 -4.2126e-01 +7.0583e-01 -4.8789e-02 -7.2277e-01
426 +1.614776510e+00 +1.614776510e+00 -9.983852235e+02 -9.983852235e+02 +1.5993e-01 -4.2725e-01 +7.1570e-01 -5.4568e-02 -7.2027e-01
522 +1.528574748e+00 +1.528574748e+00 -9.984714253e+02 -9.984714253e+02 +1.5789e-01 -4.3357e-01 +7.0557e-01 -6.8821e-02 -7.2101e-01
677 +1.507914278e+00 +1.507914278e+00 -9.984920857e+02 -9.984920857e+02 +1.5680e-01 -4.3679e-01 +7.0277e-01 -6.7892e-02 -7.2135e-01
% function evaluation | noise-free fitness - Fopt (-2.787500000000e+02) | best noise-free fitness - Fopt | measured fitness | best measured fitness | x1 | x2...
1 +2.369447933e+01 +2.369447933e+01 -2.550555207e+02 -2.550555207e+02 +0.0000e+00 +0.0000e+00 +0.0000e+00 +0.0000e+00 +0.0000e+00
2 +1.800571745e+01 +1.800571745e+01 -2.607442826e+02 -2.607442826e+02 -2.2057e-01 +8.3743e-02 +2.6709e-01 +2.1863e-01 +1.5080e-02
4 +1.518881084e+01 +1.518881084e+01 -2.635611892e+02 -2.635611892e+02 -1.5479e-01 -2.1800e-01 +4.3860e-01 +4.5562e-02 -1.0802e-01
50 +1.409645261e+01 +1.409645261e+01 -2.646535474e+02 -2.646535474e+02 -8.4276e-01 +6.6477e-01 -9.4814e-02 -4.3072e-02 +2.8010e-02
55 +1.293234209e+01 +1.293234209e+01 -2.658176579e+02 -2.658176579e+02 -1.0280e+00 +2.6424e-01 +2.8347e-01 +2.8165e-01 -6.3107e-01
61 +1.202183957e+01 +1.202183957e+01 -2.667281604e+02 -2.667281604e+02 -1.0672e+00 +6.8744e-02 +4.2083e-01 +5.2980e-01 -3.0726e-01
68 +1.052087366e+01 +1.052087366e+01 -2.682291263e+02 -2.682291263e+02 -1.2505e+00 +8.0989e-03 +4.7706e-01 +7.9270e-01 -3.8784e-01
71 +1.004821288e+01 +1.004821288e+01 -2.687017871e+02 -2.687017871e+02 -9.9726e-01 +5.7798e-02 +7.3693e-01 +7.6728e-02 -2.8278e-01
72 +8.851310058e+00 +8.851310058e+00 -2.698986899e+02 -2.698986899e+02 -1.1095e+00 +7.3257e-01 +5.4788e-01 +4.5864e-01 +1.0978e-01
85 +8.275109394e+00 +8.275109394e+00 -2.704748906e+02 -2.704748906e+02 -7.5591e-01 +1.3824e+00 +1.1799e+00 +8.0734e-02 -5.3972e-01
94 +8.035550275e+00 +8.035550275e+00 -2.707144497e+02 -2.707144497e+02 -2.0460e-01 +8.3595e-01 +8.9923e-01 -1.5952e-01 -7.9173e-01
105 +5.734910582e+00 +5.734910582e+00 -2.730150894e+02 -2.730150894e+02 -9.4403e-01 +2.2166e+00 +1.3233e+00 -1.3937e-01 -1.8420e-03
111 +5.087527232e+00 +5.087527232e+00 -2.736624728e+02 -2.736624728e+02 -1.0034e+00 +2.2610e+00 +1.5849e+00 -4.2020e-01 +3.2883e-01
156 +4.566866821e+00 +4.566866821e+00 -2.741831332e+02 -2.741831332e+02 -2.8267e+00 +1.3978e+00 +2.5049e+00 -1.7590e-01 +9.7761e-02
162 +3.198260067e+00 +3.198260067e+00 -2.755517399e+02 -2.755517399e+02 -2.9113e+00 +1.9088e+00 +2.7111e+00 -6.6536e-02 +1.4296e-01
164 +3.094772104e+00 +3.094772104e+00 -2.756552279e+02 -2.756552279e+02 -2.4555e+00 +2.2589e+00 +2.4087e+00 +3.5992e-01 +1.1401e-01
200 +2.602044014e+00 +2.602044014e+00 -2.761479560e+02 -2.761479560e+02 -3.6469e+00 +3.9371e+00 +2.5389e+00 +7.4609e-02 +2.1362e-01
216 +2.520126723e+00 +2.520126723e+00 -2.762298733e+02 -2.762298733e+02 -3.1295e+00 +4.1559e+00 +2.2995e+00 +7.9469e-01 -1.1730e-01
235 +2.450162149e+00 +2.450162149e+00 -2.762998379e+02 -2.762998379e+02 -3.4464e+00 +3.3237e+00 +2.5675e+00 +8.4962e-01 +4.9194e-01
241 +2.026966982e+00 +2.026966982e+00 -2.767230330e+02 -2.767230330e+02 -2.3392e+00 +4.1779e+00 +2.5571e+00 +4.2684e-01 +2.8745e-01
258 +1.765878375e+00 +1.765878375e+00 -2.769841216e+02 -2.769841216e+02 -2.7557e+00 +4.0615e+00 +2.1721e+00 +7.4138e-01 -6.1647e-02
280 +1.204250737e+00 +1.204250737e+00 -2.775457493e+02 -2.775457493e+02 -3.1078e+00 +3.9330e+00 +2.1155e+00 +9.0874e-01 +3.0027e-01
352 +1.041465986e+00 +1.041465986e+00 -2.777085340e+02 -2.777085340e+02 -2.9569e+00 +3.6375e+00 +2.5280e+00 +2.5668e-01 +8.1516e-01
478 +1.014185948e+00 +1.014185948e+00 -2.777358141e+02 -2.777358141e+02 -3.2167e+00 +2.9026e+00 +2.4047e+00 -8.7348e-02 +6.2532e-01
492 +9.362996299e-01 +9.362996299e-01 -2.778137004e+02 -2.778137004e+02 -3.2397e+00 +3.0260e+00 +2.3600e+00 -3.3824e-02 +6.5454e-01
501 +8.744358364e-01 +8.744358364e-01 -2.778755642e+02 -2.778755642e+02 -3.2583e+00 +3.1617e+00 +2.2619e+00 -1.6480e-01 +6.5007e-01
508 +7.850789222e-01 +7.850789222e-01 -2.779649211e+02 -2.779649211e+02 -3.2519e+00 +3.0380e+00 +2.2988e+00 -2.0500e-01 +6.3723e-01
523 +7.239732646e-01 +7.239732646e-01 -2.780260267e+02 -2.780260267e+02 -3.2173e+00 +2.9974e+00 +2.3803e+00 -1.8180e-01 +7.2768e-01
528 +5.689053763e-01 +5.689053763e-01 -2.781810946e+02 -2.781810946e+02 -3.2661e+00 +3.1251e+00 +2.4144e+00 -2.2874e-01 +7.7386e-01
542 +5.319974582e-01 +5.319974582e-01 -2.782180025e+02 -2.782180025e+02 -3.2553e+00 +3.2515e+00 +2.6814e+00 -2.2397e-01 +7.7700e-01
650 +5.120715169e-01 +5.120715169e-01 -2.782379285e+02 -2.782379285e+02 -3.2168e+00 +3.3412e+00 +2.5850e+00 -2.2744e-01 +7.4277e-01
658 +3.661187734e-01 +3.661187734e-01 -2.783838812e+02 -2.783838812e+02 -3.2538e+00 +3.2983e+00 +2.5783e+00 -2.5153e-01 +7.8463e-01
808 +3.442032164e-01 +3.442032164e-01 -2.784057968e+02 -2.784057968e+02 -3.2452e+00 +3.2939e+00 +2.5814e+00 -2.3067e-01 +7.2376e-01
814 +3.286058225e-01 +3.286058225e-01 -2.784213942e+02 -2.784213942e+02 -3.2505e+00 +3.2859e+00 +2.5750e+00 -2.2309e-01 +7.1974e-01
825 +3.145317767e-01 +3.145317767e-01 -2.784354682e+02 -2.784354682e+02 -3.2488e+00 +3.2618e+00 +2.5630e+00 -2.4075e-01 +7.2090e-01
875 +2.955408439e-01 +2.955408439e-01 -2.784544592e+02 -2.784544592e+02 -3.2520e+00 +3.2751e+00 +2.5673e+00 -2.3443e-01 +7.2060e-01
948 +2.916310514e-01 +2.916310514e-01 -2.784583689e+02 -2.784583689e+02 -3.2545e+00 +3.2669e+00 +2.5612e+00 -2.3063e-01 +7.1792e-01
955 +2.801545763e-01 +2.801545763e-01 -2.784698454e+02 -2.784698454e+02 -3.2500e+00 +3.2716e+00 +2.5677e+00 -2.3227e-01 +7.1852e-01
1060 +2.663481609e-01 +2.663481609e-01 -2.784836518e+02 -2.784836518e+02 -3.2501e+00 +3.2714e+00 +2.5666e+00 -2.3295e-01 +7.1918e-01
1148 +2.612921057e-01 +2.612921057e-01 -2.784887079e+02 -2.784887079e+02 -3.2512e+00 +3.2708e+00 +2.5658e+00 -2.3255e-01 +7.1828e-01
1154 +2.543338802e-01 +2.543338802e-01 -2.784956661e+02 -2.784956661e+02 -3.2513e+00 +3.2715e+00 +2.5663e+00 -2.3258e-01 +7.1837e-01
1437 +2.495678270e-01 +2.495678270e-01 -2.785004322e+02 -2.785004322e+02 -3.2515e+00 +3.2711e+00 +2.5664e+00 -2.3321e-01 +7.1894e-01
% function evaluation | noise-free fitness - Fopt (-1.677000000000e+01) | best noise-free fitness - Fopt | measured fitness | best measured fitness | x1 | x2...
1 +2.810801341e+01 +2.810801341e+01 +1.133801341e+01 +1.133801341e+01 +0.0000e+00 +0.0000e+00 +0.0000e+00 +0.0000e+00 +0.0000e+00
8 +1.835862218e+01 +1.835862218e+01 +1.588622181e+00 +1.588622181e+00 -1.2231e-01 +3.2252e-02 +6.1099e-02 +3.1585e-01 +2.2755e-01
34 +1.777406183e+01 +1.777406183e+01 +1.004061832e+00 +1.004061832e+00 -2.3037e-01 -5.0042e-01 -7.8649e-02 +4.6333e-01 +2.7470e-02
36 +1.637928995e+01 +1.637928995e+01 -3.907100451e-01 -3.907100451e-01 -3.2075e-01 -4.3080e-01 +6.2900e-02 +5.9965e-01 -3.6843e-01
46 +1.559519060e+01 +1.559519060e+01 -1.174809403e+00 -1.174809403e+00 -2.4346e-01 -2.9107e-01 +1.1520e-01 +9.3037e-01 -2.0761e-01
60 +1.382993120e+01 +1.382993120e+01 -2.940068797e+00 -2.940068797e+00 -2.4803e-01 -5.3623e-01 +3.0138e-01 +1.2125e+00 -3.3853e-01
69 +1.166360409e+01 +1.166360409e+01 -5.106395907e+00 -5.106395907e+00 -4.5830e-01 -7.1398e-01 +5.9978e-01 +1.2220e+00 +7.3910e-02
80 +1.111011997e+01 +1.111011997e+01 -5.659880028e+00 -5.659880028e+00 -4.2029e-01 -1.0709e-01 +4.4510e-01 +1.1132e+00 -9.6985e-02
92 +1.047409636e+01 +1.047409636e+01 -6.295903640e+00 -6.295903640e+00 -1.0598e+00 -7.9496e-01 +7.2136e-01 +1.3223e+00 -1.6138e-01
97 +8.419465608e+00 +8.419465608e+00 -8.350534392e+00 -8.350534392e+00 -3.6605e-01 -6.1131e-02 +8.2423e-01 +1.3554e+00 -6.4206e-01
115 +7.548528737e+00 +7.548528737e+00 -9.221471263e+00 -9.221471263e+00 -3.9929e-01 -3.6227e-01 +1.0934e+00 +1.5472e+00 -3.7563e-01
122 +5.859778794e+00 +5.859778794e+00 -1.091022121e+01 -1.091022121e+01 -6.9610e-01 -2.8490e-01 +1.2899e+00 +2.4597e+00 +2.1380e-02
247 +5.024383152e+00 +5.024383152e+00 -1.174561685e+01 -1.174561685e+01 -4.7071e-01 +1.8652e-01 +1.7332e+00 +2.2620e+00 -6.5579e-01
275 +3.752031507e+00 +3.752031507e+00 -1.301796849e+01 -1.301796849e+01 +5.0378e-01 -8.3315e-02 +2.4138e+00 +2.7621e+00 -6.0422e-01
283 +2.793435333e+00 +2.793435333e+00 -1.397656467e+01 -1.397656467e+01 +6.1524e-01 +2.3305e-01 +2.7578e+00 +1.7558e+00 -3.0816e-01
324 +2.641531410e+00 +2.641531410e+00 -1.412846859e+01 -1.412846859e+01 +4.9239e-01 -1.5267e-01 +2.6307e+00 +2.3243e+00 -4.0369e-02
350 +2.203974497e+00 +2.203974497e+00 -1.456602550e+01 -1.456602550e+01 +1.0831e+00 -9.4034e-03 +3.4190e+00 +2.2542e+00 +5.8301e-01
354 +1.178311089e+00 +1.178311089e+00 -1.559168891e+01 -1.559168891e+01 +8.5765e-01 +4.3673e-01 +3.4778e+00 +2.4077e+00 +7.7619e-02
538 +1.147911814e+00 +1.147911814e+00 -1.562208819e+01 -1.562208819e+01 +7.1751e-01 +3.8139e-01 +3.6122e+00 +2.3649e+00 -5.5038e-02
549 +1.085972324e+00 +1.085972324e+00 -1.568402768e+01 -1.568402768e+01 +7.0359e-01 +3.6035e-01 +3.7091e+00 +2.3279e+00 -6.2942e-02
576 +1.010766961e+00 +1.010766961e+00 -1.575923304e+01 -1.575923304e+01 +6.7962e-01 +3.5346e-01 +3.6351e+00 +2.4041e+00 -4.9160e-02
583 +9.147420811e-01 +9.147420811e-01 -1.585525792e+01 -1.585525792e+01 +7.0137e-01 +3.8020e-01 +3.5477e+00 +2.3717e+00 -8.3641e-02
597 +9.084857126e-01 +9.084857126e-01 -1.586151429e+01 -1.586151429e+01 +7.1316e-01 +3.6494e-01 +3.5559e+00 +2.4032e+00 -6.8767e-02
652 +8.094154067e-01 +8.094154067e-01 -1.596058459e+01 -1.596058459e+01 +7.0833e-01 +3.7735e-01 +3.6066e+00 +2.3967e+00 -1.3030e-02
790 +7.792790337e-01 +7.792790337e-01 -1.599072097e+01 -1.599072097e+01 +7.0833e-01 +3.8822e-01 +3.5931e+00 +2.4313e+00 +2.1954e-04
815 +7.376492443e-01 +7.376492443e-01 -1.603235076e+01 -1.603235076e+01 +7.1657e-01 +3.8232e-01 +3.5858e+00 +2.4265e+00 +3.4207e-03
865 +7.033670381e-01 +7.033670381e-01 -1.606663296e+01 -1.606663296e+01 +7.1145e-01 +3.8317e-01 +3.5953e+00 +2.4302e+00 +4.3768e-03
907 +6.595991169e-01 +6.595991169e-01 -1.611040088e+01 -1.611040088e+01 +7.1466e-01 +3.7998e-01 +3.5948e+00 +2.4275e+00 +1.2463e-02
1106 +6.430926788e-01 +6.430926788e-01 -1.612690732e+01 -1.612690732e+01 +7.1498e-01 +3.7640e-01 +3.5912e+00 +2.4221e+00 +1.0413e-02
1215 +6.301356285e-01 +6.301356285e-01 -1.613986437e+01 -1.613986437e+01 +7.1462e-01 +3.7542e-01 +3.5914e+00 +2.4212e+00 +1.1626e-02
% function evaluation | noise-free fitness - Fopt (-8.593000000000e+01) | best noise-free fitness - Fopt | measured fitness | best measured fitness | x1 | x2...
1 +1.155444849e+01 +1.155444849e+01 -7.437555151e+01 -7.437555151e+01 +0.0000e+00 +0.0000e+00 +0.0000e+00 +0.0000e+00 +0.0000e+00
2 +8.442181012e+00 +8.442181012e+00 -7.748781899e+01 -7.748781899e+01 +9.5904e-02 -3.7609e-01 -8.9729e-02 -2.0180e-01 -1.4607e-01
9 +6.831187261e+00 +6.831187261e+00 -7.909881274e+01 -7.909881274e+01 +3.2923e-02 +4.3226e-03 -2.7151e-02 +4.2430e-01 +3.5556e-02
58 +6.679486914e+00 +6.679486914e+00 -7.925051309e+01 -7.925051309e+01 -3.3458e-01 -1.0737e-01 -1.6812e-01 -1.9557e-01 -3.0107e-01
82 +6.420630948e+00 +6.420630948e+00 -7.950936905e+01 -7.950936905e+01 -3.9529e-01 -1.8457e-02 -1.4609e-01 -3.0403e-01 -3.5991e-01
85 +6.002079008e+00 +6.002079008e+00 -7.992792099e+01 -7.992792099e+01 -3.8760e-01 -3.1374e-02 -7.3435e-03 -3.4084e-01 -3.4135e-01
114 +5.617603071e+00 +5.617603071e+00 -8.031239693e+01 -8.031239693e+01 -4.5403e-01 +8.0043e-02 +5.4457e-02 +1.2536e-01 -2.3377e-01
133 +5.353943806e+00 +5.353943806e+00 -8.057605619e+01 -8.057605619e+01 -3.8073e-01 +1.3756e-01 -1.0834e-01 -2.1201e-01 -5.1092e-01
204 +5.209748411e+00 +5.209748411e+00 -8.072025159e+01 -8.072025159e+01 -5.7044e-01 +4.1630e-01 -9.1665e-02 -5.3691e-01 -7.5526e-01
282 +4.898525700e+00 +4.898525700e+00 -8.103147430e+01 -8.103147430e+01 -5.6368e-01 +5.3782e-01 -9.1807e-02 -2.6653e-01 -6.4490e-01
298 +4.706042175e+00 +4.706042175e+00 -8.122395783e+01 -8.122395783e+01 -6.0912e-01 +5.4508e-01 -8.7795e-02 -4.0332e-01 -6.7907e-01
% function evaluation | noise-free fitness - Fopt (4.966000000000e+01) | best noise-free fitness - Fopt | measured fitness | best measured fitness | x1 | x2...
1 +1.427216849e+01 +1.427216849e+01 +6.393216849e+01 +6.393216849e+01 +0.0000e+00 +0.0000e+00 +0.0000e+00 +0.0000e+00 +0.0000e+00
4 +1.252281990e+01 +1.252281990e+01 +6.218281990e+01 +6.218281990e+01 +3.2435e-02 -6.7897e-02 +8.2135e-02 +2.0122e-01 -3.8362e-01
5 +9.493327318e+00 +9.493327318e+00 +5.915332732e+01 +5.915332732e+01 -3.9540e-01 +3.8520e-02 -2.1629e-01 -1.9207e-01 +1.5529e-01
16 +8.661762678e+00 +8.661762678e+00 +5.832176268e+01 +5.832176268e+01 -1.1122e-01 +1.6846e-01 -3.2430e-02 +3.7956e-02 +1.2737e-01
24 +7.276574281e+00 +7.276574281e+00 +5.693657428e+01 +5.693657428e+01 +3.9466e-01 +2.2345e-01 +1.1778e-02 -2.5822e-01 +4.0078e-01
52 +7.224159503e+00 +7.224159503e+00 +5.688415950e+01 +5.688415950e+01 -6.0579e-02 +4.5042e-02 -6.0137e-01 -2.4155e-01 -2.3216e-02
57 +6.604547860e+00 +6.604547860e+00 +5.626454786e+01 +5.626454786e+01 -6.7303e-02 +4.6591e-02 -7.3208e-01 -1.7369e-01 -1.6364e-01
60 +6.062460510e+00 +6.062460510e+00 +5.572246051e+01 +5.572246051e+01 -2.8249e-01 +1.5166e-02 -3.6415e-01 -1.8161e-01 -3.0004e-02
228 +5.869318556e+00 +5.869318556e+00 +5.552931856e+01 +5.552931856e+01 -2.7549e-01 -1.1398e+00 -4.2846e-01 +1.9870e-01 +1.4648e-01
230 +5.317743727e+00 +5.317743727e+00 +5.497774373e+01 +5.497774373e+01 -2.8240e-01 -1.2215e+00 -7.1139e-01 -2.3388e-01 +9.7561e-02
234 +5.242655125e+00 +5.242655125e+00 +5.490265513e+01 +5.490265513e+01 -2.4682e-01 -1.2312e+00 -1.4609e+00 -1.5363e-01 +3.4411e-01
256 +4.142430316e+00 +4.142430316e+00 +5.380243032e+01 +5.380243032e+01 -5.6629e-01 -1.0926e+00 -1.1452e+00 -5.3674e-01 -7.8717e-02
307 +3.929095177e+00 +3.929095177e+00 +5.358909518e+01 +5.358909518e+01 -7.9569e-01 -1.1816e+00 -1.7247e+00 +1.2479e-01 -3.5821e-01
438 +3.886213150e+00 +3.886213150e+00 +5.354621315e+01 +5.354621315e+01 -6.4587e-01 -2.8432e+00 -2.1862e+00 +5.4919e-02 -2.8246e-01
615 +3.146253655e+00 +3.146253655e+00 +5.280625366e+01 +5.280625366e+01 -9.3084e-01 -2.8042e+00 -2.6445e+00 -2.8223e-01 -3.4570e-03
652 +3.004360642e+00 +3.004360642e+00 +5.266436064e+01 +5.266436064e+01 -1.2890e+00 -2.5147e+00 -2.9034e+00 -8.7830e-01 -4.9403e-01
707 +2.245603911e+00 +2.245603911e+00 +5.190560391e+01 +5.190560391e+01 -1.0751e+00 -2.4688e+00 -2.8706e+00 -1.9924e-01 -1.0201e+00
708 +1.919706354e+00 +1.919706354e+00 +5.157970635e+01 +5.157970635e+01 -1.0071e+00 -2.3593e+00 -2.7583e+00 -4.3890e-01 -1.0498e+00
770 +1.297855103e+00 +1.297855103e+00 +5.095785510e+01 +5.095785510e+01 -1.0602e+00 -1.9706e+00 -2.6960e+00 -9.3060e-01 -1.3546e+00
883 +1.202558738e+00 +1.202558738e+00 +5.086255874e+01 +5.086255874e+01 -1.5761e+00 -2.1492e+00 -2.6747e+00 -8.9597e-01 -1.1936e+00
938 +1.156564354e+00 +1.156564354e+00 +5.081656435e+01 +5.081656435e+01 -1.9875e+00 -1.9637e+00 -1.6349e+00 -9.7446e-01 -1.3920e+00
966 +1.002552403e+00 +1.002552403e+00 +5.066255240e+01 +5.066255240e+01 -2.2892e+00 -1.9948e+00 -1.3505e+00 -6.8202e-01 -1.2970e+00
987 +9.021663297e-01 +9.021663297e-01 +5.056216633e+01 +5.056216633e+01 -2.2799e+00 -1.8483e+00 -1.1413e+00 -1.0225e+00 -1.7230e+00
1045 +8.795361502e-01 +8.795361502e-01 +5.053953615e+01 +5.053953615e+01 -2.1684e+00 -2.1595e+00 -1.8644e+00 -9.3740e-01 -1.3192e+00
1086 +6.669670710e-01 +6.669670710e-01 +5.032696707e+01 +5.032696707e+01 -2.5517e+00 -2.3020e+00 -9.9690e-01 -8.2742e-01 -1.6089e+00
1088 +6.213256224e-01 +6.213256224e-01 +5.028132562e+01 +5.028132562e+01 -2.2870e+00 -2.2188e+00 -1.3861e+00 -7.7404e-01 -1.5330e+00
1095 +6.094520285e-01 +6.094520285e-01 +5.026945203e+01 +5.026945203e+01 -2.6486e+00 -2.2596e+00 -8.5735e-01 -8.1630e-01 -1.6141e+00
1101 +4.657314142e-01 +4.657314142e-01 +5.012573141e+01 +5.012573141e+01 -2.4634e+00 -2.1872e+00 -1.2966e+00 -8.4022e-01 -1.5206e+00
1105 +2.777090931e-01 +2.777090931e-01 +4.993770909e+01 +4.993770909e+01 -2.7313e+00 -2.2302e+00 -8.2698e-01 -9.1989e-01 -1.4757e+00
1170 +2.647511234e-01 +2.647511234e-01 +4.992475112e+01 +4.992475112e+01 -2.8283e+00 -2.2272e+00 -1.1036e+00 -7.7188e-01 -1.5246e+00
1201 +2.620172941e-01 +2.620172941e-01 +4.992201729e+01 +4.992201729e+01 -2.9430e+00 -2.4340e+00 -1.1585e+00 -8.0165e-01 -1.3947e+00
1218 +2.202871813e-01 +2.202871813e-01 +4.988028718e+01 +4.988028718e+01 -2.9340e+00 -2.4352e+00 -1.3998e+00 -4.3211e-01 -1.2753e+00
1284 +1.954272907e-01 +1.954272907e-01 +4.985542729e+01 +4.985542729e+01 -3.0952e+00 -2.5669e+00 -1.6774e+00 -3.3032e-01 -1.1491e+00
1296 +1.771662778e-01 +1.771662778e-01 +4.983716628e+01 +4.983716628e+01 -2.9455e+00 -2.5272e+00 -1.6101e+00 -5.3167e-01 -1.1640e+00
1365 +1.698039114e-01 +1.698039114e-01 +4.982980391e+01 +4.982980391e+01 -3.0068e+00 -2.6119e+00 -1.4405e+00 -6.3074e-01 -1.1364e+00
1462 +1.057272155e-01 +1.057272155e-01 +4.976572722e+01 +4.976572722e+01 -3.0457e+00 -2.6174e+00 -1.5535e+00 -5.5377e-01 -1.1196e+00
1488 +1.002461688e-01 +1.002461688e-01 +4.976024617e+01 +4.976024617e+01 -3.0314e+00 -2.6017e+00 -1.5204e+00 -5.4303e-01 -1.1125e+00
1490 +9.713460485e-02 +9.713460485e-02 +4.975713460e+01 +4.975713460e+01 -3.0414e+00 -2.6110e+00 -1.5440e+00 -5.2101e-01 -1.0849e+00
1552 +8.446654744e-02 +8.446654744e-02 +4.974446655e+01 +4.974446655e+01 -3.0387e+00 -2.5975e+00 -1.5297e+00 -5.3389e-01 -1.0934e+00
1612 +7.634532329e-02 +7.634532329e-02 +4.973634532e+01 +4.973634532e+01 -3.0401e+00 -2.6075e+00 -1.5361e+00 -5.3990e-01 -1.0990e+00
1729 +7.573541660e-02 +7.573541660e-02 +4.973573542e+01 +4.973573542e+01 -3.0377e+00 -2.6080e+00 -1.5319e+00 -5.4057e-01 -1.1015e+00
1798 +7.039061777e-02 +7.039061777e-02 +4.973039062e+01 +4.973039062e+01 -3.0398e+00 -2.6030e+00 -1.5312e+00 -5.3840e-01 -1.1030e+00
1826 +6.844595636e-02 +6.844595636e-02 +4.972844596e+01 +4.972844596e+01 -3.0395e+00 -2.6022e+00 -1.5298e+00 -5.3955e-01 -1.1023e+00
1847 +6.749930290e-02 +6.749930290e-02 +4.972749930e+01 +4.972749930e+01 -3.0395e+00 -2.6022e+00 -1.5337e+00 -5.3781e-01 -1.0995e+00
1867 +6.312294313e-02 +6.312294313e-02 +4.972312294e+01 +4.972312294e+01 -3.0411e+00 -2.6043e+00 -1.5358e+00 -5.3517e-01 -1.0994e+00
1870 +6.017641742e-02 +6.017641742e-02 +4.972017642e+01 +4.972017642e+01 -3.0410e+00 -2.6049e+00 -1.5353e+00 -5.3637e-01 -1.0990e+00
1982 +5.885260712e-02 +5.885260712e-02 +4.971885261e+01 +4.971885261e+01 -3.0401e+00 -2.6047e+00 -1.5340e+00 -5.3697e-01 -1.0986e+00
2045 +5.668955633e-02 +5.668955633e-02 +4.971668956e+01 +4.971668956e+01 -3.0398e+00 -2.6048e+00 -1.5332e+00 -5.3871e-01 -1.0985e+00
2068 +5.448275523e-02 +5.448275523e-02 +4.971448276e+01 +4.971448276e+01 -3.0400e+00 -2.6047e+00 -1.5336e+00 -5.3795e-01 -1.0983e+00
2123 +5.335894868e-02 +5.335894868e-02 +4.971335895e+01 +4.971335895e+01 -3.0400e+00 -2.6048e+00 -1.5337e+00 -5.3801e-01 -1.0984e+00
2250 +5.242674446e-02 +5.242674446e-02 +4.971242674e+01 +4.971242674e+01 -3.0400e+00 -2.6048e+00 -1.5336e+00 -5.3805e-01 -1.0983e+00
2338 +5.120702801e-02 +5.120702801e-02 +4.971120703e+01 +4.971120703e+01 -3.0401e+00 -2.6048e+00 -1.5337e+00 -5.3799e-01 -1.0983e+00
% function evaluation | noise-free fitness - Fopt (2.652800000000e+02) | best noise-free fitness - Fopt | measured fitness | best measured fitness | x1 | x2...
1 +1.902779445e+01 +1.902779445e+01 +2.843077945e+02 +2.843077945e+02 +0.0000e+00 +0.0000e+00 +0.0000e+00 +0.0000e+00 +0.0000e+00
3 +1.564478572e+01 +1.564478572e+01 +2.809247857e+02 +2.809247857e+02 +1.9666e-01 +3.9791e-01 -8.8267e-02 +1.7786e-01 +2.5818e-01
7 +1.491369465e+01 +1.491369465e+01 +2.801936946e+02 +2.801936946e+02 -2.3809e-01 -5.7750e-01 +5.9082e-02 -5.3921e-02 -3.1837e-01
30 +1.129174831e+01 +1.129174831e+01 +2.765717483e+02 +2.765717483e+02 +3.5459e-01 -7.5105e-02 -2.6015e-01 +1.9410e-02 -1.0464e-01
66 +1.071146181e+01 +1.071146181e+01 +2.759914618e+02 +2.759914618e+02 +4.1488e-01 -3.6123e-01 -5.7075e-01 +4.7740e-02 -2.7309e-01
74 +1.037590903e+01 +1.037590903e+01 +2.756559090e+02 +2.756559090e+02 +3.9006e-01 -3.9490e-01 -5.6940e-01 +9.8988e-02 -2.0579e-01
103 +9.690536061e+00 +9.690536061e+00 +2.749705361e+02 +2.749705361e+02 +5.1013e-01 -4.7561e-01 -6.7020e-01 +1.6433e-01 -3.3405e-01
170 +9.508531529e+00 +9.508531529e+00 +2.747885315e+02 +2.747885315e+02 +6.1207e-01 -4.1875e-01 -6.2788e-01 +1.5287e-01 -2.8940e-01
177 +9.057253358e+00 +9.057253358e+00 +2.743372534e+02 +2.743372534e+02 +5.8287e-01 -4.5712e-01 -6.8392e-01 +2.0804e-01 -3.4168e-01
186 +8.850392196e+00 +8.850392196e+00 +2.741303922e+02 +2.741303922e+02 +5.2881e-01 -3.3207e-01 -5.9110e-01 +2.1458e-01 -3.1402e-01
257 +8.696353159e+00 +8.696353159e+00 +2.739763532e+02 +2.739763532e+02 +6.2003e-01 -3.9267e-01 -6.3410e-01 +2.9299e-01 -3.8089e-01
