% function evaluation | noise-free fitness - Fopt (-9.210000000000e+00) | best noise-free fitness - Fopt | measured fitness | best measured fitness | x1 | x2...
1 +1.078198516e+02 +1.078198516e+02 +9.860985161e+01 +9.860985161e+01 +0.0000e+00 +0.0000e+00 +0.0000e+00 +0.0000e+00 +0.0000e+00
2 +1.066948970e+02 +1.066948970e+02 +9.748489701e+01 +9.748489701e+01 -1.0334e-01 -2.6765e-02 +2.2166e-01 -3.5300e-02 -7.7344e-02
7 +1.015615072e+02 +1.015615072e+02 +9.235150718e+01 +9.235150718e+01 +4.9327e-02 +1.8737e-01 -6.8824e-02 +3.0458e-01 -4.3807e-01
18 +9.882797244e+01 +9.882797244e+01 +8.961797244e+01 +8.961797244e+01 +4.1820e-01 +3.4396e-01 +3.1524e-01 +4.7347e-01 -4.3026e-01
21 +9.563753619e+01 +9.563753619e+01 +8.642753619e+01 +8.642753619e+01 +4.0853e-01 +3.8612e-01 +5.7632e-01 +7.2652e-01 -5.1792e-01
26 +9.433789223e+01 +9.433789223e+01 +8.512789223e+01 +8.512789223e+01 -8.8210e-02 -2.5723e-02 +2.0542e-01 +1.3906e+00 -5.1466e-01
29 +8.448586444e+01 +8.448586444e+01 +7.527586444e+01 +7.527586444e+01 +3.0045e-01 +4.7143e-01 +7.7747e-01 +1.2205e+00 -1.2874e+00
35 +7.992358308e+01 +7.992358308e+01 +7.071358308e+01 +7.071358308e+01 -2.8397e-01 +4.4903e-01 +4.2102e-01 +1.5328e+00 -1.7431e+00
40 +7.855991268e+01 +7.855991268e+01 +6.934991268e+01 +6.934991268e+01 +3.7155e-01 +1.0190e-01 +1.3483e+00 +1.8211e+00 -1.4203e+00
42 +7.568820114e+01 +7.568820114e+01 +6.647820114e+01 +6.647820114e+01 +5.2444e-01 +5.6274e-01 +1.2855e+00 +9.7307e-01 -2.1069e+00
49 +6.767711053e+01 +6.767711053e+01 +5.846711053e+01 +5.846711053e+01 +4.2296e-01 -6.8930e-03 +8.4466e-01 +2.6487e+00 -2.2166e+00
50 +5.922005445e+01 +5.922005445e+01 +5.001005445e+01 +5.001005445e+01 +3.2135e-01 +6.9991e-01 +5.6545e-01 +3.0074e+00 -2.8334e+00
54 +5.061568744e+01 +5.061568744e+01 +4.140568744e+01 +4.140568744e+01 +8.5081e-01 -8.6662e-01 +1.3651e+00 +2.0207e+00 -4.2215e+00
58 +4.665931889e+01 +4.665931889e+01 +3.744931889e+01 +3.744931889e+01 +1.4721e+00 -2.0582e-01 +1.6604e+00 +8.5426e-01 -5.2949e+00
59 +4.326863157e+01 +4.326863157e+01 +3.405863157e+01 +3.405863157e+01 +9.4629e-01 +4.3474e-01 +2.4053e+00 +9.2926e-01 -5.6167e+00
63 +3.981417454e+01 +3.981417454e+01 +3.060417454e+01 +3.060417454e+01 +5.7183e-01 +4.2306e-01 +1.4100e+00 +2.1736e+00 -5.5840e+00
66 +3.628782628e+01 +3.628782628e+01 +2.707782628e+01 +2.707782628e+01 +8.8149e-01 -4.7338e-01 +1.0540e+00 +3.2293e+00 -1.0419e+01
71 +3.390992294e+01 +3.390992294e+01 +2.469992294e+01 +2.469992294e+01 +1.1886e+00 +9.8607e-01 +3.4055e+00 +4.5438e+00 -3.4647e+00
72 +2.992607234e+01 +2.992607234e+01 +2.071607234e+01 +2.071607234e+01 +2.9430e-01 +1.3251e+00 +3.1714e+00 +2.7055e+00 -5.2136e+00
76 +2.779964346e+01 +2.779964346e+01 +1.858964346e+01 +1.858964346e+01 +8.9471e-01 +1.3003e+00 +5.4131e+00 +2.8115e+00 -4.5191e+00
81 +1.977728106e+01 +1.977728106e+01 +1.056728106e+01 +1.056728106e+01 +3.0512e-01 +2.1058e+00 +3.6728e+00 +6.3806e+00 -4.4261e+00
83 +1.552536759e+01 +1.552536759e+01 +6.315367587e+00 +6.315367587e+00 +8.5384e-01 +1.4199e-01 +7.8098e+00 +4.8326e+00 -4.8201e+00
95 +1.300985412e+01 +1.300985412e+01 +3.799854119e+00 +3.799854119e+00 -8.3291e-01 +2.3635e+00 +5.2037e+00 +4.5575e+00 -7.3098e+00
101 +1.174946616e+01 +1.174946616e+01 +2.539466165e+00 +2.539466165e+00 -1.9724e+00 +2.3137e+00 +8.0509e+00 +7.1249e+00 -5.8085e+00
109 +9.356182521e+00 +9.356182521e+00 +1.461825210e-01 +1.461825210e-01 -1.0445e+00 +3.1377e+00 +6.7281e+00 +6.0921e+00 -7.1403e+00
119 +5.650459361e+00 +5.650459361e+00 -3.559540639e+00 -3.559540639e+00 +1.6497e+00 +3.7065e+00 +8.9288e+00 +6.3801e+00 -5.8139e+00
123 +5.458656369e+00 +5.458656369e+00 -3.751343631e+00 -3.751343631e+00 +2.0201e+00 +3.6061e+00 +7.2717e+00 +6.5913e+00 -6.3621e+00
130 +5.364832379e+00 +5.364832379e+00 -3.845167621e+00 -3.845167621e+00 +6.6163e-01 +4.4228e+00 +7.9971e+00 +8.8468e+00 -5.4097e+00
131 +4.691252643e+00 +4.691252643e+00 -4.518747357e+00 -4.518747357e+00 +2.5235e+00 +3.7546e+00 +6.7702e+00 +8.3062e+00 -8.4971e+00
138 +4.008469231e+00 +4.008469231e+00 -5.201530769e+00 -5.201530769e+00 +2.0786e+00 +4.3887e+00 +7.0441e+00 +6.8050e+00 -9.3586e+00
142 +3.870190905e+00 +3.870190905e+00 -5.339809095e+00 -5.339809095e+00 +2.2047e+00 +4.3955e+00 +7.6727e+00 +9.0773e+00 -7.9525e+00
146 +3.711404060e+00 +3.711404060e+00 -5.498595940e+00 -5.498595940e+00 +1.2886e+00 +6.0761e+00 +7.4895e+00 +8.4193e+00 -7.7192e+00
149 +2.398610251e+00 +2.398610251e+00 -6.811389749e+00 -6.811389749e+00 +2.6164e+00 +4.9916e+00 +7.9072e+00 +5.4130e+00 -1.1254e+01
160 +0.000000000e+00 +0.000000000e+00 -9.210000000e+00 -9.210000000e+00 +5.4526e+00 +5.6264e+00 +8.1755e+00 +7.7072e+00 -7.6365e+00
% function evaluation | noise-free fitness - Fopt (6.559900000000e+02) | best noise-free fitness - Fopt | measured fitness | best measured fitness | x1 | x2...
1 +1.078198516e+02 +1.078198516e+02 +7.638098516e+02 +7.638098516e+02 +0.0000e+00 +0.0000e+00 +0.0000e+00 +0.0000e+00 +0.0000e+00
2 +1.053353979e+02 +1.053353979e+02 +7.613253979e+02 +7.613253979e+02 +1.4099e-01 -1.0379e-01 +1.1366e-01 +3.0506e-01 -8.0283e-02
12 +1.045532366e+02 +1.045532366e+02 +7.605432366e+02 +7.605432366e+02 +3.5806e-01 -3.5491e-01 +2.5770e-02 +1.8361e-01 -1.3264e-01
18 +1.017445059e+02 +1.017445059e+02 +7.577345059e+02 +7.577345059e+02 +6.7846e-02 +1.7359e-01 -6.4868e-02 +7.8224e-02 -5.6712e-01
24 +9.772536517e+01 +9.772536517e+01 +7.537153652e+02 +7.537153652e+02 +2.5726e-01 +2.4831e-02 -2.2154e-02 +4.9417e-01 -7.0324e-01
27 +9.414230913e+01 +9.414230913e+01 +7.501323091e+02 +7.501323091e+02 +7.4330e-01 +1.5328e-01 -4.6404e-01 +5.6329e-01 -8.5718e-01
30 +9.321288278e+01 +9.321288278e+01 +7.492028828e+02 +7.492028828e+02 +3.6289e-01 +3.6000e-01 +1.1181e-01 +5.9999e-01 -1.1864e+00
34 +8.291901634e+01 +8.291901634e+01 +7.389090163e+02 +7.389090163e+02 +2.9750e-01 +2.3837e-02 +2.0413e-01 +7.4332e-01 -2.1111e+00
43 +7.254779083e+01 +7.254779083e+01 +7.285377908e+02 +7.285377908e+02 -1.0689e-01 +7.6134e-01 +6.2345e-01 +1.0251e+00 -3.2940e+00
46 +7.186294876e+01 +7.186294876e+01 +7.278529488e+02 +7.278529488e+02 +1.4235e+00 +2.5772e-01 -3.8487e-02 +1.4394e+00 -2.6776e+00
48 +7.021429885e+01 +7.021429885e+01 +7.262042989e+02 +7.262042989e+02 +1.0181e+00 -3.9623e-01 -1.0882e+00 +1.7764e+00 -2.2452e+00
53 +4.534802714e+01 +4.534802714e+01 +7.013380271e+02 +7.013380271e+02 +1.3827e+00 +8.9458e-01 -1.0420e+00 +1.6689e+00 -5.8562e+00
66 +3.504061398e+01 +3.504061398e+01 +6.910306140e+02 +6.910306140e+02 +5.5809e-01 +4.5390e-01 -1.5542e+00 +3.2211e+00 -7.9269e+00
73 +3.002761550e+01 +3.002761550e+01 +6.860176155e+02 +6.860176155e+02 +8.2530e-01 -8.2489e-01 -7.9540e-01 +4.0873e+00 -6.2606e+00
75 +2.795184469e+01 +2.795184469e+01 +6.839418447e+02 +6.839418447e+02 +2.4682e-01 -1.0002e+00 -1.6032e+00 +4.0496e+00 -1.1947e+01
77 +2.535827819e+01 +2.535827819e+01 +6.813482782e+02 +6.813482782e+02 +5.3602e-01 -6.6544e-01 -8.3014e-01 +8.0076e+00 -5.1066e+00
81 +2.437936701e+01 +2.437936701e+01 +6.803693670e+02 +6.803693670e+02 +1.9489e+00 +2.2088e-01 -1.4022e+00 +4.8814e+00 -1.0088e+01
85 +2.212116977e+01 +2.212116977e+01 +6.781111698e+02 +6.781111698e+02 +2.2879e+00 -1.0625e+00 -1.0765e+00 +6.3071e+00 -5.3420e+00
87 +1.883723731e+01 +1.883723731e+01 +6.748272373e+02 +6.748272373e+02 +2.0305e-01 -2.0354e+00 -2.2272e+00 +9.0189e+00 -5.9609e+00
90 +1.602915986e+01 +1.602915986e+01 +6.720191599e+02 +6.720191599e+02 +5.7529e+00 -3.7201e-01 -2.5336e+00 +1.1099e+01 -5.4694e+00
99 +9.646368201e+00 +9.646368201e+00 +6.656363682e+02 +6.656363682e+02 +3.3333e+00 -2.0835e+00 -4.1167e+00 +1.4871e+01 -1.7822e+01
104 +4.613670224e+00 +4.613670224e+00 +6.606036702e+02 +6.606036702e+02 +3.9103e+00 -3.0183e+00 -5.6760e+00 +1.2659e+01 -7.5996e+00
107 +1.054393596e+00 +1.054393596e+00 +6.570443936e+02 +6.570443936e+02 +3.9456e+00 -6.8838e+00 -5.2874e+00 +1.2871e+01 -2.0975e+01
115 +0.000000000e+00 +0.000000000e+00 +6.559900000e+02 +6.559900000e+02 +6.8707e+00 -5.8042e+00 -5.5336e+00 +8.5609e+00 -2.0729e+01
% function evaluation | noise-free fitness - Fopt (6.671000000000e+01) | best noise-free fitness - Fopt | measured fitness | best measured fitness | x1 | x2...
1 +1.078198516e+02 +1.078198516e+02 +1.745298516e+02 +1.745298516e+02 +0.0000e+00 +0.0000e+00 +0.0000e+00 +0.0000e+00 +0.0000e+00
3 +1.047317917e+02 +1.047317917e+02 +1.714417917e+02 +1.714417917e+02 +2.9024e-01 +3.4736e-01 -2.2798e-01 +1.8486e-01 -2.2355e-01
6 +1.039161682e+02 +1.039161682e+02 +1.706261682e+02 +1.706261682e+02 -1.9631e-01 -2.4058e-01 -1.0142e-01 -6.0899e-02 -3.3013e-01
11 +1.017547081e+02 +1.017547081e+02 +1.684647081e+02 +1.684647081e+02 -3.5183e-01 +7.0206e-02 +1.2383e-01 -2.9536e-01 -7.8907e-01
18 +9.906774497e+01 +9.906774497e+01 +1.657777450e+02 +1.657777450e+02 -1.9278e-02 +1.3651e-01 -2.2669e-01 +1.3745e-01 -7.4858e-01
21 +9.494977713e+01 +9.494977713e+01 +1.616597771e+02 +1.616597771e+02 +4.8468e-02 +1.9860e-02 -2.7908e-01 -9.3720e-03 -1.2124e+00
34 +9.219630988e+01 +9.219630988e+01 +1.589063099e+02 +1.589063099e+02 +3.6672e-01 -2.3272e-01 -7.6425e-01 +1.0088e-01 -1.2592e+00
36 +8.905707792e+01 +8.905707792e+01 +1.557670779e+02 +1.557670779e+02 +3.8514e-01 -5.8347e-01 -9.6945e-01 -3.4548e-01 -1.6987e+00
45 +7.041903016e+01 +7.041903016e+01 +1.371290302e+02 +1.371290302e+02 +3.7958e-01 -3.5698e-01 +1.7855e-01 +5.6181e-02 -3.7394e+00
61 +6.695338887e+01 +6.695338887e+01 +1.336633889e+02 +1.336633889e+02 +1.6202e-01 +1.8182e-01 -8.3034e-01 -3.9423e-01 -4.0943e+00
69 +5.945935917e+01 +5.945935917e+01 +1.261693592e+02 +1.261693592e+02 +2.7331e-01 +4.0391e-01 -1.6847e-01 -2.0996e-01 -5.8257e+00
77 +5.855831411e+01 +5.855831411e+01 +1.252683141e+02 +1.252683141e+02 +2.4595e-01 -1.9455e-02 -6.8130e-01 -4.7686e-01 -5.4926e+00
88 +5.654804667e+01 +5.654804667e+01 +1.232580467e+02 +1.232580467e+02 +6.0750e-01 -4.0237e-01 -1.9185e-01 +9.9070e-02 -8.7551e+00
94 +5.330390054e+01 +5.330390054e+01 +1.200139005e+02 +1.200139005e+02 -1.4951e-01 -3.0642e-01 +1.3617e-01 +7.5615e-01 -9.8699e+00
98 +4.997021954e+01 +4.997021954e+01 +1.166802195e+02 +1.166802195e+02 +3.3229e-02 -4.7387e-01 -3.3092e-02 +1.2333e+00 -1.0203e+01
100 +4.644607492e+01 +4.644607492e+01 +1.131560749e+02 +1.131560749e+02 -4.4337e-01 -8.2428e-01 -4.8093e-02 +1.6560e+00 -7.3841e+00
109 +3.910920673e+01 +3.910920673e+01 +1.058192067e+02 +1.058192067e+02 -2.7296e-01 -1.3701e-01 -8.0551e-01 +2.7824e+00 -6.6814e+00
112 +3.561202007e+01 +3.561202007e+01 +1.023220201e+02 +1.023220201e+02 -8.9842e-01 -2.1302e+00 -1.3414e+00 +2.3615e+00 -7.3119e+00
114 +2.304356911e+01 +2.304356911e+01 +8.975356911e+01 +8.975356911e+01 +8.9525e-02 -1.4691e+00 -1.3080e+00 +5.9410e+00 -9.8961e+00
117 +2.023674799e+01 +2.023674799e+01 +8.694674799e+01 +8.694674799e+01 -8.6408e-01 -2.6756e+00 -2.5388e+00 +4.2559e+00 -8.8551e+00
130 +1.208930603e+01 +1.208930603e+01 +7.879930603e+01 +7.879930603e+01 -2.4673e+00 -3.2533e+00 -2.9602e+00 +5.9839e+00 -1.3319e+01
140 +1.135843245e+01 +1.135843245e+01 +7.806843245e+01 +7.806843245e+01 -3.8357e-01 -6.4161e+00 -2.8680e+00 +1.2427e+01 -1.3522e+01
142 +4.919592360e+00 +4.919592360e+00 +7.162959236e+01 +7.162959236e+01 -5.0638e+00 -2.2335e+00 -7.6144e+00 +1.7658e+01 -1.5024e+01
149 +3.491145342e+00 +3.491145342e+00 +7.020114534e+01 +7.020114534e+01 -1.5089e+00 -1.2421e+01 -5.5581e+00 +6.6682e+00 -1.3134e+01
155 +2.155478249e+00 +2.155478249e+00 +6.886547825e+01 +6.886547825e+01 -2.8445e+00 -9.7293e+00 -8.2615e+00 +1.9113e+01 -2.0640e+01
161 +1.904857499e+00 +1.904857499e+00 +6.861485750e+01 +6.861485750e+01 -3.0951e+00 -1.3224e+01 -8.0884e+00 +9.2065e+00 -2.2119e+01
162 +3.178694769e-01 +3.178694769e-01 +6.702786948e+01 +6.702786948e+01 -5.0124e+00 -4.8212e+00 -1.2642e+01 +2.2150e+01 -3.0420e+01
168 +0.000000000e+00 +0.000000000e+00 +6.671000000e+01 +6.671000000e+01 -5.9743e+00 -1.4428e+01 -1.3605e+01 +1.3202e+01 -2.8580e+01
% function evaluation | noise-free fitness - Fopt (9.416700000000e+02) | best noise-free fitness - Fopt | measured fitness | best measured fitness | x1 | x2...
1 +1.078198516e+02 +1.078198516e+02 +1.049489852e+03 +1.049489852e+03 +0.0000e+00 +0.0000e+00 +0.0000e+00 +0.0000e+00 +0.0000e+00
5 +1.058412927e+02 +1.058412927e+02 +1.047511293e+03 +1.047511293e+03 -5.3248e-02 -2.6299e-01 +2.7705e-01 +1.8126e-01 +4.3780e-02
10 +1.022554086e+02 +1.022554086e+02 +1.043925409e+03 +1.043925409e+03 -1.6709e-01 -5.7211e-01 +1.3434e-01 +1.5214e-01 -3.0996e-01
20 +9.928169622e+01 +9.928169622e+01 +1.040951696e+03 +1.040951696e+03 -3.3718e-02 -5.6102e-01 -2.0172e-01 +3.1113e-01 -6.3951e-01
29 +9.713384019e+01 +9.713384019e+01 +1.038803840e+03 +1.038803840e+03 +3.0460e-01 -5.6702e-01 -3.8890e-01 +5.4628e-01 -8.1401e-01
37 +9.198649231e+01 +9.198649231e+01 +1.033656492e+03 +1.033656492e+03 +1.0935e-01 -8.6863e-02 +8.5245e-02 +5.2660e-01 -1.2557e+00
48 +8.530443298e+01 +8.530443298e+01 +1.026974433e+03 +1.026974433e+03 +5.3353e-01 -5.4542e-01 -3.9196e-01 +1.1053e+00 -1.7103e+00
50 +7.856319639e+01 +7.856319639e+01 +1.020233196e+03 +1.020233196e+03 -4.2010e-01 -8.3048e-03 -4.4355e-01 +6.0559e-01 -2.6819e+00
59 +6.618744675e+01 +6.618744675e+01 +1.007857447e+03 +1.007857447e+03 +1.8460e-01 -7.6591e-01 -2.5339e-01 +7.9987e-01 -3.6758e+00
66 +6.165066611e+01 +6.165066611e+01 +1.003320666e+03 +1.003320666e+03 +9.1618e-02 -2.7220e-01 -2.1777e-01 +9.4356e-01 -4.1159e+00
70 +5.931250943e+01 +5.931250943e+01 +1.000982509e+03 +1.000982509e+03 -5.4413e-01 -1.8483e+00 -6.7172e-01 +1.4544e+00 -3.8622e+00
75 +5.129994720e+01 +5.129994720e+01 +9.929699472e+02 +9.929699472e+02 +2.2053e-02 -1.7419e+00 +2.8239e-01 +4.5370e-01 -5.3437e+00
83 +4.501395536e+01 +4.501395536e+01 +9.866839554e+02 +9.866839554e+02 -4.2537e-01 -1.9533e+00 +4.1004e-01 +1.3533e+00 -6.1362e+00
95 +4.202322293e+01 +4.202322293e+01 +9.836932229e+02 +9.836932229e+02 -5.1192e-01 -1.0615e+00 +1.4567e+00 +1.5632e+00 -6.1781e+00
101 +3.966561676e+01 +3.966561676e+01 +9.813356168e+02 +9.813356168e+02 +2.5064e-01 -2.0738e+00 +1.9509e+00 +1.5200e+00 -8.5798e+00
107 +3.813595156e+01 +3.813595156e+01 +9.798059516e+02 +9.798059516e+02 -1.8096e-01 -1.2642e+00 +1.8612e+00 +2.0218e+00 -6.0343e+00
108 +3.015956199e+01 +3.015956199e+01 +9.718295620e+02 +9.718295620e+02 +2.7330e-02 -2.2217e+00 +2.7860e+00 +2.6544e+00 -7.2433e+00
122 +2.570031270e+01 +2.570031270e+01 +9.673703127e+02 +9.673703127e+02 -2.0415e-01 -4.1833e+00 +2.8028e+00 +2.7764e+00 -5.4316e+00
130 +1.572079058e+01 +1.572079058e+01 +9.573907906e+02 +9.573907906e+02 -1.4500e-01 -3.7002e+00 +2.9378e+00 +4.6385e+00 -8.0947e+00
138 +1.500146480e+01 +1.500146480e+01 +9.566714648e+02 +9.566714648e+02 -2.4349e-01 -1.1786e+00 +4.0371e+00 +4.9281e+00 -8.4182e+00
142 +1.401250232e+01 +1.401250232e+01 +9.556825023e+02 +9.556825023e+02 -1.1394e-01 +9.1290e-02 +4.9770e+00 +5.3392e+00 -6.0350e+00
145 +6.840346971e+00 +6.840346971e+00 +9.485103470e+02 +9.485103470e+02 -3.7023e-01 -3.7667e+00 +4.9945e+00 +5.3767e+00 -1.0325e+01
155 +3.481541402e+00 +3.481541402e+00 +9.451515414e+02 +9.451515414e+02 -1.5185e+00 -7.3015e+00 +6.8020e+00 +7.6742e+00 -7.5646e+00
182 +1.624940976e+00 +1.624940976e+00 +9.432949410e+02 +9.432949410e+02 -3.7131e+00 -4.8099e+00 +1.0799e+01 +8.0032e+00 -1.1165e+01
189 +7.123553374e-01 +7.123553374e-01 +9.423823553e+02 +9.423823553e+02 -4.2876e+00 -8.2942e+00 +1.2575e+01 +1.1537e+01 -1.3872e+01
198 +0.000000000e+00 +0.000000000e+00 +9.416700000e+02 +9.416700000e+02 -6.4604e+00 -7.6458e+00 +5.5420e+00 +7.4732e+00 -9.3535e+00
% function evaluation | noise-free fitness - Fopt (-3.745000000000e+01) | best noise-free fitness - Fopt | measured fitness | best measured fitness | x1 | x2...
1 +1.078198516e+02 +1.078198516e+02 +7.036985161e+01 +7.036985161e+01 +0.0000e+00 +0.0000e+00 +0.0000e+00 +0.0000e+00 +0.0000e+00
3 +1.056716776e+02 +1.056716776e+02 +6.822167756e+01 +6.822167756e+01 -2.0455e-01 -5.1078e-02 +2.1239e-01 -3.7492e-01 +3.3639e-02
4 +1.044397394e+02 +1.044397394e+02 +6.698973936e+01 +6.698973936e+01 -8.3229e-03 -5.7320e-02 -1.4759e-01 -1.0506e-01 -3.3663e-01
11 +1.013638308e+02 +1.013638308e+02 +6.391383078e+01 +6.391383078e+01 +2.6904e-01 +5.6334e-01 -1.2135e-01 -2.1418e-01 -4.3645e-01
19 +9.911725177e+01 +9.911725177e+01 +6.166725177e+01 +6.166725177e+01 +3.4883e-01 -2.8486e-01 +1.2805e-01 -4.5392e-01 -5.9028e-01
24 +9.547895687e+01 +9.547895687e+01 +5.802895687e+01 +5.802895687e+01 +5.5098e-01 +1.0710e-01 -6.4962e-02 -7.9549e-01 -7.3315e-01
30 +9.171041425e+01 +9.171041425e+01 +5.426041425e+01 +5.426041425e+01 +4.2982e-01 +9.1134e-01 -4.4182e-01 -4.8873e-01 -1.2708e+00
34 +8.776945845e+01 +8.776945845e+01 +5.031945845e+01 +5.031945845e+01 +6.2367e-01 +4.3804e-01 -1.0113e+00 -1.7153e-01 -2.0881e+00
38 +7.930881518e+01 +7.930881518e+01 +4.185881518e+01 +4.185881518e+01 +6.6557e-01 +3.0716e-01 -2.2203e-01 -7.7969e-01 -2.3617e+00
43 +7.186593684e+01 +7.186593684e+01 +3.441593684e+01 +3.441593684e+01 +2.2787e-01 +1.0123e-01 -9.7116e-01 -1.2643e+00 -3.1508e+00
44 +6.981008614e+01 +6.981008614e+01 +3.236008614e+01 +3.236008614e+01 +3.0459e-01 +1.0835e+00 -4.4705e-01 -1.0068e+00 -3.1531e+00
51 +4.840522696e+01 +4.840522696e+01 +1.095522696e+01 +1.095522696e+01 -5.6232e-02 +6.3632e-01 -9.4898e-01 -2.0166e+00 -5.5747e+00
58 +4.599153728e+01 +4.599153728e+01 +8.541537277e+00 +8.541537277e+00 +3.9852e-01 +1.2321e-02 +4.5687e-01 -1.7717e+00 -6.8753e+00
59 +3.733178271e+01 +3.733178271e+01 -1.182172936e-01 -1.182172936e-01 +5.8021e-01 +2.4658e+00 -1.0706e+00 -3.3625e+00 -5.0612e+00
67 +3.329563656e+01 +3.329563656e+01 -4.154363441e+00 -4.154363441e+00 -1.9453e-01 +1.7752e-01 +1.1197e+00 -3.7099e+00 -7.2062e+00
78 +2.839201376e+01 +2.839201376e+01 -9.057986236e+00 -9.057986236e+00 -1.8484e+00 +2.5970e+00 +5.2490e-01 -4.4454e+00 -5.2144e+00
97 +2.762906686e+01 +2.762906686e+01 -9.820933138e+00 -9.820933138e+00 -6.4386e+00 +4.5675e+00 +2.1214e+00 -3.8764e+00 -5.7617e+00
103 +1.933381903e+01 +1.933381903e+01 -1.811618097e+01 -1.811618097e+01 -4.0846e+00 +3.9523e+00 +3.3873e+00 -4.4156e+00 -5.3513e+00
128 +1.223012481e+01 +1.223012481e+01 -2.521987519e+01 -2.521987519e+01 +3.1453e+00 -8.3451e-01 +5.6379e+00 -8.0185e+00 -1.3039e+01
145 +7.085498816e+00 +7.085498816e+00 -3.036450118e+01 -3.036450118e+01 +2.6312e+00 +2.3476e+00 +5.2849e+00 -1.0495e+01 -2.0980e+01
146 +3.723220335e+00 +3.723220335e+00 -3.372677966e+01 -3.372677966e+01 +1.8838e+01 +3.6186e+00 +4.5995e+00 -1.2167e+01 -2.9273e+01
155 +0.000000000e+00 +0.000000000e+00 -3.745000000e+01 -3.745000000e+01 +1.5644e+01 +5.2453e+00 +5.6373e+00 -1.0046e+01 -2.3195e+01
% function evaluation | noise-free fitness - Fopt (2.134000000000e+01) | best noise-free fitness - Fopt | measured fitness | best measured fitness | x1 | x2...
1 +1.078198516e+02 +1.078198516e+02 +1.291598516e+02 +1.291598516e+02 +0.0000e+00 +0.0000e+00 +0.0000e+00 +0.0000e+00 +0.0000e+00
5 +1.046799633e+02 +1.046799633e+02 +1.260199633e+02 +1.260199633e+02 +2.0031e-01 +3.8821e-01 +6.2287e-01 -1.5897e-01 +2.1377e-02
13 +1.017379863e+02 +1.017379863e+02 +1.230779863e+02 +1.230779863e+02 -2.9761e-01 +1.0053e-01 -6.2422e-02 +1.2302e-01 -6.4947e-01
20 +9.837147797e+01 +9.837147797e+01 +1.197114780e+02 +1.197114780e+02 +3.1603e-02 +2.8976e-01 +1.5528e-01 -1.2206e-02 -8.4050e-01
21 +9.699618346e+01 +9.699618346e+01 +1.183361835e+02 +1.183361835e+02 -6.4249e-01 +1.8919e-01 -1.2995e-01 +2.3717e-01 -1.1589e+00
26 +9.427849761e+01 +9.427849761e+01 +1.156184976e+02 +1.156184976e+02 -2.0973e-01 +2.5757e-01 +1.3039e-01 -4.2536e-01 -1.0069e+00
28 +9.241207328e+01 +9.241207328e+01 +1.137520733e+02 +1.137520733e+02 -1.7009e+00 +4.5054e-01 -2.3701e-01 -8.8807e-01 -8.6612e-01
31 +9.113586785e+01 +9.113586785e+01 +1.124758678e+02 +1.124758678e+02 -1.2321e+00 +8.1652e-01 -4.8978e-01 -2.7794e-01 -1.3986e+00
36 +8.846274406e+01 +8.846274406e+01 +1.098027441e+02 +1.098027441e+02 -1.2087e+00 +6.1778e-01 +3.2661e-01 +1.6903e-01 -1.6967e+00
37 +8.084388311e+01 +8.084388311e+01 +1.021838831e+02 +1.021838831e+02 -9.8455e-01 +4.3960e-01 +3.9688e-02 +1.1194e-02 -2.5147e+00
40 +7.181800779e+01 +7.181800779e+01 +9.315800779e+01 +9.315800779e+01 -1.4292e+00 +2.2805e-01 +7.3238e-02 +1.5714e-01 -3.4819e+00
42 +5.237464441e+01 +5.237464441e+01 +7.371464441e+01 +7.371464441e+01 -1.5087e+00 +4.4273e-01 +6.8135e-01 -3.0842e-01 -4.9260e+00
59 +4.918990773e+01 +4.918990773e+01 +7.052990773e+01 +7.052990773e+01 -7.8647e-01 -2.4616e-01 +2.1794e+00 -2.4704e-01 -5.8069e+00
61 +4.876278144e+01 +4.876278144e+01 +7.010278144e+01 +7.010278144e+01 -2.0888e+00 +2.2431e+00 +8.4815e-01 -5.2876e-02 -9.4747e+00
76 +4.655286820e+01 +4.655286820e+01 +6.789286820e+01 +6.789286820e+01 -1.1529e+00 +2.4228e+00 +4.2015e+00 +1.3302e+00 -7.9887e+00
82 +4.272338555e+01 +4.272338555e+01 +6.406338555e+01 +6.406338555e+01 -3.4874e+00 +3.9931e+00 +3.6178e+00 +1.2327e+00 -1.4975e+01
83 +4.250575994e+01 +4.250575994e+01 +6.384575994e+01 +6.384575994e+01 +7.4828e-01 +3.8706e+00 +5.7288e+00 +1.1794e+00 -1.2516e+01
84 +3.874150327e+01 +3.874150327e+01 +6.008150327e+01 +6.008150327e+01 -5.6332e+00 +1.9209e+00 +5.4647e+00 +9.1561e-01 -1.4994e+01
89 +3.635537448e+01 +3.635537448e+01 +5.769537448e+01 +5.769537448e+01 -1.8693e+00 +1.7828e+00 +4.8593e+00 -1.8823e-01 -6.6204e+00
91 +2.354684311e+01 +2.354684311e+01 +4.488684311e+01 +4.488684311e+01 -1.6611e+00 +2.2254e+00 +5.6862e+00 -2.2839e+00 -1.5149e+01
102 +1.689313251e+01 +1.689313251e+01 +3.823313251e+01 +3.823313251e+01 -3.9646e+00 +5.1657e+00 +1.0316e+01 -2.1801e+00 -2.7971e+01
113 +1.533785959e+01 +1.533785959e+01 +3.667785959e+01 +3.667785959e+01 -2.3581e+00 +1.8428e+00 +9.3455e+00 -3.7407e+00 -2.9920e+01
115 +4.879522573e+00 +4.879522573e+00 +2.621952257e+01 +2.621952257e+01 -1.1153e+01 +3.7904e+00 +9.6910e+00 -4.5148e+00 -1.3306e+01
123 +4.472316240e+00 +4.472316240e+00 +2.581231624e+01 +2.581231624e+01 -4.4972e+00 +5.1388e+00 +8.6252e+00 -4.2941e+00 -6.2794e+00
124 +3.415491950e+00 +3.415491950e+00 +2.475549195e+01 +2.475549195e+01 -3.4314e+00 +3.9614e+00 +6.2474e+00 -5.2134e+00 -8.9060e+00
131 +2.955565020e+00 +2.955565020e+00 +2.429556502e+01 +2.429556502e+01 -4.8917e+00 +3.3989e+00 +1.1461e+01 -7.2061e+00 -7.9356e+00
132 +0.000000000e+00 +0.000000000e+00 +2.134000000e+01 +2.134000000e+01 -5.3517e+00 +5.7408e+00 +9.2160e+00 -6.0014e+00 -9.0855e+00
% function evaluation | noise-free fitness - Fopt (2.284000000000e+01) | best noise-free fitness - Fopt | measured fitness | best measured fitness | x1 | x2...
1 +1.078198516e+02 +1.078198516e+02 +1.306598516e+02 +1.306598516e+02 +0.0000e+00 +0.0000e+00 +0.0000e+00 +0.0000e+00 +0.0000e+00
2 +1.065459571e+02 +1.065459571e+02 +1.293859571e+02 +1.293859571e+02 -6.3562e-02 +1.0062e-01 +2.4709e-01 +1.0938e-01 -8.6510e-02
10 +1.044952472e+02 +1.044952472e+02 +1.273352472e+02 +1.273352472e+02 +4.3790e-01 +1.1154e-01 +4.4957e-02 +1.7115e-01 -4.3844e-01
11 +1.016686814e+02 +1.016686814e+02 +1.245086814e+02 +1.245086814e+02 +1.2042e-01 +3.1029e-01 +4.8990e-01 -8.4846e-03 -4.1229e-01
19 +9.798966930e+01 +9.798966930e+01 +1.208296693e+02 +1.208296693e+02 +1.9525e-01 +1.5666e-01 +3.3261e-01 -5.2979e-01 -5.7158e-01
22 +9.672978560e+01 +9.672978560e+01 +1.195697856e+02 +1.195697856e+02 -1.8916e-01 +6.2886e-01 +1.0208e-01 -3.5344e-01 -7.4723e-01
26 +9.088595442e+01 +9.088595442e+01 +1.137259544e+02 +1.137259544e+02 +9.2296e-02 +1.9046e-02 +4.3124e-01 -1.3965e-01 -1.4843e+00
34 +8.603455571e+01 +8.603455571e+01 +1.088745557e+02 +1.088745557e+02 -2.8844e-01 -2.5502e-01 +9.8540e-01 -1.0426e+00 -1.2971e+00
35 +8.457187560e+01 +8.457187560e+01 +1.074118756e+02 +1.074118756e+02 +4.0798e-01 +2.7285e-01 +6.8683e-01 -9.7156e-01 -1.5535e+00
41 +7.915208909e+01 +7.915208909e+01 +1.019920891e+02 +1.019920891e+02 -6.8887e-02 +1.6313e-02 +2.6446e-01 -6.1271e-01 -2.4288e+00
44 +7.144028280e+01 +7.144028280e+01 +9.428028280e+01 +9.428028280e+01 -3.3473e-01 -2.5543e-01 +1.8452e-01 -2.3478e+00 -2.2713e+00
46 +6.881411176e+01 +6.881411176e+01 +9.165411176e+01 +9.165411176e+01 -5.8554e-01 -6.3643e-01 -4.9995e-01 -7.6502e-01 -3.6831e+00
49 +5.087126274e+01 +5.087126274e+01 +7.371126274e+01 +7.371126274e+01 -1.8151e-01 -2.0586e-01 +1.0140e+00 -2.6896e+00 -3.8802e+00
50 +4.492429660e+01 +4.492429660e+01 +6.776429660e+01 +6.776429660e+01 -6.0712e-01 +4.2509e-02 -6.5410e-01 -2.5396e+00 -5.6282e+00
58 +3.928869030e+01 +3.928869030e+01 +6.212869030e+01 +6.212869030e+01 -1.1633e+00 +1.9917e+00 -7.3901e-01 -5.3526e+00 -3.8046e+00
62 +2.895735724e+01 +2.895735724e+01 +5.179735724e+01 +5.179735724e+01 +1.8932e-01 +8.9722e-01 -2.0895e-01 -5.4206e+00 -6.0591e+00
70 +2.511872733e+01 +2.511872733e+01 +4.795872733e+01 +4.795872733e+01 +1.6588e+00 +1.5905e+00 +1.0798e+00 -7.5319e+00 -8.5448e+00
72 +2.084271539e+01 +2.084271539e+01 +4.368271539e+01 +4.368271539e+01 +1.1584e-03 +3.1411e+00 +1.0358e+00 -8.5530e+00 -9.8915e+00
77 +1.540347714e+01 +1.540347714e+01 +3.824347714e+01 +3.824347714e+01 -8.9892e-01 +1.3799e+00 +3.4616e+00 -1.4126e+01 -1.1568e+01
83 +1.011419586e+01 +1.011419586e+01 +3.295419586e+01 +3.295419586e+01 -2.1794e+00 +5.2829e+00 +3.0736e+00 -4.7863e+00 -1.2645e+01
96 +6.952093752e+00 +6.952093752e+00 +2.979209375e+01 +2.979209375e+01 -1.1560e+00 +3.2522e+00 +6.6263e+00 -2.5792e+01 -1.6297e+01
104 +5.352396893e+00 +5.352396893e+00 +2.819239689e+01 +2.819239689e+01 -3.7991e+00 +3.2216e+00 +4.6873e+00 -1.8891e+01 -6.0738e+00
105 +5.164449566e+00 +5.164449566e+00 +2.800444957e+01 +2.800444957e+01 -3.7726e+00 +2.7860e+00 +6.7942e+00 -1.9508e+01 -9.9103e+00
110 +8.079477760e-01 +8.079477760e-01 +2.364794778e+01 +2.364794778e+01 -4.6355e+00 +4.7506e+00 +6.8865e+00 -1.2232e+01 -8.2386e+00
135 +0.000000000e+00 +0.000000000e+00 +2.284000000e+01 +2.284000000e+01 -5.5509e+00 +5.5449e+00 +8.7843e+00 -2.2974e+01 -1.4576e+01
% function evaluation | noise-free fitness - Fopt (-1.038100000000e+02) | best noise-free fitness - Fopt | measured fitness | best measured fitness | x1 | x2...
1 +1.078198516e+02 +1.078198516e+02 +4.009851611e+00 +4.009851611e+00 +0.0000e+00 +0.0000e+00 +0.0000e+00 +0.0000e+00 +0.0000e+00
2 +1.061469795e+02 +1.061469795e+02 +2.336979487e+00 +2.336979487e+00 +2.9843e-01 +4.5592e-02 +1.9411e-01 +2.0216e-01 +7.7038e-02
11 +1.023270974e+02 +1.023270974e+02 -1.482902638e+00 -1.482902638e+00 +2.3469e-01 +2.9775e-01 +3.5122e-01 +5.7470e-01 +2.6075e-01
21 +9.985304807e+01 +9.985304807e+01 -3.956951934e+00 -3.956951934e+00 -1.1646e-01 +1.6074e-01 +1.0350e-01 +6.3109e-01 +4.5758e-01
24 +9.697475023e+01 +9.697475023e+01 -6.835249767e+00 -6.835249767e+00 +2.0152e-01 +7.6568e-01 +2.6327e-01 +5.1622e-01 +7.2116e-01
36 +9.203997632e+01 +9.203997632e+01 -1.177002368e+01 -1.177002368e+01 -9.7403e-01 +9.9552e-01 -4.0170e-01 +1.2892e+00 +6.4639e-01
42 +8.361370902e+01 +8.361370902e+01 -2.019629098e+01 -2.019629098e+01 +1.4423e-01 +1.2856e-01 +4.5549e-01 +2.5241e+00 +1.1080e+00
55 +7.146544404e+01 +7.146544404e+01 -3.234455596e+01 -3.234455596e+01 -1.3484e+00 +1.2079e+00 +1.3196e-01 +3.5236e+00 +1.6157e+00
59 +7.003971769e+01 +7.003971769e+01 -3.377028231e+01 -3.377028231e+01 -5.8364e-01 +1.4408e+00 -4.9373e-01 +2.9520e+00 +1.7640e+00
67 +6.073682830e+01 +6.073682830e+01 -4.307317170e+01 -4.307317170e+01 +9.3749e-01 +1.5925e+00 +7.8869e-01 +4.5912e+00 +1.9990e+00
69 +5.761198334e+01 +5.761198334e+01 -4.619801666e+01 -4.619801666e+01 -4.7578e-01 +1.0938e+00 -1.1068e-01 +4.6298e+00 +2.2353e+00
70 +5.665959289e+01 +5.665959289e+01 -4.715040711e+01 -4.715040711e+01 -9.4050e-02 +1.2128e+00 -7.8852e-01 +4.0652e+00 +2.3744e+00
79 +5.391933343e+01 +5.391933343e+01 -4.989066657e+01 -4.989066657e+01 +6.5328e-01 +1.1170e+00 -1.2663e+00 +6.1219e+00 +1.9140e+00
80 +4.068882696e+01 +4.068882696e+01 -6.312117304e+01 -6.312117304e+01 -4.8147e-01 +1.8103e+00 -5.7325e-01 +7.3994e+00 +3.4463e+00
84 +3.323465387e+01 +3.323465387e+01 -7.057534613e+01 -7.057534613e+01 -1.6404e+00 +2.7697e+00 +3.1516e-01 +9.3671e+00 +4.4180e+00
90 +2.157953121e+01 +2.157953121e+01 -8.223046879e+01 -8.223046879e+01 -1.5766e+00 +3.7853e+00 -9.3874e-01 +1.5117e+01 +6.9864e+00
108 +1.468564478e+01 +1.468564478e+01 -8.912435522e+01 -8.912435522e+01 -2.3677e+00 +4.6817e+00 -2.8648e+00 +9.3551e+00 +6.5441e+00
117 +1.021341991e+01 +1.021341991e+01 -9.359658009e+01 -9.359658009e+01 -4.5080e+00 +6.2498e+00 -4.7769e+00 +1.3441e+01 +7.0001e+00
126 +8.210932772e+00 +8.210932772e+00 -9.559906723e+01 -9.559906723e+01 -3.2109e+00 +8.9276e+00 -5.7710e+00 +1.3992e+01 +9.4659e+00
130 +6.956951299e+00 +6.956951299e+00 -9.685304870e+01 -9.685304870e+01 -1.9570e+00 +5.7581e+00 -8.0759e+00 +1.0194e+01 +8.7600e+00
139 +6.765215059e+00 +6.765215059e+00 -9.704478494e+01 -9.704478494e+01 -1.7652e+00 +1.1934e+01 -1.1500e+01 +1.2066e+01 +1.4075e+01
142 +5.530191591e+00 +5.530191591e+00 -9.827980841e+01 -9.827980841e+01 -5.3019e-01 +1.2364e+01 -9.9369e+00 +1.8396e+01 +9.6879e+00
143 +5.163714274e+00 +5.163714274e+00 -9.864628573e+01 -9.864628573e+01 -1.6371e-01 +8.9974e+00 -1.1420e+01 +1.8119e+01 +8.0626e+00
150 +0.000000000e+00 +0.000000000e+00 -1.038100000e+02 -1.038100000e+02 +5.8082e+00 +1.5136e+01 -1.2985e+01 +1.6138e+01 +5.5205e+00
% function evaluation | noise-free fitness - Fopt (1.237000000000e+01) | best noise-free fitness - Fopt | measured fitness | best measured fitness | x1 | x2...
1 +1.078198516e+02 +1.078198516e+02 +1.201898516e+02 +1.201898516e+02 +0.0000e+00 +0.0000e+00 +0.0000e+00 +0.0000e+00 +0.0000e+00
4 +1.047454017e+02 +1.047454017e+02 +1.171154017e+02 +1.171154017e+02 -6.1952e-02 +8.6205e-02 +2.0039e-01 +1.5411e-01 -1.7894e-01
11 +9.920407977e+01 +9.920407977e+01 +1.115740798e+02 +1.115740798e+02 +1.2552e-01 -4.7516e-02 +1.2081e-01 +1.3823e-01 -7.2464e-01
27 +9.147988016e+01 +9.147988016e+01 +1.038498802e+02 +1.038498802e+02 +3.2888e-01 -1.3683e-02 +3.3889e-01 +2.2943e-01 -1.3625e+00
34 +8.538936819e+01 +8.538936819e+01 +9.775936819e+01 +9.775936819e+01 +5.9043e-01 +2.2239e-01 +1.3346e-01 +7.8223e-01 -1.7415e+00
43 +7.671214010e+01 +7.671214010e+01 +8.908214010e+01 +8.908214010e+01 +5.8421e-01 +1.8393e-01 +7.8825e-01 +1.1108e+00 -2.2111e+00
50 +6.778523889e+01 +6.778523889e+01 +8.015523889e+01 +8.015523889e+01 +8.8965e-01 -1.9433e-01 +1.1605e+00 +6.9331e-01 -3.1231e+00
56 +6.015911889e+01 +6.015911889e+01 +7.252911889e+01 +7.252911889e+01 +8.7230e-01 +7.3771e-02 +3.1090e-01 +2.5930e-01 -4.4478e+00
63 +4.537726735e+01 +4.537726735e+01 +5.774726735e+01 +5.774726735e+01 +1.3408e+00 -1.2254e-01 +8.8751e-01 +1.4364e+00 -7.5789e+00
66 +4.327594426e+01 +4.327594426e+01 +5.564594426e+01 +5.564594426e+01 -2.0647e-01 +9.6699e-01 +1.1946e+00 +2.2570e+00 -8.9634e+00
67 +4.058247765e+01 +4.058247765e+01 +5.295247765e+01 +5.295247765e+01 +1.2555e+00 +1.3686e+00 +1.1041e+00 +2.6540e+00 -6.8805e+00
79 +3.617503828e+01 +3.617503828e+01 +4.854503828e+01 +4.854503828e+01 +2.3657e-01 +3.3669e-01 -3.8511e-01 +4.1300e+00 -6.3392e+00
82 +2.886024294e+01 +2.886024294e+01 +4.123024294e+01 +4.123024294e+01 +3.2295e+00 +1.6537e-01 -6.6184e-01 +7.1896e+00 -7.7708e+00
84 +2.429820200e+01 +2.429820200e+01 +3.666820200e+01 +3.666820200e+01 +3.4511e+00 -1.3630e+00 -1.4874e-01 +5.7902e+00 -1.3254e+01
94 +2.273186285e+01 +2.273186285e+01 +3.510186285e+01 +3.510186285e+01 +2.7443e+00 -3.9574e+00 -8.8883e-01 +9.6000e+00 -8.5181e+00
100 +1.739004808e+01 +1.739004808e+01 +2.976004808e+01 +2.976004808e+01 +7.1447e+00 -3.2749e+00 +4.7086e-01 +7.1276e+00 -1.5299e+01
104 +1.568999893e+01 +1.568999893e+01 +2.805999893e+01 +2.805999893e+01 +4.3044e+00 -2.6119e+00 +1.6013e+00 +1.1780e+01 -2.1312e+01
106 +1.169091341e+01 +1.169091341e+01 +2.406091341e+01 +2.406091341e+01 +4.7965e+00 -2.9627e+00 +2.5130e+00 +1.3051e+01 -2.7392e+01
113 +7.673307595e+00 +7.673307595e+00 +2.004330760e+01 +2.004330760e+01 +1.0132e+01 -3.1142e+00 +3.6339e+00 +5.0358e+00 -1.6932e+01
116 +7.538982092e+00 +7.538982092e+00 +1.990898209e+01 +1.990898209e+01 +9.8119e+00 -4.9925e+00 +2.6202e+00 +7.0912e+00 -2.0958e+01
118 +0.000000000e+00 +0.000000000e+00 +1.237000000e+01 +1.237000000e+01 +7.4427e+00 -6.0480e+00 +6.8970e+00 +7.2206e+00 -3.0197e+01
% function evaluation | noise-free fitness - Fopt (6.580000000000e+00) | best noise-free fitness - Fopt | measured fitness | best measured fitness | x1 | x2...
1 +1.078198516e+02 +1.078198516e+02 +1.143998516e+02 +1.143998516e+02 +0.0000e+00 +0.0000e+00 +0.0000e+00 +0.0000e+00 +0.0000e+00
6 +1.056556217e+02 +1.056556217e+02 +1.122356217e+02 +1.122356217e+02 -1.1149e-01 -3.3802e-02 +2.8721e-02 +1.8252e-01 +8.7543e-02
12 +1.041266747e+02 +1.041266747e+02 +1.107066747e+02 +1.107066747e+02 +3.8634e-02 -4.0983e-02 +4.4825e-02 -1.2867e-01 +4.2407e-01
24 +9.988439367e+01 +9.988439367e+01 +1.064643937e+02 +1.064643937e+02 +2.8628e-01 -2.7475e-01 +2.7445e-01 +2.0733e-01 +5.6993e-01
27 +9.704682315e+01 +9.704682315e+01 +1.036268232e+02 +1.036268232e+02 +1.3252e-01 -1.5247e-01 +4.4760e-01 +4.6783e-01 +6.5882e-01
30 +9.415016269e+01 +9.415016269e+01 +1.007301627e+02 +1.007301627e+02 -2.0535e-01 -2.3636e-01 +3.3689e-01 +1.5518e-01 +1.1106e+00
41 +9.243658948e+01 +9.243658948e+01 +9.901658948e+01 +9.901658948e+01 -6.3838e-02 -2.5115e-01 +6.2783e-01 +1.6534e-01 +1.1958e+00
43 +8.366615712e+01 +8.366615712e+01 +9.024615712e+01 +9.024615712e+01 +2.5794e-01 -5.5562e-01 +8.0361e-01 +2.4434e-01 +1.9508e+00
50 +8.037872682e+01 +8.037872682e+01 +8.695872682e+01 +8.695872682e+01 -7.8901e-01 +4.6709e-01 +1.3357e+00 +3.3433e-01 +2.1379e+00
55 +6.961773366e+01 +6.961773366e+01 +7.619773366e+01 +7.619773366e+01 +9.6815e-02 -2.6124e-02 +1.2459e+00 +6.9042e-01 +3.0430e+00
58 +5.002214058e+01 +5.002214058e+01 +5.660214058e+01 +5.660214058e+01 -4.0228e-01 -2.1131e-01 +8.4475e-01 +1.8464e+00 +4.3965e+00
66 +4.401486091e+01 +4.401486091e+01 +5.059486091e+01 +5.059486091e+01 +7.1922e-01 -2.0781e-01 +1.5497e+00 +2.1182e+00 +4.7343e+00
78 +3.790467975e+01 +3.790467975e+01 +4.448467975e+01 +4.448467975e+01 +1.1555e+00 -9.2255e-01 +1.2494e-01 +3.3850e+00 +9.1192e+00
82 +3.436595204e+01 +3.436595204e+01 +4.094595204e+01 +4.094595204e+01 +7.7811e-01 -5.6435e-01 +9.7377e-01 +3.5831e+00 +5.2524e+00
93 +3.237400560e+01 +3.237400560e+01 +3.895400560e+01 +3.895400560e+01 +6.2213e-01 +8.7914e-01 +8.7049e-01 +4.4241e+00 +5.7276e+00
96 +3.088045140e+01 +3.088045140e+01 +3.746045140e+01 +3.746045140e+01 +6.0751e-01 -4.8276e-01 +5.0905e-01 +4.4597e+00 +1.0389e+01
99 +2.975814545e+01 +2.975814545e+01 +3.633814545e+01 +3.633814545e+01 +1.8265e+00 -4.6055e-02 +2.0543e+00 +4.1452e+00 +6.2253e+00
100 +2.704866654e+01 +2.704866654e+01 +3.362866654e+01 +3.362866654e+01 +1.2146e+00 +1.2243e-01 +1.8167e+00 +4.7051e+00 +6.9108e+00
107 +2.326067521e+01 +2.326067521e+01 +2.984067521e+01 +2.984067521e+01 +1.7259e+00 +6.3378e-01 +2.9394e+00 +5.2876e+00 +7.7048e+00
110 +2.136253737e+01 +2.136253737e+01 +2.794253737e+01 +2.794253737e+01 +1.7082e+00 -1.1989e+00 +2.5034e+00 +6.5827e+00 +8.0601e+00
124 +1.604530952e+01 +1.604530952e+01 +2.262530952e+01 +2.262530952e+01 +5.5956e-01 +8.9657e-01 +5.8958e+00 +7.7880e+00 +9.6809e+00
137 +1.581858963e+01 +1.581858963e+01 +2.239858963e+01 +2.239858963e+01 +1.1180e+00 +4.5503e-01 +6.5833e+00 +7.8671e+00 +8.1363e+00
141 +1.521123098e+01 +1.521123098e+01 +2.179123098e+01 +2.179123098e+01 +1.6198e-01 +6.5111e-01 +5.4592e+00 +9.0711e+00 +7.6654e+00
153 +1.313908678e+01 +1.313908678e+01 +1.971908678e+01 +1.971908678e+01 +1.8260e-01 -5.2574e-01 +5.8242e+00 +7.3598e+00 +9.5322e+00
159 +1.215692234e+01 +1.215692234e+01 +1.873692234e+01 +1.873692234e+01 -6.5866e-02 -9.3833e-01 +5.7770e+00 +8.3325e+00 +5.3530e+00
177 +9.432367248e+00 +9.432367248e+00 +1.601236725e+01 +1.601236725e+01 -1.3231e+00 -1.7634e+00 +8.9333e+00 +7.0722e+00 +6.6930e+00
189 +7.982216540e+00 +7.982216540e+00 +1.456221654e+01 +1.456221654e+01 -1.2256e+00 -2.6338e+00 +1.1039e+01 +1.1019e+01 +1.1633e+01
191 +6.664254885e+00 +6.664254885e+00 +1.324425488e+01 +1.324425488e+01 -1.4514e+00 -3.2479e+00 +1.5404e+01 +7.5227e+00 +1.3460e+01
194 +6.354196737e+00 +6.354196737e+00 +1.293419674e+01 +1.293419674e+01 -2.6074e+00 -2.7722e+00 +1.1114e+01 +8.8142e+00 +1.3372e+01
197 +4.787047193e+00 +4.787047193e+00 +1.136704719e+01 +1.136704719e+01 -2.1295e-01 -5.4115e+00 +1.2162e+01 +7.4694e+00 +8.8138e+00
200 +4.536138526e+00 +4.536138526e+00 +1.111613853e+01 +1.111613853e+01 -4.6386e-01 -5.8465e+00 +6.9338e+00 +9.6233e+00 +9.7049e+00
202 +2.793993441e+00 +2.793993441e+00 +9.373993441e+00 +9.373993441e+00 -2.2060e+00 -1.0011e+01 +1.0519e+01 +8.1586e+00 +1.0549e+01
203 +5.651325308e-01 +5.651325308e-01 +7.145132531e+00 +7.145132531e+00 -4.4349e+00 -5.5955e+00 +1.7051e+01 +6.1904e+00 +1.2902e+01
220 +0.000000000e+00 +0.000000000e+00 +6.580000000e+00 +6.580000000e+00 -7.1167e+00 -7.1182e+00 +1.5938e+01 +1.1127e+01 +1.8626e+01
% function evaluation | noise-free fitness - Fopt (5.178000000000e+01) | best noise-free fitness - Fopt | measured fitness | best measured fitness | x1 | x2...
1 +1.078198516e+02 +1.078198516e+02 +1.595998516e+02 +1.595998516e+02 +0.0000e+00 +0.0000e+00 +0.0000e+00 +0.0000e+00 +0.0000e+00
8 +1.069146841e+02 +1.069146841e+02 +1.586946841e+02 +1.586946841e+02 +8.0245e-02 +6.8408e-03 -2.9498e-02 +3.3987e-01 -9.8089e-02
19 +1.036302096e+02 +1.036302096e+02 +1.554102096e+02 +1.554102096e+02 +3.1936e-01 -3.5510e-01 +6.9389e-01 +6.3273e-01 -2.5136e-01
23 +1.012528329e+02 +1.012528329e+02 +1.530328329e+02 +1.530328329e+02 +4.3768e-01 -3.3858e-01 +5.0570e-02 +9.5496e-01 -2.8110e-04
26 +9.681161398e+01 +9.681161398e+01 +1.485916140e+02 +1.485916140e+02 +1.2699e+00 -3.6285e-01 +9.5428e-03 +5.7872e-01 +5.8085e-01
34 +9.315081987e+01 +9.315081987e+01 +1.449308199e+02 +1.449308199e+02 +1.1452e+00 +1.7879e-02 +4.7607e-01 +4.9023e-01 +9.2934e-01
35 +9.074535580e+01 +9.074535580e+01 +1.425253558e+02 +1.425253558e+02 +1.0158e+00 +3.1880e-01 -5.4392e-01 +1.0465e+00 +1.2461e+00
46 +7.482914368e+01 +7.482914368e+01 +1.266091437e+02 +1.266091437e+02 +6.2862e-01 +3.7744e-01 -4.5656e-01 +1.2473e+00 +2.7463e+00
50 +6.329103639e+01 +6.329103639e+01 +1.150710364e+02 +1.150710364e+02 +7.2226e-01 -8.9198e-02 -2.3792e-01 +1.8360e+00 +3.4076e+00
52 +6.116022204e+01 +6.116022204e+01 +1.129402220e+02 +1.129402220e+02 -1.0773e+00 -3.3561e-01 +3.1347e-01 +2.0657e+00 +3.4533e+00
58 +3.840666335e+01 +3.840666335e+01 +9.018666335e+01 +9.018666335e+01 -2.6606e-01 +1.5876e-01 -2.1762e-01 +3.6721e+00 +5.2093e+00
68 +3.188088491e+01 +3.188088491e+01 +8.366088491e+01 +8.366088491e+01 -1.8850e+00 +2.3363e-01 +3.8709e-02 +8.2671e+00 +6.2042e+00
76 +2.195101344e+01 +2.195101344e+01 +7.373101344e+01 +7.373101344e+01 +4.2711e+00 -2.5729e+00 -3.4615e-01 +9.2052e+00 +5.8409e+00
82 +2.085742093e+01 +2.085742093e+01 +7.263742093e+01 +7.263742093e+01 +3.7741e+00 +2.4377e-01 +1.7408e+00 +9.5455e+00 +1.1668e+01
94 +1.355884695e+01 +1.355884695e+01 +6.533884695e+01 +6.533884695e+01 +3.9070e+00 -1.1567e-01 +3.8046e+00 +6.0719e+00 +7.9553e+00
99 +1.058181811e+01 +1.058181811e+01 +6.236181811e+01 +6.236181811e+01 +5.9421e+00 -1.3557e+00 +3.7031e+00 +1.0011e+01 +6.6579e+00
104 +1.034924781e+01 +1.034924781e+01 +6.212924781e+01 +6.212924781e+01 +5.3338e+00 -7.7540e-01 +4.1030e+00 +5.5626e+00 +1.3330e+01
113 +9.107745103e+00 +9.107745103e+00 +6.088774510e+01 +6.088774510e+01 +5.2672e+00 +1.2166e-01 +6.7456e+00 +8.2086e+00 +1.4885e+01
121 +7.895397409e+00 +7.895397409e+00 +5.967539741e+01 +5.967539741e+01 +4.8563e+00 -6.4091e-01 +8.1346e+00 +1.0195e+01 +8.9597e+00
125 +7.565171730e+00 +7.565171730e+00 +5.934517173e+01 +5.934517173e+01 +8.2342e+00 -7.4579e-01 +7.4103e+00 +1.2081e+01 +6.5005e+00
133 +7.398726926e+00 +7.398726926e+00 +5.917872693e+01 +5.917872693e+01 +8.7159e+00 -8.3939e-01 +5.1978e+00 +1.1934e+01 +5.2930e+00
137 +1.689430814e+00 +1.689430814e+00 +5.346943081e+01 +5.346943081e+01 +1.2799e+01 -4.0500e+00 +1.1114e+01 +7.5431e+00 +1.7491e+01
177 +0.000000000e+00 +0.000000000e+00 +5.178000000e+01 +5.178000000e+01 +7.2943e+00 -5.0720e+00 +6.0227e+00 +5.0865e+00 +1.7257e+01
% function evaluation | noise-free fitness - Fopt (-3.760300000000e+02) | best noise-free fitness - Fopt | measured fitness | best measured fitness | x1 | x2...
1 +1.078198516e+02 +1.078198516e+02 -2.682101484e+02 -2.682101484e+02 +0.0000e+00 +0.0000e+00 +0.0000e+00 +0.0000e+00 +0.0000e+00
4 +1.067202869e+02 +1.067202869e+02 -2.693097131e+02 -2.693097131e+02 +5.2297e-02 +3.2729e-01 +2.2905e-01 -4.6130e-02 -1.5536e-01
12 +1.040158702e+02 +1.040158702e+02 -2.720141298e+02 -2.720141298e+02 -1.7021e-01 +3.4179e-01 +2.3569e-01 +1.5203e-01 -2.9164e-01
14 +1.020733445e+02 +1.020733445e+02 -2.739566555e+02 -2.739566555e+02 -4.4293e-01 +1.4491e-01 +1.7617e-02 -1.5273e-01 -5.9605e-01
18 +9.812591300e+01 +9.812591300e+01 -2.779040870e+02 -2.779040870e+02 -3.9146e-01 +4.7007e-01 -1.5217e-01 +1.1807e-01 -7.3214e-01
29 +9.671966435e+01 +9.671966435e+01 -2.793103356e+02 -2.793103356e+02 +1.3450e-01 +6.3528e-01 -1.6957e-01 +4.0832e-01 -7.2726e-01
31 +9.409732860e+01 +9.409732860e+01 -2.819326714e+02 -2.819326714e+02 -1.6905e-01 +4.0629e-01 -3.1186e-01 +2.9320e-01 -1.0196e+00
43 +9.287883653e+01 +9.287883653e+01 -2.831511635e+02 -2.831511635e+02 -4.2136e-01 +5.8441e-01 -7.0455e-01 +5.0111e-01 -8.4345e-01
44 +8.813579803e+01 +8.813579803e+01 -2.878942020e+02 -2.878942020e+02 +1.8952e-02 +3.9963e-01 -5.4436e-01 +6.0638e-01 -1.3861e+00
45 +8.576137062e+01 +8.576137062e+01 -2.902686294e+02 -2.902686294e+02 -4.8452e-01 +8.7680e-01 -1.1020e-01 +9.2471e-01 -1.4466e+00
51 +7.989130067e+01 +7.989130067e+01 -2.961386993e+02 -2.961386993e+02 -9.6212e-02 +7.0926e-01 -9.3098e-01 +8.6402e-01 -1.8768e+00
58 +7.592835807e+01 +7.592835807e+01 -3.001016419e+02 -3.001016419e+02 -3.5609e-01 +1.2978e-01 +3.0655e-01 +4.5945e-01 -2.9690e+00
60 +6.884541171e+01 +6.884541171e+01 -3.071845883e+02 -3.071845883e+02 -2.1903e-01 +8.0569e-01 -6.7010e-01 +8.1148e-01 -3.0640e+00
75 +5.680925650e+01 +5.680925650e+01 -3.192207435e+02 -3.192207435e+02 +2.1587e-01 -3.7338e-01 +8.0823e-01 +1.4982e+00 -4.6021e+00
86 +5.224610742e+01 +5.224610742e+01 -3.237838926e+02 -3.237838926e+02 -6.4430e-02 +5.0310e-01 +4.0119e-01 +1.0462e+00 -5.8708e+00
96 +4.919421426e+01 +4.919421426e+01 -3.268357857e+02 -3.268357857e+02 -2.2582e-01 +8.0296e-01 -8.1372e-02 +1.1940e+00 -6.1558e+00
98 +4.545843620e+01 +4.545843620e+01 -3.305715638e+02 -3.305715638e+02 -4.8167e-01 +5.6595e-01 -1.0340e+00 +1.3521e+00 -7.8156e+00
101 +4.410643063e+01 +4.410643063e+01 -3.319235694e+02 -3.319235694e+02 -2.2729e-01 +1.4331e+00 -1.4157e-01 +1.8654e+00 -7.3362e+00
106 +3.811875465e+01 +3.811875465e+01 -3.379112453e+02 -3.379112453e+02 -1.0688e+00 +1.3188e+00 -2.2820e+00 +1.6130e+00 -7.5946e+00
115 +2.419813506e+01 +2.419813506e+01 -3.518318649e+02 -3.518318649e+02 -1.3578e+00 +1.7952e+00 -3.1533e+00 +3.3965e+00 -1.0189e+01
122 +1.646368719e+01 +1.646368719e+01 -3.595663128e+02 -3.595663128e+02 -1.3420e+00 +1.2604e+00 -7.7935e+00 +3.9053e+00 -9.9035e+00
130 +1.424675848e+01 +1.424675848e+01 -3.617832415e+02 -3.617832415e+02 -1.5723e+00 +4.7765e+00 -9.0263e+00 +3.1467e+00 -9.4453e+00
133 +3.778351914e+00 +3.778351914e+00 -3.722516481e+02 -3.722516481e+02 -1.2216e+00 +5.6971e+00 -1.0802e+01 +5.4530e+00 -1.1948e+01
138 +3.030276027e+00 +3.030276027e+00 -3.729997240e+02 -3.729997240e+02 -2.9948e+00 +4.4236e+00 -1.3501e+01 +6.6436e+00 -2.1232e+01
146 +2.663369972e+00 +2.663369972e+00 -3.733666300e+02 -3.733666300e+02 -2.3366e+00 +5.3872e+00 -9.3464e+00 +1.0160e+01 -5.0581e+00
154 +2.378764895e+00 +2.378764895e+00 -3.736512351e+02 -3.736512351e+02 -2.6212e+00 +9.9910e+00 -1.3310e+01 +8.6237e+00 -7.9411e+00
158 +2.870750916e-01 +2.870750916e-01 -3.757429249e+02 -3.757429249e+02 -4.7129e+00 +1.0883e+01 -2.1002e+01 +1.7113e+01 -1.6060e+01
172 +0.000000000e+00 +0.000000000e+00 -3.760300000e+02 -3.760300000e+02 -8.5668e+00 +9.6908e+00 -2.3004e+01 +1.3093e+01 -2.3307e+01
% function evaluation | noise-free fitness - Fopt (-7.182000000000e+01) | best noise-free fitness - Fopt | measured fitness | best measured fitness | x1 | x2...
1 +1.078198516e+02 +1.078198516e+02 +3.599985161e+01 +3.599985161e+01 +0.0000e+00 +0.0000e+00 +0.0000e+00 +0.0000e+00 +0.0000e+00
2 +1.037876757e+02 +1.037876757e+02 +3.196767571e+01 +3.196767571e+01 +1.4089e-01 +8.7766e-02 -1.7077e-02 -1.4804e-02 -4.3584e-01
11 +1.020932523e+02 +1.020932523e+02 +3.027325230e+01 +3.027325230e+01 -2.1679e-02 -2.6791e-02 -5.0302e-01 -1.6820e-01 -5.0124e-01
30 +9.538652839e+01 +9.538652839e+01 +2.356652839e+01 +2.356652839e+01 -3.5711e-01 +2.6726e-01 -1.5699e-01 +4.0438e-01 -9.7811e-01
36 +8.963226922e+01 +8.963226922e+01 +1.781226922e+01 +1.781226922e+01 -2.3506e-01 +4.1711e-01 -1.7230e-01 +5.1287e-01 -1.5265e+00
42 +8.003632087e+01 +8.003632087e+01 +8.216320868e+00 +8.216320868e+00 -5.9366e-01 +1.8488e-01 -9.9099e-02 +4.9095e-01 -2.4444e+00
49 +7.805048111e+01 +7.805048111e+01 +6.230481109e+00 +6.230481109e+00 -4.6337e-01 +9.8866e-01 +5.8034e-02 +8.7053e-01 -2.6352e+00
50 +7.579754250e+01 +7.579754250e+01 +3.977542501e+00 +3.977542501e+00 -3.1822e-02 +1.0481e+00 +1.9231e-01 +1.1040e+00 -2.8254e+00
53 +6.858414824e+01 +6.858414824e+01 -3.235851764e+00 -3.235851764e+00 -7.0425e-01 +8.1401e-01 +1.6959e-01 +2.5016e-01 -3.9109e+00
57 +6.698029165e+01 +6.698029165e+01 -4.839708347e+00 -4.839708347e+00 -1.2774e+00 -1.8575e-01 -1.2334e-01 -2.4413e-01 -4.0215e+00
64 +6.285254156e+01 +6.285254156e+01 -8.967458435e+00 -8.967458435e+00 -4.0249e-01 +1.4119e+00 -3.2220e-01 +4.4502e-01 -4.3554e+00
66 +5.659207160e+01 +5.659207160e+01 -1.522792840e+01 -1.522792840e+01 -4.3418e-01 +1.9885e-01 -2.1414e-01 +5.9656e-01 -4.7115e+00
75 +5.617638479e+01 +5.617638479e+01 -1.564361521e+01 -1.564361521e+01 +6.3206e-01 +9.0681e-01 -6.9976e-01 +1.6674e+00 -4.2299e+00
78 +5.145823864e+01 +5.145823864e+01 -2.036176136e+01 -2.036176136e+01 -1.9138e+00 -8.0943e-02 -6.6961e-01 +3.8881e-01 -5.7076e+00
84 +5.079605034e+01 +5.079605034e+01 -2.102394966e+01 -2.102394966e+01 -7.5929e-01 +1.0843e+00 -3.6723e-01 +1.2504e+00 -6.1018e+00
88 +4.881677178e+01 +4.881677178e+01 -2.300322822e+01 -2.300322822e+01 -1.4603e+00 +8.4079e-01 -3.2848e-01 +1.4225e+00 -5.6732e+00
89 +4.537157909e+01 +4.537157909e+01 -2.644842091e+01 -2.644842091e+01 -1.7584e+00 +1.2065e+00 -5.8223e-01 +1.9551e+00 -6.8246e+00
92 +3.998582431e+01 +3.998582431e+01 -3.183417569e+01 -3.183417569e+01 -1.6457e+00 +1.0473e+00 -5.4098e-01 +2.9057e+00 -8.7040e+00
94 +3.829995764e+01 +3.829995764e+01 -3.352004236e+01 -3.352004236e+01 -1.7494e+00 +2.1075e-01 +5.4390e-01 +3.5326e+00 -5.4095e+00
99 +3.591439256e+01 +3.591439256e+01 -3.590560744e+01 -3.590560744e+01 -1.4129e+00 -2.1927e+00 -6.5649e-01 +3.4613e+00 -4.5053e+00
103 +3.255784912e+01 +3.255784912e+01 -3.926215088e+01 -3.926215088e+01 -4.1346e+00 -1.4301e+00 +2.2097e-02 +3.3172e+00 -7.9401e+00
106 +2.992602566e+01 +2.992602566e+01 -4.189397434e+01 -4.189397434e+01 -1.5902e+00 -4.6140e+00 +1.3467e-01 +3.2942e+00 -7.2081e+00
107 +2.116571886e+01 +2.116571886e+01 -5.065428114e+01 -5.065428114e+01 -2.9726e+00 -2.0038e+00 -1.7558e+00 +4.3685e+00 -5.2246e+00
118 +1.619668334e+01 +1.619668334e+01 -5.562331666e+01 -5.562331666e+01 -2.9246e+00 -4.0731e+00 -1.6869e+00 +4.6450e+00 -6.2020e+00
123 +1.514722016e+01 +1.514722016e+01 -5.667277984e+01 -5.667277984e+01 -5.3682e+00 -2.3971e+00 -1.6737e+00 +6.4009e+00 -1.0746e+01
133 +1.464013589e+01 +1.464013589e+01 -5.717986411e+01 -5.717986411e+01 -2.8744e+00 -3.8258e+00 -1.7029e+00 +9.7954e+00 -1.2107e+01
134 +5.770541042e+00 +5.770541042e+00 -6.604945896e+01 -6.604945896e+01 -1.6640e+00 -4.6789e+00 -4.4107e+00 +6.0770e+00 -8.8508e+00
143 +1.938193127e+00 +1.938193127e+00 -6.988180687e+01 -6.988180687e+01 -5.8502e+00 -4.2131e+00 -4.8296e+00 +5.7477e+00 -8.1946e+00
145 +1.491243874e+00 +1.491243874e+00 -7.032875613e+01 -7.032875613e+01 -5.1875e+00 -6.0790e+00 -4.5284e+00 +7.8513e+00 -1.6379e+01
151 +0.000000000e+00 +0.000000000e+00 -7.182000000e+01 -7.182000000e+01 -6.2559e+00 -1.1573e+01 -6.3247e+00 +8.1842e+00 -1.4193e+01
% function evaluation | noise-free fitness - Fopt (1.606400000000e+02) | best noise-free fitness - Fopt | measured fitness | best measured fitness | x1 | x2...
1 +1.078198516e+02 +1.078198516e+02 +2.684598516e+02 +2.684598516e+02 +0.0000e+00 +0.0000e+00 +0.0000e+00 +0.0000e+00 +0.0000e+00
4 +1.060396192e+02 +1.060396192e+02 +2.666796192e+02 +2.666796192e+02 +3.7826e-02 +1.5118e-01 -1.9649e-01 +1.5241e-01 +4.8325e-04
11 +1.038742490e+02 +1.038742490e+02 +2.645142490e+02 +2.645142490e+02 -3.0193e-03 +4.1987e-01 -3.4229e-01 +4.6062e-02 -1.8605e-01
22 +1.020326645e+02 +1.020326645e+02 +2.626726645e+02 +2.626726645e+02 -1.8657e-01 +3.3346e-01 -4.6216e-01 +1.7377e-01 -2.9421e-01
32 +9.852797724e+01 +9.852797724e+01 +2.591679772e+02 +2.591679772e+02 -2.5459e-01 +6.1204e-01 -8.9562e-01 +2.5798e-01 -4.1752e-01
37 +9.620411991e+01 +9.620411991e+01 +2.568441199e+02 +2.568441199e+02 -1.6649e-01 +2.1757e-01 -1.2429e+00 +1.2537e-01 -6.7600e-01
42 +8.997662068e+01 +8.997662068e+01 +2.506166207e+02 +2.506166207e+02 -6.8191e-01 +4.4669e-01 -1.4183e+00 +8.2622e-02 -1.2781e+00
51 +8.489959158e+01 +8.489959158e+01 +2.455395916e+02 +2.455395916e+02 -1.1265e+00 +4.0808e-01 -1.2012e+00 +2.0678e-01 -1.8360e+00
52 +8.122859141e+01 +8.122859141e+01 +2.418685914e+02 +2.418685914e+02 -7.4615e-01 +2.6929e-01 -1.9780e+00 +3.7540e-01 -1.8492e+00
60 +6.197528433e+01 +6.197528433e+01 +2.226152843e+02 +2.226152843e+02 -6.4780e-01 -5.5139e-01 -2.3237e+00 +6.7559e-02 -3.9745e+00
66 +5.014323740e+01 +5.014323740e+01 +2.107832374e+02 +2.107832374e+02 +2.5880e-01 +1.3144e-01 -3.8107e+00 +5.0135e-01 -4.2314e+00
68 +4.778029177e+01 +4.778029177e+01 +2.084202918e+02 +2.084202918e+02 -5.6064e-01 +8.4081e-01 -2.8701e+00 +4.8408e-01 -4.7307e+00
73 +4.421872273e+01 +4.421872273e+01 +2.048587227e+02 +2.048587227e+02 -3.9132e-01 +1.1437e+00 -2.8840e+00 +5.0478e-01 -5.4934e+00
76 +4.087813276e+01 +4.087813276e+01 +2.015181328e+02 +2.015181328e+02 -1.7732e+00 +6.9310e-01 -3.5475e+00 +1.1140e+00 -5.9379e+00
95 +4.010980760e+01 +4.010980760e+01 +2.007498076e+02 +2.007498076e+02 +1.3071e-01 +6.2422e-01 -5.2114e+00 +1.1699e-01 -8.6368e+00
102 +3.836497529e+01 +3.836497529e+01 +1.990049753e+02 +1.990049753e+02 +4.1967e-01 +4.7553e-01 -7.4523e+00 +4.2291e-01 -1.3109e+01
106 +3.359807537e+01 +3.359807537e+01 +1.942380754e+02 +1.942380754e+02 +1.8917e+00 -3.8769e-01 -8.4742e+00 +1.2818e+00 -1.1400e+01
110 +2.917776260e+01 +2.917776260e+01 +1.898177626e+02 +1.898177626e+02 +9.8045e-01 +5.4357e-01 -8.7651e+00 +1.9354e+00 -1.5555e+01
115 +2.172783477e+01 +2.172783477e+01 +1.823678348e+02 +1.823678348e+02 +6.0217e+00 +7.1817e-01 -1.1312e+01 +2.4902e+00 -1.5937e+01
122 +1.757559958e+01 +1.757559958e+01 +1.782155996e+02 +1.782155996e+02 +5.9495e+00 -1.7002e+00 -1.2263e+01 +3.9934e+00 -1.2094e+01
128 +7.921589357e+00 +7.921589357e+00 +1.685615894e+02 +1.685615894e+02 +2.6853e+00 +2.3017e+00 -6.3992e+00 +4.8562e+00 -7.2734e+00
133 +5.601288471e+00 +5.601288471e+00 +1.662412885e+02 +1.662412885e+02 +5.3355e+00 +1.8502e+00 -1.0112e+01 +5.4156e+00 -9.6033e+00
140 +3.181077587e+00 +3.181077587e+00 +1.638210776e+02 +1.638210776e+02 +8.9993e+00 +3.4809e+00 -1.3638e+01 +4.9147e+00 -2.1346e+01
147 +1.460668465e+00 +1.460668465e+00 +1.621006685e+02 +1.621006685e+02 +3.5393e+00 +6.5565e+00 -1.4723e+01 +7.8881e+00 -1.0557e+01
149 +1.122650405e-01 +1.122650405e-01 +1.607522650e+02 +1.607522650e+02 +1.3329e+01 +4.9369e+00 -1.5271e+01 +8.7875e+00 -8.5780e+00
156 +0.000000000e+00 +0.000000000e+00 +1.606400000e+02 +1.606400000e+02 +8.4793e+00 +5.5034e+00 -1.1084e+01 +7.2348e+00 -7.5785e+00
% function evaluation | noise-free fitness - Fopt (-1.003600000000e+02) | best noise-free fitness - Fopt | measured fitness | best measured fitness | x1 | x2...
1 +1.078198516e+02 +1.078198516e+02 +7.459851611e+00 +7.459851611e+00 +0.0000e+00 +0.0000e+00 +0.0000e+00 +0.0000e+00 +0.0000e+00
4 +1.054434347e+02 +1.054434347e+02 +5.083434701e+00 +5.083434701e+00 -3.0432e-02 +3.0751e-01 -2.2576e-01 -3.0654e-03 -3.5895e-01
17 +1.045858214e+02 +1.045858214e+02 +4.225821374e+00 +4.225821374e+00 +7.1396e-02 +3.9380e-01 +2.8624e-03 +9.4214e-02 -4.5265e-01
18 +9.833939397e+01 +9.833939397e+01 -2.020606028e+00 -2.020606028e+00 +4.3686e-02 +5.2962e-02 -4.1015e-02 -3.5460e-01 -7.7539e-01
26 +9.710623774e+01 +9.710623774e+01 -3.253762261e+00 -3.253762261e+00 +1.0664e-01 -1.8481e-03 +1.5862e-01 -5.6397e-01 -7.1439e-01
40 +9.379491024e+01 +9.379491024e+01 -6.565089762e+00 -6.565089762e+00 +3.2292e-01 +4.5228e-02 +1.4078e-01 -4.8606e-01 -1.1250e+00
43 +9.265814230e+01 +9.265814230e+01 -7.701857699e+00 -7.701857699e+00 -1.3379e-01 -4.3538e-01 +2.0430e-01 -4.1480e-01 -1.1275e+00
44 +9.067388200e+01 +9.067388200e+01 -9.686117998e+00 -9.686117998e+00 -5.4782e-03 +2.9995e-01 -1.9563e-01 -7.3737e-01 -1.4146e+00
50 +8.596194163e+01 +8.596194163e+01 -1.439805837e+01 -1.439805837e+01 +4.3172e-01 -4.8044e-01 -5.5863e-02 -8.1793e-01 -1.7012e+00
55 +8.477352608e+01 +8.477352608e+01 -1.558647392e+01 -1.558647392e+01 +1.7107e-01 +6.8426e-01 +2.1169e-01 -6.7780e-01 -1.9953e+00
58 +7.994652338e+01 +7.994652338e+01 -2.041347662e+01 -2.041347662e+01 +7.3320e-01 +1.8785e-01 +1.1431e-01 -6.8537e-01 -2.4725e+00
59 +7.282561213e+01 +7.282561213e+01 -2.753438787e+01 -2.753438787e+01 +2.7068e-01 +1.7494e-01 +1.6377e-01 -6.6300e-01 -3.1330e+00
62 +7.209422838e+01 +7.209422838e+01 -2.826577162e+01 -2.826577162e+01 -1.3156e-01 +5.8883e-01 +1.0497e-01 -1.0979e+00 -3.0135e+00
66 +6.968385069e+01 +6.968385069e+01 -3.067614931e+01 -3.067614931e+01 +1.6907e-01 +1.0231e-01 +9.1365e-02 -2.3337e-01 -3.6886e+00
70 +6.275402932e+01 +6.275402932e+01 -3.760597068e+01 -3.760597068e+01 +2.6884e-01 -4.4522e-03 +1.0411e-01 -7.8645e-01 -4.0575e+00
74 +5.922909225e+01 +5.922909225e+01 -4.113090775e+01 -4.113090775e+01 +4.8573e-02 +1.3301e-01 -1.4547e-01 -1.4418e+00 -4.1228e+00
77 +4.681017052e+01 +4.681017052e+01 -5.354982948e+01 -5.354982948e+01 +3.6570e-01 +1.0936e-02 +1.8055e-01 -2.3608e+00 -4.7548e+00
92 +4.432803833e+01 +4.432803833e+01 -5.603196167e+01 -5.603196167e+01 +8.6561e-01 +5.0823e-01 +1.5667e-01 -2.6258e+00 -6.7118e+00
95 +4.100235997e+01 +4.100235997e+01 -5.935764003e+01 -5.935764003e+01 -7.1812e-01 +1.9869e-01 -2.5286e-01 -3.0679e+00 -7.0520e+00
104 +3.298736249e+01 +3.298736249e+01 -6.737263751e+01 -6.737263751e+01 -1.3510e-01 -8.4778e-02 -4.8933e-02 -4.3926e+00 -5.8094e+00
108 +3.013549425e+01 +3.013549425e+01 -7.022450575e+01 -7.022450575e+01 +6.3711e-01 -1.1624e-01 -7.2664e-04 -6.2589e+00 -8.0456e+00
118 +2.847039531e+01 +2.847039531e+01 -7.188960469e+01 -7.188960469e+01 +1.9661e-01 -7.7463e-01 +1.6199e+00 -5.8111e+00 -4.4929e+00
125 +2.417289840e+01 +2.417289840e+01 -7.618710160e+01 -7.618710160e+01 +6.9928e-01 -1.8575e+00 +9.2527e-01 -9.2499e+00 -9.7198e+00
132 +2.224834315e+01 +2.224834315e+01 -7.811165685e+01 -7.811165685e+01 +8.7641e-02 -2.9117e+00 +7.4763e-01 -5.7193e+00 -6.6583e+00
135 +2.057612046e+01 +2.057612046e+01 -7.978387954e+01 -7.978387954e+01 +1.3534e+00 -3.6645e+00 +1.2534e+00 -6.2300e+00 -1.2548e+01
145 +2.032208005e+01 +2.032208005e+01 -8.003791995e+01 -8.003791995e+01 +1.5385e+00 -2.2841e+00 +2.1685e+00 -5.8983e+00 -7.4112e+00
159 +1.808039324e+01 +1.808039324e+01 -8.227960676e+01 -8.227960676e+01 -7.3128e-01 -3.3210e+00 +1.5766e+00 -9.6287e+00 -1.3162e+01
160 +1.572774980e+01 +1.572774980e+01 -8.463225020e+01 -8.463225020e+01 -1.8335e+00 -3.4523e+00 +2.0799e+00 -4.8978e+00 -7.6646e+00
171 +1.466759771e+01 +1.466759771e+01 -8.569240229e+01 -8.569240229e+01 -2.2419e+00 -3.2768e+00 +2.2029e+00 -5.5676e+00 -5.2170e+00
173 +1.188641318e+01 +1.188641318e+01 -8.847358682e+01 -8.847358682e+01 -1.6692e+00 -4.5363e+00 +2.5552e+00 -6.6359e+00 -1.4907e+01
177 +9.274276985e+00 +9.274276985e+00 -9.108572301e+01 -9.108572301e+01 -8.6185e-01 -6.2072e+00 +3.5184e+00 -4.9198e+00 -1.0472e+01
181 +6.068271638e+00 +6.068271638e+00 -9.429172836e+01 -9.429172836e+01 -3.1019e+00 -5.7555e+00 +3.6813e+00 -7.3601e+00 -1.2579e+01
184 +3.297366511e+00 +3.297366511e+00 -9.706263349e+01 -9.706263349e+01 -2.7858e+00 -7.9456e+00 +4.6575e+00 -7.8417e+00 -1.0034e+01
188 +2.406205364e+00 +2.406205364e+00 -9.795379464e+01 -9.795379464e+01 -2.5938e+00 -1.1087e+01 +6.2916e+00 -7.9998e+00 -1.1715e+01
190 +2.196923826e+00 +2.196923826e+00 -9.816307617e+01 -9.816307617e+01 -2.8031e+00 -7.7095e+00 +5.5577e+00 -5.3826e+00 -5.7899e+00
191 +9.823208138e-01 +9.823208138e-01 -9.937767919e+01 -9.937767919e+01 -4.0177e+00 -9.6980e+00 +5.4276e+00 -7.3356e+00 -6.1388e+00
195 +0.000000000e+00 +0.000000000e+00 -1.003600000e+02 -1.003600000e+02 -5.1025e+00 -1.5845e+01 +5.7653e+00 -6.7148e+00 -6.0798e+00
