% function evaluation | noise-free fitness - Fopt (-9.210000000000e+00) | best noise-free fitness - Fopt | measured fitness | best measured fitness | x1 | x2...
1 +7.899082053e+02 +7.899082053e+02 +7.806982053e+02 +7.806982053e+02
14 +7.756742991e+02 +7.756742991e+02 +7.664642991e+02 +7.664642991e+02
37 +7.574275637e+02 +7.574275637e+02 +7.482175637e+02 +7.482175637e+02
62 +7.388749833e+02 +7.388749833e+02 +7.296649833e+02 +7.296649833e+02
82 +7.147361559e+02 +7.147361559e+02 +7.055261559e+02 +7.055261559e+02
100 +7.073372923e+02 +7.073372923e+02 +6.981272923e+02 +6.981272923e+02
122 +6.910400715e+02 +6.910400715e+02 +6.818300715e+02 +6.818300715e+02
139 +6.736155136e+02 +6.736155136e+02 +6.644055136e+02 +6.644055136e+02
148 +6.535961689e+02 +6.535961689e+02 +6.443861689e+02 +6.443861689e+02
169 +6.439785034e+02 +6.439785034e+02 +6.347685034e+02 +6.347685034e+02
190 +6.306139344e+02 +6.306139344e+02 +6.214039344e+02 +6.214039344e+02
202 +5.953453273e+02 +5.953453273e+02 +5.861353273e+02 +5.861353273e+02
211 +5.854518814e+02 +5.854518814e+02 +5.762418814e+02 +5.762418814e+02
222 +5.724755272e+02 +5.724755272e+02 +5.632655272e+02 +5.632655272e+02
230 +5.573752768e+02 +5.573752768e+02 +5.481652768e+02 +5.481652768e+02
234 +5.341944679e+02 +5.341944679e+02 +5.249844679e+02 +5.249844679e+02
250 +5.240941197e+02 +5.240941197e+02 +5.148841197e+02 +5.148841197e+02
261 +5.092132272e+02 +5.092132272e+02 +5.000032272e+02 +5.000032272e+02
263 +5.006228549e+02 +5.006228549e+02 +4.914128549e+02 +4.914128549e+02
265 +4.798796900e+02 +4.798796900e+02 +4.706696900e+02 +4.706696900e+02
270 +4.636175676e+02 +4.636175676e+02 +4.544075676e+02 +4.544075676e+02
274 +4.510413298e+02 +4.510413298e+02 +4.418313298e+02 +4.418313298e+02
287 +4.408926756e+02 +4.408926756e+02 +4.316826756e+02 +4.316826756e+02
292 +4.298233806e+02 +4.298233806e+02 +4.206133806e+02 +4.206133806e+02
304 +3.925669449e+02 +3.925669449e+02 +3.833569449e+02 +3.833569449e+02
315 +3.565668031e+02 +3.565668031e+02 +3.473568031e+02 +3.473568031e+02
331 +3.464425363e+02 +3.464425363e+02 +3.372325363e+02 +3.372325363e+02
338 +3.296014980e+02 +3.296014980e+02 +3.203914980e+02 +3.203914980e+02
348 +3.216797483e+02 +3.216797483e+02 +3.124697483e+02 +3.124697483e+02
352 +3.036386758e+02 +3.036386758e+02 +2.944286758e+02 +2.944286758e+02
354 +2.948684139e+02 +2.948684139e+02 +2.856584139e+02 +2.856584139e+02
362 +2.873481449e+02 +2.873481449e+02 +2.781381449e+02 +2.781381449e+02
369 +2.766026916e+02 +2.766026916e+02 +2.673926916e+02 +2.673926916e+02
374 +2.665417917e+02 +2.665417917e+02 +2.573317917e+02 +2.573317917e+02
382 +2.519087884e+02 +2.519087884e+02 +2.426987884e+02 +2.426987884e+02
391 +2.369894725e+02 +2.369894725e+02 +2.277794725e+02 +2.277794725e+02
397 +2.206004129e+02 +2.206004129e+02 +2.113904129e+02 +2.113904129e+02
411 +2.159899523e+02 +2.159899523e+02 +2.067799523e+02 +2.067799523e+02
412 +2.003066961e+02 +2.003066961e+02 +1.910966961e+02 +1.910966961e+02
425 +1.882610648e+02 +1.882610648e+02 +1.790510648e+02 +1.790510648e+02
433 +1.730588411e+02 +1.730588411e+02 +1.638488411e+02 +1.638488411e+02
444 +1.623500750e+02 +1.623500750e+02 +1.531400750e+02 +1.531400750e+02
448 +1.423265204e+02 +1.423265204e+02 +1.331165204e+02 +1.331165204e+02
468 +1.277149479e+02 +1.277149479e+02 +1.185049479e+02 +1.185049479e+02
483 +1.255691334e+02 +1.255691334e+02 +1.163591334e+02 +1.163591334e+02
502 +1.137412686e+02 +1.137412686e+02 +1.045312686e+02 +1.045312686e+02
507 +1.053011768e+02 +1.053011768e+02 +9.609117676e+01 +9.609117676e+01
514 +8.543539302e+01 +8.543539302e+01 +7.622539302e+01 +7.622539302e+01
546 +8.229359107e+01 +8.229359107e+01 +7.308359107e+01 +7.308359107e+01
554 +8.104647711e+01 +8.104647711e+01 +7.183647711e+01 +7.183647711e+01
557 +7.157982931e+01 +7.157982931e+01 +6.236982931e+01 +6.236982931e+01
573 +6.311026490e+01 +6.311026490e+01 +5.390026490e+01 +5.390026490e+01
606 +5.462135591e+01 +5.462135591e+01 +4.541135591e+01 +4.541135591e+01
612 +5.235182102e+01 +5.235182102e+01 +4.314182102e+01 +4.314182102e+01
620 +5.125227787e+01 +5.125227787e+01 +4.204227787e+01 +4.204227787e+01
626 +4.262780860e+01 +4.262780860e+01 +3.341780860e+01 +3.341780860e+01
658 +3.873641280e+01 +3.873641280e+01 +2.952641280e+01 +2.952641280e+01
669 +3.641437418e+01 +3.641437418e+01 +2.720437418e+01 +2.720437418e+01
675 +3.272052636e+01 +3.272052636e+01 +2.351052636e+01 +2.351052636e+01
688 +3.000750833e+01 +3.000750833e+01 +2.079750833e+01 +2.079750833e+01
690 +2.466245031e+01 +2.466245031e+01 +1.545245031e+01 +1.545245031e+01
722 +2.126032426e+01 +2.126032426e+01 +1.205032426e+01 +1.205032426e+01
733 +1.710819384e+01 +1.710819384e+01 +7.898193840e+00 +7.898193840e+00
763 +1.690303305e+01 +1.690303305e+01 +7.693033050e+00 +7.693033050e+00
777 +1.539884953e+01 +1.539884953e+01 +6.188849532e+00 +6.188849532e+00
783 +1.459847870e+01 +1.459847870e+01 +5.388478699e+00 +5.388478699e+00
791 +1.284232494e+01 +1.284232494e+01 +3.632324940e+00 +3.632324940e+00
843 +9.407109326e+00 +9.407109326e+00 +1.971093257e-01 +1.971093257e-01
868 +8.503873718e+00 +8.503873718e+00 -7.061262822e-01 -7.061262822e-01
887 +7.765001022e+00 +7.765001022e+00 -1.444998978e+00 -1.444998978e+00
891 +7.334800071e+00 +7.334800071e+00 -1.875199929e+00 -1.875199929e+00
895 +5.731312564e+00 +5.731312564e+00 -3.478687436e+00 -3.478687436e+00
900 +3.806727602e+00 +3.806727602e+00 -5.403272398e+00 -5.403272398e+00
902 +3.657567473e+00 +3.657567473e+00 -5.552432527e+00 -5.552432527e+00
911 +3.235827664e+00 +3.235827664e+00 -5.974172336e+00 -5.974172336e+00
912 +2.877811262e+00 +2.877811262e+00 -6.332188738e+00 -6.332188738e+00
913 +2.567520813e+00 +2.567520813e+00 -6.642479187e+00 -6.642479187e+00
921 +1.069411473e+00 +1.069411473e+00 -8.140588527e+00 -8.140588527e+00
954 +3.806537550e-01 +3.806537550e-01 -8.829346245e+00 -8.829346245e+00
976 +2.342820108e-01 +2.342820108e-01 -8.975717989e+00 -8.975717989e+00
999 +0.000000000e+00 +0.000000000e+00 -9.210000000e+00 -9.210000000e+00
% function evaluation | noise-free fitness - Fopt (6.559900000000e+02) | best noise-free fitness - Fopt | measured fitness | best measured fitness | x1 | x2...
1 +7.899082053e+02 +7.899082053e+02 +1.445898205e+03 +1.445898205e+03
15 +7.729076079e+02 +7.729076079e+02 +1.428897608e+03 +1.428897608e+03
35 +7.573104062e+02 +7.573104062e+02 +1.413300406e+03 +1.413300406e+03
50 +7.406707436e+02 +7.406707436e+02 +1.396660744e+03 +1.396660744e+03
74 +7.192086592e+02 +7.192086592e+02 +1.375198659e+03 +1.375198659e+03
92 +7.057049975e+02 +7.057049975e+02 +1.361694998e+03 +1.361694998e+03
108 +6.891260950e+02 +6.891260950e+02 +1.345116095e+03 +1.345116095e+03
124 +6.728580832e+02 +6.728580832e+02 +1.328848083e+03 +1.328848083e+03
140 +6.465463912e+02 +6.465463912e+02 +1.302536391e+03 +1.302536391e+03
147 +6.394800443e+02 +6.394800443e+02 +1.295470044e+03 +1.295470044e+03
159 +6.307308050e+02 +6.307308050e+02 +1.286720805e+03 +1.286720805e+03
169 +6.155406414e+02 +6.155406414e+02 +1.271530641e+03 +1.271530641e+03
187 +5.829918286e+02 +5.829918286e+02 +1.238981829e+03 +1.238981829e+03
197 +5.694108158e+02 +5.694108158e+02 +1.225400816e+03 +1.225400816e+03
204 +5.521656233e+02 +5.521656233e+02 +1.208155623e+03 +1.208155623e+03
212 +5.489173566e+02 +5.489173566e+02 +1.204907357e+03 +1.204907357e+03
225 +5.307920830e+02 +5.307920830e+02 +1.186782083e+03 +1.186782083e+03
231 +5.207953052e+02 +5.207953052e+02 +1.176785305e+03 +1.176785305e+03
238 +5.088670891e+02 +5.088670891e+02 +1.164857089e+03 +1.164857089e+03
242 +4.997834443e+02 +4.997834443e+02 +1.155773444e+03 +1.155773444e+03
259 +4.838660818e+02 +4.838660818e+02 +1.139856082e+03 +1.139856082e+03
260 +4.631434571e+02 +4.631434571e+02 +1.119133457e+03 +1.119133457e+03
266 +4.494381606e+02 +4.494381606e+02 +1.105428161e+03 +1.105428161e+03
277 +4.436785435e+02 +4.436785435e+02 +1.099668544e+03 +1.099668544e+03
281 +4.316245923e+02 +4.316245923e+02 +1.087614592e+03 +1.087614592e+03
290 +4.240237144e+02 +4.240237144e+02 +1.080013714e+03 +1.080013714e+03
292 +4.142865661e+02 +4.142865661e+02 +1.070276566e+03 +1.070276566e+03
298 +3.979824901e+02 +3.979824901e+02 +1.053972490e+03 +1.053972490e+03
313 +3.866212587e+02 +3.866212587e+02 +1.042611259e+03 +1.042611259e+03
314 +3.767882885e+02 +3.767882885e+02 +1.032778289e+03 +1.032778289e+03
315 +3.584667688e+02 +3.584667688e+02 +1.014456769e+03 +1.014456769e+03
329 +3.461958392e+02 +3.461958392e+02 +1.002185839e+03 +1.002185839e+03
335 +3.194752602e+02 +3.194752602e+02 +9.754652602e+02 +9.754652602e+02
339 +3.096833941e+02 +3.096833941e+02 +9.656733941e+02 +9.656733941e+02
348 +2.996954643e+02 +2.996954643e+02 +9.556854643e+02 +9.556854643e+02
363 +2.851243859e+02 +2.851243859e+02 +9.411143859e+02 +9.411143859e+02
375 +2.787238355e+02 +2.787238355e+02 +9.347138355e+02 +9.347138355e+02
388 +2.576534259e+02 +2.576534259e+02 +9.136434259e+02 +9.136434259e+02
403 +2.528040972e+02 +2.528040972e+02 +9.087940972e+02 +9.087940972e+02
415 +2.477336805e+02 +2.477336805e+02 +9.037236805e+02 +9.037236805e+02
416 +2.422367897e+02 +2.422367897e+02 +8.982267897e+02 +8.982267897e+02
420 +2.371978041e+02 +2.371978041e+02 +8.931878041e+02 +8.931878041e+02
421 +2.336417758e+02 +2.336417758e+02 +8.896317758e+02 +8.896317758e+02
430 +2.274423996e+02 +2.274423996e+02 +8.834323996e+02 +8.834323996e+02
439 +2.228021824e+02 +2.228021824e+02 +8.787921824e+02 +8.787921824e+02
442 +2.127595252e+02 +2.127595252e+02 +8.687495252e+02 +8.687495252e+02
464 +2.026687208e+02 +2.026687208e+02 +8.586587208e+02 +8.586587208e+02
471 +1.885829508e+02 +1.885829508e+02 +8.445729508e+02 +8.445729508e+02
487 +1.745039095e+02 +1.745039095e+02 +8.304939095e+02 +8.304939095e+02
513 +1.713151146e+02 +1.713151146e+02 +8.273051146e+02 +8.273051146e+02
520 +1.683633072e+02 +1.683633072e+02 +8.243533072e+02 +8.243533072e+02
523 +1.655865076e+02 +1.655865076e+02 +8.215765076e+02 +8.215765076e+02
527 +1.572571056e+02 +1.572571056e+02 +8.132471056e+02 +8.132471056e+02
538 +1.534751640e+02 +1.534751640e+02 +8.094651640e+02 +8.094651640e+02
542 +1.410479076e+02 +1.410479076e+02 +7.970379076e+02 +7.970379076e+02
555 +1.360054765e+02 +1.360054765e+02 +7.919954765e+02 +7.919954765e+02
569 +1.315878355e+02 +1.315878355e+02 +7.875778355e+02 +7.875778355e+02
576 +1.250022466e+02 +1.250022466e+02 +7.809922466e+02 +7.809922466e+02
599 +1.213619846e+02 +1.213619846e+02 +7.773519846e+02 +7.773519846e+02
603 +1.175852155e+02 +1.175852155e+02 +7.735752155e+02 +7.735752155e+02
605 +1.116513079e+02 +1.116513079e+02 +7.676413079e+02 +7.676413079e+02
606 +1.055002491e+02 +1.055002491e+02 +7.614902491e+02 +7.614902491e+02
609 +9.712534706e+01 +9.712534706e+01 +7.531153471e+02 +7.531153471e+02
610 +9.437380804e+01 +9.437380804e+01 +7.503638080e+02 +7.503638080e+02
618 +9.156123518e+01 +9.156123518e+01 +7.475512352e+02 +7.475512352e+02
628 +8.673183777e+01 +8.673183777e+01 +7.427218378e+02 +7.427218378e+02
631 +8.077721947e+01 +8.077721947e+01 +7.367672195e+02 +7.367672195e+02
638 +7.082353347e+01 +7.082353347e+01 +7.268135335e+02 +7.268135335e+02
682 +6.626153464e+01 +6.626153464e+01 +7.222515346e+02 +7.222515346e+02
690 +6.603622176e+01 +6.603622176e+01 +7.220262218e+02 +7.220262218e+02
696 +5.630478833e+01 +5.630478833e+01 +7.122947883e+02 +7.122947883e+02
700 +5.382350639e+01 +5.382350639e+01 +7.098135064e+02 +7.098135064e+02
706 +5.095027638e+01 +5.095027638e+01 +7.069402764e+02 +7.069402764e+02
715 +4.795350285e+01 +4.795350285e+01 +7.039435029e+02 +7.039435029e+02
717 +3.812220778e+01 +3.812220778e+01 +6.941122078e+02 +6.941122078e+02
735 +3.701516437e+01 +3.701516437e+01 +6.930051644e+02 +6.930051644e+02
740 +3.483321038e+01 +3.483321038e+01 +6.908232104e+02 +6.908232104e+02
751 +3.417930066e+01 +3.417930066e+01 +6.901693007e+02 +6.901693007e+02
769 +3.111246538e+01 +3.111246538e+01 +6.871024654e+02 +6.871024654e+02
794 +2.554142380e+01 +2.554142380e+01 +6.815314238e+02 +6.815314238e+02
802 +2.176135238e+01 +2.176135238e+01 +6.777513524e+02 +6.777513524e+02
810 +1.813704572e+01 +1.813704572e+01 +6.741270457e+02 +6.741270457e+02
821 +1.579673128e+01 +1.579673128e+01 +6.717867313e+02 +6.717867313e+02
832 +1.064114231e+01 +1.064114231e+01 +6.666311423e+02 +6.666311423e+02
861 +9.800611067e+00 +9.800611067e+00 +6.657906111e+02 +6.657906111e+02
876 +6.322201772e+00 +6.322201772e+00 +6.623122018e+02 +6.623122018e+02
885 +2.583373842e+00 +2.583373842e+00 +6.585733738e+02 +6.585733738e+02
900 +1.272246453e+00 +1.272246453e+00 +6.572622465e+02 +6.572622465e+02
907 +1.062163390e+00 +1.062163390e+00 +6.570521634e+02 +6.570521634e+02
927 +1.650098672e-01 +1.650098672e-01 +6.561550099e+02 +6.561550099e+02
1029 +0.000000000e+00 +0.000000000e+00 +6.559900000e+02 +6.559900000e+02
% function evaluation | noise-free fitness - Fopt (6.671000000000e+01) | best noise-free fitness - Fopt | measured fitness | best measured fitness | x1 | x2...
1 +7.899082053e+02 +7.899082053e+02 +8.566182053e+02 +8.566182053e+02
24 +7.690011559e+02 +7.690011559e+02 +8.357111559e+02 +8.357111559e+02
37 +7.564332986e+02 +7.564332986e+02 +8.231432986e+02 +8.231432986e+02
64 +7.365231396e+02 +7.365231396e+02 +8.032331396e+02 +8.032331396e+02
90 +7.238148100e+02 +7.238148100e+02 +7.905248100e+02 +7.905248100e+02
106 +6.999147609e+02 +6.999147609e+02 +7.666247609e+02 +7.666247609e+02
116 +6.887959988e+02 +6.887959988e+02 +7.555059988e+02 +7.555059988e+02
136 +6.677975497e+02 +6.677975497e+02 +7.345075497e+02 +7.345075497e+02
144 +6.590607286e+02 +6.590607286e+02 +7.257707286e+02 +7.257707286e+02
150 +6.408929793e+02 +6.408929793e+02 +7.076029793e+02 +7.076029793e+02
162 +6.197896959e+02 +6.197896959e+02 +6.864996959e+02 +6.864996959e+02
170 +5.982971010e+02 +5.982971010e+02 +6.650071010e+02 +6.650071010e+02
179 +5.881858963e+02 +5.881858963e+02 +6.548958963e+02 +6.548958963e+02
183 +5.670262478e+02 +5.670262478e+02 +6.337362478e+02 +6.337362478e+02
193 +5.564024230e+02 +5.564024230e+02 +6.231124230e+02 +6.231124230e+02
199 +5.373924101e+02 +5.373924101e+02 +6.041024101e+02 +6.041024101e+02
202 +5.237589330e+02 +5.237589330e+02 +5.904689330e+02 +5.904689330e+02
210 +5.103258504e+02 +5.103258504e+02 +5.770358504e+02 +5.770358504e+02
223 +4.986485234e+02 +4.986485234e+02 +5.653585234e+02 +5.653585234e+02
225 +4.688333094e+02 +4.688333094e+02 +5.355433094e+02 +5.355433094e+02
234 +4.590640972e+02 +4.590640972e+02 +5.257740972e+02 +5.257740972e+02
237 +4.558991034e+02 +4.558991034e+02 +5.226091034e+02 +5.226091034e+02
244 +4.461371001e+02 +4.461371001e+02 +5.128471001e+02 +5.128471001e+02
250 +4.250400158e+02 +4.250400158e+02 +4.917500158e+02 +4.917500158e+02
260 +4.143374491e+02 +4.143374491e+02 +4.810474491e+02 +4.810474491e+02
261 +4.040406524e+02 +4.040406524e+02 +4.707506524e+02 +4.707506524e+02
265 +3.913671412e+02 +3.913671412e+02 +4.580771412e+02 +4.580771412e+02
266 +3.743856354e+02 +3.743856354e+02 +4.410956354e+02 +4.410956354e+02
275 +3.600809419e+02 +3.600809419e+02 +4.267909419e+02 +4.267909419e+02
277 +3.423938999e+02 +3.423938999e+02 +4.091038999e+02 +4.091038999e+02
291 +3.378446582e+02 +3.378446582e+02 +4.045546582e+02 +4.045546582e+02
298 +3.238818536e+02 +3.238818536e+02 +3.905918536e+02 +3.905918536e+02
306 +3.172965512e+02 +3.172965512e+02 +3.840065512e+02 +3.840065512e+02
307 +3.119741821e+02 +3.119741821e+02 +3.786841821e+02 +3.786841821e+02
309 +3.054515990e+02 +3.054515990e+02 +3.721615990e+02 +3.721615990e+02
315 +2.997053824e+02 +2.997053824e+02 +3.664153824e+02 +3.664153824e+02
322 +2.903854443e+02 +2.903854443e+02 +3.570954443e+02 +3.570954443e+02
327 +2.861206023e+02 +2.861206023e+02 +3.528306023e+02 +3.528306023e+02
328 +2.755449426e+02 +2.755449426e+02 +3.422549426e+02 +3.422549426e+02
331 +2.735184211e+02 +2.735184211e+02 +3.402284211e+02 +3.402284211e+02
339 +2.589282749e+02 +2.589282749e+02 +3.256382749e+02 +3.256382749e+02
342 +2.458892795e+02 +2.458892795e+02 +3.125992795e+02 +3.125992795e+02
363 +2.327868581e+02 +2.327868581e+02 +2.994968581e+02 +2.994968581e+02
374 +2.167507939e+02 +2.167507939e+02 +2.834607939e+02 +2.834607939e+02
378 +1.655579651e+02 +1.655579651e+02 +2.322679651e+02 +2.322679651e+02
395 +1.478830785e+02 +1.478830785e+02 +2.145930785e+02 +2.145930785e+02
396 +1.421259244e+02 +1.421259244e+02 +2.088359244e+02 +2.088359244e+02
402 +1.284944109e+02 +1.284944109e+02 +1.952044109e+02 +1.952044109e+02
414 +1.166570471e+02 +1.166570471e+02 +1.833670471e+02 +1.833670471e+02
421 +1.105087026e+02 +1.105087026e+02 +1.772187026e+02 +1.772187026e+02
427 +9.806757358e+01 +9.806757358e+01 +1.647775736e+02 +1.647775736e+02
449 +7.407233330e+01 +7.407233330e+01 +1.407823333e+02 +1.407823333e+02
460 +7.214507716e+01 +7.214507716e+01 +1.388550772e+02 +1.388550772e+02
469 +5.835783896e+01 +5.835783896e+01 +1.250678390e+02 +1.250678390e+02
505 +5.731976952e+01 +5.731976952e+01 +1.240297695e+02 +1.240297695e+02
508 +5.136453551e+01 +5.136453551e+01 +1.180745355e+02 +1.180745355e+02
519 +4.600598354e+01 +4.600598354e+01 +1.127159835e+02 +1.127159835e+02
542 +3.952120519e+01 +3.952120519e+01 +1.062312052e+02 +1.062312052e+02
566 +3.721469342e+01 +3.721469342e+01 +1.039246934e+02 +1.039246934e+02
568 +3.608613624e+01 +3.608613624e+01 +1.027961362e+02 +1.027961362e+02
574 +2.919658907e+01 +2.919658907e+01 +9.590658907e+01 +9.590658907e+01
578 +2.762893265e+01 +2.762893265e+01 +9.433893265e+01 +9.433893265e+01
582 +2.720963499e+01 +2.720963499e+01 +9.391963499e+01 +9.391963499e+01
595 +1.768168745e+01 +1.768168745e+01 +8.439168745e+01 +8.439168745e+01
603 +1.699491542e+01 +1.699491542e+01 +8.370491542e+01 +8.370491542e+01
649 +1.485926685e+01 +1.485926685e+01 +8.156926685e+01 +8.156926685e+01
672 +1.398560894e+01 +1.398560894e+01 +8.069560894e+01 +8.069560894e+01
679 +1.239916785e+01 +1.239916785e+01 +7.910916785e+01 +7.910916785e+01
703 +1.172984160e+01 +1.172984160e+01 +7.843984160e+01 +7.843984160e+01
708 +1.002486802e+01 +1.002486802e+01 +7.673486802e+01 +7.673486802e+01
735 +6.458572395e+00 +6.458572395e+00 +7.316857240e+01 +7.316857240e+01
744 +5.849200828e+00 +5.849200828e+00 +7.255920083e+01 +7.255920083e+01
748 +5.152087634e+00 +5.152087634e+00 +7.186208763e+01 +7.186208763e+01
753 +3.302631468e+00 +3.302631468e+00 +7.001263147e+01 +7.001263147e+01
755 +2.207412595e+00 +2.207412595e+00 +6.891741259e+01 +6.891741259e+01
759 +1.923451264e+00 +1.923451264e+00 +6.863345126e+01 +6.863345126e+01
796 +8.146675733e-01 +8.146675733e-01 +6.752466757e+01 +6.752466757e+01
840 +5.050885236e-01 +5.050885236e-01 +6.721508852e+01 +6.721508852e+01
842 +1.815625681e-01 +1.815625681e-01 +6.689156257e+01 +6.689156257e+01
857 +0.000000000e+00 +0.000000000e+00 +6.671000000e+01 +6.671000000e+01
% function evaluation | noise-free fitness - Fopt (9.416700000000e+02) | best noise-free fitness - Fopt | measured fitness | best measured fitness | x1 | x2...
1 +7.899082053e+02 +7.899082053e+02 +1.731578205e+03 +1.731578205e+03
18 +7.704882763e+02 +7.704882763e+02 +1.712158276e+03 +1.712158276e+03
44 +7.579282223e+02 +7.579282223e+02 +1.699598222e+03 +1.699598222e+03
65 +7.406218894e+02 +7.406218894e+02 +1.682291889e+03 +1.682291889e+03
85 +7.208071019e+02 +7.208071019e+02 +1.662477102e+03 +1.662477102e+03
101 +6.969050359e+02 +6.969050359e+02 +1.638575036e+03 +1.638575036e+03
117 +6.845611439e+02 +6.845611439e+02 +1.626231144e+03 +1.626231144e+03
132 +6.683410106e+02 +6.683410106e+02 +1.610011011e+03 +1.610011011e+03
139 +6.572461326e+02 +6.572461326e+02 +1.598916133e+03 +1.598916133e+03
148 +6.443168327e+02 +6.443168327e+02 +1.585986833e+03 +1.585986833e+03
167 +6.147065309e+02 +6.147065309e+02 +1.556376531e+03 +1.556376531e+03
179 +5.890363028e+02 +5.890363028e+02 +1.530706303e+03 +1.530706303e+03
187 +5.817138250e+02 +5.817138250e+02 +1.523383825e+03 +1.523383825e+03
200 +5.667079387e+02 +5.667079387e+02 +1.508377939e+03 +1.508377939e+03
212 +5.585532319e+02 +5.585532319e+02 +1.500223232e+03 +1.500223232e+03
213 +5.445494551e+02 +5.445494551e+02 +1.486219455e+03 +1.486219455e+03
218 +5.270427445e+02 +5.270427445e+02 +1.468712744e+03 +1.468712744e+03
226 +5.147039705e+02 +5.147039705e+02 +1.456373970e+03 +1.456373970e+03
228 +5.059203191e+02 +5.059203191e+02 +1.447590319e+03 +1.447590319e+03
234 +4.765469946e+02 +4.765469946e+02 +1.418216995e+03 +1.418216995e+03
250 +4.529724445e+02 +4.529724445e+02 +1.394642444e+03 +1.394642444e+03
262 +4.412259278e+02 +4.412259278e+02 +1.382895928e+03 +1.382895928e+03
270 +4.349800964e+02 +4.349800964e+02 +1.376650096e+03 +1.376650096e+03
272 +4.178616169e+02 +4.178616169e+02 +1.359531617e+03 +1.359531617e+03
274 +4.153591396e+02 +4.153591396e+02 +1.357029140e+03 +1.357029140e+03
277 +3.907729332e+02 +3.907729332e+02 +1.332442933e+03 +1.332442933e+03
285 +3.805776969e+02 +3.805776969e+02 +1.322247697e+03 +1.322247697e+03
288 +3.757723020e+02 +3.757723020e+02 +1.317442302e+03 +1.317442302e+03
295 +3.459019831e+02 +3.459019831e+02 +1.287571983e+03 +1.287571983e+03
311 +3.286889830e+02 +3.286889830e+02 +1.270358983e+03 +1.270358983e+03
317 +3.235750972e+02 +3.235750972e+02 +1.265245097e+03 +1.265245097e+03
331 +3.154743751e+02 +3.154743751e+02 +1.257144375e+03 +1.257144375e+03
333 +2.820888795e+02 +2.820888795e+02 +1.223758879e+03 +1.223758879e+03
338 +2.697360674e+02 +2.697360674e+02 +1.211406067e+03 +1.211406067e+03
348 +2.520964798e+02 +2.520964798e+02 +1.193766480e+03 +1.193766480e+03
356 +2.505024686e+02 +2.505024686e+02 +1.192172469e+03 +1.192172469e+03
362 +2.443457236e+02 +2.443457236e+02 +1.186015724e+03 +1.186015724e+03
367 +2.379174408e+02 +2.379174408e+02 +1.179587441e+03 +1.179587441e+03
373 +2.321552927e+02 +2.321552927e+02 +1.173825293e+03 +1.173825293e+03
375 +2.269679118e+02 +2.269679118e+02 +1.168637912e+03 +1.168637912e+03
380 +1.711004352e+02 +1.711004352e+02 +1.112770435e+03 +1.112770435e+03
389 +1.613652274e+02 +1.613652274e+02 +1.103035227e+03 +1.103035227e+03
409 +1.576776220e+02 +1.576776220e+02 +1.099347622e+03 +1.099347622e+03
413 +1.421483509e+02 +1.421483509e+02 +1.083818351e+03 +1.083818351e+03
428 +1.331847908e+02 +1.331847908e+02 +1.074854791e+03 +1.074854791e+03
450 +1.271075265e+02 +1.271075265e+02 +1.068777526e+03 +1.068777526e+03
524 +1.238196161e+02 +1.238196161e+02 +1.065489616e+03 +1.065489616e+03
528 +1.224455724e+02 +1.224455724e+02 +1.064115572e+03 +1.064115572e+03
530 +1.197945501e+02 +1.197945501e+02 +1.061464550e+03 +1.061464550e+03
538 +1.158640589e+02 +1.158640589e+02 +1.057534059e+03 +1.057534059e+03
548 +1.060898431e+02 +1.060898431e+02 +1.047759843e+03 +1.047759843e+03
555 +1.027099497e+02 +1.027099497e+02 +1.044379950e+03 +1.044379950e+03
561 +9.672062177e+01 +9.672062177e+01 +1.038390622e+03 +1.038390622e+03
565 +8.600579298e+01 +8.600579298e+01 +1.027675793e+03 +1.027675793e+03
574 +7.706250253e+01 +7.706250253e+01 +1.018732503e+03 +1.018732503e+03
584 +7.036850858e+01 +7.036850858e+01 +1.012038509e+03 +1.012038509e+03
593 +6.751899143e+01 +6.751899143e+01 +1.009188991e+03 +1.009188991e+03
602 +6.405458779e+01 +6.405458779e+01 +1.005724588e+03 +1.005724588e+03
610 +5.218724127e+01 +5.218724127e+01 +9.938572413e+02 +9.938572413e+02
618 +4.979726979e+01 +4.979726979e+01 +9.914672698e+02 +9.914672698e+02
651 +4.678102153e+01 +4.678102153e+01 +9.884510215e+02 +9.884510215e+02
660 +4.637413242e+01 +4.637413242e+01 +9.880441324e+02 +9.880441324e+02
673 +4.509221299e+01 +4.509221299e+01 +9.867622130e+02 +9.867622130e+02
675 +4.338774838e+01 +4.338774838e+01 +9.850577484e+02 +9.850577484e+02
682 +4.017197060e+01 +4.017197060e+01 +9.818419706e+02 +9.818419706e+02
696 +3.769798098e+01 +3.769798098e+01 +9.793679810e+02 +9.793679810e+02
716 +3.506782725e+01 +3.506782725e+01 +9.767378273e+02 +9.767378273e+02
722 +3.216542105e+01 +3.216542105e+01 +9.738354210e+02 +9.738354210e+02
730 +3.030259709e+01 +3.030259709e+01 +9.719725971e+02 +9.719725971e+02
739 +2.884321417e+01 +2.884321417e+01 +9.705132142e+02 +9.705132142e+02
741 +2.724212859e+01 +2.724212859e+01 +9.689121286e+02 +9.689121286e+02
746 +2.534844934e+01 +2.534844934e+01 +9.670184493e+02 +9.670184493e+02
750 +2.253204482e+01 +2.253204482e+01 +9.642020448e+02 +9.642020448e+02
757 +1.656053602e+01 +1.656053602e+01 +9.582305360e+02 +9.582305360e+02
763 +1.445171406e+01 +1.445171406e+01 +9.561217141e+02 +9.561217141e+02
767 +1.293773442e+01 +1.293773442e+01 +9.546077344e+02 +9.546077344e+02
773 +1.208138080e+01 +1.208138080e+01 +9.537513808e+02 +9.537513808e+02
800 +1.042667100e+01 +1.042667100e+01 +9.520966710e+02 +9.520966710e+02
807 +8.465907109e+00 +8.465907109e+00 +9.501359071e+02 +9.501359071e+02
825 +7.868894368e+00 +7.868894368e+00 +9.495388944e+02 +9.495388944e+02
827 +6.484147504e+00 +6.484147504e+00 +9.481541475e+02 +9.481541475e+02
849 +4.186979635e+00 +4.186979635e+00 +9.458569796e+02 +9.458569796e+02
855 +3.862304629e+00 +3.862304629e+00 +9.455323046e+02 +9.455323046e+02
861 +3.790926520e+00 +3.790926520e+00 +9.454609265e+02 +9.454609265e+02
870 +6.578103323e-01 +6.578103323e-01 +9.423278103e+02 +9.423278103e+02
878 +4.737094957e-01 +4.737094957e-01 +9.421437095e+02 +9.421437095e+02
930 +1.536448740e-01 +1.536448740e-01 +9.418236449e+02 +9.418236449e+02
939 +0.000000000e+00 +0.000000000e+00 +9.416700000e+02 +9.416700000e+02
% function evaluation | noise-free fitness - Fopt (-3.745000000000e+01) | best noise-free fitness - Fopt | measured fitness | best measured fitness | x1 | x2...
1 +7.899082053e+02 +7.899082053e+02 +7.524582053e+02 +7.524582053e+02
11 +7.689121838e+02 +7.689121838e+02 +7.314621838e+02 +7.314621838e+02
34 +7.535940815e+02 +7.535940815e+02 +7.161440815e+02 +7.161440815e+02
50 +7.335816628e+02 +7.335816628e+02 +6.961316628e+02 +6.961316628e+02
72 +7.231996242e+02 +7.231996242e+02 +6.857496242e+02 +6.857496242e+02
92 +6.983603670e+02 +6.983603670e+02 +6.609103670e+02 +6.609103670e+02
106 +6.912866697e+02 +6.912866697e+02 +6.538366697e+02 +6.538366697e+02
114 +6.758023909e+02 +6.758023909e+02 +6.383523909e+02 +6.383523909e+02
135 +6.554320453e+02 +6.554320453e+02 +6.179820453e+02 +6.179820453e+02
146 +6.410516215e+02 +6.410516215e+02 +6.036016215e+02 +6.036016215e+02
160 +6.301191969e+02 +6.301191969e+02 +5.926691969e+02 +5.926691969e+02
175 +6.112294746e+02 +6.112294746e+02 +5.737794746e+02 +5.737794746e+02
181 +5.984570844e+02 +5.984570844e+02 +5.610070844e+02 +5.610070844e+02
195 +5.820691845e+02 +5.820691845e+02 +5.446191845e+02 +5.446191845e+02
200 +5.720012476e+02 +5.720012476e+02 +5.345512476e+02 +5.345512476e+02
204 +5.504867557e+02 +5.504867557e+02 +5.130367557e+02 +5.130367557e+02
210 +5.366707174e+02 +5.366707174e+02 +4.992207174e+02 +4.992207174e+02
228 +5.190945831e+02 +5.190945831e+02 +4.816445831e+02 +4.816445831e+02
237 +5.060308324e+02 +5.060308324e+02 +4.685808324e+02 +4.685808324e+02
246 +5.010251154e+02 +5.010251154e+02 +4.635751154e+02 +4.635751154e+02
250 +4.881254230e+02 +4.881254230e+02 +4.506754230e+02 +4.506754230e+02
255 +4.756954828e+02 +4.756954828e+02 +4.382454828e+02 +4.382454828e+02
266 +4.573682985e+02 +4.573682985e+02 +4.199182985e+02 +4.199182985e+02
267 +4.562094034e+02 +4.562094034e+02 +4.187594034e+02 +4.187594034e+02
275 +4.453852685e+02 +4.453852685e+02 +4.079352685e+02 +4.079352685e+02
282 +4.227423792e+02 +4.227423792e+02 +3.852923792e+02 +3.852923792e+02
290 +4.033697933e+02 +4.033697933e+02 +3.659197933e+02 +3.659197933e+02
298 +3.970251850e+02 +3.970251850e+02 +3.595751850e+02 +3.595751850e+02
299 +3.855175434e+02 +3.855175434e+02 +3.480675434e+02 +3.480675434e+02
308 +3.783706988e+02 +3.783706988e+02 +3.409206988e+02 +3.409206988e+02
321 +3.590625013e+02 +3.590625013e+02 +3.216125013e+02 +3.216125013e+02
323 +3.513169378e+02 +3.513169378e+02 +3.138669378e+02 +3.138669378e+02
331 +3.465173992e+02 +3.465173992e+02 +3.090673992e+02 +3.090673992e+02
333 +3.347562757e+02 +3.347562757e+02 +2.973062757e+02 +2.973062757e+02
338 +3.280704868e+02 +3.280704868e+02 +2.906204868e+02 +2.906204868e+02
353 +3.133774693e+02 +3.133774693e+02 +2.759274693e+02 +2.759274693e+02
356 +3.054502556e+02 +3.054502556e+02 +2.680002556e+02 +2.680002556e+02
357 +2.911974374e+02 +2.911974374e+02 +2.537474374e+02 +2.537474374e+02
372 +2.787783336e+02 +2.787783336e+02 +2.413283336e+02 +2.413283336e+02
376 +2.603093571e+02 +2.603093571e+02 +2.228593571e+02 +2.228593571e+02
393 +2.383696445e+02 +2.383696445e+02 +2.009196445e+02 +2.009196445e+02
404 +2.308045124e+02 +2.308045124e+02 +1.933545124e+02 +1.933545124e+02
415 +1.911910440e+02 +1.911910440e+02 +1.537410440e+02 +1.537410440e+02
429 +1.674339658e+02 +1.674339658e+02 +1.299839658e+02 +1.299839658e+02
444 +1.623864950e+02 +1.623864950e+02 +1.249364950e+02 +1.249364950e+02
448 +1.541178267e+02 +1.541178267e+02 +1.166678267e+02 +1.166678267e+02
456 +1.502333582e+02 +1.502333582e+02 +1.127833582e+02 +1.127833582e+02
469 +1.474430008e+02 +1.474430008e+02 +1.099930008e+02 +1.099930008e+02
475 +1.384248272e+02 +1.384248272e+02 +1.009748272e+02 +1.009748272e+02
479 +1.274284605e+02 +1.274284605e+02 +8.997846052e+01 +8.997846052e+01
483 +1.212664994e+02 +1.212664994e+02 +8.381649943e+01 +8.381649943e+01
506 +1.165922456e+02 +1.165922456e+02 +7.914224563e+01 +7.914224563e+01
522 +1.118894105e+02 +1.118894105e+02 +7.443941049e+01 +7.443941049e+01
535 +1.064957358e+02 +1.064957358e+02 +6.904573585e+01 +6.904573585e+01
550 +9.484605968e+01 +9.484605968e+01 +5.739605968e+01 +5.739605968e+01
570 +8.978970857e+01 +8.978970857e+01 +5.233970857e+01 +5.233970857e+01
575 +8.770410794e+01 +8.770410794e+01 +5.025410794e+01 +5.025410794e+01
579 +7.997153334e+01 +7.997153334e+01 +4.252153334e+01 +4.252153334e+01
587 +7.901764427e+01 +7.901764427e+01 +4.156764427e+01 +4.156764427e+01
590 +7.329856797e+01 +7.329856797e+01 +3.584856797e+01 +3.584856797e+01
605 +5.881713990e+01 +5.881713990e+01 +2.136713990e+01 +2.136713990e+01
626 +5.706021403e+01 +5.706021403e+01 +1.961021403e+01 +1.961021403e+01
627 +5.427768217e+01 +5.427768217e+01 +1.682768217e+01 +1.682768217e+01
634 +5.056655067e+01 +5.056655067e+01 +1.311655067e+01 +1.311655067e+01
642 +4.330939994e+01 +4.330939994e+01 +5.859399944e+00 +5.859399944e+00
656 +3.776665735e+01 +3.776665735e+01 +3.166573523e-01 +3.166573523e-01
662 +3.594091482e+01 +3.594091482e+01 -1.509085178e+00 -1.509085178e+00
683 +3.408689575e+01 +3.408689575e+01 -3.363104252e+00 -3.363104252e+00
697 +3.344052535e+01 +3.344052535e+01 -4.009474646e+00 -4.009474646e+00
698 +2.853188103e+01 +2.853188103e+01 -8.918118973e+00 -8.918118973e+00
706 +2.619040910e+01 +2.619040910e+01 -1.125959090e+01 -1.125959090e+01
716 +2.412621417e+01 +2.412621417e+01 -1.332378583e+01 -1.332378583e+01
724 +2.119194142e+01 +2.119194142e+01 -1.625805858e+01 -1.625805858e+01
744 +2.034714529e+01 +2.034714529e+01 -1.710285471e+01 -1.710285471e+01
765 +1.776015370e+01 +1.776015370e+01 -1.968984630e+01 -1.968984630e+01
775 +1.645071458e+01 +1.645071458e+01 -2.099928542e+01 -2.099928542e+01
782 +1.363430699e+01 +1.363430699e+01 -2.381569301e+01 -2.381569301e+01
794 +1.239554482e+01 +1.239554482e+01 -2.505445518e+01 -2.505445518e+01
802 +1.121213957e+01 +1.121213957e+01 -2.623786043e+01 -2.623786043e+01
806 +1.022181788e+01 +1.022181788e+01 -2.722818212e+01 -2.722818212e+01
810 +5.065833497e+00 +5.065833497e+00 -3.238416650e+01 -3.238416650e+01
922 +3.028897372e+00 +3.028897372e+00 -3.442110263e+01 -3.442110263e+01
936 +1.751769971e+00 +1.751769971e+00 -3.569823003e+01 -3.569823003e+01
983 +1.124924445e+00 +1.124924445e+00 -3.632507556e+01 -3.632507556e+01
987 +5.174485179e-01 +5.174485179e-01 -3.693255148e+01 -3.693255148e+01
1011 +3.502261919e-01 +3.502261919e-01 -3.709977381e+01 -3.709977381e+01
1028 +0.000000000e+00 +0.000000000e+00 -3.745000000e+01 -3.745000000e+01
% function evaluation | noise-free fitness - Fopt (2.134000000000e+01) | best noise-free fitness - Fopt | measured fitness | best measured fitness | x1 | x2...
1 +7.899082053e+02 +7.899082053e+02 +8.112482053e+02 +8.112482053e+02
16 +7.722365055e+02 +7.722365055e+02 +7.935765055e+02 +7.935765055e+02
30 +7.571658897e+02 +7.571658897e+02 +7.785058897e+02 +7.785058897e+02
51 +7.379917397e+02 +7.379917397e+02 +7.593317397e+02 +7.593317397e+02
76 +7.200905118e+02 +7.200905118e+02 +7.414305118e+02 +7.414305118e+02
90 +6.977354380e+02 +6.977354380e+02 +7.190754380e+02 +7.190754380e+02
98 +6.908844983e+02 +6.908844983e+02 +7.122244983e+02 +7.122244983e+02
113 +6.685265674e+02 +6.685265674e+02 +6.898665674e+02 +6.898665674e+02
126 +6.581912246e+02 +6.581912246e+02 +6.795312246e+02 +6.795312246e+02
139 +6.352224146e+02 +6.352224146e+02 +6.565624146e+02 +6.565624146e+02
147 +6.296339362e+02 +6.296339362e+02 +6.509739362e+02 +6.509739362e+02
160 +5.987075957e+02 +5.987075957e+02 +6.200475957e+02 +6.200475957e+02
172 +5.802247951e+02 +5.802247951e+02 +6.015647951e+02 +6.015647951e+02
177 +5.749270839e+02 +5.749270839e+02 +5.962670839e+02 +5.962670839e+02
185 +5.600462557e+02 +5.600462557e+02 +5.813862557e+02 +5.813862557e+02
198 +5.455217287e+02 +5.455217287e+02 +5.668617287e+02 +5.668617287e+02
201 +5.328531222e+02 +5.328531222e+02 +5.541931222e+02 +5.541931222e+02
207 +4.990912632e+02 +4.990912632e+02 +5.204312632e+02 +5.204312632e+02
221 +4.854193424e+02 +4.854193424e+02 +5.067593424e+02 +5.067593424e+02
227 +4.777080155e+02 +4.777080155e+02 +4.990480155e+02 +4.990480155e+02
234 +4.611869103e+02 +4.611869103e+02 +4.825269103e+02 +4.825269103e+02
238 +4.494845256e+02 +4.494845256e+02 +4.708245256e+02 +4.708245256e+02
251 +4.416577492e+02 +4.416577492e+02 +4.629977492e+02 +4.629977492e+02
256 +4.147188019e+02 +4.147188019e+02 +4.360588019e+02 +4.360588019e+02
258 +4.012767746e+02 +4.012767746e+02 +4.226167746e+02 +4.226167746e+02
266 +3.809284811e+02 +3.809284811e+02 +4.022684811e+02 +4.022684811e+02
292 +3.770253280e+02 +3.770253280e+02 +3.983653280e+02 +3.983653280e+02
295 +3.606389128e+02 +3.606389128e+02 +3.819789128e+02 +3.819789128e+02
300 +3.431477415e+02 +3.431477415e+02 +3.644877415e+02 +3.644877415e+02
310 +3.195163266e+02 +3.195163266e+02 +3.408563266e+02 +3.408563266e+02
323 +3.027036525e+02 +3.027036525e+02 +3.240436525e+02 +3.240436525e+02
326 +2.949014629e+02 +2.949014629e+02 +3.162414629e+02 +3.162414629e+02
333 +2.875392969e+02 +2.875392969e+02 +3.088792969e+02 +3.088792969e+02
339 +2.719786214e+02 +2.719786214e+02 +2.933186214e+02 +2.933186214e+02
354 +2.551681991e+02 +2.551681991e+02 +2.765081991e+02 +2.765081991e+02
374 +2.250912559e+02 +2.250912559e+02 +2.464312559e+02 +2.464312559e+02
381 +2.216413897e+02 +2.216413897e+02 +2.429813897e+02 +2.429813897e+02
390 +2.155650150e+02 +2.155650150e+02 +2.369050150e+02 +2.369050150e+02
397 +2.022579903e+02 +2.022579903e+02 +2.235979903e+02 +2.235979903e+02
398 +1.970279642e+02 +1.970279642e+02 +2.183679642e+02 +2.183679642e+02
402 +1.943134387e+02 +1.943134387e+02 +2.156534387e+02 +2.156534387e+02
412 +1.774388206e+02 +1.774388206e+02 +1.987788206e+02 +1.987788206e+02
418 +1.668061134e+02 +1.668061134e+02 +1.881461134e+02 +1.881461134e+02
424 +1.656455809e+02 +1.656455809e+02 +1.869855809e+02 +1.869855809e+02
428 +1.542009240e+02 +1.542009240e+02 +1.755409240e+02 +1.755409240e+02
440 +1.420625841e+02 +1.420625841e+02 +1.634025841e+02 +1.634025841e+02
443 +1.341956505e+02 +1.341956505e+02 +1.555356505e+02 +1.555356505e+02
457 +1.312378181e+02 +1.312378181e+02 +1.525778181e+02 +1.525778181e+02
475 +1.155518377e+02 +1.155518377e+02 +1.368918377e+02 +1.368918377e+02
481 +1.143917336e+02 +1.143917336e+02 +1.357317336e+02 +1.357317336e+02
482 +1.087558241e+02 +1.087558241e+02 +1.300958241e+02 +1.300958241e+02
518 +9.779880041e+01 +9.779880041e+01 +1.191388004e+02 +1.191388004e+02
522 +9.377494653e+01 +9.377494653e+01 +1.151149465e+02 +1.151149465e+02
539 +9.310521783e+01 +9.310521783e+01 +1.144452178e+02 +1.144452178e+02
543 +8.796719435e+01 +8.796719435e+01 +1.093071943e+02 +1.093071943e+02
549 +8.397081301e+01 +8.397081301e+01 +1.053108130e+02 +1.053108130e+02
557 +8.006281836e+01 +8.006281836e+01 +1.014028184e+02 +1.014028184e+02
580 +7.334589120e+01 +7.334589120e+01 +9.468589120e+01 +9.468589120e+01
604 +6.833806770e+01 +6.833806770e+01 +8.967806770e+01 +8.967806770e+01
634 +6.662750322e+01 +6.662750322e+01 +8.796750322e+01 +8.796750322e+01
646 +5.401938549e+01 +5.401938549e+01 +7.535938549e+01 +7.535938549e+01
666 +5.240284968e+01 +5.240284968e+01 +7.374284968e+01 +7.374284968e+01
672 +5.095307099e+01 +5.095307099e+01 +7.229307099e+01 +7.229307099e+01
674 +4.774552750e+01 +4.774552750e+01 +6.908552750e+01 +6.908552750e+01
681 +4.519497952e+01 +4.519497952e+01 +6.653497952e+01 +6.653497952e+01
690 +4.100196774e+01 +4.100196774e+01 +6.234196774e+01 +6.234196774e+01
698 +3.801558940e+01 +3.801558940e+01 +5.935558940e+01 +5.935558940e+01
702 +3.545234648e+01 +3.545234648e+01 +5.679234648e+01 +5.679234648e+01
715 +3.316744110e+01 +3.316744110e+01 +5.450744110e+01 +5.450744110e+01
723 +2.598787245e+01 +2.598787245e+01 +4.732787245e+01 +4.732787245e+01
743 +2.472905952e+01 +2.472905952e+01 +4.606905952e+01 +4.606905952e+01
762 +2.267150011e+01 +2.267150011e+01 +4.401150011e+01 +4.401150011e+01
770 +1.818066345e+01 +1.818066345e+01 +3.952066345e+01 +3.952066345e+01
817 +1.492574444e+01 +1.492574444e+01 +3.626574444e+01 +3.626574444e+01
825 +1.040987980e+01 +1.040987980e+01 +3.174987980e+01 +3.174987980e+01
850 +8.593518754e+00 +8.593518754e+00 +2.993351875e+01 +2.993351875e+01
866 +6.113663692e+00 +6.113663692e+00 +2.745366369e+01 +2.745366369e+01
932 +5.730535459e+00 +5.730535459e+00 +2.707053546e+01 +2.707053546e+01
939 +4.917014285e+00 +4.917014285e+00 +2.625701429e+01 +2.625701429e+01
946 +4.698302879e+00 +4.698302879e+00 +2.603830288e+01 +2.603830288e+01
947 +4.358251112e+00 +4.358251112e+00 +2.569825111e+01 +2.569825111e+01
998 +3.383463048e+00 +3.383463048e+00 +2.472346305e+01 +2.472346305e+01
1009 +3.131113826e+00 +3.131113826e+00 +2.447111383e+01 +2.447111383e+01
1023 +2.572583501e+00 +2.572583501e+00 +2.391258350e+01 +2.391258350e+01
1029 +1.688843797e+00 +1.688843797e+00 +2.302884380e+01 +2.302884380e+01
1036 +1.535955546e+00 +1.535955546e+00 +2.287595555e+01 +2.287595555e+01
1038 +1.171386224e+00 +1.171386224e+00 +2.251138622e+01 +2.251138622e+01
1051 +8.067357673e-01 +8.067357673e-01 +2.214673577e+01 +2.214673577e+01
1060 +7.205506508e-01 +7.205506508e-01 +2.206055065e+01 +2.206055065e+01
1084 +5.832863454e-01 +5.832863454e-01 +2.192328635e+01 +2.192328635e+01
1091 +2.759425495e-01 +2.759425495e-01 +2.161594255e+01 +2.161594255e+01
1105 +1.304415113e-01 +1.304415113e-01 +2.147044151e+01 +2.147044151e+01
1107 +1.241545077e-01 +1.241545077e-01 +2.146415451e+01 +2.146415451e+01
1111 +0.000000000e+00 +0.000000000e+00 +2.134000000e+01 +2.134000000e+01
% function evaluation | noise-free fitness - Fopt (2.284000000000e+01) | best noise-free fitness - Fopt | measured fitness | best measured fitness | x1 | x2...
1 +7.899082053e+02 +7.899082053e+02 +8.127482053e+02 +8.127482053e+02
18 +7.756810975e+02 +7.756810975e+02 +7.985210975e+02 +7.985210975e+02
36 +7.560993491e+02 +7.560993491e+02 +7.789393491e+02 +7.789393491e+02
58 +7.396697539e+02 +7.396697539e+02 +7.625097539e+02 +7.625097539e+02
82 +7.217902366e+02 +7.217902366e+02 +7.446302366e+02 +7.446302366e+02
100 +7.000333836e+02 +7.000333836e+02 +7.228733836e+02 +7.228733836e+02
107 +6.802767533e+02 +6.802767533e+02 +7.031167533e+02 +7.031167533e+02
114 +6.658689060e+02 +6.658689060e+02 +6.887089060e+02 +6.887089060e+02
126 +6.522906042e+02 +6.522906042e+02 +6.751306042e+02 +6.751306042e+02
141 +6.369396669e+02 +6.369396669e+02 +6.597796669e+02 +6.597796669e+02
147 +6.260339091e+02 +6.260339091e+02 +6.488739091e+02 +6.488739091e+02
163 +6.106630490e+02 +6.106630490e+02 +6.335030490e+02 +6.335030490e+02
170 +5.997712953e+02 +5.997712953e+02 +6.226112953e+02 +6.226112953e+02
178 +5.705473096e+02 +5.705473096e+02 +5.933873096e+02 +5.933873096e+02
186 +5.584228725e+02 +5.584228725e+02 +5.812628725e+02 +5.812628725e+02
201 +5.476257392e+02 +5.476257392e+02 +5.704657392e+02 +5.704657392e+02
204 +5.167806631e+02 +5.167806631e+02 +5.396206631e+02 +5.396206631e+02
214 +5.015758912e+02 +5.015758912e+02 +5.244158912e+02 +5.244158912e+02
219 +4.982862179e+02 +4.982862179e+02 +5.211262179e+02 +5.211262179e+02
223 +4.896707593e+02 +4.896707593e+02 +5.125107593e+02 +5.125107593e+02
226 +4.589543593e+02 +4.589543593e+02 +4.817943593e+02 +4.817943593e+02
234 +4.564195445e+02 +4.564195445e+02 +4.792595445e+02 +4.792595445e+02
236 +4.411276551e+02 +4.411276551e+02 +4.639676551e+02 +4.639676551e+02
243 +4.357598962e+02 +4.357598962e+02 +4.585998962e+02 +4.585998962e+02
244 +4.184096646e+02 +4.184096646e+02 +4.412496646e+02 +4.412496646e+02
251 +4.076069013e+02 +4.076069013e+02 +4.304469013e+02 +4.304469013e+02
253 +3.870425124e+02 +3.870425124e+02 +4.098825124e+02 +4.098825124e+02
276 +3.748797540e+02 +3.748797540e+02 +3.977197540e+02 +3.977197540e+02
288 +3.321413420e+02 +3.321413420e+02 +3.549813420e+02 +3.549813420e+02
300 +3.274832667e+02 +3.274832667e+02 +3.503232667e+02 +3.503232667e+02
309 +3.185946119e+02 +3.185946119e+02 +3.414346119e+02 +3.414346119e+02
326 +2.975469879e+02 +2.975469879e+02 +3.203869879e+02 +3.203869879e+02
341 +2.920873157e+02 +2.920873157e+02 +3.149273157e+02 +3.149273157e+02
344 +2.811353494e+02 +2.811353494e+02 +3.039753494e+02 +3.039753494e+02
348 +2.466925875e+02 +2.466925875e+02 +2.695325875e+02 +2.695325875e+02
361 +2.121836271e+02 +2.121836271e+02 +2.350236271e+02 +2.350236271e+02
370 +2.034873920e+02 +2.034873920e+02 +2.263273920e+02 +2.263273920e+02
384 +1.805232162e+02 +1.805232162e+02 +2.033632162e+02 +2.033632162e+02
412 +1.734417616e+02 +1.734417616e+02 +1.962817616e+02 +1.962817616e+02
423 +1.684395467e+02 +1.684395467e+02 +1.912795467e+02 +1.912795467e+02
428 +1.632698558e+02 +1.632698558e+02 +1.861098558e+02 +1.861098558e+02
434 +1.448605925e+02 +1.448605925e+02 +1.677005925e+02 +1.677005925e+02
446 +1.303842760e+02 +1.303842760e+02 +1.532242760e+02 +1.532242760e+02
456 +1.283580544e+02 +1.283580544e+02 +1.511980544e+02 +1.511980544e+02
461 +1.215720750e+02 +1.215720750e+02 +1.444120750e+02 +1.444120750e+02
482 +1.039124354e+02 +1.039124354e+02 +1.267524354e+02 +1.267524354e+02
499 +9.603345724e+01 +9.603345724e+01 +1.188734572e+02 +1.188734572e+02
501 +9.103139517e+01 +9.103139517e+01 +1.138713952e+02 +1.138713952e+02
507 +8.072580745e+01 +8.072580745e+01 +1.035658074e+02 +1.035658074e+02
537 +7.625423351e+01 +7.625423351e+01 +9.909423351e+01 +9.909423351e+01
540 +7.171958302e+01 +7.171958302e+01 +9.455958302e+01 +9.455958302e+01
563 +6.427303320e+01 +6.427303320e+01 +8.711303320e+01 +8.711303320e+01
574 +6.205568372e+01 +6.205568372e+01 +8.489568372e+01 +8.489568372e+01
580 +6.108956176e+01 +6.108956176e+01 +8.392956176e+01 +8.392956176e+01
592 +5.459638530e+01 +5.459638530e+01 +7.743638530e+01 +7.743638530e+01
593 +5.234553798e+01 +5.234553798e+01 +7.518553798e+01 +7.518553798e+01
601 +4.700074653e+01 +4.700074653e+01 +6.984074653e+01 +6.984074653e+01
604 +3.886062718e+01 +3.886062718e+01 +6.170062718e+01 +6.170062718e+01
626 +3.685107189e+01 +3.685107189e+01 +5.969107189e+01 +5.969107189e+01
628 +3.587594838e+01 +3.587594838e+01 +5.871594838e+01 +5.871594838e+01
635 +3.084926617e+01 +3.084926617e+01 +5.368926617e+01 +5.368926617e+01
664 +2.662867295e+01 +2.662867295e+01 +4.946867295e+01 +4.946867295e+01
667 +2.414597147e+01 +2.414597147e+01 +4.698597147e+01 +4.698597147e+01
675 +2.041081163e+01 +2.041081163e+01 +4.325081163e+01 +4.325081163e+01
740 +1.932417175e+01 +1.932417175e+01 +4.216417175e+01 +4.216417175e+01
741 +1.869397270e+01 +1.869397270e+01 +4.153397270e+01 +4.153397270e+01
746 +1.677749610e+01 +1.677749610e+01 +3.961749610e+01 +3.961749610e+01
748 +1.627810886e+01 +1.627810886e+01 +3.911810886e+01 +3.911810886e+01
755 +1.379886407e+01 +1.379886407e+01 +3.663886407e+01 +3.663886407e+01
763 +1.059184271e+01 +1.059184271e+01 +3.343184271e+01 +3.343184271e+01
781 +8.583086827e+00 +8.583086827e+00 +3.142308683e+01 +3.142308683e+01
792 +8.101294752e+00 +8.101294752e+00 +3.094129475e+01 +3.094129475e+01
794 +6.772483418e+00 +6.772483418e+00 +2.961248342e+01 +2.961248342e+01
826 +6.552996269e+00 +6.552996269e+00 +2.939299627e+01 +2.939299627e+01
828 +4.613656019e+00 +4.613656019e+00 +2.745365602e+01 +2.745365602e+01
848 +4.183563003e+00 +4.183563003e+00 +2.702356300e+01 +2.702356300e+01
855 +3.064730411e+00 +3.064730411e+00 +2.590473041e+01 +2.590473041e+01
867 +2.613571187e+00 +2.613571187e+00 +2.545357119e+01 +2.545357119e+01
878 +2.196002553e+00 +2.196002553e+00 +2.503600255e+01 +2.503600255e+01
883 +1.719635656e+00 +1.719635656e+00 +2.455963566e+01 +2.455963566e+01
901 +3.387064373e-01 +3.387064373e-01 +2.317870644e+01 +2.317870644e+01
909 +0.000000000e+00 +0.000000000e+00 +2.284000000e+01 +2.284000000e+01
% function evaluation | noise-free fitness - Fopt (-1.038100000000e+02) | best noise-free fitness - Fopt | measured fitness | best measured fitness | x1 | x2...
1 +7.899082053e+02 +7.899082053e+02 +6.860982053e+02 +6.860982053e+02
26 +7.687467016e+02 +7.687467016e+02 +6.649367016e+02 +6.649367016e+02
45 +7.542344228e+02 +7.542344228e+02 +6.504244228e+02 +6.504244228e+02
67 +7.410158871e+02 +7.410158871e+02 +6.372058871e+02 +6.372058871e+02
84 +7.150454361e+02 +7.150454361e+02 +6.112354361e+02 +6.112354361e+02
99 +7.046677701e+02 +7.046677701e+02 +6.008577701e+02 +6.008577701e+02
114 +6.739880879e+02 +6.739880879e+02 +5.701780879e+02 +5.701780879e+02
127 +6.543017842e+02 +6.543017842e+02 +5.504917842e+02 +5.504917842e+02
140 +6.450801619e+02 +6.450801619e+02 +5.412701619e+02 +5.412701619e+02
156 +6.307634911e+02 +6.307634911e+02 +5.269534911e+02 +5.269534911e+02
162 +6.114141260e+02 +6.114141260e+02 +5.076041260e+02 +5.076041260e+02
170 +6.012698844e+02 +6.012698844e+02 +4.974598844e+02 +4.974598844e+02
178 +5.582153704e+02 +5.582153704e+02 +4.544053704e+02 +4.544053704e+02
192 +5.467656880e+02 +5.467656880e+02 +4.429556880e+02 +4.429556880e+02
198 +5.354776940e+02 +5.354776940e+02 +4.316676940e+02 +4.316676940e+02
207 +5.164160897e+02 +5.164160897e+02 +4.126060897e+02 +4.126060897e+02
213 +4.991198992e+02 +4.991198992e+02 +3.953098992e+02 +3.953098992e+02
221 +4.760102316e+02 +4.760102316e+02 +3.722002316e+02 +3.722002316e+02
229 +4.650660158e+02 +4.650660158e+02 +3.612560158e+02 +3.612560158e+02
237 +4.546514408e+02 +4.546514408e+02 +3.508414408e+02 +3.508414408e+02
242 +4.406866409e+02 +4.406866409e+02 +3.368766409e+02 +3.368766409e+02
250 +4.197838063e+02 +4.197838063e+02 +3.159738063e+02 +3.159738063e+02
263 +4.085156918e+02 +4.085156918e+02 +3.047056918e+02 +3.047056918e+02
267 +4.063590371e+02 +4.063590371e+02 +3.025490371e+02 +3.025490371e+02
269 +3.919459163e+02 +3.919459163e+02 +2.881359163e+02 +2.881359163e+02
279 +3.850038653e+02 +3.850038653e+02 +2.811938653e+02 +2.811938653e+02
282 +3.791413204e+02 +3.791413204e+02 +2.753313204e+02 +2.753313204e+02
285 +3.613109825e+02 +3.613109825e+02 +2.575009825e+02 +2.575009825e+02
289 +3.495755513e+02 +3.495755513e+02 +2.457655513e+02 +2.457655513e+02
298 +3.426914512e+02 +3.426914512e+02 +2.388814512e+02 +2.388814512e+02
302 +3.294838584e+02 +3.294838584e+02 +2.256738584e+02 +2.256738584e+02
310 +3.001313032e+02 +3.001313032e+02 +1.963213032e+02 +1.963213032e+02
315 +2.750092711e+02 +2.750092711e+02 +1.711992711e+02 +1.711992711e+02
337 +2.623112606e+02 +2.623112606e+02 +1.585012606e+02 +1.585012606e+02
339 +2.463071604e+02 +2.463071604e+02 +1.424971604e+02 +1.424971604e+02
355 +2.437510705e+02 +2.437510705e+02 +1.399410705e+02 +1.399410705e+02
363 +2.342370680e+02 +2.342370680e+02 +1.304270680e+02 +1.304270680e+02
370 +2.255712356e+02 +2.255712356e+02 +1.217612356e+02 +1.217612356e+02
371 +2.114906355e+02 +2.114906355e+02 +1.076806355e+02 +1.076806355e+02
391 +2.023481941e+02 +2.023481941e+02 +9.853819408e+01 +9.853819408e+01
394 +1.866864777e+02 +1.866864777e+02 +8.287647768e+01 +8.287647768e+01
402 +1.811981548e+02 +1.811981548e+02 +7.738815477e+01 +7.738815477e+01
412 +1.615883027e+02 +1.615883027e+02 +5.777830272e+01 +5.777830272e+01
413 +1.548503700e+02 +1.548503700e+02 +5.104037000e+01 +5.104037000e+01
419 +1.483367060e+02 +1.483367060e+02 +4.452670596e+01 +4.452670596e+01
428 +1.440738732e+02 +1.440738732e+02 +4.026387315e+01 +4.026387315e+01
437 +1.397820374e+02 +1.397820374e+02 +3.597203742e+01 +3.597203742e+01
459 +1.337437078e+02 +1.337437078e+02 +2.993370784e+01 +2.993370784e+01
461 +1.272299046e+02 +1.272299046e+02 +2.341990459e+01 +2.341990459e+01
469 +1.238142177e+02 +1.238142177e+02 +2.000421773e+01 +2.000421773e+01
470 +1.223900473e+02 +1.223900473e+02 +1.858004727e+01 +1.858004727e+01
477 +1.198914557e+02 +1.198914557e+02 +1.608145571e+01 +1.608145571e+01
495 +1.059030166e+02 +1.059030166e+02 +2.093016608e+00 +2.093016608e+00
514 +9.752219504e+01 +9.752219504e+01 -6.287804963e+00 -6.287804963e+00
525 +8.891624471e+01 +8.891624471e+01 -1.489375529e+01 -1.489375529e+01
531 +8.659238099e+01 +8.659238099e+01 -1.721761901e+01 -1.721761901e+01
535 +7.931433895e+01 +7.931433895e+01 -2.449566105e+01 -2.449566105e+01
544 +7.560562263e+01 +7.560562263e+01 -2.820437737e+01 -2.820437737e+01
552 +7.281174030e+01 +7.281174030e+01 -3.099825970e+01 -3.099825970e+01
555 +7.211625701e+01 +7.211625701e+01 -3.169374299e+01 -3.169374299e+01
562 +6.669045122e+01 +6.669045122e+01 -3.711954878e+01 -3.711954878e+01
579 +6.038472071e+01 +6.038472071e+01 -4.342527929e+01 -4.342527929e+01
608 +5.867436257e+01 +5.867436257e+01 -4.513563743e+01 -4.513563743e+01
614 +5.031818043e+01 +5.031818043e+01 -5.349181957e+01 -5.349181957e+01
627 +4.728169392e+01 +4.728169392e+01 -5.652830608e+01 -5.652830608e+01
634 +4.661130782e+01 +4.661130782e+01 -5.719869218e+01 -5.719869218e+01
636 +4.500177857e+01 +4.500177857e+01 -5.880822143e+01 -5.880822143e+01
643 +4.162750583e+01 +4.162750583e+01 -6.218249417e+01 -6.218249417e+01
651 +3.667325340e+01 +3.667325340e+01 -6.713674660e+01 -6.713674660e+01
660 +3.291701811e+01 +3.291701811e+01 -7.089298189e+01 -7.089298189e+01
681 +2.955099003e+01 +2.955099003e+01 -7.425900997e+01 -7.425900997e+01
698 +2.428760960e+01 +2.428760960e+01 -7.952239040e+01 -7.952239040e+01
708 +2.068236331e+01 +2.068236331e+01 -8.312763669e+01 -8.312763669e+01
712 +1.802949991e+01 +1.802949991e+01 -8.578050009e+01 -8.578050009e+01
731 +1.674120866e+01 +1.674120866e+01 -8.706879134e+01 -8.706879134e+01
732 +1.602700256e+01 +1.602700256e+01 -8.778299744e+01 -8.778299744e+01
737 +1.232216247e+01 +1.232216247e+01 -9.148783753e+01 -9.148783753e+01
741 +1.021135872e+01 +1.021135872e+01 -9.359864128e+01 -9.359864128e+01
746 +9.886521550e+00 +9.886521550e+00 -9.392347845e+01 -9.392347845e+01
749 +9.281198835e+00 +9.281198835e+00 -9.452880117e+01 -9.452880117e+01
756 +8.619458790e+00 +8.619458790e+00 -9.519054121e+01 -9.519054121e+01
763 +6.567540189e+00 +6.567540189e+00 -9.724245981e+01 -9.724245981e+01
764 +6.114537846e+00 +6.114537846e+00 -9.769546215e+01 -9.769546215e+01
770 +5.845172934e+00 +5.845172934e+00 -9.796482707e+01 -9.796482707e+01
774 +4.909767527e+00 +4.909767527e+00 -9.890023247e+01 -9.890023247e+01
776 +2.986241916e+00 +2.986241916e+00 -1.008237581e+02 -1.008237581e+02
784 +1.543328384e+00 +1.543328384e+00 -1.022666716e+02 -1.022666716e+02
821 +1.341944067e+00 +1.341944067e+00 -1.024680559e+02 -1.024680559e+02
827 +1.205436730e+00 +1.205436730e+00 -1.026045633e+02 -1.026045633e+02
833 +6.570591218e-01 +6.570591218e-01 -1.031529409e+02 -1.031529409e+02
840 +0.000000000e+00 +0.000000000e+00 -1.038100000e+02 -1.038100000e+02
% function evaluation | noise-free fitness - Fopt (1.237000000000e+01) | best noise-free fitness - Fopt | measured fitness | best measured fitness | x1 | x2...
1 +7.899082053e+02 +7.899082053e+02 +8.022782053e+02 +8.022782053e+02
12 +7.729165142e+02 +7.729165142e+02 +7.852865142e+02 +7.852865142e+02
34 +7.567696903e+02 +7.567696903e+02 +7.691396903e+02 +7.691396903e+02
52 +7.364251919e+02 +7.364251919e+02 +7.487951919e+02 +7.487951919e+02
80 +7.217962195e+02 +7.217962195e+02 +7.341662195e+02 +7.341662195e+02
89 +7.072551918e+02 +7.072551918e+02 +7.196251918e+02 +7.196251918e+02
117 +6.916811028e+02 +6.916811028e+02 +7.040511028e+02 +7.040511028e+02
123 +6.688904578e+02 +6.688904578e+02 +6.812604578e+02 +6.812604578e+02
140 +6.442376181e+02 +6.442376181e+02 +6.566076181e+02 +6.566076181e+02
159 +6.237574405e+02 +6.237574405e+02 +6.361274405e+02 +6.361274405e+02
163 +6.084396530e+02 +6.084396530e+02 +6.208096530e+02 +6.208096530e+02
171 +5.989375753e+02 +5.989375753e+02 +6.113075753e+02 +6.113075753e+02
175 +5.858516211e+02 +5.858516211e+02 +5.982216211e+02 +5.982216211e+02
179 +5.663619178e+02 +5.663619178e+02 +5.787319178e+02 +5.787319178e+02
194 +5.603380900e+02 +5.603380900e+02 +5.727080900e+02 +5.727080900e+02
196 +5.481022431e+02 +5.481022431e+02 +5.604722431e+02 +5.604722431e+02
207 +5.322024725e+02 +5.322024725e+02 +5.445724725e+02 +5.445724725e+02
212 +5.205610790e+02 +5.205610790e+02 +5.329310790e+02 +5.329310790e+02
214 +5.023593128e+02 +5.023593128e+02 +5.147293128e+02 +5.147293128e+02
224 +4.929404985e+02 +4.929404985e+02 +5.053104985e+02 +5.053104985e+02
226 +4.746675222e+02 +4.746675222e+02 +4.870375222e+02 +4.870375222e+02
235 +4.586010127e+02 +4.586010127e+02 +4.709710127e+02 +4.709710127e+02
243 +4.468743112e+02 +4.468743112e+02 +4.592443112e+02 +4.592443112e+02
245 +4.309188462e+02 +4.309188462e+02 +4.432888462e+02 +4.432888462e+02
251 +4.237155197e+02 +4.237155197e+02 +4.360855197e+02 +4.360855197e+02
261 +3.955195474e+02 +3.955195474e+02 +4.078895474e+02 +4.078895474e+02
266 +3.872726857e+02 +3.872726857e+02 +3.996426857e+02 +3.996426857e+02
277 +3.482227023e+02 +3.482227023e+02 +3.605927023e+02 +3.605927023e+02
283 +3.410019068e+02 +3.410019068e+02 +3.533719068e+02 +3.533719068e+02
287 +3.326638814e+02 +3.326638814e+02 +3.450338814e+02 +3.450338814e+02
306 +3.286694565e+02 +3.286694565e+02 +3.410394565e+02 +3.410394565e+02
309 +3.133736521e+02 +3.133736521e+02 +3.257436521e+02 +3.257436521e+02
313 +2.847664087e+02 +2.847664087e+02 +2.971364087e+02 +2.971364087e+02
321 +2.733332827e+02 +2.733332827e+02 +2.857032827e+02 +2.857032827e+02
323 +2.582997890e+02 +2.582997890e+02 +2.706697890e+02 +2.706697890e+02
330 +2.387136229e+02 +2.387136229e+02 +2.510836229e+02 +2.510836229e+02
334 +2.278566780e+02 +2.278566780e+02 +2.402266780e+02 +2.402266780e+02
338 +2.146747552e+02 +2.146747552e+02 +2.270447552e+02 +2.270447552e+02
347 +2.006430138e+02 +2.006430138e+02 +2.130130138e+02 +2.130130138e+02
351 +1.852947677e+02 +1.852947677e+02 +1.976647677e+02 +1.976647677e+02
364 +1.653361453e+02 +1.653361453e+02 +1.777061453e+02 +1.777061453e+02
370 +1.531457900e+02 +1.531457900e+02 +1.655157900e+02 +1.655157900e+02
374 +1.499027341e+02 +1.499027341e+02 +1.622727341e+02 +1.622727341e+02
391 +1.445129359e+02 +1.445129359e+02 +1.568829359e+02 +1.568829359e+02
393 +1.396931313e+02 +1.396931313e+02 +1.520631313e+02 +1.520631313e+02
401 +1.312207350e+02 +1.312207350e+02 +1.435907350e+02 +1.435907350e+02
415 +1.278298087e+02 +1.278298087e+02 +1.401998087e+02 +1.401998087e+02
419 +1.180994402e+02 +1.180994402e+02 +1.304694402e+02 +1.304694402e+02
429 +1.123261669e+02 +1.123261669e+02 +1.246961669e+02 +1.246961669e+02
436 +1.114880530e+02 +1.114880530e+02 +1.238580530e+02 +1.238580530e+02
439 +1.031833521e+02 +1.031833521e+02 +1.155533521e+02 +1.155533521e+02
442 +9.488105800e+01 +9.488105800e+01 +1.072510580e+02 +1.072510580e+02
461 +8.827048756e+01 +8.827048756e+01 +1.006404876e+02 +1.006404876e+02
470 +8.038492828e+01 +8.038492828e+01 +9.275492828e+01 +9.275492828e+01
474 +7.255143600e+01 +7.255143600e+01 +8.492143600e+01 +8.492143600e+01
482 +6.978546112e+01 +6.978546112e+01 +8.215546112e+01 +8.215546112e+01
534 +6.723055698e+01 +6.723055698e+01 +7.960055698e+01 +7.960055698e+01
541 +6.313631084e+01 +6.313631084e+01 +7.550631084e+01 +7.550631084e+01
551 +5.644568737e+01 +5.644568737e+01 +6.881568737e+01 +6.881568737e+01
578 +5.505515696e+01 +5.505515696e+01 +6.742515696e+01 +6.742515696e+01
592 +4.983777663e+01 +4.983777663e+01 +6.220777663e+01 +6.220777663e+01
597 +4.600811978e+01 +4.600811978e+01 +5.837811978e+01 +5.837811978e+01
612 +3.573670821e+01 +3.573670821e+01 +4.810670821e+01 +4.810670821e+01
620 +3.163610858e+01 +3.163610858e+01 +4.400610858e+01 +4.400610858e+01
631 +2.903413628e+01 +2.903413628e+01 +4.140413628e+01 +4.140413628e+01
643 +2.539929152e+01 +2.539929152e+01 +3.776929152e+01 +3.776929152e+01
691 +2.450729261e+01 +2.450729261e+01 +3.687729261e+01 +3.687729261e+01
705 +2.385534546e+01 +2.385534546e+01 +3.622534546e+01 +3.622534546e+01
715 +2.220691950e+01 +2.220691950e+01 +3.457691950e+01 +3.457691950e+01
723 +2.097908605e+01 +2.097908605e+01 +3.334908605e+01 +3.334908605e+01
727 +2.075863773e+01 +2.075863773e+01 +3.312863773e+01 +3.312863773e+01
729 +1.969004125e+01 +1.969004125e+01 +3.206004125e+01 +3.206004125e+01
736 +1.827432885e+01 +1.827432885e+01 +3.064432885e+01 +3.064432885e+01
742 +1.622758076e+01 +1.622758076e+01 +2.859758076e+01 +2.859758076e+01
767 +1.552059717e+01 +1.552059717e+01 +2.789059717e+01 +2.789059717e+01
796 +1.381527048e+01 +1.381527048e+01 +2.618527048e+01 +2.618527048e+01
797 +1.112230207e+01 +1.112230207e+01 +2.349230207e+01 +2.349230207e+01
814 +1.011548709e+01 +1.011548709e+01 +2.248548709e+01 +2.248548709e+01
825 +6.654987447e+00 +6.654987447e+00 +1.902498745e+01 +1.902498745e+01
833 +4.926787279e+00 +4.926787279e+00 +1.729678728e+01 +1.729678728e+01
835 +4.492448166e+00 +4.492448166e+00 +1.686244817e+01 +1.686244817e+01
847 +3.427739555e+00 +3.427739555e+00 +1.579773955e+01 +1.579773955e+01
853 +2.770019571e+00 +2.770019571e+00 +1.514001957e+01 +1.514001957e+01
857 +2.255108113e+00 +2.255108113e+00 +1.462510811e+01 +1.462510811e+01
876 +1.885983022e+00 +1.885983022e+00 +1.425598302e+01 +1.425598302e+01
877 +1.192411906e+00 +1.192411906e+00 +1.356241191e+01 +1.356241191e+01
883 +1.094830576e+00 +1.094830576e+00 +1.346483058e+01 +1.346483058e+01
907 +1.016383373e+00 +1.016383373e+00 +1.338638337e+01 +1.338638337e+01
911 +8.090830712e-01 +8.090830712e-01 +1.317908307e+01 +1.317908307e+01
920 +4.538426436e-01 +4.538426436e-01 +1.282384264e+01 +1.282384264e+01
932 +2.605339404e-01 +2.605339404e-01 +1.263053394e+01 +1.263053394e+01
939 +7.554510950e-02 +7.554510950e-02 +1.244554511e+01 +1.244554511e+01
942 +0.000000000e+00 +0.000000000e+00 +1.237000000e+01 +1.237000000e+01
% function evaluation | noise-free fitness - Fopt (6.580000000000e+00) | best noise-free fitness - Fopt | measured fitness | best measured fitness | x1 | x2...
1 +7.899082053e+02 +7.899082053e+02 +7.964882053e+02 +7.964882053e+02
12 +7.708247894e+02 +7.708247894e+02 +7.774047894e+02 +7.774047894e+02
27 +7.521083373e+02 +7.521083373e+02 +7.586883373e+02 +7.586883373e+02
50 +7.405918664e+02 +7.405918664e+02 +7.471718664e+02 +7.471718664e+02
73 +7.200076717e+02 +7.200076717e+02 +7.265876717e+02 +7.265876717e+02
76 +7.069131782e+02 +7.069131782e+02 +7.134931782e+02 +7.134931782e+02
113 +6.906650122e+02 +6.906650122e+02 +6.972450122e+02 +6.972450122e+02
123 +6.636362157e+02 +6.636362157e+02 +6.702162157e+02 +6.702162157e+02
138 +6.543110365e+02 +6.543110365e+02 +6.608910365e+02 +6.608910365e+02
147 +6.330173714e+02 +6.330173714e+02 +6.395973714e+02 +6.395973714e+02
162 +6.231801985e+02 +6.231801985e+02 +6.297601985e+02 +6.297601985e+02
163 +6.159023683e+02 +6.159023683e+02 +6.224823683e+02 +6.224823683e+02
175 +5.969775230e+02 +5.969775230e+02 +6.035575230e+02 +6.035575230e+02
194 +5.885112512e+02 +5.885112512e+02 +5.950912512e+02 +5.950912512e+02
204 +5.754069633e+02 +5.754069633e+02 +5.819869633e+02 +5.819869633e+02
221 +5.541814513e+02 +5.541814513e+02 +5.607614513e+02 +5.607614513e+02
225 +5.394015472e+02 +5.394015472e+02 +5.459815472e+02 +5.459815472e+02
229 +5.256405911e+02 +5.256405911e+02 +5.322205911e+02 +5.322205911e+02
232 +5.198648992e+02 +5.198648992e+02 +5.264448992e+02 +5.264448992e+02
244 +5.051285849e+02 +5.051285849e+02 +5.117085849e+02 +5.117085849e+02
250 +4.993418979e+02 +4.993418979e+02 +5.059218979e+02 +5.059218979e+02
252 +4.874402716e+02 +4.874402716e+02 +4.940202716e+02 +4.940202716e+02
265 +4.756747368e+02 +4.756747368e+02 +4.822547368e+02 +4.822547368e+02
270 +4.675193945e+02 +4.675193945e+02 +4.740993945e+02 +4.740993945e+02
275 +4.565477301e+02 +4.565477301e+02 +4.631277301e+02 +4.631277301e+02
280 +4.442246003e+02 +4.442246003e+02 +4.508046003e+02 +4.508046003e+02
283 +4.137314422e+02 +4.137314422e+02 +4.203114422e+02 +4.203114422e+02
294 +4.004224051e+02 +4.004224051e+02 +4.070024051e+02 +4.070024051e+02
299 +3.934930854e+02 +3.934930854e+02 +4.000730854e+02 +4.000730854e+02
302 +3.718059455e+02 +3.718059455e+02 +3.783859455e+02 +3.783859455e+02
307 +3.647143463e+02 +3.647143463e+02 +3.712943463e+02 +3.712943463e+02
319 +3.567533694e+02 +3.567533694e+02 +3.633333694e+02 +3.633333694e+02
320 +3.529249475e+02 +3.529249475e+02 +3.595049475e+02 +3.595049475e+02
328 +3.241217438e+02 +3.241217438e+02 +3.307017438e+02 +3.307017438e+02
338 +3.136865550e+02 +3.136865550e+02 +3.202665550e+02 +3.202665550e+02
342 +3.072933140e+02 +3.072933140e+02 +3.138733140e+02 +3.138733140e+02
346 +2.971091176e+02 +2.971091176e+02 +3.036891176e+02 +3.036891176e+02
349 +2.871717768e+02 +2.871717768e+02 +2.937517768e+02 +2.937517768e+02
355 +2.652516193e+02 +2.652516193e+02 +2.718316193e+02 +2.718316193e+02
360 +2.601739194e+02 +2.601739194e+02 +2.667539194e+02 +2.667539194e+02
363 +2.248387396e+02 +2.248387396e+02 +2.314187396e+02 +2.314187396e+02
381 +2.182545884e+02 +2.182545884e+02 +2.248345884e+02 +2.248345884e+02
396 +2.082188011e+02 +2.082188011e+02 +2.147988011e+02 +2.147988011e+02
399 +2.029261578e+02 +2.029261578e+02 +2.095061578e+02 +2.095061578e+02
403 +1.992753487e+02 +1.992753487e+02 +2.058553487e+02 +2.058553487e+02
405 +1.931214834e+02 +1.931214834e+02 +1.997014834e+02 +1.997014834e+02
410 +1.738068401e+02 +1.738068401e+02 +1.803868401e+02 +1.803868401e+02
418 +1.665612098e+02 +1.665612098e+02 +1.731412098e+02 +1.731412098e+02
422 +1.538046561e+02 +1.538046561e+02 +1.603846561e+02 +1.603846561e+02
423 +1.504139340e+02 +1.504139340e+02 +1.569939340e+02 +1.569939340e+02
426 +1.468408407e+02 +1.468408407e+02 +1.534208407e+02 +1.534208407e+02
444 +1.269962158e+02 +1.269962158e+02 +1.335762158e+02 +1.335762158e+02
450 +1.216187781e+02 +1.216187781e+02 +1.281987781e+02 +1.281987781e+02
463 +1.116390929e+02 +1.116390929e+02 +1.182190929e+02 +1.182190929e+02
468 +8.988134790e+01 +8.988134790e+01 +9.646134790e+01 +9.646134790e+01
478 +8.763395240e+01 +8.763395240e+01 +9.421395240e+01 +9.421395240e+01
486 +8.595883169e+01 +8.595883169e+01 +9.253883169e+01 +9.253883169e+01
491 +8.287242931e+01 +8.287242931e+01 +8.945242931e+01 +8.945242931e+01
497 +7.224578015e+01 +7.224578015e+01 +7.882578015e+01 +7.882578015e+01
502 +6.286945226e+01 +6.286945226e+01 +6.944945226e+01 +6.944945226e+01
507 +5.927651334e+01 +5.927651334e+01 +6.585651334e+01 +6.585651334e+01
513 +5.188592779e+01 +5.188592779e+01 +5.846592779e+01 +5.846592779e+01
517 +4.800759620e+01 +4.800759620e+01 +5.458759620e+01 +5.458759620e+01
533 +4.236163057e+01 +4.236163057e+01 +4.894163057e+01 +4.894163057e+01
574 +4.123331495e+01 +4.123331495e+01 +4.781331495e+01 +4.781331495e+01
588 +4.017032047e+01 +4.017032047e+01 +4.675032047e+01 +4.675032047e+01
602 +3.092998604e+01 +3.092998604e+01 +3.750998604e+01 +3.750998604e+01
610 +2.875528504e+01 +2.875528504e+01 +3.533528504e+01 +3.533528504e+01
626 +2.737927666e+01 +2.737927666e+01 +3.395927666e+01 +3.395927666e+01
636 +2.556325611e+01 +2.556325611e+01 +3.214325611e+01 +3.214325611e+01
638 +2.217650618e+01 +2.217650618e+01 +2.875650618e+01 +2.875650618e+01
643 +1.660322409e+01 +1.660322409e+01 +2.318322409e+01 +2.318322409e+01
652 +1.613751784e+01 +1.613751784e+01 +2.271751784e+01 +2.271751784e+01
658 +1.317794585e+01 +1.317794585e+01 +1.975794585e+01 +1.975794585e+01
667 +1.072423220e+01 +1.072423220e+01 +1.730423220e+01 +1.730423220e+01
677 +9.010721029e+00 +9.010721029e+00 +1.559072103e+01 +1.559072103e+01
682 +2.853943716e+00 +2.853943716e+00 +9.433943716e+00 +9.433943716e+00
700 +9.866025099e-01 +9.866025099e-01 +7.566602510e+00 +7.566602510e+00
721 +1.425812675e-02 +1.425812675e-02 +6.594258127e+00 +6.594258127e+00
771 +0.000000000e+00 +0.000000000e+00 +6.580000000e+00 +6.580000000e+00
% function evaluation | noise-free fitness - Fopt (5.178000000000e+01) | best noise-free fitness - Fopt | measured fitness | best measured fitness | x1 | x2...
1 +7.899082053e+02 +7.899082053e+02 +8.416882053e+02 +8.416882053e+02
18 +7.746599206e+02 +7.746599206e+02 +8.264399206e+02 +8.264399206e+02
42 +7.562443035e+02 +7.562443035e+02 +8.080243035e+02 +8.080243035e+02
69 +7.310736898e+02 +7.310736898e+02 +7.828536898e+02 +7.828536898e+02
94 +7.207147183e+02 +7.207147183e+02 +7.724947183e+02 +7.724947183e+02
112 +6.983496005e+02 +6.983496005e+02 +7.501296005e+02 +7.501296005e+02
124 +6.842357463e+02 +6.842357463e+02 +7.360157463e+02 +7.360157463e+02
138 +6.716758085e+02 +6.716758085e+02 +7.234558085e+02 +7.234558085e+02
156 +6.538541776e+02 +6.538541776e+02 +7.056341776e+02 +7.056341776e+02
164 +6.351732538e+02 +6.351732538e+02 +6.869532538e+02 +6.869532538e+02
170 +6.285721291e+02 +6.285721291e+02 +6.803521291e+02 +6.803521291e+02
178 +6.079860316e+02 +6.079860316e+02 +6.597660316e+02 +6.597660316e+02
196 +5.883397080e+02 +5.883397080e+02 +6.401197080e+02 +6.401197080e+02
214 +5.673588351e+02 +5.673588351e+02 +6.191388351e+02 +6.191388351e+02
229 +5.566811900e+02 +5.566811900e+02 +6.084611900e+02 +6.084611900e+02
247 +5.428850952e+02 +5.428850952e+02 +5.946650952e+02 +5.946650952e+02
248 +5.361330765e+02 +5.361330765e+02 +5.879130765e+02 +5.879130765e+02
252 +5.190908808e+02 +5.190908808e+02 +5.708708808e+02 +5.708708808e+02
259 +5.122659600e+02 +5.122659600e+02 +5.640459600e+02 +5.640459600e+02
266 +4.990756197e+02 +4.990756197e+02 +5.508556197e+02 +5.508556197e+02
268 +4.859964395e+02 +4.859964395e+02 +5.377764395e+02 +5.377764395e+02
274 +4.652299139e+02 +4.652299139e+02 +5.170099139e+02 +5.170099139e+02
287 +4.484185410e+02 +4.484185410e+02 +5.001985410e+02 +5.001985410e+02
300 +4.377497839e+02 +4.377497839e+02 +4.895297839e+02 +4.895297839e+02
305 +4.362800697e+02 +4.362800697e+02 +4.880600697e+02 +4.880600697e+02
310 +4.257225541e+02 +4.257225541e+02 +4.775025541e+02 +4.775025541e+02
315 +4.119397993e+02 +4.119397993e+02 +4.637197993e+02 +4.637197993e+02
322 +3.928541615e+02 +3.928541615e+02 +4.446341615e+02 +4.446341615e+02
332 +3.800516688e+02 +3.800516688e+02 +4.318316688e+02 +4.318316688e+02
339 +3.677215228e+02 +3.677215228e+02 +4.195015228e+02 +4.195015228e+02
340 +3.608620252e+02 +3.608620252e+02 +4.126420252e+02 +4.126420252e+02
370 +3.484786746e+02 +3.484786746e+02 +4.002586746e+02 +4.002586746e+02
371 +3.463975091e+02 +3.463975091e+02 +3.981775091e+02 +3.981775091e+02
381 +3.376827838e+02 +3.376827838e+02 +3.894627838e+02 +3.894627838e+02
386 +3.245477656e+02 +3.245477656e+02 +3.763277656e+02 +3.763277656e+02
392 +3.217138390e+02 +3.217138390e+02 +3.734938390e+02 +3.734938390e+02
394 +3.090927266e+02 +3.090927266e+02 +3.608727266e+02 +3.608727266e+02
402 +3.043019161e+02 +3.043019161e+02 +3.560819161e+02 +3.560819161e+02
411 +2.892358440e+02 +2.892358440e+02 +3.410158440e+02 +3.410158440e+02
423 +2.812314171e+02 +2.812314171e+02 +3.330114171e+02 +3.330114171e+02
455 +2.745606855e+02 +2.745606855e+02 +3.263406855e+02 +3.263406855e+02
473 +2.691306350e+02 +2.691306350e+02 +3.209106350e+02 +3.209106350e+02
476 +2.604400113e+02 +2.604400113e+02 +3.122200113e+02 +3.122200113e+02
486 +2.474948056e+02 +2.474948056e+02 +2.992748056e+02 +2.992748056e+02
493 +2.442733475e+02 +2.442733475e+02 +2.960533475e+02 +2.960533475e+02
495 +2.382422568e+02 +2.382422568e+02 +2.900222568e+02 +2.900222568e+02
502 +2.294666085e+02 +2.294666085e+02 +2.812466085e+02 +2.812466085e+02
509 +2.277887844e+02 +2.277887844e+02 +2.795687844e+02 +2.795687844e+02
514 +2.150977107e+02 +2.150977107e+02 +2.668777107e+02 +2.668777107e+02
515 +2.112518537e+02 +2.112518537e+02 +2.630318537e+02 +2.630318537e+02
531 +2.034365030e+02 +2.034365030e+02 +2.552165030e+02 +2.552165030e+02
532 +1.983469701e+02 +1.983469701e+02 +2.501269701e+02 +2.501269701e+02
547 +1.927034433e+02 +1.927034433e+02 +2.444834433e+02 +2.444834433e+02
557 +1.834837502e+02 +1.834837502e+02 +2.352637502e+02 +2.352637502e+02
563 +1.774470642e+02 +1.774470642e+02 +2.292270642e+02 +2.292270642e+02
580 +1.732232166e+02 +1.732232166e+02 +2.250032166e+02 +2.250032166e+02
582 +1.645446431e+02 +1.645446431e+02 +2.163246431e+02 +2.163246431e+02
594 +1.614758794e+02 +1.614758794e+02 +2.132558794e+02 +2.132558794e+02
596 +1.541628232e+02 +1.541628232e+02 +2.059428232e+02 +2.059428232e+02
608 +1.507778473e+02 +1.507778473e+02 +2.025578473e+02 +2.025578473e+02
619 +1.459475618e+02 +1.459475618e+02 +1.977275618e+02 +1.977275618e+02
621 +1.401332719e+02 +1.401332719e+02 +1.919132719e+02 +1.919132719e+02
622 +1.348297638e+02 +1.348297638e+02 +1.866097638e+02 +1.866097638e+02
630 +1.268077080e+02 +1.268077080e+02 +1.785877080e+02 +1.785877080e+02
642 +1.248790142e+02 +1.248790142e+02 +1.766590142e+02 +1.766590142e+02
655 +1.172812752e+02 +1.172812752e+02 +1.690612752e+02 +1.690612752e+02
663 +1.099724613e+02 +1.099724613e+02 +1.617524613e+02 +1.617524613e+02
666 +1.086495978e+02 +1.086495978e+02 +1.604295978e+02 +1.604295978e+02
681 +1.056620987e+02 +1.056620987e+02 +1.574420987e+02 +1.574420987e+02
689 +1.030975091e+02 +1.030975091e+02 +1.548775091e+02 +1.548775091e+02
695 +9.284415137e+01 +9.284415137e+01 +1.446241514e+02 +1.446241514e+02
707 +8.306515589e+01 +8.306515589e+01 +1.348451559e+02 +1.348451559e+02
740 +8.113001982e+01 +8.113001982e+01 +1.329100198e+02 +1.329100198e+02
741 +7.556609543e+01 +7.556609543e+01 +1.273460954e+02 +1.273460954e+02
752 +6.447975751e+01 +6.447975751e+01 +1.162597575e+02 +1.162597575e+02
792 +6.274313569e+01 +6.274313569e+01 +1.145231357e+02 +1.145231357e+02
809 +5.793782125e+01 +5.793782125e+01 +1.097178212e+02 +1.097178212e+02
815 +5.441273252e+01 +5.441273252e+01 +1.061927325e+02 +1.061927325e+02
821 +5.256053397e+01 +5.256053397e+01 +1.043405340e+02 +1.043405340e+02
829 +5.221756054e+01 +5.221756054e+01 +1.039975605e+02 +1.039975605e+02
834 +4.976566053e+01 +4.976566053e+01 +1.015456605e+02 +1.015456605e+02
842 +4.726781472e+01 +4.726781472e+01 +9.904781472e+01 +9.904781472e+01
871 +4.634459927e+01 +4.634459927e+01 +9.812459927e+01 +9.812459927e+01
872 +4.422968479e+01 +4.422968479e+01 +9.600968479e+01 +9.600968479e+01
876 +3.498253975e+01 +3.498253975e+01 +8.676253975e+01 +8.676253975e+01
899 +3.192639599e+01 +3.192639599e+01 +8.370639599e+01 +8.370639599e+01
918 +3.085094635e+01 +3.085094635e+01 +8.263094635e+01 +8.263094635e+01
927 +2.650266588e+01 +2.650266588e+01 +7.828266588e+01 +7.828266588e+01
942 +2.198679144e+01 +2.198679144e+01 +7.376679144e+01 +7.376679144e+01
946 +2.151155752e+01 +2.151155752e+01 +7.329155752e+01 +7.329155752e+01
959 +1.984523498e+01 +1.984523498e+01 +7.162523498e+01 +7.162523498e+01
975 +1.812040645e+01 +1.812040645e+01 +6.990040645e+01 +6.990040645e+01
993 +1.649846871e+01 +1.649846871e+01 +6.827846871e+01 +6.827846871e+01
1002 +1.435670416e+01 +1.435670416e+01 +6.613670416e+01 +6.613670416e+01
1018 +1.167135878e+01 +1.167135878e+01 +6.345135878e+01 +6.345135878e+01
1036 +1.120837255e+01 +1.120837255e+01 +6.298837255e+01 +6.298837255e+01
1043 +9.454909662e+00 +9.454909662e+00 +6.123490966e+01 +6.123490966e+01
1052 +8.043773736e+00 +8.043773736e+00 +5.982377374e+01 +5.982377374e+01
1060 +7.471917873e+00 +7.471917873e+00 +5.925191787e+01 +5.925191787e+01
1063 +7.106983944e+00 +7.106983944e+00 +5.888698394e+01 +5.888698394e+01
1089 +6.380949421e+00 +6.380949421e+00 +5.816094942e+01 +5.816094942e+01
1092 +5.670485107e+00 +5.670485107e+00 +5.745048511e+01 +5.745048511e+01
1095 +4.811810057e+00 +4.811810057e+00 +5.659181006e+01 +5.659181006e+01
1099 +4.179961967e+00 +4.179961967e+00 +5.595996197e+01 +5.595996197e+01
1105 +4.088585114e+00 +4.088585114e+00 +5.586858511e+01 +5.586858511e+01
1112 +3.854509176e+00 +3.854509176e+00 +5.563450918e+01 +5.563450918e+01
1116 +3.626029103e+00 +3.626029103e+00 +5.540602910e+01 +5.540602910e+01
1117 +2.386969972e+00 +2.386969972e+00 +5.416696997e+01 +5.416696997e+01
1136 +1.182717158e+00 +1.182717158e+00 +5.296271716e+01 +5.296271716e+01
1141 +8.186604485e-01 +8.186604485e-01 +5.259866045e+01 +5.259866045e+01
1209 +5.457649275e-01 +5.457649275e-01 +5.232576493e+01 +5.232576493e+01
1217 +3.693501044e-01 +3.693501044e-01 +5.214935010e+01 +5.214935010e+01
1287 +3.378494028e-01 +3.378494028e-01 +5.211784940e+01 +5.211784940e+01
1291 +0.000000000e+00 +0.000000000e+00 +5.178000000e+01 +5.178000000e+01
% function evaluation | noise-free fitness - Fopt (-3.760300000000e+02) | best noise-free fitness - Fopt | measured fitness | best measured fitness | x1 | x2...
1 +7.899082053e+02 +7.899082053e+02 +4.138782053e+02 +4.138782053e+02
21 +7.737458727e+02 +7.737458727e+02 +3.977158727e+02 +3.977158727e+02
51 +7.560292532e+02 +7.560292532e+02 +3.799992532e+02 +3.799992532e+02
66 +7.405994100e+02 +7.405994100e+02 +3.645694100e+02 +3.645694100e+02
91 +7.236282892e+02 +7.236282892e+02 +3.475982892e+02 +3.475982892e+02
113 +7.078064133e+02 +7.078064133e+02 +3.317764133e+02 +3.317764133e+02
137 +6.760596493e+02 +6.760596493e+02 +3.000296493e+02 +3.000296493e+02
157 +6.583338737e+02 +6.583338737e+02 +2.823038737e+02 +2.823038737e+02
170 +6.347858090e+02 +6.347858090e+02 +2.587558090e+02 +2.587558090e+02
187 +6.275688524e+02 +6.275688524e+02 +2.515388524e+02 +2.515388524e+02
189 +6.123400163e+02 +6.123400163e+02 +2.363100163e+02 +2.363100163e+02
216 +5.966829315e+02 +5.966829315e+02 +2.206529315e+02 +2.206529315e+02
218 +5.810650589e+02 +5.810650589e+02 +2.050350589e+02 +2.050350589e+02
229 +5.725569372e+02 +5.725569372e+02 +1.965269372e+02 +1.965269372e+02
241 +5.534955303e+02 +5.534955303e+02 +1.774655303e+02 +1.774655303e+02
248 +5.408101802e+02 +5.408101802e+02 +1.647801802e+02 +1.647801802e+02
249 +5.337988842e+02 +5.337988842e+02 +1.577688842e+02 +1.577688842e+02
258 +5.086774794e+02 +5.086774794e+02 +1.326474794e+02 +1.326474794e+02
272 +4.863350389e+02 +4.863350389e+02 +1.103050389e+02 +1.103050389e+02
274 +4.575332159e+02 +4.575332159e+02 +8.150321586e+01 +8.150321586e+01
283 +4.496699732e+02 +4.496699732e+02 +7.363997321e+01 +7.363997321e+01
287 +4.453076055e+02 +4.453076055e+02 +6.927760550e+01 +6.927760550e+01
295 +4.358440618e+02 +4.358440618e+02 +5.981406181e+01 +5.981406181e+01
298 +4.223066737e+02 +4.223066737e+02 +4.627667365e+01 +4.627667365e+01
306 +4.166454737e+02 +4.166454737e+02 +4.061547371e+01 +4.061547371e+01
307 +4.034242909e+02 +4.034242909e+02 +2.739429095e+01 +2.739429095e+01
319 +3.906074141e+02 +3.906074141e+02 +1.457741412e+01 +1.457741412e+01
322 +3.839394160e+02 +3.839394160e+02 +7.909416028e+00 +7.909416028e+00
328 +3.668951745e+02 +3.668951745e+02 -9.134825509e+00 -9.134825509e+00
330 +3.621704787e+02 +3.621704787e+02 -1.385952128e+01 -1.385952128e+01
331 +3.430010588e+02 +3.430010588e+02 -3.302894120e+01 -3.302894120e+01
337 +3.195969521e+02 +3.195969521e+02 -5.643304786e+01 -5.643304786e+01
347 +3.136503164e+02 +3.136503164e+02 -6.237968365e+01 -6.237968365e+01
348 +3.074966378e+02 +3.074966378e+02 -6.853336221e+01 -6.853336221e+01
356 +2.991214981e+02 +2.991214981e+02 -7.690850187e+01 -7.690850187e+01
364 +2.903914324e+02 +2.903914324e+02 -8.563856764e+01 -8.563856764e+01
366 +2.819804444e+02 +2.819804444e+02 -9.404955563e+01 -9.404955563e+01
377 +2.754516916e+02 +2.754516916e+02 -1.005783084e+02 -1.005783084e+02
380 +2.546940413e+02 +2.546940413e+02 -1.213359587e+02 -1.213359587e+02
389 +2.400900626e+02 +2.400900626e+02 -1.359399374e+02 -1.359399374e+02
403 +2.363268976e+02 +2.363268976e+02 -1.397031024e+02 -1.397031024e+02
413 +2.330373705e+02 +2.330373705e+02 -1.429926295e+02 -1.429926295e+02
425 +2.286189254e+02 +2.286189254e+02 -1.474110746e+02 -1.474110746e+02
430 +2.083015866e+02 +2.083015866e+02 -1.677284134e+02 -1.677284134e+02
434 +2.025845645e+02 +2.025845645e+02 -1.734454355e+02 -1.734454355e+02
436 +1.992281154e+02 +1.992281154e+02 -1.768018846e+02 -1.768018846e+02
450 +1.939375992e+02 +1.939375992e+02 -1.820924008e+02 -1.820924008e+02
456 +1.897282562e+02 +1.897282562e+02 -1.863017438e+02 -1.863017438e+02
463 +1.841594702e+02 +1.841594702e+02 -1.918705298e+02 -1.918705298e+02
466 +1.769386117e+02 +1.769386117e+02 -1.990913883e+02 -1.990913883e+02
474 +1.533048539e+02 +1.533048539e+02 -2.227251461e+02 -2.227251461e+02
498 +1.451677585e+02 +1.451677585e+02 -2.308622415e+02 -2.308622415e+02
503 +1.394853639e+02 +1.394853639e+02 -2.365446361e+02 -2.365446361e+02
513 +1.364282156e+02 +1.364282156e+02 -2.396017844e+02 -2.396017844e+02
519 +1.259936568e+02 +1.259936568e+02 -2.500363432e+02 -2.500363432e+02
527 +1.208467199e+02 +1.208467199e+02 -2.551832801e+02 -2.551832801e+02
531 +1.175240562e+02 +1.175240562e+02 -2.585059438e+02 -2.585059438e+02
550 +1.167708592e+02 +1.167708592e+02 -2.592591408e+02 -2.592591408e+02
552 +1.137138120e+02 +1.137138120e+02 -2.623161880e+02 -2.623161880e+02
553 +1.117325936e+02 +1.117325936e+02 -2.642974064e+02 -2.642974064e+02
566 +9.750286179e+01 +9.750286179e+01 -2.785271382e+02 -2.785271382e+02
573 +8.670387071e+01 +8.670387071e+01 -2.893261293e+02 -2.893261293e+02
578 +7.281908892e+01 +7.281908892e+01 -3.032109111e+02 -3.032109111e+02
593 +7.013315574e+01 +7.013315574e+01 -3.058968443e+02 -3.058968443e+02
608 +6.038366768e+01 +6.038366768e+01 -3.156463323e+02 -3.156463323e+02
624 +5.291573335e+01 +5.291573335e+01 -3.231142666e+02 -3.231142666e+02
630 +5.041293077e+01 +5.041293077e+01 -3.256170692e+02 -3.256170692e+02
639 +4.138513167e+01 +4.138513167e+01 -3.346448683e+02 -3.346448683e+02
667 +3.976405858e+01 +3.976405858e+01 -3.362659414e+02 -3.362659414e+02
668 +3.722679295e+01 +3.722679295e+01 -3.388032070e+02 -3.388032070e+02
676 +3.331477306e+01 +3.331477306e+01 -3.427152269e+02 -3.427152269e+02
688 +3.209941894e+01 +3.209941894e+01 -3.439305811e+02 -3.439305811e+02
690 +2.799977430e+01 +2.799977430e+01 -3.480302257e+02 -3.480302257e+02
711 +2.684035797e+01 +2.684035797e+01 -3.491896420e+02 -3.491896420e+02
715 +2.518459143e+01 +2.518459143e+01 -3.508454086e+02 -3.508454086e+02
729 +2.427544375e+01 +2.427544375e+01 -3.517545562e+02 -3.517545562e+02
730 +2.242339489e+01 +2.242339489e+01 -3.536066051e+02 -3.536066051e+02
737 +2.118391234e+01 +2.118391234e+01 -3.548460877e+02 -3.548460877e+02
740 +2.016149958e+01 +2.016149958e+01 -3.558685004e+02 -3.558685004e+02
741 +1.642268901e+01 +1.642268901e+01 -3.596073110e+02 -3.596073110e+02
748 +1.476027157e+01 +1.476027157e+01 -3.612697284e+02 -3.612697284e+02
754 +1.255951146e+01 +1.255951146e+01 -3.634704885e+02 -3.634704885e+02
763 +8.760610212e+00 +8.760610212e+00 -3.672693898e+02 -3.672693898e+02
772 +8.643377234e+00 +8.643377234e+00 -3.673866228e+02 -3.673866228e+02
775 +8.350414882e+00 +8.350414882e+00 -3.676795851e+02 -3.676795851e+02
779 +7.496368292e+00 +7.496368292e+00 -3.685336317e+02 -3.685336317e+02
781 +6.984037730e+00 +6.984037730e+00 -3.690459623e+02 -3.690459623e+02
790 +5.082845254e+00 +5.082845254e+00 -3.709471547e+02 -3.709471547e+02
806 +3.295596675e+00 +3.295596675e+00 -3.727344033e+02 -3.727344033e+02
829 +3.008767551e+00 +3.008767551e+00 -3.730212324e+02 -3.730212324e+02
837 +2.246320308e+00 +2.246320308e+00 -3.737836797e+02 -3.737836797e+02
842 +2.196636194e+00 +2.196636194e+00 -3.738333638e+02 -3.738333638e+02
850 +1.963313738e+00 +1.963313738e+00 -3.740666863e+02 -3.740666863e+02
861 +8.825273499e-01 +8.825273499e-01 -3.751474727e+02 -3.751474727e+02
874 +0.000000000e+00 +0.000000000e+00 -3.760300000e+02 -3.760300000e+02
% function evaluation | noise-free fitness - Fopt (-7.182000000000e+01) | best noise-free fitness - Fopt | measured fitness | best measured fitness | x1 | x2...
1 +7.899082053e+02 +7.899082053e+02 +7.180882053e+02 +7.180882053e+02
15 +7.758734507e+02 +7.758734507e+02 +7.040534507e+02 +7.040534507e+02
44 +7.583795698e+02 +7.583795698e+02 +6.865595698e+02 +6.865595698e+02
63 +7.369846608e+02 +7.369846608e+02 +6.651646608e+02 +6.651646608e+02
75 +7.236794732e+02 +7.236794732e+02 +6.518594732e+02 +6.518594732e+02
96 +7.030219268e+02 +7.030219268e+02 +6.312019268e+02 +6.312019268e+02
98 +6.875602646e+02 +6.875602646e+02 +6.157402646e+02 +6.157402646e+02
111 +6.712633347e+02 +6.712633347e+02 +5.994433347e+02 +5.994433347e+02
130 +6.586549732e+02 +6.586549732e+02 +5.868349732e+02 +5.868349732e+02
137 +6.379359317e+02 +6.379359317e+02 +5.661159317e+02 +5.661159317e+02
151 +6.134709803e+02 +6.134709803e+02 +5.416509803e+02 +5.416509803e+02
157 +5.958891766e+02 +5.958891766e+02 +5.240691766e+02 +5.240691766e+02
170 +5.886256083e+02 +5.886256083e+02 +5.168056083e+02 +5.168056083e+02
174 +5.732281574e+02 +5.732281574e+02 +5.014081574e+02 +5.014081574e+02
177 +5.563142565e+02 +5.563142565e+02 +4.844942565e+02 +4.844942565e+02
178 +5.380879585e+02 +5.380879585e+02 +4.662679585e+02 +4.662679585e+02
186 +5.086200307e+02 +5.086200307e+02 +4.368000307e+02 +4.368000307e+02
194 +4.973187798e+02 +4.973187798e+02 +4.254987798e+02 +4.254987798e+02
206 +4.819505369e+02 +4.819505369e+02 +4.101305369e+02 +4.101305369e+02
212 +4.733168122e+02 +4.733168122e+02 +4.014968122e+02 +4.014968122e+02
219 +4.486916669e+02 +4.486916669e+02 +3.768716669e+02 +3.768716669e+02
248 +4.450799257e+02 +4.450799257e+02 +3.732599257e+02 +3.732599257e+02
257 +3.988466103e+02 +3.988466103e+02 +3.270266103e+02 +3.270266103e+02
265 +3.941750438e+02 +3.941750438e+02 +3.223550438e+02 +3.223550438e+02
266 +3.757333121e+02 +3.757333121e+02 +3.039133121e+02 +3.039133121e+02
274 +3.548754659e+02 +3.548754659e+02 +2.830554659e+02 +2.830554659e+02
276 +3.441208828e+02 +3.441208828e+02 +2.723008828e+02 +2.723008828e+02
283 +3.356749383e+02 +3.356749383e+02 +2.638549383e+02 +2.638549383e+02
286 +3.283923796e+02 +3.283923796e+02 +2.565723796e+02 +2.565723796e+02
289 +3.168508295e+02 +3.168508295e+02 +2.450308295e+02 +2.450308295e+02
302 +3.054755138e+02 +3.054755138e+02 +2.336555138e+02 +2.336555138e+02
305 +2.981650077e+02 +2.981650077e+02 +2.263450077e+02 +2.263450077e+02
308 +2.771472343e+02 +2.771472343e+02 +2.053272343e+02 +2.053272343e+02
321 +2.614879364e+02 +2.614879364e+02 +1.896679364e+02 +1.896679364e+02
330 +2.504062829e+02 +2.504062829e+02 +1.785862829e+02 +1.785862829e+02
346 +2.364333081e+02 +2.364333081e+02 +1.646133081e+02 +1.646133081e+02
350 +2.339905406e+02 +2.339905406e+02 +1.621705406e+02 +1.621705406e+02
354 +2.283886818e+02 +2.283886818e+02 +1.565686818e+02 +1.565686818e+02
356 +2.156518257e+02 +2.156518257e+02 +1.438318257e+02 +1.438318257e+02
362 +2.113911784e+02 +2.113911784e+02 +1.395711784e+02 +1.395711784e+02
371 +1.913059226e+02 +1.913059226e+02 +1.194859226e+02 +1.194859226e+02
406 +1.794990765e+02 +1.794990765e+02 +1.076790765e+02 +1.076790765e+02
407 +1.638819229e+02 +1.638819229e+02 +9.206192288e+01 +9.206192288e+01
410 +1.595280125e+02 +1.595280125e+02 +8.770801255e+01 +8.770801255e+01
418 +1.452842627e+02 +1.452842627e+02 +7.346426274e+01 +7.346426274e+01
424 +1.226609664e+02 +1.226609664e+02 +5.084096636e+01 +5.084096636e+01
447 +9.374876239e+01 +9.374876239e+01 +2.192876239e+01 +2.192876239e+01
465 +9.288867752e+01 +9.288867752e+01 +2.106867752e+01 +2.106867752e+01
472 +8.672790301e+01 +8.672790301e+01 +1.490790301e+01 +1.490790301e+01
477 +8.088222892e+01 +8.088222892e+01 +9.062228919e+00 +9.062228919e+00
497 +7.925220062e+01 +7.925220062e+01 +7.432200616e+00 +7.432200616e+00
500 +6.612613486e+01 +6.612613486e+01 -5.693865143e+00 -5.693865143e+00
506 +6.509206011e+01 +6.509206011e+01 -6.727939893e+00 -6.727939893e+00
511 +6.066734589e+01 +6.066734589e+01 -1.115265411e+01 -1.115265411e+01
523 +4.881464851e+01 +4.881464851e+01 -2.300535149e+01 -2.300535149e+01
597 +4.405779014e+01 +4.405779014e+01 -2.776220986e+01 -2.776220986e+01
602 +3.841200007e+01 +3.841200007e+01 -3.340799993e+01 -3.340799993e+01
627 +3.339555161e+01 +3.339555161e+01 -3.842444839e+01 -3.842444839e+01
634 +2.619212516e+01 +2.619212516e+01 -4.562787484e+01 -4.562787484e+01
643 +2.386448694e+01 +2.386448694e+01 -4.795551306e+01 -4.795551306e+01
652 +2.189197674e+01 +2.189197674e+01 -4.992802326e+01 -4.992802326e+01
661 +2.099916021e+01 +2.099916021e+01 -5.082083979e+01 -5.082083979e+01
671 +1.986934779e+01 +1.986934779e+01 -5.195065221e+01 -5.195065221e+01
681 +1.891582785e+01 +1.891582785e+01 -5.290417215e+01 -5.290417215e+01
683 +1.675325738e+01 +1.675325738e+01 -5.506674262e+01 -5.506674262e+01
684 +1.502584975e+01 +1.502584975e+01 -5.679415025e+01 -5.679415025e+01
690 +1.068031917e+01 +1.068031917e+01 -6.113968083e+01 -6.113968083e+01
700 +9.372571826e+00 +9.372571826e+00 -6.244742817e+01 -6.244742817e+01
707 +8.730304246e+00 +8.730304246e+00 -6.308969575e+01 -6.308969575e+01
714 +7.571065996e+00 +7.571065996e+00 -6.424893400e+01 -6.424893400e+01
725 +7.303467542e+00 +7.303467542e+00 -6.451653246e+01 -6.451653246e+01
747 +4.754934560e+00 +4.754934560e+00 -6.706506544e+01 -6.706506544e+01
761 +2.627154292e+00 +2.627154292e+00 -6.919284571e+01 -6.919284571e+01
773 +7.040017034e-01 +7.040017034e-01 -7.111599830e+01 -7.111599830e+01
794 +0.000000000e+00 +0.000000000e+00 -7.182000000e+01 -7.182000000e+01
% function evaluation | noise-free fitness - Fopt (1.606400000000e+02) | best noise-free fitness - Fopt | measured fitness | best measured fitness | x1 | x2...
1 +7.899082053e+02 +7.899082053e+02 +9.505482053e+02 +9.505482053e+02
16 +7.709042228e+02 +7.709042228e+02 +9.315442228e+02 +9.315442228e+02
31 +7.571708972e+02 +7.571708972e+02 +9.178108972e+02 +9.178108972e+02
52 +7.404953598e+02 +7.404953598e+02 +9.011353598e+02 +9.011353598e+02
83 +7.216851006e+02 +7.216851006e+02 +8.823251006e+02 +8.823251006e+02
98 +7.003254804e+02 +7.003254804e+02 +8.609654804e+02 +8.609654804e+02
117 +6.829142854e+02 +6.829142854e+02 +8.435542854e+02 +8.435542854e+02
122 +6.732967134e+02 +6.732967134e+02 +8.339367134e+02 +8.339367134e+02
135 +6.570001305e+02 +6.570001305e+02 +8.176401305e+02 +8.176401305e+02
140 +6.396779949e+02 +6.396779949e+02 +8.003179949e+02 +8.003179949e+02
158 +6.279736273e+02 +6.279736273e+02 +7.886136273e+02 +7.886136273e+02
162 +6.129980474e+02 +6.129980474e+02 +7.736380474e+02 +7.736380474e+02
177 +5.662477487e+02 +5.662477487e+02 +7.268877487e+02 +7.268877487e+02
183 +5.565682189e+02 +5.565682189e+02 +7.172082189e+02 +7.172082189e+02
195 +5.361828040e+02 +5.361828040e+02 +6.968228040e+02 +6.968228040e+02
216 +5.228441907e+02 +5.228441907e+02 +6.834841907e+02 +6.834841907e+02
218 +5.105149241e+02 +5.105149241e+02 +6.711549241e+02 +6.711549241e+02
219 +4.980128903e+02 +4.980128903e+02 +6.586528903e+02 +6.586528903e+02
226 +4.879752634e+02 +4.879752634e+02 +6.486152634e+02 +6.486152634e+02
237 +4.707441126e+02 +4.707441126e+02 +6.313841126e+02 +6.313841126e+02
242 +4.653261320e+02 +4.653261320e+02 +6.259661320e+02 +6.259661320e+02
254 +4.557359742e+02 +4.557359742e+02 +6.163759742e+02 +6.163759742e+02
256 +4.441388181e+02 +4.441388181e+02 +6.047788181e+02 +6.047788181e+02
265 +4.303154068e+02 +4.303154068e+02 +5.909554068e+02 +5.909554068e+02
271 +3.844495617e+02 +3.844495617e+02 +5.450895617e+02 +5.450895617e+02
285 +3.662221516e+02 +3.662221516e+02 +5.268621516e+02 +5.268621516e+02
291 +3.491174460e+02 +3.491174460e+02 +5.097574460e+02 +5.097574460e+02
308 +3.153083795e+02 +3.153083795e+02 +4.759483795e+02 +4.759483795e+02
330 +2.858179272e+02 +2.858179272e+02 +4.464579272e+02 +4.464579272e+02
338 +2.642034873e+02 +2.642034873e+02 +4.248434873e+02 +4.248434873e+02
347 +2.549512179e+02 +2.549512179e+02 +4.155912179e+02 +4.155912179e+02
358 +2.438206934e+02 +2.438206934e+02 +4.044606934e+02 +4.044606934e+02
376 +2.346559505e+02 +2.346559505e+02 +3.952959505e+02 +3.952959505e+02
387 +2.337951068e+02 +2.337951068e+02 +3.944351068e+02 +3.944351068e+02
390 +2.172520201e+02 +2.172520201e+02 +3.778920201e+02 +3.778920201e+02
405 +1.983249217e+02 +1.983249217e+02 +3.589649217e+02 +3.589649217e+02
410 +1.877370848e+02 +1.877370848e+02 +3.483770848e+02 +3.483770848e+02
416 +1.771079371e+02 +1.771079371e+02 +3.377479371e+02 +3.377479371e+02
419 +1.725925261e+02 +1.725925261e+02 +3.332325261e+02 +3.332325261e+02
429 +1.657032240e+02 +1.657032240e+02 +3.263432240e+02 +3.263432240e+02
440 +1.496539281e+02 +1.496539281e+02 +3.102939281e+02 +3.102939281e+02
452 +1.370091834e+02 +1.370091834e+02 +2.976491834e+02 +2.976491834e+02
458 +1.332970989e+02 +1.332970989e+02 +2.939370989e+02 +2.939370989e+02
466 +1.298401181e+02 +1.298401181e+02 +2.904801181e+02 +2.904801181e+02
467 +1.274878647e+02 +1.274878647e+02 +2.881278647e+02 +2.881278647e+02
468 +1.252998207e+02 +1.252998207e+02 +2.859398207e+02 +2.859398207e+02
474 +1.225070821e+02 +1.225070821e+02 +2.831470821e+02 +2.831470821e+02
491 +1.053029947e+02 +1.053029947e+02 +2.659429947e+02 +2.659429947e+02
500 +9.768344673e+01 +9.768344673e+01 +2.583234467e+02 +2.583234467e+02
514 +9.227605349e+01 +9.227605349e+01 +2.529160535e+02 +2.529160535e+02
520 +8.703362119e+01 +8.703362119e+01 +2.476736212e+02 +2.476736212e+02
524 +7.204443434e+01 +7.204443434e+01 +2.326844343e+02 +2.326844343e+02
552 +6.226654042e+01 +6.226654042e+01 +2.229065404e+02 +2.229065404e+02
557 +5.511526618e+01 +5.511526618e+01 +2.157552662e+02 +2.157552662e+02
560 +4.971767494e+01 +4.971767494e+01 +2.103576749e+02 +2.103576749e+02
563 +4.426281493e+01 +4.426281493e+01 +2.049028149e+02 +2.049028149e+02
577 +3.464365100e+01 +3.464365100e+01 +1.952836510e+02 +1.952836510e+02
593 +2.965004086e+01 +2.965004086e+01 +1.902900409e+02 +1.902900409e+02
597 +2.865938854e+01 +2.865938854e+01 +1.892993885e+02 +1.892993885e+02
606 +2.509798229e+01 +2.509798229e+01 +1.857379823e+02 +1.857379823e+02
608 +2.053430648e+01 +2.053430648e+01 +1.811743065e+02 +1.811743065e+02
645 +1.404368898e+01 +1.404368898e+01 +1.746836890e+02 +1.746836890e+02
668 +1.342242604e+01 +1.342242604e+01 +1.740624260e+02 +1.740624260e+02
674 +9.056727798e+00 +9.056727798e+00 +1.696967278e+02 +1.696967278e+02
682 +4.940301620e+00 +4.940301620e+00 +1.655803016e+02 +1.655803016e+02
692 +3.706706069e+00 +3.706706069e+00 +1.643467061e+02 +1.643467061e+02
695 +2.992536211e+00 +2.992536211e+00 +1.636325362e+02 +1.636325362e+02
701 +1.769097701e+00 +1.769097701e+00 +1.624090977e+02 +1.624090977e+02
708 +1.637882040e+00 +1.637882040e+00 +1.622778820e+02 +1.622778820e+02
712 +1.167718063e+00 +1.167718063e+00 +1.618077181e+02 +1.618077181e+02
729 +4.750193781e-01 +4.750193781e-01 +1.611150194e+02 +1.611150194e+02
786 +3.549902957e-02 +3.549902957e-02 +1.606754990e+02 +1.606754990e+02
820 +0.000000000e+00 +0.000000000e+00 +1.606400000e+02 +1.606400000e+02
% function evaluation | noise-free fitness - Fopt (-1.003600000000e+02) | best noise-free fitness - Fopt | measured fitness | best measured fitness | x1 | x2...
1 +7.899082053e+02 +7.899082053e+02 +6.895482053e+02 +6.895482053e+02
11 +7.676636663e+02 +7.676636663e+02 +6.673036663e+02 +6.673036663e+02
31 +7.578083521e+02 +7.578083521e+02 +6.574483521e+02 +6.574483521e+02
45 +7.401863502e+02 +7.401863502e+02 +6.398263502e+02 +6.398263502e+02
68 +7.232692050e+02 +7.232692050e+02 +6.229092050e+02 +6.229092050e+02
93 +7.078109837e+02 +7.078109837e+02 +6.074509837e+02 +6.074509837e+02
111 +6.886387746e+02 +6.886387746e+02 +5.882787746e+02 +5.882787746e+02
128 +6.745751008e+02 +6.745751008e+02 +5.742151008e+02 +5.742151008e+02
150 +6.520292381e+02 +6.520292381e+02 +5.516692381e+02 +5.516692381e+02
157 +6.365518467e+02 +6.365518467e+02 +5.361918467e+02 +5.361918467e+02
171 +6.276920867e+02 +6.276920867e+02 +5.273320867e+02 +5.273320867e+02
182 +6.102519142e+02 +6.102519142e+02 +5.098919142e+02 +5.098919142e+02
190 +5.947577166e+02 +5.947577166e+02 +4.943977166e+02 +4.943977166e+02
206 +5.880971073e+02 +5.880971073e+02 +4.877371073e+02 +4.877371073e+02
214 +5.740414596e+02 +5.740414596e+02 +4.736814596e+02 +4.736814596e+02
218 +5.592846336e+02 +5.592846336e+02 +4.589246336e+02 +4.589246336e+02
227 +5.440468034e+02 +5.440468034e+02 +4.436868034e+02 +4.436868034e+02
229 +5.367228207e+02 +5.367228207e+02 +4.363628207e+02 +4.363628207e+02
243 +5.212086893e+02 +5.212086893e+02 +4.208486893e+02 +4.208486893e+02
244 +5.076107445e+02 +5.076107445e+02 +4.072507445e+02 +4.072507445e+02
253 +4.902394190e+02 +4.902394190e+02 +3.898794190e+02 +3.898794190e+02
259 +4.782069500e+02 +4.782069500e+02 +3.778469500e+02 +3.778469500e+02
272 +4.562072411e+02 +4.562072411e+02 +3.558472411e+02 +3.558472411e+02
287 +4.351530829e+02 +4.351530829e+02 +3.347930829e+02 +3.347930829e+02
295 +4.117136014e+02 +4.117136014e+02 +3.113536014e+02 +3.113536014e+02
303 +3.823672602e+02 +3.823672602e+02 +2.820072602e+02 +2.820072602e+02
308 +3.749689051e+02 +3.749689051e+02 +2.746089051e+02 +2.746089051e+02
314 +3.661773836e+02 +3.661773836e+02 +2.658173836e+02 +2.658173836e+02
318 +3.538801784e+02 +3.538801784e+02 +2.535201784e+02 +2.535201784e+02
324 +3.420100030e+02 +3.420100030e+02 +2.416500030e+02 +2.416500030e+02
330 +3.266741570e+02 +3.266741570e+02 +2.263141570e+02 +2.263141570e+02
340 +3.148839541e+02 +3.148839541e+02 +2.145239541e+02 +2.145239541e+02
346 +2.774207799e+02 +2.774207799e+02 +1.770607799e+02 +1.770607799e+02
358 +2.741864885e+02 +2.741864885e+02 +1.738264885e+02 +1.738264885e+02
361 +2.618342304e+02 +2.618342304e+02 +1.614742304e+02 +1.614742304e+02
371 +2.476026254e+02 +2.476026254e+02 +1.472426254e+02 +1.472426254e+02
385 +2.400092996e+02 +2.400092996e+02 +1.396492996e+02 +1.396492996e+02
386 +2.061431598e+02 +2.061431598e+02 +1.057831598e+02 +1.057831598e+02
405 +1.927204075e+02 +1.927204075e+02 +9.236040753e+01 +9.236040753e+01
413 +1.860819192e+02 +1.860819192e+02 +8.572191923e+01 +8.572191923e+01
420 +1.660683495e+02 +1.660683495e+02 +6.570834952e+01 +6.570834952e+01
426 +1.613455963e+02 +1.613455963e+02 +6.098559634e+01 +6.098559634e+01
427 +1.538288604e+02 +1.538288604e+02 +5.346886041e+01 +5.346886041e+01
436 +1.356853438e+02 +1.356853438e+02 +3.532534383e+01 +3.532534383e+01
451 +1.227626748e+02 +1.227626748e+02 +2.240267476e+01 +2.240267476e+01
459 +1.074783325e+02 +1.074783325e+02 +7.118332525e+00 +7.118332525e+00
461 +1.017885053e+02 +1.017885053e+02 +1.428505325e+00 +1.428505325e+00
495 +9.569756779e+01 +9.569756779e+01 -4.662432212e+00 -4.662432212e+00
558 +9.201378194e+01 +9.201378194e+01 -8.346218062e+00 -8.346218062e+00
561 +8.987869908e+01 +8.987869908e+01 -1.048130092e+01 -1.048130092e+01
564 +8.748202749e+01 +8.748202749e+01 -1.287797251e+01 -1.287797251e+01
568 +8.681481330e+01 +8.681481330e+01 -1.354518670e+01 -1.354518670e+01
569 +7.851709171e+01 +7.851709171e+01 -2.184290829e+01 -2.184290829e+01
581 +7.372111934e+01 +7.372111934e+01 -2.663888066e+01 -2.663888066e+01
603 +7.201034148e+01 +7.201034148e+01 -2.834965852e+01 -2.834965852e+01
606 +6.680681946e+01 +6.680681946e+01 -3.355318054e+01 -3.355318054e+01
635 +6.385008142e+01 +6.385008142e+01 -3.650991858e+01 -3.650991858e+01
640 +6.267857611e+01 +6.267857611e+01 -3.768142389e+01 -3.768142389e+01
642 +6.042800101e+01 +6.042800101e+01 -3.993199899e+01 -3.993199899e+01
645 +5.968864775e+01 +5.968864775e+01 -4.067135225e+01 -4.067135225e+01
657 +5.826315171e+01 +5.826315171e+01 -4.209684829e+01 -4.209684829e+01
661 +5.051431786e+01 +5.051431786e+01 -4.984568214e+01 -4.984568214e+01
667 +4.613477461e+01 +4.613477461e+01 -5.422522539e+01 -5.422522539e+01
670 +4.335936930e+01 +4.335936930e+01 -5.700063070e+01 -5.700063070e+01
692 +4.034520334e+01 +4.034520334e+01 -6.001479666e+01 -6.001479666e+01
696 +3.253726223e+01 +3.253726223e+01 -6.782273777e+01 -6.782273777e+01
738 +3.051843701e+01 +3.051843701e+01 -6.984156299e+01 -6.984156299e+01
740 +2.725943878e+01 +2.725943878e+01 -7.310056122e+01 -7.310056122e+01
759 +2.597940438e+01 +2.597940438e+01 -7.438059562e+01 -7.438059562e+01
762 +2.188280809e+01 +2.188280809e+01 -7.847719191e+01 -7.847719191e+01
775 +1.893069229e+01 +1.893069229e+01 -8.142930771e+01 -8.142930771e+01
790 +1.710214518e+01 +1.710214518e+01 -8.325785482e+01 -8.325785482e+01
801 +1.438122550e+01 +1.438122550e+01 -8.597877450e+01 -8.597877450e+01
808 +1.345786851e+01 +1.345786851e+01 -8.690213149e+01 -8.690213149e+01
810 +1.279878314e+01 +1.279878314e+01 -8.756121686e+01 -8.756121686e+01
822 +1.165510694e+01 +1.165510694e+01 -8.870489306e+01 -8.870489306e+01
845 +1.092707409e+01 +1.092707409e+01 -8.943292591e+01 -8.943292591e+01
863 +1.052587493e+01 +1.052587493e+01 -8.983412507e+01 -8.983412507e+01
882 +8.865552925e+00 +8.865552925e+00 -9.149444707e+01 -9.149444707e+01
891 +8.500258612e+00 +8.500258612e+00 -9.185974139e+01 -9.185974139e+01
896 +8.099057808e+00 +8.099057808e+00 -9.226094219e+01 -9.226094219e+01
898 +7.547230473e+00 +7.547230473e+00 -9.281276953e+01 -9.281276953e+01
900 +6.885389581e+00 +6.885389581e+00 -9.347461042e+01 -9.347461042e+01
903 +6.342483698e+00 +6.342483698e+00 -9.401751630e+01 -9.401751630e+01
908 +5.434696128e+00 +5.434696128e+00 -9.492530387e+01 -9.492530387e+01
915 +5.016015142e+00 +5.016015142e+00 -9.534398486e+01 -9.534398486e+01
916 +4.674272334e+00 +4.674272334e+00 -9.568572767e+01 -9.568572767e+01
917 +4.011464855e+00 +4.011464855e+00 -9.634853515e+01 -9.634853515e+01
956 +3.723535238e+00 +3.723535238e+00 -9.663646476e+01 -9.663646476e+01
959 +3.567010473e+00 +3.567010473e+00 -9.679298953e+01 -9.679298953e+01
962 +2.982648960e+00 +2.982648960e+00 -9.737735104e+01 -9.737735104e+01
972 +2.095695963e+00 +2.095695963e+00 -9.826430404e+01 -9.826430404e+01
978 +1.943676528e+00 +1.943676528e+00 -9.841632347e+01 -9.841632347e+01
990 +1.495119030e+00 +1.495119030e+00 -9.886488097e+01 -9.886488097e+01
1001 +1.191662087e+00 +1.191662087e+00 -9.916833791e+01 -9.916833791e+01
1011 +1.048340352e+00 +1.048340352e+00 -9.931165965e+01 -9.931165965e+01
1012 +6.561903133e-01 +6.561903133e-01 -9.970380969e+01 -9.970380969e+01
1016 +4.722676319e-01 +4.722676319e-01 -9.988773237e+01 -9.988773237e+01
1024 +1.171192347e-01 +1.171192347e-01 -1.002428808e+02 -1.002428808e+02
1025 +0.000000000e+00 +0.000000000e+00 -1.003600000e+02 -1.003600000e+02
