% function evaluation | noise-free fitness - Fopt (2.997000000000e+01) | best noise-free fitness - Fopt | measured fitness | best measured fitness | x1 | x2...
1 +7.202573670e+02 +7.202573670e+02 +7.502273670e+02 +7.502273670e+02 +0.0000e+00 +0.0000e+00 +0.0000e+00
2 +6.733226065e+02 +6.733226065e+02 +7.032926065e+02 +7.032926065e+02 -3.6002e-01 -9.1816e-02 -3.5733e-01
12 +6.447405015e+02 +6.447405015e+02 +6.747105015e+02 +6.747105015e+02 -3.2693e-01 -2.3282e-01 -4.6651e-01
14 +6.262381368e+02 +6.262381368e+02 +6.562081368e+02 +6.562081368e+02 -6.9510e-02 -9.6742e-01 -2.0115e-01
18 +6.074607030e+02 +6.074607030e+02 +6.374307030e+02 +6.374307030e+02 -4.3819e-01 -3.1589e-01 -7.1737e-01
20 +5.532147608e+02 +5.532147608e+02 +5.831847608e+02 +5.831847608e+02 -2.0644e-02 -7.6425e-01 -7.0982e-01
26 +4.589649190e+02 +4.589649190e+02 +4.889349190e+02 +4.889349190e+02 -3.2803e-01 -2.2105e-01 -1.6890e+00
30 +4.384055153e+02 +4.384055153e+02 +4.683755153e+02 +4.683755153e+02 -5.3161e-02 -1.1394e+00 -1.3330e+00
34 +4.358600199e+02 +4.358600199e+02 +4.658300199e+02 +4.658300199e+02 -9.1254e-01 -2.4746e+00 -2.0321e+00
39 +1.192772889e+02 +1.192772889e+02 +1.492472889e+02 +1.492472889e+02 +3.7159e-01 -3.7604e-01 -3.8164e+00
78 +1.015979539e+02 +1.015979539e+02 +1.315679539e+02 +1.315679539e+02 -3.4990e-03 -1.2905e+00 -4.6078e+00
106 +7.987423585e+01 +7.987423585e+01 +1.098442359e+02 +1.098442359e+02 +4.9064e-01 -8.9751e-01 -4.7828e+00
124 +5.609773948e+01 +5.609773948e+01 +8.606773948e+01 +8.606773948e+01 +3.8260e-01 -5.8172e-01 -4.2204e+00
147 +4.796394756e+01 +4.796394756e+01 +7.793394756e+01 +7.793394756e+01 +7.3420e-01 -1.3891e+00 -3.5437e+00
154 +3.586036346e+01 +3.586036346e+01 +6.583036346e+01 +6.583036346e+01 +8.4551e-01 -1.3869e+00 -3.6441e+00
157 +2.392337682e+01 +2.392337682e+01 +5.389337682e+01 +5.389337682e+01 +8.5701e-01 -1.9306e+00 -3.5195e+00
173 +2.169388411e+01 +2.169388411e+01 +5.166388411e+01 +5.166388411e+01 +1.1397e+00 -1.9361e+00 -3.5060e+00
175 +1.507791069e+01 +1.507791069e+01 +4.504791069e+01 +4.504791069e+01 +9.7776e-01 -1.9472e+00 -3.3907e+00
183 +1.385768937e+01 +1.385768937e+01 +4.382768937e+01 +4.382768937e+01 +9.0436e-01 -1.6015e+00 -3.6740e+00
217 +1.302661877e+01 +1.302661877e+01 +4.299661877e+01 +4.299661877e+01 +8.8470e-01 -1.5854e+00 -3.7445e+00
221 +1.028872078e+01 +1.028872078e+01 +4.025872078e+01 +4.025872078e+01 +8.1219e-01 -1.5589e+00 -3.7008e+00
231 +7.537121191e+00 +7.537121191e+00 +3.750712119e+01 +3.750712119e+01 +8.5439e-01 -1.6025e+00 -3.6962e+00
234 +6.696190605e+00 +6.696190605e+00 +3.666619061e+01 +3.666619061e+01 +9.1566e-01 -1.6988e+00 -3.6600e+00
239 +3.750057314e+00 +3.750057314e+00 +3.372005731e+01 +3.372005731e+01 +8.1049e-01 -1.6212e+00 -3.7120e+00
248 +3.163627822e+00 +3.163627822e+00 +3.313362782e+01 +3.313362782e+01 +8.2872e-01 -1.6468e+00 -3.7377e+00
288 +2.509714563e+00 +2.509714563e+00 +3.247971456e+01 +3.247971456e+01 +8.3473e-01 -1.6721e+00 -3.7003e+00
311 +7.618543414e-01 +7.618543414e-01 +3.073185434e+01 +3.073185434e+01 +8.1340e-01 -1.6207e+00 -3.7388e+00
339 +5.730722541e-01 +5.730722541e-01 +3.054307225e+01 +3.054307225e+01 +7.8765e-01 -1.5739e+00 -3.7724e+00
363 +5.053021045e-01 +5.053021045e-01 +3.047530210e+01 +3.047530210e+01 +8.0275e-01 -1.5984e+00 -3.7515e+00
398 +4.044928553e-01 +4.044928553e-01 +3.037449286e+01 +3.037449286e+01 +8.1083e-01 -1.6132e+00 -3.7424e+00
416 +3.407862237e-01 +3.407862237e-01 +3.031078622e+01 +3.031078622e+01 +8.1246e-01 -1.6103e+00 -3.7444e+00
419 +2.470779852e-01 +2.470779852e-01 +3.021707799e+01 +3.021707799e+01 +8.1216e-01 -1.6124e+00 -3.7433e+00
434 +2.166083060e-01 +2.166083060e-01 +3.018660831e+01 +3.018660831e+01 +8.1188e-01 -1.6109e+00 -3.7440e+00
440 +2.092044072e-01 +2.092044072e-01 +3.017920441e+01 +3.017920441e+01 +8.1165e-01 -1.6122e+00 -3.7429e+00
467 +1.387332154e-01 +1.387332154e-01 +3.010873322e+01 +3.010873322e+01 +8.1265e-01 -1.6119e+00 -3.7421e+00
528 +1.283557444e-01 +1.283557444e-01 +3.009835574e+01 +3.009835574e+01 +8.1228e-01 -1.6116e+00 -3.7427e+00
537 +1.037472563e-01 +1.037472563e-01 +3.007374726e+01 +3.007374726e+01 +8.1239e-01 -1.6121e+00 -3.7423e+00
538 +9.140992774e-02 +9.140992774e-02 +3.006140993e+01 +3.006140993e+01 +8.1238e-01 -1.6121e+00 -3.7422e+00
587 +8.985729728e-02 +8.985729728e-02 +3.005985730e+01 +3.005985730e+01 +8.1231e-01 -1.6121e+00 -3.7423e+00
593 +8.655780749e-02 +8.655780749e-02 +3.005655781e+01 +3.005655781e+01 +8.1240e-01 -1.6120e+00 -3.7422e+00
634 +8.503823269e-02 +8.503823269e-02 +3.005503823e+01 +3.005503823e+01 +8.1237e-01 -1.6120e+00 -3.7422e+00
661 +8.189067346e-02 +8.189067346e-02 +3.005189067e+01 +3.005189067e+01 +8.1239e-01 -1.6121e+00 -3.7422e+00
901 +8.127597973e-02 +8.127597973e-02 +3.005127598e+01 +3.005127598e+01 +8.1241e-01 -1.6121e+00 -3.7421e+00
% function evaluation | noise-free fitness - Fopt (-5.171000000000e+01) | best noise-free fitness - Fopt | measured fitness | best measured fitness | x1 | x2...
1 +9.345492948e+02 +9.345492948e+02 +8.828392948e+02 +8.828392948e+02 +0.0000e+00 +0.0000e+00 +0.0000e+00
2 +9.067533144e+02 +9.067533144e+02 +8.550433144e+02 +8.550433144e+02 +1.8530e-01 +7.9755e-02 +6.3922e-02
4 +8.705262171e+02 +8.705262171e+02 +8.188162171e+02 +8.188162171e+02 +3.1553e-01 +1.0854e-01 -3.9483e-01
16 +8.356509457e+02 +8.356509457e+02 +7.839409457e+02 +7.839409457e+02 +4.1416e-01 +2.8975e-01 -2.2501e-01
29 +8.276588644e+02 +8.276588644e+02 +7.759488644e+02 +7.759488644e+02 +4.1196e-01 +4.7334e-01 +1.1963e-01
33 +7.848851477e+02 +7.848851477e+02 +7.331751477e+02 +7.331751477e+02 +2.1680e-01 +9.6335e-01 +2.0693e-01
36 +7.662107683e+02 +7.662107683e+02 +7.145007683e+02 +7.145007683e+02 +2.2382e-02 +1.2287e+00 +1.8130e-01
42 +6.550551655e+02 +6.550551655e+02 +6.033451655e+02 +6.033451655e+02 +7.3045e-01 +1.6297e+00 -5.3986e-02
52 +6.094267159e+02 +6.094267159e+02 +5.577167159e+02 +5.577167159e+02 +4.0021e-01 +1.6404e+00 -5.9712e-01
63 +5.490304901e+02 +5.490304901e+02 +4.973204901e+02 +4.973204901e+02 +9.3801e-01 +1.3884e+00 -1.2540e+00
66 +4.067143935e+02 +4.067143935e+02 +3.550043935e+02 +3.550043935e+02 +1.2081e+00 +2.2156e+00 -1.3799e+00
73 +3.694558876e+02 +3.694558876e+02 +3.177458876e+02 +3.177458876e+02 +2.5236e+00 +1.4304e+00 -2.4160e+00
75 +9.522843373e+01 +9.522843373e+01 +4.351843373e+01 +4.351843373e+01 +2.5422e+00 +2.9793e+00 -2.8285e+00
110 +4.241000166e+01 +4.241000166e+01 -9.299998340e+00 -9.299998340e+00 +3.8843e+00 +2.3966e+00 -3.2208e+00
153 +3.497234808e+01 +3.497234808e+01 -1.673765192e+01 -1.673765192e+01 +4.3271e+00 +2.3142e+00 -3.2812e+00
156 +3.140264844e+01 +3.140264844e+01 -2.030735156e+01 -2.030735156e+01 +3.6238e+00 +2.6086e+00 -3.3341e+00
157 +1.196088633e+01 +1.196088633e+01 -3.974911367e+01 -3.974911367e+01 +3.7045e+00 +2.6759e+00 -3.2444e+00
196 +5.519631495e+00 +5.519631495e+00 -4.619036850e+01 -4.619036850e+01 +3.2224e+00 +2.8300e+00 -3.2844e+00
226 +4.578158169e+00 +4.578158169e+00 -4.713184183e+01 -4.713184183e+01 +3.0180e+00 +2.9350e+00 -3.2902e+00
308 +4.310609952e+00 +4.310609952e+00 -4.739939005e+01 -4.739939005e+01 +3.2662e+00 +2.8218e+00 -3.2663e+00
331 +3.918846265e+00 +3.918846265e+00 -4.779115373e+01 -4.779115373e+01 +3.3134e+00 +2.7963e+00 -3.2750e+00
341 +3.100199762e+00 +3.100199762e+00 -4.860980024e+01 -4.860980024e+01 +3.3165e+00 +2.7998e+00 -3.2799e+00
363 +1.601219158e+00 +1.601219158e+00 -5.010878084e+01 -5.010878084e+01 +3.3008e+00 +2.8128e+00 -3.2816e+00
367 +1.577148790e+00 +1.577148790e+00 -5.013285121e+01 -5.013285121e+01 +3.3060e+00 +2.8140e+00 -3.2787e+00
373 +1.374026749e+00 +1.374026749e+00 -5.033597325e+01 -5.033597325e+01 +3.3299e+00 +2.8039e+00 -3.2779e+00
395 +1.284930373e+00 +1.284930373e+00 -5.042506963e+01 -5.042506963e+01 +3.3046e+00 +2.8148e+00 -3.2849e+00
421 +1.126983252e+00 +1.126983252e+00 -5.058301675e+01 -5.058301675e+01 +3.3053e+00 +2.8134e+00 -3.2807e+00
430 +1.027877178e+00 +1.027877178e+00 -5.068212282e+01 -5.068212282e+01 +3.2944e+00 +2.8202e+00 -3.2837e+00
447 +8.338928772e-01 +8.338928772e-01 -5.087610712e+01 -5.087610712e+01 +3.2868e+00 +2.8225e+00 -3.2843e+00
511 +8.209559178e-01 +8.209559178e-01 -5.088904408e+01 -5.088904408e+01 +3.2929e+00 +2.8198e+00 -3.2839e+00
565 +8.101139532e-01 +8.101139532e-01 -5.089988605e+01 -5.089988605e+01 +3.2925e+00 +2.8202e+00 -3.2840e+00
635 +7.934014131e-01 +7.934014131e-01 -5.091659859e+01 -5.091659859e+01 +3.2926e+00 +2.8201e+00 -3.2839e+00
% function evaluation | noise-free fitness - Fopt (-2.799500000000e+02) | best noise-free fitness - Fopt | measured fitness | best measured fitness | x1 | x2...
1 +1.696773180e+03 +1.696773180e+03 +1.416823180e+03 +1.416823180e+03 +0.0000e+00 +0.0000e+00 +0.0000e+00
2 +1.628318118e+03 +1.628318118e+03 +1.348368118e+03 +1.348368118e+03 -1.0686e-01 -2.4718e-01 +1.2803e-02
5 +1.617392436e+03 +1.617392436e+03 +1.337442436e+03 +1.337442436e+03 +1.0127e-01 -2.8988e-01 +6.2745e-02
14 +1.567174054e+03 +1.567174054e+03 +1.287224054e+03 +1.287224054e+03 -2.7107e-01 -4.3737e-01 +5.3940e-02
28 +1.505731273e+03 +1.505731273e+03 +1.225781273e+03 +1.225781273e+03 +8.5107e-02 -5.2556e-01 +3.6894e-01
35 +1.475834121e+03 +1.475834121e+03 +1.195884121e+03 +1.195884121e+03 +1.1809e-01 -6.1166e-01 +4.2679e-01
41 +1.376000734e+03 +1.376000734e+03 +1.096050734e+03 +1.096050734e+03 -1.2901e-01 -8.7474e-01 +5.6703e-01
49 +1.306939971e+03 +1.306939971e+03 +1.026989971e+03 +1.026989971e+03 +5.3035e-02 -1.3390e+00 +3.4343e-01
51 +1.211430794e+03 +1.211430794e+03 +9.314807945e+02 +9.314807945e+02 +1.5038e-02 -1.7136e+00 +3.5442e-01
54 +1.198244209e+03 +1.198244209e+03 +9.182942085e+02 +9.182942085e+02 -3.1775e-01 -1.6221e+00 +4.7668e-01
60 +1.123636399e+03 +1.123636399e+03 +8.436863986e+02 +8.436863986e+02 -6.0122e-01 -1.9601e+00 +3.5943e-01
62 +8.703146000e+02 +8.703146000e+02 +5.903646000e+02 +5.903646000e+02 -2.8648e-01 -2.8466e+00 +6.5705e-01
67 +7.661511753e+02 +7.661511753e+02 +4.862011753e+02 +4.862011753e+02 -4.6957e-01 -3.8546e+00 -1.5172e-01
76 +2.682145799e+02 +2.682145799e+02 -1.173542013e+01 -1.173542013e+01 +9.7690e-02 -5.8621e+00 +2.3839e-01
83 +1.813242348e+02 +1.813242348e+02 -9.862576519e+01 -9.862576519e+01 -5.2370e-01 -5.5026e+00 +1.0587e+00
93 +1.423673638e+02 +1.423673638e+02 -1.375826362e+02 -1.375826362e+02 -5.9093e-01 -6.9790e+00 -1.5782e-01
138 +1.050348949e+02 +1.050348949e+02 -1.749151051e+02 -1.749151051e+02 -5.9424e-01 -6.6900e+00 +1.3292e-01
216 +9.909886035e+01 +9.909886035e+01 -1.808511397e+02 -1.808511397e+02 -4.3884e-01 -6.6539e+00 +3.9048e-03
230 +8.813984692e+01 +8.813984692e+01 -1.918101531e+02 -1.918101531e+02 -6.6627e-01 -6.4597e+00 +2.2761e-01
239 +8.632687203e+01 +8.632687203e+01 -1.936231280e+02 -1.936231280e+02 -7.6463e-01 -6.2334e+00 +5.6272e-01
250 +8.474100597e+01 +8.474100597e+01 -1.952089940e+02 -1.952089940e+02 -1.0579e+00 -6.2875e+00 +3.6945e-01
262 +7.501408453e+01 +7.501408453e+01 -2.049359155e+02 -2.049359155e+02 -1.0908e+00 -6.3342e+00 +4.2011e-01
264 +7.086283380e+01 +7.086283380e+01 -2.090871662e+02 -2.090871662e+02 -1.0442e+00 -6.3313e+00 +4.5050e-01
304 +6.596020254e+01 +6.596020254e+01 -2.139897975e+02 -2.139897975e+02 -9.6956e-01 -6.2617e+00 +5.0168e-01
356 +6.319942658e+01 +6.319942658e+01 -2.167505734e+02 -2.167505734e+02 -9.4662e-01 -6.3338e+00 +4.3276e-01
% function evaluation | noise-free fitness - Fopt (9.319900000000e+02) | best noise-free fitness - Fopt | measured fitness | best measured fitness | x1 | x2...
1 +3.905578211e+02 +3.905578211e+02 +1.322547821e+03 +1.322547821e+03 +0.0000e+00 +0.0000e+00 +0.0000e+00
2 +3.654305520e+02 +3.654305520e+02 +1.297420552e+03 +1.297420552e+03 -1.2438e-01 -2.3242e-01 +4.2074e-01
10 +3.454908258e+02 +3.454908258e+02 +1.277480826e+03 +1.277480826e+03 -1.0455e-01 -3.8851e-01 +5.7160e-01
12 +3.329011747e+02 +3.329011747e+02 +1.264891175e+03 +1.264891175e+03 -5.5369e-02 -4.8544e-01 +6.1108e-01
17 +3.263568449e+02 +3.263568449e+02 +1.258346845e+03 +1.258346845e+03 +2.5444e-01 +1.2210e-01 +4.1830e-01
21 +2.907085144e+02 +2.907085144e+02 +1.222698514e+03 +1.222698514e+03 -9.6298e-02 -3.2070e-01 +1.3271e+00
29 +2.830249524e+02 +2.830249524e+02 +1.215014952e+03 +1.215014952e+03 +4.2264e-01 -5.1442e-01 +6.0336e-01
30 +2.695076121e+02 +2.695076121e+02 +1.201497612e+03 +1.201497612e+03 +5.1178e-01 -1.1013e-02 +6.9761e-01
32 +2.399576760e+02 +2.399576760e+02 +1.171947676e+03 +1.171947676e+03 +6.2190e-01 -4.8188e-01 +9.3242e-01
35 +1.908849968e+02 +1.908849968e+02 +1.122874997e+03 +1.122874997e+03 +9.7522e-01 -8.5274e-01 +1.6989e+00
39 +1.867564922e+02 +1.867564922e+02 +1.118746492e+03 +1.118746492e+03 +3.9789e-01 -1.5304e-01 +1.7973e+00
43 +8.712222804e+01 +8.712222804e+01 +1.019112228e+03 +1.019112228e+03 +7.1036e-01 -2.2345e-01 +2.5182e+00
53 +8.492207078e+01 +8.492207078e+01 +1.016912071e+03 +1.016912071e+03 +4.4613e-01 -5.7417e-01 +2.9644e+00
56 +5.697648070e+01 +5.697648070e+01 +9.889664807e+02 +9.889664807e+02 +9.9797e-01 -3.8819e-01 +3.1057e+00
72 +4.152926319e+01 +4.152926319e+01 +9.735192632e+02 +9.735192632e+02 +7.1724e-01 -3.3613e-01 +3.0595e+00
83 +4.040446968e+01 +4.040446968e+01 +9.723944697e+02 +9.723944697e+02 +7.8179e-01 -2.6073e-01 +2.9775e+00
88 +2.679182820e+01 +2.679182820e+01 +9.587818282e+02 +9.587818282e+02 +7.6484e-01 -2.8067e-01 +3.3235e+00
103 +2.375299877e+01 +2.375299877e+01 +9.557429988e+02 +9.557429988e+02 +8.9897e-01 -1.8070e-01 +3.3812e+00
106 +1.317025303e+01 +1.317025303e+01 +9.451602530e+02 +9.451602530e+02 +8.2145e-01 -2.9232e-01 +3.2729e+00
145 +1.180178442e+01 +1.180178442e+01 +9.437917844e+02 +9.437917844e+02 +9.2313e-01 -1.1990e-01 +3.2484e+00
167 +7.915735257e+00 +7.915735257e+00 +9.399057353e+02 +9.399057353e+02 +9.0475e-01 -1.2767e-01 +3.2242e+00
287 +7.759845926e+00 +7.759845926e+00 +9.397498459e+02 +9.397498459e+02 +9.0211e-01 -1.3535e-01 +3.2224e+00
344 +7.486245589e+00 +7.486245589e+00 +9.394762456e+02 +9.394762456e+02 +9.1184e-01 -1.1519e-01 +3.2193e+00
447 +7.412573892e+00 +7.412573892e+00 +9.394025739e+02 +9.394025739e+02 +9.0708e-01 -1.2604e-01 +3.2200e+00
% function evaluation | noise-free fitness - Fopt (1.133100000000e+02) | best noise-free fitness - Fopt | measured fitness | best measured fitness | x1 | x2...
1 +7.209444707e+02 +7.209444707e+02 +8.342544707e+02 +8.342544707e+02 +0.0000e+00 +0.0000e+00 +0.0000e+00
2 +6.715275449e+02 +6.715275449e+02 +7.848375449e+02 +7.848375449e+02 +3.0527e-01 +9.2092e-02 -9.0150e-02
4 +6.563377642e+02 +6.563377642e+02 +7.696477642e+02 +7.696477642e+02 +1.0935e-01 -4.1153e-02 +5.3690e-01
12 +5.478897308e+02 +5.478897308e+02 +6.611997308e+02 +6.611997308e+02 +5.7462e-01 +3.4565e-01 +4.7416e-01
19 +4.923974887e+02 +4.923974887e+02 +6.057074887e+02 +6.057074887e+02 +6.9816e-01 +7.7375e-01 +3.8241e-01
26 +4.821160167e+02 +4.821160167e+02 +5.954260167e+02 +5.954260167e+02 +4.4926e-01 +9.3020e-01 +7.5562e-01
27 +3.578915667e+02 +3.578915667e+02 +4.712015667e+02 +4.712015667e+02 +1.1550e+00 +1.0796e+00 +7.0197e-01
34 +2.272195868e+02 +2.272195868e+02 +3.405295868e+02 +3.405295868e+02 +1.3559e+00 +1.4278e+00 +1.3893e+00
43 +1.926992435e+02 +1.926992435e+02 +3.060092435e+02 +3.060092435e+02 +3.1652e+00 +1.2946e+00 +8.3828e-01
47 +2.790640544e+01 +2.790640544e+01 +1.412164054e+02 +1.412164054e+02 +2.2019e+00 +2.3576e+00 +1.1769e+00
218 +2.264843500e+01 +2.264843500e+01 +1.359584350e+02 +1.359584350e+02 +2.2766e+00 +2.9826e+00 +5.3923e-01
219 +1.665022975e+01 +1.665022975e+01 +1.299602298e+02 +1.299602298e+02 +2.2576e+00 +3.3209e+00 +3.0020e-01
237 +1.328786312e+01 +1.328786312e+01 +1.265978631e+02 +1.265978631e+02 +2.0491e+00 +3.2137e+00 +5.7474e-01
254 +7.233413016e+00 +7.233413016e+00 +1.205434130e+02 +1.205434130e+02 +2.1849e+00 +3.1506e+00 +5.3860e-01
308 +6.916929077e+00 +6.916929077e+00 +1.202269291e+02 +1.202269291e+02 +2.1082e+00 +3.4263e+00 +3.5181e-01
311 +2.672255993e+00 +2.672255993e+00 +1.159822560e+02 +1.159822560e+02 +2.1586e+00 +3.3747e+00 +3.4466e-01
321 +2.074381365e+00 +2.074381365e+00 +1.153843814e+02 +1.153843814e+02 +2.1458e+00 +3.4020e+00 +3.3135e-01
400 +1.221862583e+00 +1.221862583e+00 +1.145318626e+02 +1.145318626e+02 +2.1318e+00 +3.1359e+00 +6.1221e-01
407 +1.084819917e+00 +1.084819917e+00 +1.143948199e+02 +1.143948199e+02 +2.1331e+00 +3.1495e+00 +5.9609e-01
453 +8.988530378e-01 +8.988530378e-01 +1.142088530e+02 +1.142088530e+02 +2.1291e+00 +3.0960e+00 +6.3748e-01
485 +2.731336673e-01 +2.731336673e-01 +1.135831337e+02 +1.135831337e+02 +2.1336e+00 +3.1180e+00 +6.1923e-01
497 +2.399833954e-01 +2.399833954e-01 +1.135499834e+02 +1.135499834e+02 +2.1323e+00 +3.1075e+00 +6.3118e-01
541 +1.514446992e-01 +1.514446992e-01 +1.134614447e+02 +1.134614447e+02 +2.1313e+00 +3.0988e+00 +6.4004e-01
590 +1.426376073e-01 +1.426376073e-01 +1.134526376e+02 +1.134526376e+02 +2.1322e+00 +3.1029e+00 +6.3480e-01
621 +1.344791645e-01 +1.344791645e-01 +1.134444792e+02 +1.134444792e+02 +2.1310e+00 +3.0970e+00 +6.4090e-01
678 +6.029598666e-02 +6.029598666e-02 +1.133702960e+02 +1.133702960e+02 +2.1315e+00 +3.0990e+00 +6.3897e-01
722 +5.944924215e-02 +5.944924215e-02 +1.133694492e+02 +1.133694492e+02 +2.1315e+00 +3.0995e+00 +6.3838e-01
836 +5.873722786e-02 +5.873722786e-02 +1.133687372e+02 +1.133687372e+02 +2.1315e+00 +3.0997e+00 +6.3818e-01
844 +5.730475943e-02 +5.730475943e-02 +1.133673048e+02 +1.133673048e+02 +2.1315e+00 +3.0997e+00 +6.3819e-01
% function evaluation | noise-free fitness - Fopt (-1.223200000000e+02) | best noise-free fitness - Fopt | measured fitness | best measured fitness | x1 | x2...
1 +9.761646276e+02 +9.761646276e+02 +8.538446276e+02 +8.538446276e+02 +0.0000e+00 +0.0000e+00 +0.0000e+00
3 +9.479724381e+02 +9.479724381e+02 +8.256524381e+02 +8.256524381e+02 -1.2128e-01 -4.5094e-06 +2.4976e-01
11 +8.630910252e+02 +8.630910252e+02 +7.407710252e+02 +7.407710252e+02 -1.6343e-01 -3.2707e-01 +3.8759e-01
13 +8.318429487e+02 +8.318429487e+02 +7.095229487e+02 +7.095229487e+02 -4.3097e-02 -5.8868e-01 -6.9172e-02
18 +7.411668653e+02 +7.411668653e+02 +6.188468653e+02 +6.188468653e+02 -1.4296e-03 -1.0352e+00 -3.3049e-01
27 +6.984757783e+02 +6.984757783e+02 +5.761557783e+02 +5.761557783e+02 -1.1898e-01 -1.1181e+00 +3.0126e-01
28 +6.077186024e+02 +6.077186024e+02 +4.853986024e+02 +4.853986024e+02 -1.1583e-02 -1.7524e+00 +7.3454e-01
32 +4.535589839e+02 +4.535589839e+02 +3.312389839e+02 +3.312389839e+02 -5.5738e-01 -1.8039e+00 -1.3515e-01
34 +4.103154426e+02 +4.103154426e+02 +2.879954426e+02 +2.879954426e+02 -4.3114e-01 -2.2132e+00 +7.7196e-02
38 +3.949949087e+02 +3.949949087e+02 +2.726749087e+02 +2.726749087e+02 -6.7666e-02 -2.8346e+00 -4.7931e-02
46 +3.599267688e+02 +3.599267688e+02 +2.376067688e+02 +2.376067688e+02 +1.9277e-01 -3.6815e+00 -3.7484e-01
50 +1.836981660e+02 +1.836981660e+02 +6.137816598e+01 +6.137816598e+01 -8.6297e-01 -3.6688e+00 -8.5038e-01
71 +1.512690776e+02 +1.512690776e+02 +2.894907758e+01 +2.894907758e+01 -3.9842e-01 -4.1427e+00 -1.8855e+00
73 +7.494803305e+01 +7.494803305e+01 -4.737196695e+01 -4.737196695e+01 -1.9884e+00 -2.7092e+00 -5.6779e-01
103 +1.063390589e+01 +1.063390589e+01 -1.116860941e+02 -1.116860941e+02 -1.3316e+00 -3.1373e+00 -1.6332e+00
168 +9.707376918e+00 +9.707376918e+00 -1.126126231e+02 -1.126126231e+02 -8.3593e-01 -3.5774e+00 -2.2932e+00
233 +8.562865392e+00 +8.562865392e+00 -1.137571346e+02 -1.137571346e+02 -6.7043e-01 -3.7955e+00 -2.7497e+00
236 +6.435111756e+00 +6.435111756e+00 -1.158848882e+02 -1.158848882e+02 -6.6575e-01 -3.7926e+00 -2.6517e+00
247 +3.427505485e+00 +3.427505485e+00 -1.188924945e+02 -1.188924945e+02 -6.6925e-01 -3.7601e+00 -2.6650e+00
280 +2.907242660e+00 +2.907242660e+00 -1.194127573e+02 -1.194127573e+02 -5.8803e-01 -3.8528e+00 -2.7826e+00
331 +2.732971611e+00 +2.732971611e+00 -1.195870284e+02 -1.195870284e+02 -6.3509e-01 -3.8025e+00 -2.7355e+00
337 +1.346733452e+00 +1.346733452e+00 -1.209732665e+02 -1.209732665e+02 -6.3022e-01 -3.8123e+00 -2.7278e+00
341 +1.141277514e+00 +1.141277514e+00 -1.211787225e+02 -1.211787225e+02 -6.2300e-01 -3.8182e+00 -2.7444e+00
352 +1.029762161e+00 +1.029762161e+00 -1.212902378e+02 -1.212902378e+02 -6.2800e-01 -3.8137e+00 -2.7349e+00
414 +7.969449692e-01 +7.969449692e-01 -1.215230550e+02 -1.215230550e+02 -6.2117e-01 -3.8218e+00 -2.7489e+00
460 +7.843546090e-01 +7.843546090e-01 -1.215356454e+02 -1.215356454e+02 -6.1989e-01 -3.8232e+00 -2.7509e+00
471 +7.597195652e-01 +7.597195652e-01 -1.215602804e+02 -1.215602804e+02 -6.1957e-01 -3.8237e+00 -2.7516e+00
496 +7.402051168e-01 +7.402051168e-01 -1.215797949e+02 -1.215797949e+02 -6.1998e-01 -3.8236e+00 -2.7514e+00
538 +7.145634143e-01 +7.145634143e-01 -1.216054366e+02 -1.216054366e+02 -6.2083e-01 -3.8226e+00 -2.7499e+00
560 +7.048535755e-01 +7.048535755e-01 -1.216151464e+02 -1.216151464e+02 -6.2098e-01 -3.8224e+00 -2.7498e+00
719 +6.909237801e-01 +6.909237801e-01 -1.216290762e+02 -1.216290762e+02 -6.2078e-01 -3.8227e+00 -2.7503e+00
% function evaluation | noise-free fitness - Fopt (1.556000000000e+01) | best noise-free fitness - Fopt | measured fitness | best measured fitness | x1 | x2...
1 +2.276389573e+02 +2.276389573e+02 +2.431989573e+02 +2.431989573e+02 +0.0000e+00 +0.0000e+00 +0.0000e+00
6 +2.106230881e+02 +2.106230881e+02 +2.261830881e+02 +2.261830881e+02 -1.1640e-01 -1.1612e-01 -1.9522e-01
7 +2.005535907e+02 +2.005535907e+02 +2.161135907e+02 +2.161135907e+02 -2.8232e-01 -7.2314e-02 +3.4131e-01
13 +1.885962320e+02 +1.885962320e+02 +2.041562320e+02 +2.041562320e+02 -3.2962e-01 -2.3782e-01 +3.3225e-02
28 +1.500611181e+02 +1.500611181e+02 +1.656211181e+02 +1.656211181e+02 -5.6361e-01 -5.4596e-01 +3.3478e-01
40 +1.465123524e+02 +1.465123524e+02 +1.620723524e+02 +1.620723524e+02 -5.3792e-01 -6.4654e-01 +9.5664e-02
47 +1.256375918e+02 +1.256375918e+02 +1.411975918e+02 +1.411975918e+02 -7.2187e-01 -8.4756e-01 +3.2925e-01
54 +8.707343426e+01 +8.707343426e+01 +1.026334343e+02 +1.026334343e+02 -6.2228e-01 -1.1396e+00 +3.6741e-01
58 +5.254641158e+01 +5.254641158e+01 +6.810641158e+01 +6.810641158e+01 -8.3230e-01 -1.5811e+00 +3.2485e-01
60 +2.321992586e+01 +2.321992586e+01 +3.877992586e+01 +3.877992586e+01 -9.1543e-01 -1.8150e+00 +5.9176e-01
267 +2.231983736e+01 +2.231983736e+01 +3.787983736e+01 +3.787983736e+01 -6.2975e-01 -1.9304e+00 -2.7392e-01
310 +2.143082225e+01 +2.143082225e+01 +3.699082225e+01 +3.699082225e+01 -6.3549e-01 -1.9242e+00 -2.5489e-01
397 +2.135819268e+01 +2.135819268e+01 +3.691819268e+01 +3.691819268e+01 -6.4059e-01 -1.9256e+00 -2.3663e-01
% function evaluation | noise-free fitness - Fopt (1.000000000000e+03) | best noise-free fitness - Fopt | measured fitness | best measured fitness | x1 | x2...
1 +2.885803013e+02 +2.885803013e+02 +1.288580301e+03 +1.288580301e+03 +0.0000e+00 +0.0000e+00 +0.0000e+00
5 +2.765051846e+02 +2.765051846e+02 +1.276505185e+03 +1.276505185e+03 -1.1741e-01 +4.9541e-02 +9.3324e-03
9 +2.669102303e+02 +2.669102303e+02 +1.266910230e+03 +1.266910230e+03 +4.4080e-02 -2.9354e-01 +1.9245e-02
12 +2.350442323e+02 +2.350442323e+02 +1.235044232e+03 +1.235044232e+03 -2.1031e-01 -2.3059e-01 -1.6139e-02
13 +2.271217399e+02 +2.271217399e+02 +1.227121740e+03 +1.227121740e+03 -2.8589e-01 -2.1022e-01 -2.1833e-01
21 +1.437791355e+02 +1.437791355e+02 +1.143779136e+03 +1.143779136e+03 -7.1294e-01 -4.3265e-01 -1.7640e-01
27 +8.769101579e+01 +8.769101579e+01 +1.087691016e+03 +1.087691016e+03 -1.4818e+00 +6.7234e-02 -2.3709e-02
29 +6.716446450e+01 +6.716446450e+01 +1.067164464e+03 +1.067164464e+03 -1.1972e+00 -7.4375e-01 +1.6636e-01
61 +6.209888457e+01 +6.209888457e+01 +1.062098885e+03 +1.062098885e+03 -5.0905e-01 -1.6431e+00 -3.6918e-01
63 +5.252717858e+01 +5.252717858e+01 +1.052527179e+03 +1.052527179e+03 -9.0508e-01 -1.6391e+00 -3.8430e-01
71 +1.345332794e+01 +1.345332794e+01 +1.013453328e+03 +1.013453328e+03 -5.6905e-02 -2.9366e+00 -4.8045e-01
162 +1.315332239e+01 +1.315332239e+01 +1.013153322e+03 +1.013153322e+03 -6.3041e-02 -2.7902e+00 -4.3478e-01
173 +6.976816383e+00 +6.976816383e+00 +1.006976816e+03 +1.006976816e+03 +1.4583e-01 -3.1840e+00 -4.8298e-01
202 +6.734033400e+00 +6.734033400e+00 +1.006734033e+03 +1.006734033e+03 -8.6448e-02 -2.7902e+00 -3.9062e-01
212 +4.643374414e+00 +4.643374414e+00 +1.004643374e+03 +1.004643374e+03 -6.2149e-02 -2.8759e+00 -4.2506e-01
235 +2.902079328e+00 +2.902079328e+00 +1.002902079e+03 +1.002902079e+03 -8.0229e-02 -2.8840e+00 -3.9897e-01
243 +2.738144269e+00 +2.738144269e+00 +1.002738144e+03 +1.002738144e+03 -9.3904e-02 -2.8624e+00 -4.0870e-01
245 +1.566908756e+00 +1.566908756e+00 +1.001566909e+03 +1.001566909e+03 -1.1544e-01 -2.8149e+00 -3.9497e-01
268 +1.161450670e+00 +1.161450670e+00 +1.001161451e+03 +1.001161451e+03 -8.9861e-02 -2.8543e+00 -4.0342e-01
286 +9.284549067e-01 +9.284549067e-01 +1.000928455e+03 +1.000928455e+03 -8.3907e-02 -2.8571e+00 -4.0237e-01
335 +7.444457441e-01 +7.444457441e-01 +1.000744446e+03 +1.000744446e+03 -8.7565e-02 -2.8530e+00 -4.0179e-01
% function evaluation | noise-free fitness - Fopt (1.177400000000e+02) | best noise-free fitness - Fopt | measured fitness | best measured fitness | x1 | x2...
1 +1.222820370e+03 +1.222820370e+03 +1.340560370e+03 +1.340560370e+03 +0.0000e+00 +0.0000e+00 +0.0000e+00
2 +1.068967322e+03 +1.068967322e+03 +1.186707322e+03 +1.186707322e+03 +2.8513e-01 -4.3590e-01 -2.0920e-01
10 +1.045631569e+03 +1.045631569e+03 +1.163371569e+03 +1.163371569e+03 +3.7976e-01 -3.1245e-01 -5.8855e-01
14 +8.915535852e+02 +8.915535852e+02 +1.009293585e+03 +1.009293585e+03 +8.5576e-01 -6.5592e-01 -1.8691e-01
18 +8.725632264e+02 +8.725632264e+02 +9.903032264e+02 +9.903032264e+02 +4.9222e-01 -1.3391e+00 -2.1116e-01
25 +7.170811053e+02 +7.170811053e+02 +8.348211053e+02 +8.348211053e+02 +8.1222e-01 -1.7449e+00 -4.1456e-01
28 +4.948113873e+02 +4.948113873e+02 +6.125513873e+02 +6.125513873e+02 +1.2344e+00 -2.5213e+00 -3.9073e-01
34 +2.365323542e+02 +2.365323542e+02 +3.542723542e+02 +3.542723542e+02 +1.3432e+00 -4.3681e+00 +2.6666e-02
40 +2.112730650e+02 +2.112730650e+02 +3.290130650e+02 +3.290130650e+02 +2.3678e+00 -3.2991e+00 -3.5656e-01
56 +1.740683050e+02 +1.740683050e+02 +2.918083050e+02 +2.918083050e+02 +1.5630e+00 -3.9960e+00 -7.9384e-01
78 +1.607332133e+02 +1.607332133e+02 +2.784732133e+02 +2.784732133e+02 +2.3248e+00 -4.0961e+00 -7.3052e-01
80 +1.376057543e+02 +1.376057543e+02 +2.553457543e+02 +2.553457543e+02 +7.8673e-01 -6.9886e+00 -3.4945e-01
83 +1.333725211e+02 +1.333725211e+02 +2.511125211e+02 +2.511125211e+02 +1.4585e+00 -4.5853e+00 -5.8049e-01
89 +1.298170720e+02 +1.298170720e+02 +2.475570720e+02 +2.475570720e+02 +1.7568e+00 -4.7546e+00 -3.2123e-01
93 +1.077033141e+02 +1.077033141e+02 +2.254433141e+02 +2.254433141e+02 +1.9643e+00 -4.1991e+00 -8.1144e-01
98 +8.022753591e+01 +8.022753591e+01 +1.979675359e+02 +1.979675359e+02 +2.0383e+00 -4.1813e+00 -1.1762e+00
109 +4.570276356e+01 +4.570276356e+01 +1.634427636e+02 +1.634427636e+02 +1.8400e+00 -4.3363e+00 -1.3094e+00
141 +2.926981531e+01 +2.926981531e+01 +1.470098153e+02 +1.470098153e+02 +1.6139e+00 -4.6177e+00 -1.4059e+00
180 +2.195560346e+01 +2.195560346e+01 +1.396956035e+02 +1.396956035e+02 +1.5576e+00 -4.8137e+00 -1.2986e+00
197 +1.952571265e+01 +1.952571265e+01 +1.372657126e+02 +1.372657126e+02 +1.6117e+00 -4.6933e+00 -1.3969e+00
226 +1.784011476e+01 +1.784011476e+01 +1.355801148e+02 +1.355801148e+02 +1.6160e+00 -4.6891e+00 -1.4325e+00
260 +1.762265728e+01 +1.762265728e+01 +1.353626573e+02 +1.353626573e+02 +1.7176e+00 -4.5526e+00 -1.4596e+00
265 +1.587445591e+01 +1.587445591e+01 +1.336144559e+02 +1.336144559e+02 +1.6329e+00 -4.7026e+00 -1.4550e+00
270 +1.467962823e+01 +1.467962823e+01 +1.324196282e+02 +1.324196282e+02 +1.7115e+00 -4.4903e+00 -1.5478e+00
328 +1.271818876e+01 +1.271818876e+01 +1.304581888e+02 +1.304581888e+02 +1.7027e+00 -4.5294e+00 -1.5507e+00
343 +1.105743176e+01 +1.105743176e+01 +1.287974318e+02 +1.287974318e+02 +1.7285e+00 -4.4956e+00 -1.5409e+00
364 +1.094714141e+01 +1.094714141e+01 +1.286871414e+02 +1.286871414e+02 +1.7331e+00 -4.4917e+00 -1.5655e+00
412 +1.056269811e+01 +1.056269811e+01 +1.283026981e+02 +1.283026981e+02 +1.7475e+00 -4.4542e+00 -1.5682e+00
458 +9.882536235e+00 +9.882536235e+00 +1.276225362e+02 +1.276225362e+02 +1.7354e+00 -4.4718e+00 -1.5706e+00
552 +9.553361411e+00 +9.553361411e+00 +1.272933614e+02 +1.272933614e+02 +1.7465e+00 -4.4536e+00 -1.5779e+00
596 +9.219594699e+00 +9.219594699e+00 +1.269595947e+02 +1.269595947e+02 +1.7523e+00 -4.4431e+00 -1.5905e+00
599 +9.084010101e+00 +9.084010101e+00 +1.268240101e+02 +1.268240101e+02 +1.7522e+00 -4.4402e+00 -1.5898e+00
632 +8.884651452e+00 +8.884651452e+00 +1.266246515e+02 +1.266246515e+02 +1.7516e+00 -4.4421e+00 -1.5908e+00
% function evaluation | noise-free fitness - Fopt (-4.670000000000e+01) | best noise-free fitness - Fopt | measured fitness | best measured fitness | x1 | x2...
1 +5.532172127e+02 +5.532172127e+02 +5.065172127e+02 +5.065172127e+02 +0.0000e+00 +0.0000e+00 +0.0000e+00
2 +4.923842556e+02 +4.923842556e+02 +4.456842556e+02 +4.456842556e+02 -2.6322e-01 +3.5736e-02 -3.1243e-01
3 +4.821038823e+02 +4.821038823e+02 +4.354038823e+02 +4.354038823e+02 -3.2080e-01 +2.3673e-01 +1.8199e-01
13 +4.778226494e+02 +4.778226494e+02 +4.311226494e+02 +4.311226494e+02 -6.7746e-01 -9.0510e-02 +2.5103e-01
16 +4.536943550e+02 +4.536943550e+02 +4.069943550e+02 +4.069943550e+02 -4.9479e-01 +3.3224e-01 +2.5577e-01
19 +4.240050423e+02 +4.240050423e+02 +3.773050423e+02 +3.773050423e+02 -9.5973e-01 +5.3748e-01 +5.3441e-01
20 +4.143538220e+02 +4.143538220e+02 +3.676538220e+02 +3.676538220e+02 -1.1850e+00 +1.9020e-01 +4.1020e-01
26 +3.682359169e+02 +3.682359169e+02 +3.215359169e+02 +3.215359169e+02 -6.9502e-01 +6.4594e-01 -9.4742e-03
35 +3.503481816e+02 +3.503481816e+02 +3.036481816e+02 +3.036481816e+02 -1.6232e+00 +4.4657e-01 +2.4452e-01
43 +3.127714636e+02 +3.127714636e+02 +2.660714636e+02 +2.660714636e+02 -1.3429e+00 +1.0366e+00 +1.0955e-01
55 +2.300257442e+02 +2.300257442e+02 +1.833257442e+02 +1.833257442e+02 -1.4956e+00 +1.3013e+00 -3.1076e-01
76 +1.635047670e+02 +1.635047670e+02 +1.168047670e+02 +1.168047670e+02 -1.8315e+00 +1.5093e+00 -7.6756e-01
78 +1.444056477e+02 +1.444056477e+02 +9.770564767e+01 +9.770564767e+01 -1.5945e+00 +1.6180e+00 -7.8676e-01
83 +9.154889284e+01 +9.154889284e+01 +4.484889284e+01 +4.484889284e+01 -1.9639e+00 +9.0842e-01 -1.0897e+00
91 +6.219106109e+01 +6.219106109e+01 +1.549106109e+01 +1.549106109e+01 -1.0892e+00 +1.9346e+00 -1.5544e+00
101 +5.276507139e+01 +5.276507139e+01 +6.065071394e+00 +6.065071394e+00 -1.2771e+00 +1.8868e+00 -1.2056e+00
102 +1.225317029e+01 +1.225317029e+01 -3.444682971e+01 -3.444682971e+01 -1.6185e+00 +1.6139e+00 -1.5527e+00
249 +1.053109184e+01 +1.053109184e+01 -3.616890816e+01 -3.616890816e+01 -2.0967e+00 +9.4404e-01 -1.5237e+00
254 +9.346181087e+00 +9.346181087e+00 -3.735381891e+01 -3.735381891e+01 -2.1267e+00 +9.2921e-01 -1.5388e+00
268 +9.142662695e+00 +9.142662695e+00 -3.755733730e+01 -3.755733730e+01 -2.1165e+00 +9.3091e-01 -1.5337e+00
299 +8.308771899e+00 +8.308771899e+00 -3.839122810e+01 -3.839122810e+01 -2.0955e+00 +9.4694e-01 -1.5501e+00
301 +7.768820784e+00 +7.768820784e+00 -3.893117922e+01 -3.893117922e+01 -2.0800e+00 +9.8050e-01 -1.5533e+00
312 +6.838979452e+00 +6.838979452e+00 -3.986102055e+01 -3.986102055e+01 -2.0843e+00 +9.6768e-01 -1.5425e+00
321 +6.229515941e+00 +6.229515941e+00 -4.047048406e+01 -4.047048406e+01 -2.0967e+00 +9.5610e-01 -1.5456e+00
423 +6.140792684e+00 +6.140792684e+00 -4.055920732e+01 -4.055920732e+01 -2.0885e+00 +9.6700e-01 -1.5449e+00
% function evaluation | noise-free fitness - Fopt (8.287000000000e+01) | best noise-free fitness - Fopt | measured fitness | best measured fitness | x1 | x2...
1 +8.495729337e+02 +8.495729337e+02 +9.324429337e+02 +9.324429337e+02 +0.0000e+00 +0.0000e+00 +0.0000e+00
3 +7.354652161e+02 +7.354652161e+02 +8.183352161e+02 +8.183352161e+02 -1.6019e-01 -5.3985e-01 -3.1026e-02
8 +6.932067312e+02 +6.932067312e+02 +7.760767312e+02 +7.760767312e+02 +7.0283e-02 -4.9842e-01 +1.9902e-01
11 +5.352299050e+02 +5.352299050e+02 +6.180999050e+02 +6.180999050e+02 -1.6894e-01 -1.1316e+00 +3.8439e-01
19 +4.823527275e+02 +4.823527275e+02 +5.652227275e+02 +5.652227275e+02 +9.2933e-01 -6.5962e-01 +9.6590e-01
21 +3.727956638e+02 +3.727956638e+02 +4.556656638e+02 +4.556656638e+02 -3.4167e-01 -1.6721e+00 +7.4873e-01
22 +1.867652928e+02 +1.867652928e+02 +2.696352928e+02 +2.696352928e+02 +4.5884e-01 -1.9285e+00 +1.1249e+00
37 +1.156540669e+02 +1.156540669e+02 +1.985240669e+02 +1.985240669e+02 +1.0914e+00 -2.2839e+00 +1.8826e+00
50 +6.587132483e+01 +6.587132483e+01 +1.487413248e+02 +1.487413248e+02 +1.3178e+00 -2.8348e+00 +1.5814e-02
61 +5.827781231e+01 +5.827781231e+01 +1.411478123e+02 +1.411478123e+02 +1.7428e+00 -2.4797e+00 +2.0775e-01
65 +4.466783116e+01 +4.466783116e+01 +1.275378312e+02 +1.275378312e+02 +2.8101e-01 -2.4092e+00 +1.7530e+00
73 +3.172909721e+01 +3.172909721e+01 +1.145990972e+02 +1.145990972e+02 +1.2920e+00 -2.6451e+00 +8.3695e-01
94 +2.606610381e+01 +2.606610381e+01 +1.089361038e+02 +1.089361038e+02 +1.1240e+00 -2.5276e+00 +1.0232e+00
111 +1.004995386e+01 +1.004995386e+01 +9.291995386e+01 +9.291995386e+01 +1.1186e+00 -2.6971e+00 +6.8683e-01
216 +6.046550881e+00 +6.046550881e+00 +8.891655088e+01 +8.891655088e+01 +1.0227e+00 -2.6737e+00 +7.8133e-01
247 +4.537185578e+00 +4.537185578e+00 +8.740718558e+01 +8.740718558e+01 +1.0954e+00 -2.6630e+00 +7.4442e-01
254 +3.256672444e+00 +3.256672444e+00 +8.612667244e+01 +8.612667244e+01 +1.1645e+00 -2.6226e+00 +7.3351e-01
340 +2.466823727e+00 +2.466823727e+00 +8.533682373e+01 +8.533682373e+01 +9.6089e-01 -2.6486e+00 +8.4734e-01
362 +1.516293911e+00 +1.516293911e+00 +8.438629391e+01 +8.438629391e+01 +1.0279e+00 -2.6389e+00 +8.3173e-01
375 +1.043517250e+00 +1.043517250e+00 +8.391351725e+01 +8.391351725e+01 +1.1018e+00 -2.6401e+00 +7.6634e-01
413 +4.605317612e-01 +4.605317612e-01 +8.333053176e+01 +8.333053176e+01 +1.0678e+00 -2.6348e+00 +8.0177e-01
455 +3.219175865e-01 +3.219175865e-01 +8.319191759e+01 +8.319191759e+01 +1.0690e+00 -2.6370e+00 +7.9667e-01
596 +3.146331342e-01 +3.146331342e-01 +8.318463313e+01 +8.318463313e+01 +1.1295e+00 -2.6358e+00 +7.5571e-01
651 +2.915498893e-01 +2.915498893e-01 +8.316154989e+01 +8.316154989e+01 +1.1304e+00 -2.6352e+00 +7.5548e-01
666 +2.629110689e-01 +2.629110689e-01 +8.313291107e+01 +8.313291107e+01 +1.1303e+00 -2.6354e+00 +7.5529e-01
698 +2.526771646e-01 +2.526771646e-01 +8.312267716e+01 +8.312267716e+01 +1.1304e+00 -2.6355e+00 +7.5512e-01
730 +2.507359691e-01 +2.507359691e-01 +8.312073597e+01 +8.312073597e+01 +1.1305e+00 -2.6355e+00 +7.5516e-01
% function evaluation | noise-free fitness - Fopt (-1.839000000000e+01) | best noise-free fitness - Fopt | measured fitness | best measured fitness | x1 | x2...
1 +5.596126318e+02 +5.596126318e+02 +5.412226318e+02 +5.412226318e+02 +0.0000e+00 +0.0000e+00 +0.0000e+00
2 +5.472327566e+02 +5.472327566e+02 +5.288427566e+02 +5.288427566e+02 +4.6923e-02 +2.4026e-02 +7.1400e-02
3 +5.104337383e+02 +5.104337383e+02 +4.920437383e+02 +4.920437383e+02 +2.0065e-01 +2.4405e-01 +6.9809e-02
12 +5.000944418e+02 +5.000944418e+02 +4.817044418e+02 +4.817044418e+02 +4.9533e-02 +4.9538e-01 -9.3531e-02
15 +4.723698139e+02 +4.723698139e+02 +4.539798139e+02 +4.539798139e+02 -4.0589e-01 +6.7965e-01 +1.6658e-01
17 +4.328982193e+02 +4.328982193e+02 +4.145082193e+02 +4.145082193e+02 +2.6285e-01 +5.8966e-01 +3.2543e-01
20 +4.041891208e+02 +4.041891208e+02 +3.857991208e+02 +3.857991208e+02 +2.0403e-01 +7.1765e-01 +4.4554e-01
23 +3.752560312e+02 +3.752560312e+02 +3.568660312e+02 +3.568660312e+02 +2.1685e-01 +1.0353e+00 +2.8574e-01
29 +3.616157505e+02 +3.616157505e+02 +3.432257505e+02 +3.432257505e+02 +2.5793e-01 +8.6763e-01 +6.5769e-01
30 +2.933773517e+02 +2.933773517e+02 +2.749873517e+02 +2.749873517e+02 -2.7893e-01 +2.0843e+00 +4.7037e-01
34 +2.511606476e+02 +2.511606476e+02 +2.327706476e+02 +2.327706476e+02 +4.4443e-01 +3.2985e+00 +2.3608e-01
36 +1.501813827e+02 +1.501813827e+02 +1.317913827e+02 +1.317913827e+02 +6.4924e-02 +3.1111e+00 +1.1422e+00
46 +1.293229962e+02 +1.293229962e+02 +1.109329962e+02 +1.109329962e+02 +6.4258e-02 +2.9730e+00 +1.1865e+00
51 +8.856929627e+01 +8.856929627e+01 +7.017929627e+01 +7.017929627e+01 -6.1790e-01 +2.1088e+00 +2.8385e+00
55 +8.181127349e+01 +8.181127349e+01 +6.342127349e+01 +6.342127349e+01 +9.9448e-01 +3.2938e+00 +1.2360e+00
93 +5.411073356e+01 +5.411073356e+01 +3.572073356e+01 +3.572073356e+01 +1.9539e-01 +2.8962e+00 +1.9438e+00
155 +3.388780784e+01 +3.388780784e+01 +1.549780784e+01 +1.549780784e+01 -7.3519e-01 +2.2087e+00 +2.6032e+00
157 +1.651050113e+01 +1.651050113e+01 -1.879498869e+00 -1.879498869e+00 -6.4302e-02 +2.5244e+00 +2.0263e+00
194 +1.505207961e+01 +1.505207961e+01 -3.337920393e+00 -3.337920393e+00 -5.9233e-01 +2.3853e+00 +2.4992e+00
227 +1.180491668e+01 +1.180491668e+01 -6.585083319e+00 -6.585083319e+00 -4.9438e-01 +2.4428e+00 +2.4060e+00
239 +8.178122633e+00 +8.178122633e+00 -1.021187737e+01 -1.021187737e+01 -5.9117e-01 +2.4034e+00 +2.3846e+00
249 +4.953494223e+00 +4.953494223e+00 -1.343650578e+01 -1.343650578e+01 -3.9113e-01 +2.4948e+00 +2.2748e+00
283 +4.644071800e+00 +4.644071800e+00 -1.374592820e+01 -1.374592820e+01 -6.4961e-01 +2.4133e+00 +2.4528e+00
299 +2.931027684e+00 +2.931027684e+00 -1.545897232e+01 -1.545897232e+01 -6.7269e-01 +2.4059e+00 +2.5116e+00
332 +2.678446396e+00 +2.678446396e+00 -1.571155360e+01 -1.571155360e+01 -5.5333e-01 +2.4477e+00 +2.3802e+00
384 +9.146655989e-01 +9.146655989e-01 -1.747533440e+01 -1.747533440e+01 -5.7408e-01 +2.4362e+00 +2.4102e+00
452 +8.653747638e-01 +8.653747638e-01 -1.752462524e+01 -1.752462524e+01 -5.5378e-01 +2.4383e+00 +2.3890e+00
469 +7.107193201e-01 +7.107193201e-01 -1.767928068e+01 -1.767928068e+01 -5.4902e-01 +2.4393e+00 +2.3883e+00
480 +6.279428116e-01 +6.279428116e-01 -1.776205719e+01 -1.776205719e+01 -5.5125e-01 +2.4389e+00 +2.3895e+00
482 +4.276493568e-01 +4.276493568e-01 -1.796235064e+01 -1.796235064e+01 -5.5088e-01 +2.4403e+00 +2.3893e+00
526 +4.159398806e-01 +4.159398806e-01 -1.797406012e+01 -1.797406012e+01 -5.4833e-01 +2.4410e+00 +2.3870e+00
618 +3.989275215e-01 +3.989275215e-01 -1.799107248e+01 -1.799107248e+01 -5.4905e-01 +2.4411e+00 +2.3875e+00
626 +3.818262451e-01 +3.818262451e-01 -1.800817375e+01 -1.800817375e+01 -5.4909e-01 +2.4410e+00 +2.3874e+00
670 +3.795625081e-01 +3.795625081e-01 -1.801043749e+01 -1.801043749e+01 -5.4912e-01 +2.4410e+00 +2.3875e+00
% function evaluation | noise-free fitness - Fopt (1.426600000000e+02) | best noise-free fitness - Fopt | measured fitness | best measured fitness | x1 | x2...
1 +9.857884768e+02 +9.857884768e+02 +1.128448477e+03 +1.128448477e+03 +0.0000e+00 +0.0000e+00 +0.0000e+00
4 +9.476643022e+02 +9.476643022e+02 +1.090324302e+03 +1.090324302e+03 +4.6928e-02 +2.9705e-01 +1.7458e-01
5 +8.964372912e+02 +8.964372912e+02 +1.039097291e+03 +1.039097291e+03 -2.7740e-01 +1.8979e-01 +2.1861e-01
11 +8.766988064e+02 +8.766988064e+02 +1.019358806e+03 +1.019358806e+03 -5.1559e-01 +2.1091e-02 +2.8540e-01
12 +8.592577709e+02 +8.592577709e+02 +1.001917771e+03 +1.001917771e+03 -3.9034e-01 +2.7391e-01 +2.3244e-01
15 +8.226174872e+02 +8.226174872e+02 +9.652774872e+02 +9.652774872e+02 -3.0517e-01 +6.0639e-01 +2.5141e-01
18 +8.070712026e+02 +8.070712026e+02 +9.497312026e+02 +9.497312026e+02 -8.5721e-01 -6.6857e-02 -3.7976e-01
22 +7.757182082e+02 +7.757182082e+02 +9.183782082e+02 +9.183782082e+02 -1.4465e-01 +1.0885e+00 -4.4166e-01
28 +6.872193811e+02 +6.872193811e+02 +8.298793811e+02 +8.298793811e+02 -3.2028e-01 +1.3834e+00 -1.4642e-01
36 +5.724222538e+02 +5.724222538e+02 +7.150822538e+02 +7.150822538e+02 -2.3646e-01 +2.2367e+00 +1.8297e-01
45 +4.261648223e+02 +4.261648223e+02 +5.688248223e+02 +5.688248223e+02 +1.9950e-01 +4.0252e+00 +1.2293e+00
52 +2.365551967e+02 +2.365551967e+02 +3.792151967e+02 +3.792151967e+02 +9.2159e-01 +8.0103e+00 -2.4127e-02
66 +1.645258386e+02 +1.645258386e+02 +3.071858386e+02 +3.071858386e+02 +4.6833e-01 +7.7745e+00 +1.1337e+00
72 +1.491541772e+02 +1.491541772e+02 +2.918141772e+02 +2.918141772e+02 -7.4188e-01 +4.4534e+00 -8.8471e-01
84 +1.400068232e+02 +1.400068232e+02 +2.826668232e+02 +2.826668232e+02 +5.9575e-01 +7.0365e+00 +1.4896e+00
88 +9.795074495e+01 +9.795074495e+01 +2.406107449e+02 +2.406107449e+02 +5.1605e-01 +7.3099e+00 +4.2780e-01
100 +4.123114735e+01 +4.123114735e+01 +1.838911474e+02 +1.838911474e+02 +3.4638e-01 +6.6852e+00 +7.4297e-01
116 +2.818327899e+01 +2.818327899e+01 +1.708432790e+02 +1.708432790e+02 +3.9700e-02 +6.4104e+00 +3.2687e-01
163 +2.582156796e+01 +2.582156796e+01 +1.684815680e+02 +1.684815680e+02 +3.3477e-01 +6.7137e+00 +5.9944e-01
171 +2.527426321e+01 +2.527426321e+01 +1.679342632e+02 +1.679342632e+02 +3.5072e-01 +6.7984e+00 +5.9227e-01
177 +2.030772688e+01 +2.030772688e+01 +1.629677269e+02 +1.629677269e+02 +3.2721e-01 +6.7821e+00 +6.0793e-01
223 +1.673075114e+01 +1.673075114e+01 +1.593907511e+02 +1.593907511e+02 +6.6866e-04 +6.3065e+00 +3.8943e-01
277 +1.515165768e+01 +1.515165768e+01 +1.578116577e+02 +1.578116577e+02 +1.3163e-01 +6.4903e+00 +4.7630e-01
292 +1.304796566e+01 +1.304796566e+01 +1.557079657e+02 +1.557079657e+02 +1.4831e-01 +6.5022e+00 +4.8096e-01
625 +1.287686320e+01 +1.287686320e+01 +1.555368632e+02 +1.555368632e+02 +1.4339e-01 +6.4948e+00 +4.7749e-01
% function evaluation | noise-free fitness - Fopt (2.190000000000e+01) | best noise-free fitness - Fopt | measured fitness | best measured fitness | x1 | x2...
1 +8.306716899e+02 +8.306716899e+02 +8.525716899e+02 +8.525716899e+02 +0.0000e+00 +0.0000e+00 +0.0000e+00
3 +7.689311042e+02 +7.689311042e+02 +7.908311042e+02 +7.908311042e+02 +9.3421e-02 -5.6643e-01 -1.6202e-01
10 +6.350829669e+02 +6.350829669e+02 +6.569829669e+02 +6.569829669e+02 +2.8972e-01 -9.8689e-01 +7.2843e-01
20 +5.724392185e+02 +5.724392185e+02 +5.943392185e+02 +5.943392185e+02 +7.7947e-01 -5.5158e-01 +1.4126e+00
23 +5.438243755e+02 +5.438243755e+02 +5.657243755e+02 +5.657243755e+02 +4.4161e-01 -1.8098e+00 +8.0170e-01
26 +4.646021097e+02 +4.646021097e+02 +4.865021097e+02 +4.865021097e+02 +2.3032e+00 +5.8563e-01 +2.4363e+00
30 +4.480793525e+02 +4.480793525e+02 +4.699793525e+02 +4.699793525e+02 +1.0644e+00 -1.7271e+00 +1.1688e+00
33 +4.212325609e+02 +4.212325609e+02 +4.431325609e+02 +4.431325609e+02 +1.6847e+00 -2.1570e+00 +1.8695e-01
38 +3.008678347e+02 +3.008678347e+02 +3.227678347e+02 +3.227678347e+02 +2.4884e+00 -3.7515e+00 -4.5253e-01
49 +2.558647070e+02 +2.558647070e+02 +2.777647070e+02 +2.777647070e+02 +2.5242e+00 -2.9006e+00 +5.3366e-01
50 +2.351980705e+02 +2.351980705e+02 +2.570980705e+02 +2.570980705e+02 +2.9078e+00 -4.3056e+00 -2.7754e-01
62 +1.800091963e+02 +1.800091963e+02 +2.019091963e+02 +2.019091963e+02 +2.2123e+00 -5.6747e+00 -7.8324e-02
65 +1.698796985e+02 +1.698796985e+02 +1.917796985e+02 +1.917796985e+02 +3.1375e+00 -5.3792e+00 +2.2403e-01
66 +1.641922073e+02 +1.641922073e+02 +1.860922073e+02 +1.860922073e+02 +2.4219e+00 -3.3050e+00 +1.1767e+00
69 +8.440869844e+01 +8.440869844e+01 +1.063086984e+02 +1.063086984e+02 +2.8527e+00 -3.9327e+00 +1.4705e+00
110 +4.789765887e+01 +4.789765887e+01 +6.979765887e+01 +6.979765887e+01 +3.2241e+00 -3.2068e+00 +1.7897e+00
160 +3.400432194e+01 +3.400432194e+01 +5.590432194e+01 +5.590432194e+01 +3.1589e+00 -3.3000e+00 +1.8314e+00
223 +3.097744032e+01 +3.097744032e+01 +5.287744032e+01 +5.287744032e+01 +3.2328e+00 -3.3400e+00 +1.8492e+00
254 +2.218178124e+01 +2.218178124e+01 +4.408178124e+01 +4.408178124e+01 +3.2605e+00 -3.1378e+00 +2.0471e+00
295 +2.175739011e+01 +2.175739011e+01 +4.365739011e+01 +4.365739011e+01 +3.2706e+00 -3.0991e+00 +2.0838e+00
302 +2.045113075e+01 +2.045113075e+01 +4.235113075e+01 +4.235113075e+01 +3.2638e+00 -3.0642e+00 +2.0863e+00
326 +2.037088589e+01 +2.037088589e+01 +4.227088589e+01 +4.227088589e+01 +3.2609e+00 -3.0764e+00 +2.0897e+00
358 +1.976907195e+01 +1.976907195e+01 +4.166907195e+01 +4.166907195e+01 +3.2673e+00 -3.0483e+00 +2.1105e+00
387 +1.929985308e+01 +1.929985308e+01 +4.119985308e+01 +4.119985308e+01 +3.2678e+00 -3.0708e+00 +2.0938e+00
431 +1.905161255e+01 +1.905161255e+01 +4.095161255e+01 +4.095161255e+01 +3.2686e+00 -3.0690e+00 +2.0928e+00
% function evaluation | noise-free fitness - Fopt (-3.787000000000e+01) | best noise-free fitness - Fopt | measured fitness | best measured fitness | x1 | x2...
1 +1.043852926e+03 +1.043852926e+03 +1.005982926e+03 +1.005982926e+03 +0.0000e+00 +0.0000e+00 +0.0000e+00
3 +9.975168688e+02 +9.975168688e+02 +9.596468688e+02 +9.596468688e+02 -1.6293e-01 -2.9394e-01 -1.4029e-02
10 +9.683869862e+02 +9.683869862e+02 +9.305169862e+02 +9.305169862e+02 +1.9700e-01 -4.3515e-01 -1.2816e-02
11 +9.332496169e+02 +9.332496169e+02 +8.953796169e+02 +8.953796169e+02 +5.4621e-01 -3.3628e-01 +1.9365e-01
14 +8.571048746e+02 +8.571048746e+02 +8.192348746e+02 +8.192348746e+02 +6.1033e-01 -6.1187e-01 +3.1433e-01
18 +7.716830722e+02 +7.716830722e+02 +7.338130722e+02 +7.338130722e+02 +1.3208e+00 -3.8260e-01 +8.1773e-01
19 +7.578181414e+02 +7.578181414e+02 +7.199481414e+02 +7.199481414e+02 +6.3886e-01 -9.7627e-01 +4.8629e-01
27 +5.151956853e+02 +5.151956853e+02 +4.773256853e+02 +4.773256853e+02 +1.6696e-01 -1.6837e+00 +1.2346e+00
37 +4.976739327e+02 +4.976739327e+02 +4.598039327e+02 +4.598039327e+02 +7.7610e-01 -2.1116e+00 +1.0417e+00
41 +4.788381575e+02 +4.788381575e+02 +4.409681575e+02 +4.409681575e+02 +1.6201e+00 -2.3231e+00 +9.3246e-01
42 +4.703337393e+02 +4.703337393e+02 +4.324637393e+02 +4.324637393e+02 +1.8639e+00 -3.0364e+00 +7.4364e-01
45 +4.511047839e+02 +4.511047839e+02 +4.132347839e+02 +4.132347839e+02 +1.5224e+00 -1.2291e+00 +1.6173e+00
46 +4.151788913e+02 +4.151788913e+02 +3.773088913e+02 +3.773088913e+02 +8.9845e-01 -1.8087e+00 +1.5891e+00
50 +3.695446401e+02 +3.695446401e+02 +3.316746401e+02 +3.316746401e+02 +8.5735e-01 -2.5648e+00 +2.0427e+00
51 +2.670767962e+02 +2.670767962e+02 +2.292067962e+02 +2.292067962e+02 +1.2976e+00 -1.2228e+00 +4.1031e+00
58 +1.091318475e+02 +1.091318475e+02 +7.126184750e+01 +7.126184750e+01 +1.7412e+00 +5.2530e-01 +5.0617e+00
90 +8.928291679e+01 +8.928291679e+01 +5.141291679e+01 +5.141291679e+01 +2.4228e+00 +4.5543e-01 +4.4678e+00
103 +5.576712104e+01 +5.576712104e+01 +1.789712104e+01 +1.789712104e+01 +1.6973e+00 +5.1035e-01 +4.6976e+00
124 +3.638626143e+01 +3.638626143e+01 -1.483738566e+00 -1.483738566e+00 +2.1382e+00 +2.1408e-01 +4.5308e+00
144 +2.487695796e+01 +2.487695796e+01 -1.299304204e+01 -1.299304204e+01 +2.7221e+00 -4.2007e-01 +3.9791e+00
151 +7.312210011e+00 +7.312210011e+00 -3.055778999e+01 -3.055778999e+01 +3.1152e+00 -4.3003e-01 +3.9926e+00
244 +2.586641291e+00 +2.586641291e+00 -3.528335871e+01 -3.528335871e+01 +3.9240e+00 -6.5930e-01 +3.8248e+00
379 +2.484670438e+00 +2.484670438e+00 -3.538532956e+01 -3.538532956e+01 +3.4438e+00 -5.1293e-01 +3.9274e+00
397 +7.434008456e-01 +7.434008456e-01 -3.712659915e+01 -3.712659915e+01 +3.4838e+00 -5.1302e-01 +3.9295e+00
443 +2.131013101e-01 +2.131013101e-01 -3.765689869e+01 -3.765689869e+01 +3.5004e+00 -5.1411e-01 +3.9300e+00
469 +1.580303046e-01 +1.580303046e-01 -3.771196970e+01 -3.771196970e+01 +3.4893e+00 -5.0924e-01 +3.9346e+00
516 +1.459169843e-01 +1.459169843e-01 -3.772408302e+01 -3.772408302e+01 +3.4756e+00 -5.0426e-01 +3.9384e+00
537 +1.410734222e-01 +1.410734222e-01 -3.772892658e+01 -3.772892658e+01 +3.4727e+00 -5.0370e-01 +3.9380e+00
538 +6.991572239e-02 +6.991572239e-02 -3.780008428e+01 -3.780008428e+01 +3.4714e+00 -5.0409e-01 +3.9381e+00
586 +3.633573978e-02 +3.633573978e-02 -3.783366426e+01 -3.783366426e+01 +3.4759e+00 -5.0514e-01 +3.9374e+00
605 +3.144852609e-02 +3.144852609e-02 -3.783855147e+01 -3.783855147e+01 +3.4750e+00 -5.0492e-01 +3.9375e+00
634 +2.084027815e-02 +2.084027815e-02 -3.784915972e+01 -3.784915972e+01 +3.4763e+00 -5.0552e-01 +3.9372e+00
677 +1.683601948e-02 +1.683601948e-02 -3.785316398e+01 -3.785316398e+01 +3.4762e+00 -5.0545e-01 +3.9372e+00
763 +1.558525693e-02 +1.558525693e-02 -3.785441474e+01 -3.785441474e+01 +3.4764e+00 -5.0550e-01 +3.9372e+00
803 +1.544177657e-02 +1.544177657e-02 -3.785455822e+01 -3.785455822e+01 +3.4764e+00 -5.0549e-01 +3.9372e+00
830 +1.499798588e-02 +1.499798588e-02 -3.785500201e+01 -3.785500201e+01 +3.4764e+00 -5.0549e-01 +3.9372e+00
