% function evaluation | noise-free fitness - Fopt (2.997000000000e+01) | best noise-free fitness - Fopt | measured fitness | best measured fitness | x1 | x2...
1 +1.048116465e+03 +1.048116465e+03 +1.078086465e+03 +1.078086465e+03 +0.0000e+00 +0.0000e+00 +0.0000e+00 +0.0000e+00 +0.0000e+00
4 +1.011691603e+03 +1.011691603e+03 +1.041661603e+03 +1.041661603e+03 -9.5163e-02 +2.7271e-02 -1.3992e-01 -8.8487e-02 -1.4168e-01
10 +9.766063228e+02 +9.766063228e+02 +1.006576323e+03 +1.006576323e+03 -3.5865e-01 +4.3695e-02 -4.1083e-01 -3.5806e-02 +8.9080e-02
18 +9.472007719e+02 +9.472007719e+02 +9.771707719e+02 +9.771707719e+02 -6.2914e-01 +4.9200e-02 -6.2158e-01 -1.2604e-01 -1.1832e-01
21 +9.305040715e+02 +9.305040715e+02 +9.604740715e+02 +9.604740715e+02 -2.8259e-01 +1.9836e-01 -6.2618e-01 -1.3429e-02 +6.0199e-03
23 +9.047078486e+02 +9.047078486e+02 +9.346778486e+02 +9.346778486e+02 -6.3972e-01 +4.1089e-01 -7.1229e-01 -1.5501e-01 -6.2372e-02
27 +8.861052771e+02 +8.861052771e+02 +9.160752771e+02 +9.160752771e+02 -3.3440e-01 -1.9812e-01 -6.4022e-01 -3.2849e-01 +5.3615e-01
31 +7.899199531e+02 +7.899199531e+02 +8.198899531e+02 +8.198899531e+02 -2.0813e-01 +3.3222e-01 -8.4835e-01 -5.5329e-01 -4.6983e-02
42 +6.484778184e+02 +6.484778184e+02 +6.784478184e+02 +6.784478184e+02 -2.3827e-01 +2.4811e-02 -2.0516e+00 -5.4453e-01 +7.0161e-02
56 +6.321755198e+02 +6.321755198e+02 +6.621455198e+02 +6.621455198e+02 -4.3340e-01 +1.8301e-01 -3.0987e+00 -6.6171e-01 +9.0779e-02
59 +6.280828944e+02 +6.280828944e+02 +6.580528944e+02 +6.580528944e+02 -5.2782e-01 +2.9957e-02 -1.4398e+00 -1.3377e+00 -2.9260e-01
61 +5.283836210e+02 +5.283836210e+02 +5.583536210e+02 +5.583536210e+02 -9.4329e-01 -1.5660e-01 -2.3568e+00 -1.3746e+00 +4.1183e-01
71 +4.757600003e+02 +4.757600003e+02 +5.057300003e+02 +5.057300003e+02 -1.8384e-01 -1.1458e-01 -2.8520e+00 -1.0786e+00 +6.3048e-01
72 +4.410059775e+02 +4.410059775e+02 +4.709759775e+02 +4.709759775e+02 -6.3901e-01 +6.8120e-01 -2.1212e+00 -2.2730e+00 +1.8014e-01
75 +4.238975092e+02 +4.238975092e+02 +4.538675092e+02 +4.538675092e+02 -9.1709e-01 +5.6628e-02 -2.1321e+00 -2.2859e+00 +5.5339e-01
82 +4.112121789e+02 +4.112121789e+02 +4.411821789e+02 +4.411821789e+02 -3.6394e-01 -1.2316e-02 -1.8799e+00 -2.1753e+00 +5.0367e-01
86 +3.864562520e+02 +3.864562520e+02 +4.164262520e+02 +4.164262520e+02 -3.0596e-01 +3.2089e-01 -2.2248e+00 -2.5098e+00 +3.5047e-01
110 +3.767269393e+02 +3.767269393e+02 +4.066969393e+02 +4.066969393e+02 -8.6974e-02 +3.1178e-01 -1.9077e+00 -3.2163e+00 +8.0465e-01
123 +3.409521963e+02 +3.409521963e+02 +3.709221963e+02 +3.709221963e+02 -2.8387e-01 +4.6349e-01 -2.4057e+00 -2.8866e+00 +9.9665e-01
136 +2.898840054e+02 +2.898840054e+02 +3.198540054e+02 +3.198540054e+02 +5.7961e-02 +4.3054e-01 -2.7196e+00 -2.3615e+00 +1.3346e+00
188 +2.544500361e+02 +2.544500361e+02 +2.844200361e+02 +2.844200361e+02 +5.9225e-01 +2.7005e-01 -2.3240e+00 -1.9875e+00 +1.6713e+00
202 +2.487254382e+02 +2.487254382e+02 +2.786954382e+02 +2.786954382e+02 +6.1357e-01 +6.8913e-01 -2.8036e+00 -1.7528e+00 +2.0317e+00
207 +2.149103712e+02 +2.149103712e+02 +2.448803712e+02 +2.448803712e+02 +3.4592e-01 +4.1453e-01 -2.5612e+00 -2.6301e+00 +2.4400e+00
226 +1.969534359e+02 +1.969534359e+02 +2.269234359e+02 +2.269234359e+02 +6.4651e-01 +8.4492e-01 -2.8754e+00 -1.9184e+00 +2.7530e+00
240 +1.683459307e+02 +1.683459307e+02 +1.983159307e+02 +1.983159307e+02 +7.0924e-01 +4.8221e-01 -2.7571e+00 -2.2100e+00 +3.1328e+00
243 +1.304203300e+02 +1.304203300e+02 +1.603903300e+02 +1.603903300e+02 +1.0265e-01 +8.3048e-01 -2.7079e+00 -2.1871e+00 +3.2787e+00
252 +9.646722206e+01 +9.646722206e+01 +1.264372221e+02 +1.264372221e+02 +7.0051e-03 +4.8017e-01 -2.7738e+00 -2.0571e+00 +3.3877e+00
262 +9.518657538e+01 +9.518657538e+01 +1.251565754e+02 +1.251565754e+02 +1.2891e-01 +3.8211e-01 -3.0485e+00 -1.9311e+00 +4.3009e+00
291 +6.974158117e+01 +6.974158117e+01 +9.971158117e+01 +9.971158117e+01 +4.4057e-01 +3.5793e-02 -3.1614e+00 -1.9856e+00 +3.5062e+00
302 +6.126947677e+01 +6.126947677e+01 +9.123947677e+01 +9.123947677e+01 +1.6623e-01 +3.2042e-01 -3.2139e+00 -1.5579e+00 +3.8138e+00
307 +4.671828259e+01 +4.671828259e+01 +7.668828259e+01 +7.668828259e+01 +3.5611e-01 -1.3420e-01 -3.2253e+00 -1.6611e+00 +3.8594e+00
309 +3.970243317e+01 +3.970243317e+01 +6.967243317e+01 +6.967243317e+01 +2.7134e-01 -2.3455e-01 -3.2409e+00 -1.9056e+00 +3.7972e+00
325 +3.741541000e+01 +3.741541000e+01 +6.738541000e+01 +6.738541000e+01 +3.1543e-01 -2.3610e-01 -3.3018e+00 -1.9372e+00 +3.5683e+00
366 +2.826415425e+01 +2.826415425e+01 +5.823415425e+01 +5.823415425e+01 +2.4797e-01 -2.5770e-01 -3.2733e+00 -1.7713e+00 +3.7415e+00
371 +2.462381270e+01 +2.462381270e+01 +5.459381270e+01 +5.459381270e+01 +2.3255e-01 -6.2544e-02 -3.1843e+00 -1.8508e+00 +3.6259e+00
379 +2.099395625e+01 +2.099395625e+01 +5.096395625e+01 +5.096395625e+01 +2.4169e-01 -9.8672e-02 -3.2365e+00 -1.8276e+00 +3.6207e+00
521 +2.053853877e+01 +2.053853877e+01 +5.050853877e+01 +5.050853877e+01 +7.7368e-02 +3.2996e-01 -3.1752e+00 -1.7463e+00 +3.9104e+00
537 +1.919987386e+01 +1.919987386e+01 +4.916987386e+01 +4.916987386e+01 +1.5678e-01 +2.3608e-01 -3.1646e+00 -1.7395e+00 +3.8823e+00
556 +1.841254307e+01 +1.841254307e+01 +4.838254307e+01 +4.838254307e+01 +1.0520e-01 +2.2636e-01 -3.1891e+00 -1.7765e+00 +3.8794e+00
559 +1.770990073e+01 +1.770990073e+01 +4.767990073e+01 +4.767990073e+01 +1.5107e-01 +2.2626e-01 -3.1785e+00 -1.7814e+00 +3.8258e+00
587 +1.378266229e+01 +1.378266229e+01 +4.375266229e+01 +4.375266229e+01 +1.3075e-01 +2.5114e-01 -3.1658e+00 -1.7594e+00 +3.8674e+00
679 +1.284582257e+01 +1.284582257e+01 +4.281582257e+01 +4.281582257e+01 +1.2804e-01 +2.6068e-01 -3.1683e+00 -1.7607e+00 +3.8776e+00
805 +1.258413958e+01 +1.258413958e+01 +4.255413958e+01 +4.255413958e+01 +1.2295e-01 +2.6765e-01 -3.1652e+00 -1.7632e+00 +3.8782e+00
% function evaluation | noise-free fitness - Fopt (-5.171000000000e+01) | best noise-free fitness - Fopt | measured fitness | best measured fitness | x1 | x2...
1 +1.267442521e+03 +1.267442521e+03 +1.215732521e+03 +1.215732521e+03 +0.0000e+00 +0.0000e+00 +0.0000e+00 +0.0000e+00 +0.0000e+00
3 +1.171043794e+03 +1.171043794e+03 +1.119333794e+03 +1.119333794e+03 +3.6974e-01 -2.5937e-02 -1.3570e-01 -2.6724e-01 +2.4618e-01
18 +1.143554744e+03 +1.143554744e+03 +1.091844744e+03 +1.091844744e+03 +1.6585e-01 +2.4723e-01 -2.1750e-01 -3.6138e-01 +7.3390e-01
32 +1.107144732e+03 +1.107144732e+03 +1.055434732e+03 +1.055434732e+03 +3.7369e-01 +1.9907e-01 -4.6536e-01 -7.1162e-01 -1.4665e-01
34 +1.085378904e+03 +1.085378904e+03 +1.033668904e+03 +1.033668904e+03 +6.4507e-01 +8.6875e-02 -1.4224e-01 -8.2883e-01 +2.1708e-01
38 +1.028760532e+03 +1.028760532e+03 +9.770505324e+02 +9.770505324e+02 +5.1815e-01 +5.0739e-01 -3.7929e-01 -8.8757e-01 +4.8314e-01
44 +1.012705727e+03 +1.012705727e+03 +9.609957272e+02 +9.609957272e+02 +5.7811e-01 +2.4268e-01 -6.3409e-01 -9.4539e-01 +3.5060e-01
45 +9.919568341e+02 +9.919568341e+02 +9.402468341e+02 +9.402468341e+02 +7.2187e-01 +2.9273e-01 -4.5162e-01 -1.1622e+00 +4.0957e-01
48 +9.566341336e+02 +9.566341336e+02 +9.049241336e+02 +9.049241336e+02 +9.4463e-01 +4.3633e-01 -7.0522e-01 -9.3469e-01 +8.3137e-02
54 +8.257490476e+02 +8.257490476e+02 +7.740390476e+02 +7.740390476e+02 +1.1381e+00 +4.9363e-01 -6.9438e-01 -2.2483e+00 +3.7511e-01
59 +8.070643484e+02 +8.070643484e+02 +7.553543484e+02 +7.553543484e+02 +1.6797e+00 +9.3889e-01 -3.3973e-01 -1.7830e+00 +3.9508e-01
66 +7.837813220e+02 +7.837813220e+02 +7.320713220e+02 +7.320713220e+02 +1.6277e+00 +5.4610e-01 -6.0367e-01 -1.9520e+00 +7.4290e-01
73 +7.480453898e+02 +7.480453898e+02 +6.963353898e+02 +6.963353898e+02 +1.4694e+00 +1.4013e+00 -9.1777e-01 -1.5305e+00 +1.3955e-01
75 +7.165912498e+02 +7.165912498e+02 +6.648812498e+02 +6.648812498e+02 +1.2545e+00 +1.3758e+00 -6.5354e-01 -2.9750e+00 +7.6499e-01
78 +6.702193767e+02 +6.702193767e+02 +6.185093767e+02 +6.185093767e+02 +2.1125e+00 +1.2751e+00 -5.4559e-01 -2.6080e+00 +1.6518e-01
79 +6.370612577e+02 +6.370612577e+02 +5.853512577e+02 +5.853512577e+02 +2.6910e+00 +1.2371e+00 -1.0163e+00 -1.2211e+00 +8.1665e-01
82 +4.082249430e+02 +4.082249430e+02 +3.565149430e+02 +3.565149430e+02 +2.9948e+00 +2.1002e+00 -1.4598e+00 -2.6670e+00 +8.0031e-01
99 +2.644340914e+02 +2.644340914e+02 +2.127240914e+02 +2.127240914e+02 +2.3349e+00 +1.0918e+00 -3.2364e+00 -2.7408e+00 +2.7969e+00
114 +2.529183323e+02 +2.529183323e+02 +2.012083323e+02 +2.012083323e+02 +3.2048e+00 +4.0890e+00 -3.2852e+00 -2.1820e+00 +1.6120e+00
148 +2.380372088e+02 +2.380372088e+02 +1.863272088e+02 +1.863272088e+02 +2.2629e+00 +3.1099e+00 -2.9448e+00 -2.6710e+00 +3.2470e-01
151 +1.280475106e+02 +1.280475106e+02 +7.633751061e+01 +7.633751061e+01 +2.9399e+00 +3.4481e+00 -2.4764e+00 -3.8682e+00 +5.7102e-01
205 +9.682233996e+01 +9.682233996e+01 +4.511233996e+01 +4.511233996e+01 +2.9983e+00 +2.9114e+00 -3.0158e+00 -3.2335e+00 +1.0438e+00
207 +8.606131597e+01 +8.606131597e+01 +3.435131597e+01 +3.435131597e+01 +2.8063e+00 +3.2706e+00 -2.8230e+00 -3.8847e+00 +8.0121e-01
232 +4.242469455e+01 +4.242469455e+01 -9.285305447e+00 -9.285305447e+00 +2.7565e+00 +3.5785e+00 -3.2368e+00 -3.4432e+00 +6.2530e-01
268 +3.435587195e+01 +3.435587195e+01 -1.735412805e+01 -1.735412805e+01 +2.5219e+00 +3.2166e+00 -3.3681e+00 -3.8684e+00 +8.8403e-01
284 +2.287569836e+01 +2.287569836e+01 -2.883430164e+01 -2.883430164e+01 +2.6550e+00 +3.0800e+00 -3.4588e+00 -3.6783e+00 +1.1479e+00
323 +2.235335872e+01 +2.235335872e+01 -2.935664128e+01 -2.935664128e+01 +2.6232e+00 +2.8546e+00 -3.4803e+00 -3.6503e+00 +1.2288e+00
330 +1.696964824e+01 +1.696964824e+01 -3.474035176e+01 -3.474035176e+01 +2.6318e+00 +3.0013e+00 -3.4575e+00 -3.6536e+00 +1.1643e+00
338 +1.458084231e+01 +1.458084231e+01 -3.712915769e+01 -3.712915769e+01 +2.5657e+00 +2.9144e+00 -3.4381e+00 -3.6621e+00 +1.1487e+00
350 +1.026766109e+01 +1.026766109e+01 -4.144233891e+01 -4.144233891e+01 +2.6226e+00 +3.0549e+00 -3.4187e+00 -3.6436e+00 +1.1147e+00
351 +7.778536111e+00 +7.778536111e+00 -4.393146389e+01 -4.393146389e+01 +2.5091e+00 +3.0281e+00 -3.4318e+00 -3.6616e+00 +1.1629e+00
364 +7.110449708e+00 +7.110449708e+00 -4.459955029e+01 -4.459955029e+01 +2.5416e+00 +2.9936e+00 -3.4204e+00 -3.6202e+00 +1.1645e+00
388 +5.954452688e+00 +5.954452688e+00 -4.575554731e+01 -4.575554731e+01 +2.5929e+00 +3.0741e+00 -3.3998e+00 -3.6756e+00 +1.1210e+00
403 +5.022076582e+00 +5.022076582e+00 -4.668792342e+01 -4.668792342e+01 +2.5621e+00 +3.0133e+00 -3.4265e+00 -3.6836e+00 +1.1658e+00
404 +4.025710282e+00 +4.025710282e+00 -4.768428972e+01 -4.768428972e+01 +2.5425e+00 +3.0416e+00 -3.4203e+00 -3.6582e+00 +1.1581e+00
445 +3.930430750e+00 +3.930430750e+00 -4.777956925e+01 -4.777956925e+01 +2.5643e+00 +3.0163e+00 -3.4318e+00 -3.6404e+00 +1.1774e+00
447 +3.602813621e+00 +3.602813621e+00 -4.810718638e+01 -4.810718638e+01 +2.5614e+00 +3.0107e+00 -3.4373e+00 -3.6389e+00 +1.1598e+00
458 +2.586541588e+00 +2.586541588e+00 -4.912345841e+01 -4.912345841e+01 +2.5488e+00 +3.0221e+00 -3.4349e+00 -3.6397e+00 +1.1710e+00
478 +1.413776708e+00 +1.413776708e+00 -5.029622329e+01 -5.029622329e+01 +2.5533e+00 +3.0280e+00 -3.4256e+00 -3.6603e+00 +1.1576e+00
523 +6.529690025e-01 +6.529690025e-01 -5.105703100e+01 -5.105703100e+01 +2.5483e+00 +3.0122e+00 -3.4318e+00 -3.6558e+00 +1.1667e+00
550 +6.428256070e-01 +6.428256070e-01 -5.106717439e+01 -5.106717439e+01 +2.5488e+00 +3.0070e+00 -3.4344e+00 -3.6538e+00 +1.1685e+00
562 +5.243467172e-01 +5.243467172e-01 -5.118565328e+01 -5.118565328e+01 +2.5458e+00 +3.0069e+00 -3.4375e+00 -3.6585e+00 +1.1717e+00
592 +5.030353286e-01 +5.030353286e-01 -5.120696467e+01 -5.120696467e+01 +2.5456e+00 +3.0029e+00 -3.4368e+00 -3.6582e+00 +1.1732e+00
602 +4.768158703e-01 +4.768158703e-01 -5.123318413e+01 -5.123318413e+01 +2.5461e+00 +3.0059e+00 -3.4372e+00 -3.6543e+00 +1.1726e+00
609 +4.374520989e-01 +4.374520989e-01 -5.127254790e+01 -5.127254790e+01 +2.5469e+00 +3.0075e+00 -3.4373e+00 -3.6565e+00 +1.1704e+00
615 +3.792310939e-01 +3.792310939e-01 -5.133076891e+01 -5.133076891e+01 +2.5478e+00 +3.0081e+00 -3.4349e+00 -3.6556e+00 +1.1685e+00
660 +3.572176810e-01 +3.572176810e-01 -5.135278232e+01 -5.135278232e+01 +2.5472e+00 +3.0065e+00 -3.4352e+00 -3.6567e+00 +1.1702e+00
700 +3.280489203e-01 +3.280489203e-01 -5.138195108e+01 -5.138195108e+01 +2.5483e+00 +3.0093e+00 -3.4355e+00 -3.6567e+00 +1.1684e+00
701 +3.174883119e-01 +3.174883119e-01 -5.139251169e+01 -5.139251169e+01 +2.5473e+00 +3.0071e+00 -3.4354e+00 -3.6565e+00 +1.1695e+00
717 +2.668043567e-01 +2.668043567e-01 -5.144319564e+01 -5.144319564e+01 +2.5484e+00 +3.0093e+00 -3.4352e+00 -3.6566e+00 +1.1684e+00
735 +2.234428906e-01 +2.234428906e-01 -5.148655711e+01 -5.148655711e+01 +2.5477e+00 +3.0084e+00 -3.4352e+00 -3.6568e+00 +1.1691e+00
798 +2.082939026e-01 +2.082939026e-01 -5.150170610e+01 -5.150170610e+01 +2.5482e+00 +3.0091e+00 -3.4348e+00 -3.6567e+00 +1.1685e+00
818 +1.942114650e-01 +1.942114650e-01 -5.151578854e+01 -5.151578854e+01 +2.5483e+00 +3.0093e+00 -3.4347e+00 -3.6564e+00 +1.1684e+00
837 +1.848842773e-01 +1.848842773e-01 -5.152511572e+01 -5.152511572e+01 +2.5483e+00 +3.0089e+00 -3.4348e+00 -3.6565e+00 +1.1686e+00
909 +1.777049087e-01 +1.777049087e-01 -5.153229509e+01 -5.153229509e+01 +2.5481e+00 +3.0088e+00 -3.4350e+00 -3.6565e+00 +1.1688e+00
1031 +1.735767802e-01 +1.735767802e-01 -5.153642322e+01 -5.153642322e+01 +2.5482e+00 +3.0089e+00 -3.4349e+00 -3.6565e+00 +1.1686e+00
% function evaluation | noise-free fitness - Fopt (-2.799500000000e+02) | best noise-free fitness - Fopt | measured fitness | best measured fitness | x1 | x2...
1 +1.914452900e+03 +1.914452900e+03 +1.634502900e+03 +1.634502900e+03 +0.0000e+00 +0.0000e+00 +0.0000e+00 +0.0000e+00 +0.0000e+00
2 +1.799098097e+03 +1.799098097e+03 +1.519148097e+03 +1.519148097e+03 -2.5929e-01 -2.9579e-01 +1.3108e-01 -4.4906e-02 +6.2456e-02
11 +1.675156321e+03 +1.675156321e+03 +1.395206321e+03 +1.395206321e+03 -5.7781e-01 -5.0394e-01 +3.6883e-01 +1.6198e-01 -1.5599e-02
25 +1.652935413e+03 +1.652935413e+03 +1.372985413e+03 +1.372985413e+03 -3.2534e-01 -8.2352e-01 +2.1044e-01 +3.2785e-01 -1.2792e-02
27 +1.416009860e+03 +1.416009860e+03 +1.136059860e+03 +1.136059860e+03 -8.4407e-01 -1.4545e+00 +4.5447e-01 +1.7865e-01 +8.5021e-02
36 +1.331524642e+03 +1.331524642e+03 +1.051574642e+03 +1.051574642e+03 -9.4189e-01 -1.8828e+00 +2.5742e-01 +2.0245e-01 +3.0369e-01
37 +1.017911236e+03 +1.017911236e+03 +7.379612360e+02 +7.379612360e+02 -1.6502e+00 -2.6072e+00 +5.5043e-01 -1.7000e-01 -7.0900e-02
42 +8.152282276e+02 +8.152282276e+02 +5.352782276e+02 +5.352782276e+02 -1.0333e+00 -4.0721e+00 +5.1215e-01 +5.4575e-01 +6.5294e-02
43 +7.652434962e+02 +7.652434962e+02 +4.852934962e+02 +4.852934962e+02 -2.0669e+00 -3.4706e+00 -4.9410e-01 +1.3875e-01 -9.9373e-01
51 +4.643475314e+02 +4.643475314e+02 +1.843975314e+02 +1.843975314e+02 -2.1881e+00 -5.0781e+00 +1.9376e-01 -5.2460e-01 -8.8293e-01
123 +3.867278053e+02 +3.867278053e+02 +1.067778053e+02 +1.067778053e+02 -1.9360e+00 -6.5475e+00 +1.9349e+00 +2.1690e+00 -8.2828e-01
156 +3.062759293e+02 +3.062759293e+02 +2.632592929e+01 +2.632592929e+01 -2.3917e+00 -5.8152e+00 +1.5883e+00 +1.6357e+00 -7.2535e-01
180 +2.827217027e+02 +2.827217027e+02 +2.771702695e+00 +2.771702695e+00 -2.0709e+00 -6.4196e+00 +1.0369e+00 +1.3115e+00 -8.8598e-01
224 +2.620796997e+02 +2.620796997e+02 -1.787030025e+01 -1.787030025e+01 -1.9719e+00 -5.7052e+00 +1.4810e+00 +1.2762e+00 -8.1326e-01
231 +2.410177659e+02 +2.410177659e+02 -3.893223409e+01 -3.893223409e+01 -2.1448e+00 -5.5427e+00 +1.6728e+00 +1.0816e+00 -9.8221e-01
245 +2.210472129e+02 +2.210472129e+02 -5.890278712e+01 -5.890278712e+01 -2.0125e+00 -5.8809e+00 +1.7579e+00 +1.1242e+00 -1.1959e+00
255 +2.165383482e+02 +2.165383482e+02 -6.341165183e+01 -6.341165183e+01 -1.9281e+00 -5.9208e+00 +1.3479e+00 +1.3712e+00 -1.2819e+00
267 +2.083380319e+02 +2.083380319e+02 -7.161196806e+01 -7.161196806e+01 -2.2102e+00 -5.8069e+00 +1.4179e+00 +1.1729e+00 -1.3419e+00
272 +1.889282270e+02 +1.889282270e+02 -9.102177302e+01 -9.102177302e+01 -1.9658e+00 -5.9107e+00 +1.2995e+00 +1.1369e+00 -1.3975e+00
284 +1.859913047e+02 +1.859913047e+02 -9.395869533e+01 -9.395869533e+01 -2.2264e+00 -5.5373e+00 +1.8262e+00 +9.2930e-01 -1.4779e+00
294 +1.654754366e+02 +1.654754366e+02 -1.144745634e+02 -1.144745634e+02 -2.0088e+00 -5.9589e+00 +1.2457e+00 +8.9674e-01 -1.5661e+00
312 +1.564999586e+02 +1.564999586e+02 -1.234500414e+02 -1.234500414e+02 -2.1750e+00 -5.8366e+00 +1.7211e+00 +6.0340e-01 -1.8505e+00
328 +1.427837220e+02 +1.427837220e+02 -1.371662780e+02 -1.371662780e+02 -2.1342e+00 -5.5739e+00 +1.8644e+00 +6.7222e-01 -1.8643e+00
331 +1.376433383e+02 +1.376433383e+02 -1.423066617e+02 -1.423066617e+02 -2.0555e+00 -5.4135e+00 +1.8522e+00 +5.2463e-01 -2.0270e+00
346 +1.318584223e+02 +1.318584223e+02 -1.480915777e+02 -1.480915777e+02 -2.1263e+00 -5.5436e+00 +1.9819e+00 +5.0608e-01 -2.0454e+00
353 +1.211832103e+02 +1.211832103e+02 -1.587667897e+02 -1.587667897e+02 -2.3645e+00 -5.2159e+00 +2.0574e+00 +5.1110e-01 -2.1366e+00
361 +1.055947626e+02 +1.055947626e+02 -1.743552374e+02 -1.743552374e+02 -2.2430e+00 -5.4319e+00 +1.8560e+00 +3.3519e-01 -2.1658e+00
374 +1.020085054e+02 +1.020085054e+02 -1.779414946e+02 -1.779414946e+02 -2.2459e+00 -5.3512e+00 +1.5946e+00 +3.0491e-01 -2.1852e+00
375 +9.829999584e+01 +9.829999584e+01 -1.816500042e+02 -1.816500042e+02 -2.3350e+00 -5.3161e+00 +1.8042e+00 +3.5176e-01 -2.1815e+00
389 +9.181431583e+01 +9.181431583e+01 -1.881356842e+02 -1.881356842e+02 -2.2596e+00 -5.3529e+00 +1.9407e+00 +3.4981e-01 -2.3359e+00
394 +6.985346570e+01 +6.985346570e+01 -2.100965343e+02 -2.100965343e+02 -2.3306e+00 -5.4694e+00 +1.5543e+00 +2.1641e-01 -2.4221e+00
408 +6.631661257e+01 +6.631661257e+01 -2.136333874e+02 -2.136333874e+02 -2.2979e+00 -5.3800e+00 +1.6785e+00 +3.1870e-01 -2.4350e+00
410 +6.306774152e+01 +6.306774152e+01 -2.168822585e+02 -2.168822585e+02 -2.3554e+00 -5.4195e+00 +1.6853e+00 +2.9679e-01 -2.5057e+00
412 +5.501990827e+01 +5.501990827e+01 -2.249300917e+02 -2.249300917e+02 -2.2648e+00 -5.3945e+00 +1.7434e+00 +2.0709e-01 -2.5931e+00
418 +5.084915955e+01 +5.084915955e+01 -2.291008405e+02 -2.291008405e+02 -2.2859e+00 -5.3499e+00 +1.6735e+00 +1.3964e-01 -2.6142e+00
429 +4.358834530e+01 +4.358834530e+01 -2.363616547e+02 -2.363616547e+02 -2.3212e+00 -5.3576e+00 +1.5069e+00 +1.7317e-01 -2.8528e+00
431 +3.926408367e+01 +3.926408367e+01 -2.406859163e+02 -2.406859163e+02 -2.3298e+00 -5.2934e+00 +1.5954e+00 +1.6465e-01 -2.7959e+00
519 +3.625165397e+01 +3.625165397e+01 -2.436983460e+02 -2.436983460e+02 -2.2676e+00 -5.3995e+00 +1.5476e+00 +2.1942e-01 -2.7812e+00
553 +3.546306979e+01 +3.546306979e+01 -2.444869302e+02 -2.444869302e+02 -2.2579e+00 -5.4309e+00 +1.4830e+00 +2.0779e-01 -2.6775e+00
557 +3.463598098e+01 +3.463598098e+01 -2.453140190e+02 -2.453140190e+02 -2.2116e+00 -5.4263e+00 +1.4989e+00 +2.2188e-01 -2.7712e+00
573 +3.388195999e+01 +3.388195999e+01 -2.460680400e+02 -2.460680400e+02 -2.2421e+00 -5.4477e+00 +1.5156e+00 +2.2303e-01 -2.7565e+00
583 +3.063275968e+01 +3.063275968e+01 -2.493172403e+02 -2.493172403e+02 -2.2375e+00 -5.4272e+00 +1.5254e+00 +2.1571e-01 -2.7269e+00
587 +2.824894608e+01 +2.824894608e+01 -2.517010539e+02 -2.517010539e+02 -2.2364e+00 -5.4410e+00 +1.5113e+00 +1.9668e-01 -2.7458e+00
591 +2.814022332e+01 +2.814022332e+01 -2.518097767e+02 -2.518097767e+02 -2.2345e+00 -5.4344e+00 +1.5022e+00 +1.8696e-01 -2.7673e+00
603 +2.725493401e+01 +2.725493401e+01 -2.526950660e+02 -2.526950660e+02 -2.2398e+00 -5.4267e+00 +1.5060e+00 +1.9143e-01 -2.7495e+00
647 +2.671872172e+01 +2.671872172e+01 -2.532312783e+02 -2.532312783e+02 -2.2377e+00 -5.4327e+00 +1.5082e+00 +1.9504e-01 -2.7463e+00
742 +2.622654355e+01 +2.622654355e+01 -2.537234565e+02 -2.537234565e+02 -2.2403e+00 -5.4323e+00 +1.5055e+00 +1.9391e-01 -2.7497e+00
% function evaluation | noise-free fitness - Fopt (9.319900000000e+02) | best noise-free fitness - Fopt | measured fitness | best measured fitness | x1 | x2...
1 +7.845967669e+02 +7.845967669e+02 +1.716586767e+03 +1.716586767e+03 +0.0000e+00 +0.0000e+00 +0.0000e+00 +0.0000e+00 +0.0000e+00
4 +7.672386285e+02 +7.672386285e+02 +1.699228629e+03 +1.699228629e+03 -1.3919e-01 +1.7924e-01 -4.5300e-02 -1.5226e-01 +3.5710e-02
6 +7.502800447e+02 +7.502800447e+02 +1.682270045e+03 +1.682270045e+03 -2.9203e-01 -3.6859e-02 +8.4750e-02 +1.1238e-01 +2.6667e-02
10 +7.284965444e+02 +7.284965444e+02 +1.660486544e+03 +1.660486544e+03 -6.2527e-02 +2.0308e-01 +2.9752e-01 +2.1703e-01 +4.8912e-02
14 +7.096652432e+02 +7.096652432e+02 +1.641655243e+03 +1.641655243e+03 -5.2025e-01 +5.1401e-01 -1.4571e-01 -1.6862e-01 +4.0523e-01
19 +6.970283544e+02 +6.970283544e+02 +1.629018354e+03 +1.629018354e+03 -4.2459e-01 +6.6295e-02 +8.7414e-02 -3.4403e-01 +1.8031e-01
24 +6.502050496e+02 +6.502050496e+02 +1.582195050e+03 +1.582195050e+03 -4.8206e-01 +1.8213e-01 -5.8524e-03 -6.2879e-01 +4.7748e-01
29 +6.036452602e+02 +6.036452602e+02 +1.535635260e+03 +1.535635260e+03 -2.9065e-01 -1.0051e-01 +1.3507e-01 -3.1815e-01 +8.0802e-01
43 +4.544500629e+02 +4.544500629e+02 +1.386440063e+03 +1.386440063e+03 -3.5470e-01 +1.3369e-01 +4.8044e-01 -4.3940e-01 +1.5813e+00
55 +4.029367945e+02 +4.029367945e+02 +1.334926794e+03 +1.334926794e+03 -6.2726e-01 +6.1707e-01 +8.9180e-01 -6.7758e-01 +1.4264e+00
58 +3.618678989e+02 +3.618678989e+02 +1.293857899e+03 +1.293857899e+03 -2.7961e-01 +1.1932e-01 +8.3088e-01 -6.7079e-01 +1.7413e+00
67 +2.496470553e+02 +2.496470553e+02 +1.181637055e+03 +1.181637055e+03 -6.5601e-01 +1.1734e-01 +1.9474e+00 -1.3399e+00 +1.4957e+00
97 +1.761188724e+02 +1.761188724e+02 +1.108108872e+03 +1.108108872e+03 +3.1959e-01 +1.0496e-01 +1.4619e+00 -1.0811e+00 +2.3859e+00
126 +1.706482519e+02 +1.706482519e+02 +1.102638252e+03 +1.102638252e+03 +4.6076e-01 +7.9080e-01 +2.7169e+00 -9.8473e-01 +2.5865e+00
132 +1.179483802e+02 +1.179483802e+02 +1.049938380e+03 +1.049938380e+03 +1.3646e+00 +7.5635e-01 +3.2394e+00 -1.0482e+00 +2.2884e+00
140 +6.899917631e+01 +6.899917631e+01 +1.000989176e+03 +1.000989176e+03 +8.8155e-01 +5.0782e-01 +2.7626e+00 -5.5989e-01 +2.3083e+00
145 +3.943633252e+01 +3.943633252e+01 +9.714263325e+02 +9.714263325e+02 +1.2256e+00 +6.8420e-01 +2.5515e+00 -1.3311e+00 +2.6267e+00
210 +3.573037837e+01 +3.573037837e+01 +9.677203784e+02 +9.677203784e+02 +1.2653e+00 +5.4075e-01 +2.4093e+00 -1.2270e+00 +2.5225e+00
222 +3.117380599e+01 +3.117380599e+01 +9.631638060e+02 +9.631638060e+02 +1.0018e+00 +3.9482e-01 +2.4090e+00 -1.1233e+00 +2.4993e+00
243 +2.188856085e+01 +2.188856085e+01 +9.538785609e+02 +9.538785609e+02 +1.0592e+00 +4.8071e-01 +2.3146e+00 -1.3954e+00 +2.6635e+00
261 +1.502904500e+01 +1.502904500e+01 +9.470190450e+02 +9.470190450e+02 +1.0527e+00 +4.3417e-01 +2.3009e+00 -1.3426e+00 +2.6255e+00
273 +1.229363961e+01 +1.229363961e+01 +9.442836396e+02 +9.442836396e+02 +1.0848e+00 +4.3316e-01 +2.2105e+00 -1.4379e+00 +2.6578e+00
275 +8.736067253e+00 +8.736067253e+00 +9.407260673e+02 +9.407260673e+02 +1.0526e+00 +3.9153e-01 +2.1436e+00 -1.4721e+00 +2.6919e+00
364 +7.932335437e+00 +7.932335437e+00 +9.399223354e+02 +9.399223354e+02 +1.0756e+00 +4.3991e-01 +2.2562e+00 -1.3635e+00 +2.6470e+00
383 +7.576083424e+00 +7.576083424e+00 +9.395660834e+02 +9.395660834e+02 +1.0782e+00 +4.3481e-01 +2.2495e+00 -1.3569e+00 +2.6461e+00
404 +4.933104195e+00 +4.933104195e+00 +9.369231042e+02 +9.369231042e+02 +1.1139e+00 +4.6861e-01 +2.2649e+00 -1.3539e+00 +2.6540e+00
438 +4.736773018e+00 +4.736773018e+00 +9.367267730e+02 +9.367267730e+02 +1.1110e+00 +4.5887e-01 +2.2743e+00 -1.3358e+00 +2.6484e+00
462 +4.389387509e+00 +4.389387509e+00 +9.363793875e+02 +9.363793875e+02 +1.1115e+00 +4.6926e-01 +2.2836e+00 -1.3361e+00 +2.6434e+00
610 +4.197633214e+00 +4.197633214e+00 +9.361876332e+02 +9.361876332e+02 +1.1158e+00 +4.6672e-01 +2.2719e+00 -1.3444e+00 +2.6540e+00
632 +4.099384610e+00 +4.099384610e+00 +9.360893846e+02 +9.360893846e+02 +1.1143e+00 +4.6562e-01 +2.2706e+00 -1.3442e+00 +2.6523e+00
635 +3.926367799e+00 +3.926367799e+00 +9.359163678e+02 +9.359163678e+02 +1.1146e+00 +4.6534e-01 +2.2733e+00 -1.3433e+00 +2.6525e+00
660 +3.848406027e+00 +3.848406027e+00 +9.358384060e+02 +9.358384060e+02 +1.1123e+00 +4.6478e-01 +2.2702e+00 -1.3468e+00 +2.6528e+00
675 +3.717046788e+00 +3.717046788e+00 +9.357070468e+02 +9.357070468e+02 +1.1114e+00 +4.6515e-01 +2.2726e+00 -1.3436e+00 +2.6518e+00
688 +3.627160691e+00 +3.627160691e+00 +9.356171607e+02 +9.356171607e+02 +1.1118e+00 +4.6542e-01 +2.2739e+00 -1.3418e+00 +2.6509e+00
987 +3.523246001e+00 +3.523246001e+00 +9.355132460e+02 +9.355132460e+02 +1.1106e+00 +4.6377e-01 +2.2712e+00 -1.3445e+00 +2.6514e+00
% function evaluation | noise-free fitness - Fopt (1.133100000000e+02) | best noise-free fitness - Fopt | measured fitness | best measured fitness | x1 | x2...
1 +5.494990338e+02 +5.494990338e+02 +6.628090338e+02 +6.628090338e+02 +0.0000e+00 +0.0000e+00 +0.0000e+00 +0.0000e+00 +0.0000e+00
3 +4.969312620e+02 +4.969312620e+02 +6.102412620e+02 +6.102412620e+02 +1.6567e-01 +1.1951e-01 -1.0177e-01 -8.4899e-02 +2.3719e-01
21 +4.774978214e+02 +4.774978214e+02 +5.908078214e+02 +5.908078214e+02 +8.2669e-02 +1.8024e-01 -2.1879e-01 -3.0491e-01 +3.2315e-01
26 +4.627208375e+02 +4.627208375e+02 +5.760308375e+02 +5.760308375e+02 +6.7197e-02 +2.9039e-01 -4.0804e-01 -1.6946e-01 +4.2031e-01
38 +4.331705950e+02 +4.331705950e+02 +5.464805950e+02 +5.464805950e+02 +1.7893e-01 +3.7984e-01 -3.9584e-01 -4.8503e-01 +3.3142e-01
39 +3.766815802e+02 +3.766815802e+02 +4.899915802e+02 +4.899915802e+02 +2.9529e-01 +1.0040e+00 -6.7035e-01 -2.3419e-01 +5.6608e-01
45 +3.407789783e+02 +3.407789783e+02 +4.540889783e+02 +4.540889783e+02 +5.8220e-01 +1.2744e+00 -8.5337e-01 -1.6254e-01 +5.7775e-01
50 +3.031266980e+02 +3.031266980e+02 +4.164366980e+02 +4.164366980e+02 +7.6324e-01 +1.4591e+00 -7.7651e-01 -8.1851e-01 +9.3358e-01
58 +2.793072002e+02 +2.793072002e+02 +3.926172002e+02 +3.926172002e+02 +1.2155e+00 +1.6965e+00 -1.0465e+00 -2.7619e-01 +7.4057e-01
60 +2.182665355e+02 +2.182665355e+02 +3.315765355e+02 +3.315765355e+02 +1.9545e+00 +2.1227e+00 -1.1879e+00 +7.6744e-02 +1.1476e+00
69 +1.378342380e+02 +1.378342380e+02 +2.511442380e+02 +2.511442380e+02 +1.7330e+00 +1.9164e+00 -2.4535e-01 -4.0551e-01 +1.0129e+00
142 +1.302984062e+02 +1.302984062e+02 +2.436084062e+02 +2.436084062e+02 +1.8177e+00 +1.9269e+00 +9.4816e-02 -1.2291e-01 +7.4021e-01
177 +1.183893477e+02 +1.183893477e+02 +2.316993477e+02 +2.316993477e+02 +2.1014e+00 +1.9880e+00 -3.1737e-01 -5.1600e-02 +6.6521e-01
178 +1.173087559e+02 +1.173087559e+02 +2.306187559e+02 +2.306187559e+02 +2.1425e+00 +2.0926e+00 -7.4768e-02 +2.0313e-01 +4.4136e-01
182 +6.316520211e+01 +6.316520211e+01 +1.764752021e+02 +1.764752021e+02 +2.3191e+00 +1.9508e+00 -4.0731e-01 +5.1039e-01 +7.7798e-01
207 +5.434155871e+01 +5.434155871e+01 +1.676515587e+02 +1.676515587e+02 +2.1634e+00 +2.2398e+00 -2.7403e-01 +6.8065e-01 +1.0507e+00
222 +4.606771197e+01 +4.606771197e+01 +1.593777120e+02 +1.593777120e+02 +2.2710e+00 +2.1936e+00 -3.3666e-01 +5.1910e-01 +1.1505e+00
232 +3.599276552e+01 +3.599276552e+01 +1.493027655e+02 +1.493027655e+02 +2.2554e+00 +2.3469e+00 -2.4449e-01 +6.2829e-01 +1.0634e+00
233 +3.106852489e+01 +3.106852489e+01 +1.443785249e+02 +1.443785249e+02 +2.4330e+00 +2.2152e+00 -2.8349e-01 +6.1526e-01 +9.2320e-01
241 +2.905257657e+01 +2.905257657e+01 +1.423625766e+02 +1.423625766e+02 +2.3716e+00 +2.4140e+00 -1.4791e-01 +7.0583e-01 +7.8209e-01
247 +2.219151494e+01 +2.219151494e+01 +1.355015149e+02 +1.355015149e+02 +2.3206e+00 +2.4674e+00 -8.6762e-02 +4.9930e-01 +8.5045e-01
293 +1.033173506e+01 +1.033173506e+01 +1.236417351e+02 +1.236417351e+02 +2.3807e+00 +2.4018e+00 -2.0322e-01 +6.5005e-01 +9.1373e-01
348 +8.421747514e+00 +8.421747514e+00 +1.217317475e+02 +1.217317475e+02 +2.3397e+00 +2.4001e+00 -2.1205e-01 +6.4893e-01 +9.0314e-01
394 +8.021576006e+00 +8.021576006e+00 +1.213315760e+02 +1.213315760e+02 +2.3776e+00 +2.4010e+00 -2.4413e-01 +6.7661e-01 +9.2099e-01
409 +7.550246618e+00 +7.550246618e+00 +1.208602466e+02 +1.208602466e+02 +2.3660e+00 +2.4006e+00 -2.3126e-01 +6.4467e-01 +9.0861e-01
416 +4.959358876e+00 +4.959358876e+00 +1.182693589e+02 +1.182693589e+02 +2.3640e+00 +2.4013e+00 -2.2304e-01 +6.4391e-01 +9.2091e-01
494 +4.494107214e+00 +4.494107214e+00 +1.178041072e+02 +1.178041072e+02 +2.3585e+00 +2.4047e+00 -2.2191e-01 +6.4356e-01 +9.2486e-01
592 +4.431778505e+00 +4.431778505e+00 +1.177417785e+02 +1.177417785e+02 +2.3543e+00 +2.4144e+00 -2.1109e-01 +6.3784e-01 +9.2148e-01
603 +3.982147538e+00 +3.982147538e+00 +1.172921475e+02 +1.172921475e+02 +2.3546e+00 +2.4176e+00 -2.0764e-01 +6.4170e-01 +9.1741e-01
638 +3.963926484e+00 +3.963926484e+00 +1.172739265e+02 +1.172739265e+02 +2.3536e+00 +2.4169e+00 -2.0630e-01 +6.4102e-01 +9.1794e-01
648 +3.839626008e+00 +3.839626008e+00 +1.171496260e+02 +1.171496260e+02 +2.3529e+00 +2.4171e+00 -2.0662e-01 +6.4063e-01 +9.1742e-01
652 +3.799404339e+00 +3.799404339e+00 +1.171094043e+02 +1.171094043e+02 +2.3539e+00 +2.4158e+00 -2.0763e-01 +6.4046e-01 +9.1777e-01
786 +3.712742436e+00 +3.712742436e+00 +1.170227424e+02 +1.170227424e+02 +2.3530e+00 +2.4170e+00 -2.0649e-01 +6.3976e-01 +9.1730e-01
% function evaluation | noise-free fitness - Fopt (-1.223200000000e+02) | best noise-free fitness - Fopt | measured fitness | best measured fitness | x1 | x2...
1 +8.167019197e+02 +8.167019197e+02 +6.943819197e+02 +6.943819197e+02 +0.0000e+00 +0.0000e+00 +0.0000e+00 +0.0000e+00 +0.0000e+00
3 +7.477502920e+02 +7.477502920e+02 +6.254302920e+02 +6.254302920e+02 +3.1259e-01 -2.0492e-01 -1.3181e-01 +4.5728e-01 +2.1624e-01
10 +7.218541754e+02 +7.218541754e+02 +5.995341754e+02 +5.995341754e+02 -1.6630e-01 -4.4691e-01 -1.3244e-01 +3.5759e-01 +1.3734e-01
20 +6.407284910e+02 +6.407284910e+02 +5.184084910e+02 +5.184084910e+02 -1.0963e-01 -6.8943e-01 -7.7580e-01 +1.6036e-01 +5.6984e-01
26 +5.851777239e+02 +5.851777239e+02 +4.628577239e+02 +4.628577239e+02 -2.5930e-01 -3.8406e-01 -1.3751e+00 +7.6673e-01 +3.5651e-01
29 +5.719887854e+02 +5.719887854e+02 +4.496687854e+02 +4.496687854e+02 +9.0798e-04 -5.7385e-01 -1.2899e+00 +9.2506e-01 +8.9730e-01
38 +5.028732417e+02 +5.028732417e+02 +3.805532417e+02 +3.805532417e+02 -8.0799e-02 -1.2813e+00 -1.4728e+00 +3.4601e-01 +6.0799e-01
43 +3.123268149e+02 +3.123268149e+02 +1.900068149e+02 +1.900068149e+02 +5.7945e-02 -2.0607e+00 -1.7826e+00 +1.8499e+00 +2.1076e+00
50 +2.969476213e+02 +2.969476213e+02 +1.746276213e+02 +1.746276213e+02 -6.0417e-01 -1.7257e+00 -3.4587e+00 +2.8994e+00 +7.1961e-01
54 +2.172209109e+02 +2.172209109e+02 +9.490091091e+01 +9.490091091e+01 +3.6503e-01 -2.8823e+00 -2.5481e+00 +1.4129e+00 +1.7958e+00
59 +1.549978006e+02 +1.549978006e+02 +3.267780057e+01 +3.267780057e+01 -3.9481e-01 -3.3981e+00 -1.4363e+00 +2.1851e+00 +2.3893e+00
94 +1.328233466e+02 +1.328233466e+02 +1.050334656e+01 +1.050334656e+01 -3.3826e-01 -2.2879e+00 -3.4295e+00 +2.1160e+00 +2.2237e-01
98 +1.278638623e+02 +1.278638623e+02 +5.543862297e+00 +5.543862297e+00 +5.2051e-01 -2.2328e+00 -3.2161e+00 +1.9171e+00 +6.7065e-01
105 +1.238334426e+02 +1.238334426e+02 +1.513442638e+00 +1.513442638e+00 +1.2080e-01 -2.6410e+00 -3.0472e+00 +2.2173e+00 +1.6968e+00
141 +9.684726026e+01 +9.684726026e+01 -2.547273974e+01 -2.547273974e+01 -1.1829e-01 -2.5332e+00 -3.1911e+00 +1.9853e+00 +7.2219e-01
142 +9.304587060e+01 +9.304587060e+01 -2.927412940e+01 -2.927412940e+01 -4.7431e-01 -2.8820e+00 -2.3860e+00 +2.2774e+00 +1.5039e+00
161 +8.939708204e+01 +8.939708204e+01 -3.292291796e+01 -3.292291796e+01 -4.2772e-01 -2.7503e+00 -2.6979e+00 +2.0681e+00 +1.1236e+00
164 +5.337947535e+01 +5.337947535e+01 -6.894052465e+01 -6.894052465e+01 -5.3091e-01 -3.0378e+00 -2.7600e+00 +2.3141e+00 +1.7832e+00
194 +2.321760171e+01 +2.321760171e+01 -9.910239829e+01 -9.910239829e+01 -5.3230e-01 -3.1183e+00 -2.5143e+00 +1.9777e+00 +2.0519e+00
224 +2.137573007e+01 +2.137573007e+01 -1.009442699e+02 -1.009442699e+02 -4.8040e-01 -3.1609e+00 -2.4677e+00 +2.0501e+00 +2.1559e+00
252 +1.561236160e+01 +1.561236160e+01 -1.067076384e+02 -1.067076384e+02 -6.5424e-01 -3.0695e+00 -2.5999e+00 +2.0322e+00 +2.0764e+00
277 +1.391615749e+01 +1.391615749e+01 -1.084038425e+02 -1.084038425e+02 -6.6247e-01 -3.0955e+00 -2.5318e+00 +2.0641e+00 +2.0735e+00
286 +1.227297312e+01 +1.227297312e+01 -1.100470269e+02 -1.100470269e+02 -5.9596e-01 -3.0452e+00 -2.6141e+00 +2.0336e+00 +1.9853e+00
306 +1.187278627e+01 +1.187278627e+01 -1.104472137e+02 -1.104472137e+02 -5.1580e-01 -3.0806e+00 -2.6399e+00 +2.0897e+00 +1.9612e+00
318 +1.129209658e+01 +1.129209658e+01 -1.110279034e+02 -1.110279034e+02 -5.2679e-01 -3.0051e+00 -2.6243e+00 +2.1061e+00 +1.8854e+00
319 +9.438648533e+00 +9.438648533e+00 -1.128813515e+02 -1.128813515e+02 -5.6609e-01 -3.0519e+00 -2.5922e+00 +2.0573e+00 +2.0198e+00
320 +6.064646192e+00 +6.064646192e+00 -1.162553538e+02 -1.162553538e+02 -5.5308e-01 -3.0563e+00 -2.6016e+00 +2.0707e+00 +1.9580e+00
399 +5.221723223e+00 +5.221723223e+00 -1.170982768e+02 -1.170982768e+02 -5.1768e-01 -3.0355e+00 -2.6250e+00 +2.0905e+00 +1.9159e+00
427 +4.693561918e+00 +4.693561918e+00 -1.176264381e+02 -1.176264381e+02 -5.1037e-01 -3.0261e+00 -2.6087e+00 +2.0810e+00 +1.9282e+00
439 +4.585349715e+00 +4.585349715e+00 -1.177346503e+02 -1.177346503e+02 -5.2095e-01 -3.0420e+00 -2.6137e+00 +2.0883e+00 +1.9328e+00
463 +3.901944113e+00 +3.901944113e+00 -1.184180559e+02 -1.184180559e+02 -5.2769e-01 -3.0464e+00 -2.5833e+00 +2.0693e+00 +1.9573e+00
506 +3.157363645e+00 +3.157363645e+00 -1.191626364e+02 -1.191626364e+02 -5.2303e-01 -3.0526e+00 -2.5898e+00 +2.0669e+00 +1.9618e+00
528 +2.654374045e+00 +2.654374045e+00 -1.196656260e+02 -1.196656260e+02 -5.3012e-01 -3.0596e+00 -2.5841e+00 +2.0711e+00 +1.9682e+00
549 +2.318493118e+00 +2.318493118e+00 -1.200015069e+02 -1.200015069e+02 -5.2918e-01 -3.0587e+00 -2.5921e+00 +2.0725e+00 +1.9709e+00
586 +1.957609905e+00 +1.957609905e+00 -1.203623901e+02 -1.203623901e+02 -5.3403e-01 -3.0624e+00 -2.5843e+00 +2.0688e+00 +1.9793e+00
647 +1.863240944e+00 +1.863240944e+00 -1.204567591e+02 -1.204567591e+02 -5.3105e-01 -3.0593e+00 -2.5845e+00 +2.0701e+00 +1.9737e+00
654 +1.761527241e+00 +1.761527241e+00 -1.205584728e+02 -1.205584728e+02 -5.3151e-01 -3.0600e+00 -2.5865e+00 +2.0717e+00 +1.9746e+00
691 +1.661529419e+00 +1.661529419e+00 -1.206584706e+02 -1.206584706e+02 -5.3186e-01 -3.0596e+00 -2.5865e+00 +2.0714e+00 +1.9735e+00
699 +1.604869576e+00 +1.604869576e+00 -1.207151304e+02 -1.207151304e+02 -5.3201e-01 -3.0600e+00 -2.5855e+00 +2.0710e+00 +1.9750e+00
713 +1.574617874e+00 +1.574617874e+00 -1.207453821e+02 -1.207453821e+02 -5.3194e-01 -3.0597e+00 -2.5857e+00 +2.0709e+00 +1.9744e+00
% function evaluation | noise-free fitness - Fopt (1.556000000000e+01) | best noise-free fitness - Fopt | measured fitness | best measured fitness | x1 | x2...
1 +1.058712613e+03 +1.058712613e+03 +1.074272613e+03 +1.074272613e+03 +0.0000e+00 +0.0000e+00 +0.0000e+00 +0.0000e+00 +0.0000e+00
2 +1.005600867e+03 +1.005600867e+03 +1.021160867e+03 +1.021160867e+03 -2.5648e-01 +1.9761e-01 -4.5568e-02 -3.7719e-02 +3.6144e-01
17 +9.895387717e+02 +9.895387717e+02 +1.005098772e+03 +1.005098772e+03 -1.8472e-01 +1.8416e-01 -1.6215e-01 -2.9886e-02 +6.6348e-01
20 +9.310693787e+02 +9.310693787e+02 +9.466293787e+02 +9.466293787e+02 -1.4112e-01 +6.5656e-02 -6.5266e-03 -3.8038e-01 +6.2479e-01
30 +8.896860626e+02 +8.896860626e+02 +9.052460626e+02 +9.052460626e+02 -5.4594e-01 -7.1981e-02 -6.9301e-01 -2.9141e-01 +1.4530e+00
32 +8.664005524e+02 +8.664005524e+02 +8.819605524e+02 +8.819605524e+02 -5.7399e-01 -4.0852e-01 +1.0627e-01 -1.3422e-01 +7.3581e-01
40 +8.080394617e+02 +8.080394617e+02 +8.235994617e+02 +8.235994617e+02 -6.9031e-02 -4.9069e-03 -3.4623e-01 -8.3091e-01 +1.6154e+00
44 +7.490519967e+02 +7.490519967e+02 +7.646119967e+02 +7.646119967e+02 -1.0985e-01 +8.2548e-01 -2.9422e-01 -1.3346e+00 +2.4696e+00
49 +7.223154999e+02 +7.223154999e+02 +7.378754999e+02 +7.378754999e+02 +1.4571e-01 +5.1740e-01 +4.4321e-01 -1.3007e+00 +1.8017e+00
51 +6.513404775e+02 +6.513404775e+02 +6.669004775e+02 +6.669004775e+02 +1.7832e-01 -6.4694e-02 -1.0403e-01 -2.0388e+00 +2.1321e+00
52 +5.821804355e+02 +5.821804355e+02 +5.977404355e+02 +5.977404355e+02 +3.3725e-01 +2.6886e-01 +5.8714e-01 -1.8286e+00 +4.6334e+00
61 +4.360289577e+02 +4.360289577e+02 +4.515889577e+02 +4.515889577e+02 +3.3630e-01 -2.2441e-01 +1.3606e+00 -3.0756e+00 +4.6561e+00
64 +4.018033272e+02 +4.018033272e+02 +4.173633272e+02 +4.173633272e+02 -3.7338e-01 -1.5288e-01 +6.4253e-01 -2.1968e+00 +3.0062e+00
76 +3.374038254e+02 +3.374038254e+02 +3.529638254e+02 +3.529638254e+02 -2.8422e-01 -1.3281e+00 +1.2358e+00 -2.6365e+00 +3.2882e+00
79 +1.927184676e+02 +1.927184676e+02 +2.082784676e+02 +2.082784676e+02 -5.8591e-01 -1.0519e+00 +1.4303e+00 -1.7211e+00 +3.5872e+00
106 +1.250859880e+02 +1.250859880e+02 +1.406459880e+02 +1.406459880e+02 -1.0419e+00 -2.2460e+00 +2.4496e+00 -1.3777e+00 +3.2729e+00
156 +8.136399908e+01 +8.136399908e+01 +9.692399908e+01 +9.692399908e+01 -2.2087e+00 -1.3084e+00 +1.7771e+00 -1.6579e+00 +3.7134e+00
173 +7.548046665e+01 +7.548046665e+01 +9.104046665e+01 +9.104046665e+01 -2.2268e+00 -7.9708e-01 +1.1515e+00 -1.7661e+00 +3.5018e+00
190 +6.903092883e+01 +6.903092883e+01 +8.459092883e+01 +8.459092883e+01 -1.7548e+00 -1.4384e+00 +1.4873e+00 -1.8997e+00 +3.5793e+00
194 +4.693678626e+01 +4.693678626e+01 +6.249678626e+01 +6.249678626e+01 -1.9002e+00 -1.3480e+00 +1.4070e+00 -1.6794e+00 +3.7738e+00
231 +4.157912863e+01 +4.157912863e+01 +5.713912863e+01 +5.713912863e+01 -1.7431e+00 -1.3579e+00 +1.7045e+00 -1.5390e+00 +3.6659e+00
239 +3.374648784e+01 +3.374648784e+01 +4.930648784e+01 +4.930648784e+01 -1.5433e+00 -1.3800e+00 +1.8679e+00 -1.5656e+00 +3.4685e+00
261 +2.927554742e+01 +2.927554742e+01 +4.483554742e+01 +4.483554742e+01 -1.8610e+00 -1.3510e+00 +1.7705e+00 -1.6151e+00 +3.5704e+00
286 +2.367737529e+01 +2.367737529e+01 +3.923737529e+01 +3.923737529e+01 -1.7180e+00 -1.3186e+00 +1.6770e+00 -1.6836e+00 +3.4931e+00
302 +1.664337584e+01 +1.664337584e+01 +3.220337584e+01 +3.220337584e+01 -1.7203e+00 -1.4198e+00 +1.7558e+00 -1.6561e+00 +3.5981e+00
327 +1.365787388e+01 +1.365787388e+01 +2.921787388e+01 +2.921787388e+01 -1.7121e+00 -1.3257e+00 +1.6891e+00 -1.6717e+00 +3.5528e+00
334 +9.502540855e+00 +9.502540855e+00 +2.506254085e+01 +2.506254085e+01 -1.7884e+00 -1.3025e+00 +1.6426e+00 -1.6805e+00 +3.5960e+00
380 +9.308703459e+00 +9.308703459e+00 +2.486870346e+01 +2.486870346e+01 -1.7964e+00 -1.3017e+00 +1.6262e+00 -1.6724e+00 +3.5833e+00
389 +8.785313577e+00 +8.785313577e+00 +2.434531358e+01 +2.434531358e+01 -1.7731e+00 -1.3020e+00 +1.5832e+00 -1.6984e+00 +3.5909e+00
391 +5.937428121e+00 +5.937428121e+00 +2.149742812e+01 +2.149742812e+01 -1.7798e+00 -1.3022e+00 +1.6069e+00 -1.7156e+00 +3.6102e+00
396 +4.640261691e+00 +4.640261691e+00 +2.020026169e+01 +2.020026169e+01 -1.7842e+00 -1.3205e+00 +1.6021e+00 -1.6910e+00 +3.6080e+00
446 +3.696810363e+00 +3.696810363e+00 +1.925681036e+01 +1.925681036e+01 -1.8067e+00 -1.3039e+00 +1.5887e+00 -1.7177e+00 +3.6132e+00
456 +2.568196116e+00 +2.568196116e+00 +1.812819612e+01 +1.812819612e+01 -1.7998e+00 -1.3100e+00 +1.6006e+00 -1.7106e+00 +3.5999e+00
473 +2.144609613e+00 +2.144609613e+00 +1.770460961e+01 +1.770460961e+01 -1.8165e+00 -1.3074e+00 +1.5980e+00 -1.7025e+00 +3.5940e+00
518 +1.935361838e+00 +1.935361838e+00 +1.749536184e+01 +1.749536184e+01 -1.8254e+00 -1.3034e+00 +1.5846e+00 -1.7106e+00 +3.5980e+00
539 +1.708080227e+00 +1.708080227e+00 +1.726808023e+01 +1.726808023e+01 -1.8251e+00 -1.3019e+00 +1.5918e+00 -1.7089e+00 +3.5960e+00
546 +1.334753641e+00 +1.334753641e+00 +1.689475364e+01 +1.689475364e+01 -1.8217e+00 -1.3029e+00 +1.5901e+00 -1.7092e+00 +3.5992e+00
595 +1.232394457e+00 +1.232394457e+00 +1.679239446e+01 +1.679239446e+01 -1.8189e+00 -1.3041e+00 +1.5918e+00 -1.7113e+00 +3.5999e+00
613 +1.129891567e+00 +1.129891567e+00 +1.668989157e+01 +1.668989157e+01 -1.8205e+00 -1.3019e+00 +1.5901e+00 -1.7113e+00 +3.5986e+00
654 +1.116602580e+00 +1.116602580e+00 +1.667660258e+01 +1.667660258e+01 -1.8226e+00 -1.3021e+00 +1.5884e+00 -1.7122e+00 +3.5997e+00
660 +1.002822083e+00 +1.002822083e+00 +1.656282208e+01 +1.656282208e+01 -1.8217e+00 -1.3019e+00 +1.5890e+00 -1.7120e+00 +3.5997e+00
744 +9.948606445e-01 +9.948606445e-01 +1.655486064e+01 +1.655486064e+01 -1.8222e+00 -1.3022e+00 +1.5891e+00 -1.7113e+00 +3.5994e+00
755 +9.655174521e-01 +9.655174521e-01 +1.652551745e+01 +1.652551745e+01 -1.8223e+00 -1.3018e+00 +1.5890e+00 -1.7115e+00 +3.5995e+00
759 +9.517153077e-01 +9.517153077e-01 +1.651171531e+01 +1.651171531e+01 -1.8220e+00 -1.3021e+00 +1.5891e+00 -1.7116e+00 +3.5995e+00
817 +9.268463344e-01 +9.268463344e-01 +1.648684633e+01 +1.648684633e+01 -1.8222e+00 -1.3016e+00 +1.5889e+00 -1.7118e+00 +3.5994e+00
% function evaluation | noise-free fitness - Fopt (1.000000000000e+03) | best noise-free fitness - Fopt | measured fitness | best measured fitness | x1 | x2...
1 +1.176696222e+03 +1.176696222e+03 +2.176696222e+03 +2.176696222e+03 +0.0000e+00 +0.0000e+00 +0.0000e+00 +0.0000e+00 +0.0000e+00
5 +1.143715431e+03 +1.143715431e+03 +2.143715431e+03 +2.143715431e+03 -1.7405e-01 -2.5959e-01 -1.0283e-01 -1.5690e-01 -8.5316e-02
12 +1.062221655e+03 +1.062221655e+03 +2.062221655e+03 +2.062221655e+03 -1.4876e-01 -2.7896e-01 -3.0142e-01 +4.4200e-01 +1.4118e-01
25 +1.030221556e+03 +1.030221556e+03 +2.030221556e+03 +2.030221556e+03 +2.0083e-01 -3.3547e-01 -2.9974e-01 +5.6649e-01 +4.4666e-01
28 +9.897990405e+02 +9.897990405e+02 +1.989799041e+03 +1.989799041e+03 +1.1852e-01 -5.9621e-01 -4.8347e-01 +4.3083e-01 +1.5088e-01
29 +9.566299764e+02 +9.566299764e+02 +1.956629976e+03 +1.956629976e+03 +2.9597e-01 -7.8691e-01 -4.7484e-01 +3.3197e-01 -2.8657e-02
34 +9.538178101e+02 +9.538178101e+02 +1.953817810e+03 +1.953817810e+03 +1.9823e-01 -6.6143e-01 -5.2956e-01 +5.9064e-01 -4.2134e-01
36 +9.055542995e+02 +9.055542995e+02 +1.905554299e+03 +1.905554299e+03 -2.2068e-01 -1.2597e+00 -8.7597e-01 +1.3542e-01 +1.4004e-01
40 +8.397340763e+02 +8.397340763e+02 +1.839734076e+03 +1.839734076e+03 +6.7538e-02 -1.4017e+00 -1.8178e-01 +2.9791e-01 -1.9947e-01
44 +8.185676525e+02 +8.185676525e+02 +1.818567653e+03 +1.818567653e+03 -4.3464e-02 -1.5324e+00 -6.6268e-01 +2.8809e-01 -8.0809e-02
51 +6.917155253e+02 +6.917155253e+02 +1.691715525e+03 +1.691715525e+03 -1.9911e-01 -2.3998e+00 -7.4811e-01 +9.7995e-02 -1.3640e-01
58 +6.036834272e+02 +6.036834272e+02 +1.603683427e+03 +1.603683427e+03 -3.7845e-01 -2.7221e+00 +4.2521e-02 +4.9861e-01 +6.3969e-01
59 +4.811663080e+02 +4.811663080e+02 +1.481166308e+03 +1.481166308e+03 +1.8112e-01 -3.3673e+00 +5.4755e-01 +7.4470e-01 +6.2251e-01
67 +4.620091045e+02 +4.620091045e+02 +1.462009105e+03 +1.462009105e+03 +4.9684e-01 -3.7691e+00 +1.9223e-02 +2.8849e-01 +9.4263e-02
72 +4.257750154e+02 +4.257750154e+02 +1.425775015e+03 +1.425775015e+03 -9.9724e-01 -4.1387e+00 +3.0324e-01 +1.2898e+00 +1.0120e+00
84 +3.321848475e+02 +3.321848475e+02 +1.332184847e+03 +1.332184847e+03 +4.4338e-01 -4.5322e+00 -6.2347e-02 +1.1063e+00 +9.1937e-01
110 +3.196221607e+02 +3.196221607e+02 +1.319622161e+03 +1.319622161e+03 -1.0459e+00 -3.9270e+00 -1.1281e+00 +2.2342e+00 +6.1000e-01
121 +2.721529069e+02 +2.721529069e+02 +1.272152907e+03 +1.272152907e+03 -1.3387e+00 -3.1664e+00 -8.1247e-01 +2.8448e+00 +6.1317e-01
125 +1.908950130e+02 +1.908950130e+02 +1.190895013e+03 +1.190895013e+03 -9.6631e-01 -2.5614e+00 -7.3811e-01 +3.6411e+00 -2.4002e-01
133 +1.735246933e+02 +1.735246933e+02 +1.173524693e+03 +1.173524693e+03 -5.9534e-01 -2.6820e+00 -1.0839e+00 +4.0442e+00 -5.1838e-01
136 +1.529150554e+02 +1.529150554e+02 +1.152915055e+03 +1.152915055e+03 -7.7140e-01 -3.5179e+00 -6.2195e-01 +3.1385e+00 +3.9816e-01
138 +1.208808039e+02 +1.208808039e+02 +1.120880804e+03 +1.120880804e+03 -7.7055e-01 -3.3959e+00 -6.4964e-01 +3.4611e+00 -5.1854e-02
156 +8.650467333e+01 +8.650467333e+01 +1.086504673e+03 +1.086504673e+03 +5.1673e-01 -3.5004e+00 -8.0954e-01 +3.2088e+00 +5.6759e-01
166 +7.382657776e+01 +7.382657776e+01 +1.073826578e+03 +1.073826578e+03 +4.5207e-01 -3.4554e+00 -7.9652e-01 +3.7501e+00 +2.5953e-01
168 +7.172790143e+01 +7.172790143e+01 +1.071727901e+03 +1.071727901e+03 +1.3718e+00 -3.4925e+00 -3.9405e-01 +3.7315e+00 +8.4789e-01
170 +7.023653282e+01 +7.023653282e+01 +1.070236533e+03 +1.070236533e+03 +6.0931e-01 -3.3318e+00 -2.2514e-01 +3.3882e+00 +7.7985e-01
189 +3.592316862e+01 +3.592316862e+01 +1.035923169e+03 +1.035923169e+03 +6.8378e-01 -3.3750e+00 -3.6806e-01 +3.6107e+00 +8.2628e-01
226 +2.752911698e+01 +2.752911698e+01 +1.027529117e+03 +1.027529117e+03 +6.3687e-01 -3.3734e+00 -4.5394e-01 +3.5443e+00 +5.5424e-01
273 +2.108857709e+01 +2.108857709e+01 +1.021088577e+03 +1.021088577e+03 +4.4506e-01 -3.4710e+00 -4.5435e-01 +3.6701e+00 +5.4505e-01
307 +1.770682729e+01 +1.770682729e+01 +1.017706827e+03 +1.017706827e+03 +3.2878e-01 -3.4045e+00 -5.0448e-01 +3.6323e+00 +6.0482e-01
319 +1.431283278e+01 +1.431283278e+01 +1.014312833e+03 +1.014312833e+03 +3.0972e-01 -3.3324e+00 -5.1194e-01 +3.7114e+00 +4.9411e-01
338 +9.846330637e+00 +9.846330637e+00 +1.009846331e+03 +1.009846331e+03 +2.9094e-01 -3.3140e+00 -5.2007e-01 +3.7686e+00 +5.3374e-01
369 +8.924093760e+00 +8.924093760e+00 +1.008924094e+03 +1.008924094e+03 +4.0630e-01 -3.3520e+00 -4.4070e-01 +3.7320e+00 +5.8885e-01
403 +8.098556461e+00 +8.098556461e+00 +1.008098556e+03 +1.008098556e+03 +3.9638e-01 -3.3960e+00 -4.7976e-01 +3.7529e+00 +5.9167e-01
409 +4.205870804e+00 +4.205870804e+00 +1.004205871e+03 +1.004205871e+03 +3.7517e-01 -3.3814e+00 -4.5973e-01 +3.7171e+00 +6.0615e-01
411 +4.118183407e+00 +4.118183407e+00 +1.004118183e+03 +1.004118183e+03 +4.1805e-01 -3.3907e+00 -4.5875e-01 +3.7013e+00 +6.2064e-01
417 +3.791081080e+00 +3.791081080e+00 +1.003791081e+03 +1.003791081e+03 +3.8026e-01 -3.3797e+00 -4.7059e-01 +3.7432e+00 +6.0344e-01
428 +3.248869663e+00 +3.248869663e+00 +1.003248870e+03 +1.003248870e+03 +4.1331e-01 -3.3723e+00 -4.8099e-01 +3.7110e+00 +5.9674e-01
432 +3.174359384e+00 +3.174359384e+00 +1.003174359e+03 +1.003174359e+03 +4.6940e-01 -3.3928e+00 -4.7949e-01 +3.6890e+00 +6.1550e-01
500 +2.850841232e+00 +2.850841232e+00 +1.002850841e+03 +1.002850841e+03 +4.2417e-01 -3.3848e+00 -4.6739e-01 +3.6929e+00 +6.0307e-01
503 +2.334823523e+00 +2.334823523e+00 +1.002334824e+03 +1.002334824e+03 +4.2877e-01 -3.3900e+00 -4.7320e-01 +3.6882e+00 +5.9845e-01
513 +1.908492624e+00 +1.908492624e+00 +1.001908493e+03 +1.001908493e+03 +4.1626e-01 -3.3926e+00 -4.6835e-01 +3.7016e+00 +6.0465e-01
538 +1.097008189e+00 +1.097008189e+00 +1.001097008e+03 +1.001097008e+03 +4.0631e-01 -3.3866e+00 -4.7373e-01 +3.7129e+00 +5.9910e-01
586 +1.012031075e+00 +1.012031075e+00 +1.001012031e+03 +1.001012031e+03 +4.4239e-01 -3.3936e+00 -4.7332e-01 +3.6926e+00 +6.0788e-01
594 +9.934259843e-01 +9.934259843e-01 +1.000993426e+03 +1.000993426e+03 +4.4480e-01 -3.3949e+00 -4.7601e-01 +3.6938e+00 +6.0550e-01
614 +8.706892660e-01 +8.706892660e-01 +1.000870689e+03 +1.000870689e+03 +4.3945e-01 -3.3957e+00 -4.7534e-01 +3.6958e+00 +6.0555e-01
644 +8.355025054e-01 +8.355025054e-01 +1.000835503e+03 +1.000835503e+03 +4.3823e-01 -3.3925e+00 -4.7336e-01 +3.6946e+00 +6.0434e-01
654 +7.325503928e-01 +7.325503928e-01 +1.000732550e+03 +1.000732550e+03 +4.3677e-01 -3.3945e+00 -4.7415e-01 +3.6964e+00 +6.0327e-01
662 +6.697224011e-01 +6.697224011e-01 +1.000669722e+03 +1.000669722e+03 +4.4400e-01 -3.3954e+00 -4.7331e-01 +3.6922e+00 +6.0559e-01
664 +6.182885455e-01 +6.182885455e-01 +1.000618289e+03 +1.000618289e+03 +4.4361e-01 -3.3959e+00 -4.7389e-01 +3.6922e+00 +6.0714e-01
706 +5.525869784e-01 +5.525869784e-01 +1.000552587e+03 +1.000552587e+03 +4.4735e-01 -3.3968e+00 -4.7341e-01 +3.6916e+00 +6.0725e-01
722 +5.108370915e-01 +5.108370915e-01 +1.000510837e+03 +1.000510837e+03 +4.4879e-01 -3.3974e+00 -4.7241e-01 +3.6902e+00 +6.0856e-01
748 +4.867905197e-01 +4.867905197e-01 +1.000486791e+03 +1.000486791e+03 +4.4960e-01 -3.3984e+00 -4.7254e-01 +3.6893e+00 +6.0898e-01
792 +4.511810198e-01 +4.511810198e-01 +1.000451181e+03 +1.000451181e+03 +4.5054e-01 -3.3986e+00 -4.7283e-01 +3.6892e+00 +6.0882e-01
864 +4.364306086e-01 +4.364306086e-01 +1.000436431e+03 +1.000436431e+03 +4.5151e-01 -3.3986e+00 -4.7264e-01 +3.6889e+00 +6.0909e-01
938 +4.191929347e-01 +4.191929347e-01 +1.000419193e+03 +1.000419193e+03 +4.5107e-01 -3.3986e+00 -4.7268e-01 +3.6890e+00 +6.0912e-01
949 +4.153637960e-01 +4.153637960e-01 +1.000415364e+03 +1.000415364e+03 +4.5108e-01 -3.3986e+00 -4.7265e-01 +3.6891e+00 +6.0908e-01
1097 +4.073108196e-01 +4.073108196e-01 +1.000407311e+03 +1.000407311e+03 +4.5085e-01 -3.3985e+00 -4.7266e-01 +3.6891e+00 +6.0903e-01
% function evaluation | noise-free fitness - Fopt (1.177400000000e+02) | best noise-free fitness - Fopt | measured fitness | best measured fitness | x1 | x2...
1 +1.017514780e+03 +1.017514780e+03 +1.135254780e+03 +1.135254780e+03 +0.0000e+00 +0.0000e+00 +0.0000e+00 +0.0000e+00 +0.0000e+00
2 +9.541900186e+02 +9.541900186e+02 +1.071930019e+03 +1.071930019e+03 -2.7538e-01 -1.6905e-01 -2.5385e-01 +3.6025e-01 -8.6351e-02
14 +9.234008452e+02 +9.234008452e+02 +1.041140845e+03 +1.041140845e+03 -6.1418e-02 -2.2697e-01 -4.7515e-01 +3.3330e-01 -7.1946e-02
16 +9.113632563e+02 +9.113632563e+02 +1.029103256e+03 +1.029103256e+03 +8.9209e-02 -9.6937e-02 -3.8354e-01 +5.0916e-01 +3.7165e-01
19 +8.648224737e+02 +8.648224737e+02 +9.825624737e+02 +9.825624737e+02 +8.0426e-02 -2.3680e-01 -8.1824e-01 +5.3816e-01 +7.6831e-02
29 +8.412067549e+02 +8.412067549e+02 +9.589467549e+02 +9.589467549e+02 -1.1086e-01 -3.6309e-01 -6.5083e-01 +8.4568e-01 +3.4928e-01
47 +7.730029977e+02 +7.730029977e+02 +8.907429977e+02 +8.907429977e+02 -2.3755e-01 -4.8189e-01 +1.2761e-01 +2.0487e+00 +6.0841e-01
48 +7.524852471e+02 +7.524852471e+02 +8.702252471e+02 +8.702252471e+02 +5.1894e-02 -6.7835e-01 -6.2172e-01 +1.3075e+00 +3.5979e-01
51 +7.390828974e+02 +7.390828974e+02 +8.568228974e+02 +8.568228974e+02 -1.9873e-01 -3.9943e-01 -4.5935e-01 +2.2494e+00 -1.9019e-01
58 +6.650613879e+02 +6.650613879e+02 +7.828013879e+02 +7.828013879e+02 +1.4141e-01 -6.6565e-01 -1.6238e-01 +2.6247e+00 +4.6494e-01
65 +5.344927055e+02 +5.344927055e+02 +6.522327055e+02 +6.522327055e+02 +1.9305e-01 -1.5714e+00 -4.7086e-01 +2.8943e+00 +4.3047e-01
74 +3.977052005e+02 +3.977052005e+02 +5.154452005e+02 +5.154452005e+02 +3.5012e-01 -2.6878e+00 -1.0002e+00 +3.2183e+00 +6.3377e-01
84 +3.361643824e+02 +3.361643824e+02 +4.539043824e+02 +4.539043824e+02 +2.3666e-01 -2.5899e+00 -1.6315e+00 +2.9876e+00 +6.5829e-01
95 +3.203968556e+02 +3.203968556e+02 +4.381368556e+02 +4.381368556e+02 +1.7114e-01 -2.5910e+00 -1.1884e+00 +3.7575e+00 +9.6843e-01
99 +2.136022865e+02 +2.136022865e+02 +3.313422865e+02 +3.313422865e+02 +3.3847e-01 -3.3753e+00 -2.0007e+00 +4.7192e+00 +6.1550e-01
128 +1.937496641e+02 +1.937496641e+02 +3.114896641e+02 +3.114896641e+02 +3.2895e-01 -2.8696e+00 -2.1672e+00 +3.9760e+00 +9.5986e-01
142 +1.745322809e+02 +1.745322809e+02 +2.922722809e+02 +2.922722809e+02 +3.6662e-01 -3.5401e+00 -2.5011e+00 +4.7341e+00 +9.7854e-01
158 +1.481396657e+02 +1.481396657e+02 +2.658796657e+02 +2.658796657e+02 +2.4623e-01 -3.4112e+00 -2.4473e+00 +3.9759e+00 +9.6940e-01
171 +1.315440626e+02 +1.315440626e+02 +2.492840626e+02 +2.492840626e+02 +2.6616e-01 -3.5714e+00 -3.0107e+00 +4.0249e+00 +8.8781e-01
184 +1.054212603e+02 +1.054212603e+02 +2.231612603e+02 +2.231612603e+02 +4.0053e-01 -3.5158e+00 -2.9478e+00 +4.1738e+00 +7.2533e-01
188 +8.242427420e+01 +8.242427420e+01 +2.001642742e+02 +2.001642742e+02 +5.0519e-01 -3.4067e+00 -2.7719e+00 +4.0054e+00 +6.2127e-01
200 +7.182109897e+01 +7.182109897e+01 +1.895610990e+02 +1.895610990e+02 +4.3176e-01 -3.4268e+00 -3.1896e+00 +3.9395e+00 +3.7434e-01
215 +7.065727740e+01 +7.065727740e+01 +1.883972774e+02 +1.883972774e+02 +4.8700e-01 -3.4844e+00 -2.7770e+00 +4.0209e+00 +4.2905e-01
218 +5.784206509e+01 +5.784206509e+01 +1.755820651e+02 +1.755820651e+02 +7.0759e-01 -3.4405e+00 -2.8958e+00 +3.8141e+00 +4.4956e-01
250 +5.514922953e+01 +5.514922953e+01 +1.728892295e+02 +1.728892295e+02 +8.4376e-01 -3.4730e+00 -2.9556e+00 +3.9718e+00 +4.8166e-01
273 +4.997170524e+01 +4.997170524e+01 +1.677117052e+02 +1.677117052e+02 +8.7050e-01 -3.3560e+00 -2.8772e+00 +4.0128e+00 +2.8028e-01
276 +4.667700259e+01 +4.667700259e+01 +1.644170026e+02 +1.644170026e+02 +1.0138e+00 -3.3061e+00 -2.8206e+00 +3.9728e+00 +4.2476e-01
280 +4.096198091e+01 +4.096198091e+01 +1.587019809e+02 +1.587019809e+02 +9.5167e-01 -3.3791e+00 -2.9566e+00 +3.9105e+00 +4.0447e-01
294 +3.862305302e+01 +3.862305302e+01 +1.563630530e+02 +1.563630530e+02 +1.0132e+00 -3.4284e+00 -2.9069e+00 +3.9384e+00 +3.3071e-01
298 +2.953352920e+01 +2.953352920e+01 +1.472735292e+02 +1.472735292e+02 +1.0006e+00 -3.4002e+00 -3.0147e+00 +3.9303e+00 +2.6449e-01
312 +2.600383503e+01 +2.600383503e+01 +1.437438350e+02 +1.437438350e+02 +1.0172e+00 -3.3808e+00 -2.9488e+00 +3.8876e+00 +2.7616e-01
341 +2.497522946e+01 +2.497522946e+01 +1.427152295e+02 +1.427152295e+02 +1.1114e+00 -3.3908e+00 -3.0047e+00 +3.8175e+00 +2.7312e-01
346 +2.421990622e+01 +2.421990622e+01 +1.419599062e+02 +1.419599062e+02 +1.1132e+00 -3.3192e+00 -2.9072e+00 +3.8123e+00 +2.3680e-01
349 +1.566862169e+01 +1.566862169e+01 +1.334086217e+02 +1.334086217e+02 +1.1259e+00 -3.3680e+00 -3.0495e+00 +3.8291e+00 +2.1109e-01
377 +1.220726066e+01 +1.220726066e+01 +1.299472607e+02 +1.299472607e+02 +1.1575e+00 -3.3426e+00 -3.0152e+00 +3.8149e+00 +1.8685e-01
396 +5.852901090e+00 +5.852901090e+00 +1.235929011e+02 +1.235929011e+02 +1.1915e+00 -3.3009e+00 -3.0178e+00 +3.7763e+00 +1.8420e-01
500 +5.694883528e+00 +5.694883528e+00 +1.234348835e+02 +1.234348835e+02 +1.1142e+00 -3.3277e+00 -3.0491e+00 +3.7807e+00 +1.7459e-01
516 +5.145688343e+00 +5.145688343e+00 +1.228856883e+02 +1.228856883e+02 +1.1020e+00 -3.3293e+00 -3.0425e+00 +3.7832e+00 +1.7550e-01
540 +5.076470109e+00 +5.076470109e+00 +1.228164701e+02 +1.228164701e+02 +1.1084e+00 -3.3318e+00 -3.0465e+00 +3.7826e+00 +1.7206e-01
553 +4.978064006e+00 +4.978064006e+00 +1.227180640e+02 +1.227180640e+02 +1.1011e+00 -3.3307e+00 -3.0462e+00 +3.7808e+00 +1.7224e-01
588 +4.749667305e+00 +4.749667305e+00 +1.224896673e+02 +1.224896673e+02 +1.1075e+00 -3.3308e+00 -3.0447e+00 +3.7825e+00 +1.7369e-01
636 +4.665136228e+00 +4.665136228e+00 +1.224051362e+02 +1.224051362e+02 +1.1097e+00 -3.3288e+00 -3.0423e+00 +3.7818e+00 +1.7572e-01
680 +4.513482301e+00 +4.513482301e+00 +1.222534823e+02 +1.222534823e+02 +1.1099e+00 -3.3293e+00 -3.0437e+00 +3.7816e+00 +1.7447e-01
801 +4.466540791e+00 +4.466540791e+00 +1.222065408e+02 +1.222065408e+02 +1.1106e+00 -3.3291e+00 -3.0434e+00 +3.7819e+00 +1.7487e-01
% function evaluation | noise-free fitness - Fopt (-4.670000000000e+01) | best noise-free fitness - Fopt | measured fitness | best measured fitness | x1 | x2...
1 +1.035398190e+03 +1.035398190e+03 +9.886981904e+02 +9.886981904e+02 +0.0000e+00 +0.0000e+00 +0.0000e+00 +0.0000e+00 +0.0000e+00
6 +1.009486672e+03 +1.009486672e+03 +9.627866716e+02 +9.627866716e+02 -2.6107e-01 +3.9747e-01 +6.1849e-02 +9.4952e-02 -2.8542e-01
8 +9.340130747e+02 +9.340130747e+02 +8.873130747e+02 +8.873130747e+02 -3.3331e-01 -2.1392e-01 +1.9136e-01 -4.0547e-01 -3.4823e-01
16 +9.275465851e+02 +9.275465851e+02 +8.808465851e+02 +8.808465851e+02 -4.7122e-01 +2.0207e-02 +1.6618e-01 -3.3867e-01 -3.2859e-01
21 +8.382218353e+02 +8.382218353e+02 +7.915218353e+02 +7.915218353e+02 +3.3528e-02 -4.7098e-02 -2.1651e-01 -8.5162e-01 -2.5791e-01
26 +6.794429099e+02 +6.794429099e+02 +6.327429099e+02 +6.327429099e+02 -7.7248e-01 -1.2264e-02 +1.6326e-01 -1.5149e+00 -1.9249e-01
35 +6.397800422e+02 +6.397800422e+02 +5.930800422e+02 +5.930800422e+02 -7.0667e-01 -4.0621e-01 -8.1652e-02 -2.0376e+00 +3.5781e-02
42 +5.463326441e+02 +5.463326441e+02 +4.996326441e+02 +4.996326441e+02 -8.9601e-01 +7.6842e-02 +2.9953e-01 -2.2415e+00 +1.8288e-01
45 +4.607588818e+02 +4.607588818e+02 +4.140588818e+02 +4.140588818e+02 -4.6274e-01 +2.6212e-01 +5.0332e-02 -2.9288e+00 -1.3979e-01
54 +4.148796964e+02 +4.148796964e+02 +3.681796964e+02 +3.681796964e+02 +4.0368e-02 +4.8586e-01 -3.3063e-01 -3.3288e+00 +1.0890e-01
70 +3.863702621e+02 +3.863702621e+02 +3.396702621e+02 +3.396702621e+02 -5.8949e-01 +3.4777e-01 -7.1208e-01 -4.0538e+00 +1.5828e+00
73 +3.558743031e+02 +3.558743031e+02 +3.091743031e+02 +3.091743031e+02 +1.0271e-01 +7.6817e-01 +3.2438e-02 -3.8753e+00 +5.4872e-01
85 +3.543412253e+02 +3.543412253e+02 +3.076412253e+02 +3.076412253e+02 +3.7674e-02 +5.3697e-01 -1.7469e-01 -4.3585e+00 +1.6708e+00
94 +3.289045713e+02 +3.289045713e+02 +2.822045713e+02 +2.822045713e+02 +3.3336e-01 +1.0855e+00 -6.5975e-01 -3.0801e+00 +1.1979e+00
99 +2.867378208e+02 +2.867378208e+02 +2.400378208e+02 +2.400378208e+02 -9.3700e-02 +1.5709e+00 -9.7421e-01 -4.2186e+00 +1.3605e+00
109 +2.684053873e+02 +2.684053873e+02 +2.217053873e+02 +2.217053873e+02 -6.0386e-01 +2.8306e+00 -4.0921e-01 -4.0196e+00 +1.9929e+00
133 +2.393209969e+02 +2.393209969e+02 +1.926209969e+02 +1.926209969e+02 -6.7671e-01 +1.6250e+00 -1.5486e+00 -3.9408e+00 +3.1443e+00
143 +1.623830013e+02 +1.623830013e+02 +1.156830013e+02 +1.156830013e+02 -8.7515e-01 +2.0306e+00 -1.3840e+00 -3.4858e+00 +1.9978e+00
146 +1.349553368e+02 +1.349553368e+02 +8.825533684e+01 +8.825533684e+01 -1.1421e+00 +2.2648e+00 -1.3840e+00 -4.3336e+00 +2.8033e+00
179 +7.762079738e+01 +7.762079738e+01 +3.092079738e+01 +3.092079738e+01 -7.8226e-01 +2.3088e+00 -1.3485e+00 -4.1049e+00 +2.6996e+00
204 +5.244828584e+01 +5.244828584e+01 +5.748285842e+00 +5.748285842e+00 -8.6652e-01 +2.4504e+00 -1.2540e+00 -4.1363e+00 +3.1145e+00
255 +4.616693122e+01 +4.616693122e+01 -5.330687757e-01 -5.330687757e-01 -6.5631e-01 +2.4402e+00 -9.0015e-01 -3.9179e+00 +3.0419e+00
264 +3.369447131e+01 +3.369447131e+01 -1.300552869e+01 -1.300552869e+01 -7.3630e-01 +2.4562e+00 -1.0713e+00 -4.0321e+00 +3.0395e+00
265 +3.291660980e+01 +3.291660980e+01 -1.378339020e+01 -1.378339020e+01 -6.5151e-01 +2.4066e+00 -9.4422e-01 -3.9776e+00 +2.9414e+00
273 +3.132755520e+01 +3.132755520e+01 -1.537244480e+01 -1.537244480e+01 -6.4699e-01 +2.5669e+00 -1.1170e+00 -4.0646e+00 +2.9727e+00
275 +1.192023602e+01 +1.192023602e+01 -3.477976398e+01 -3.477976398e+01 -7.0166e-01 +2.5833e+00 -1.2027e+00 -3.9543e+00 +3.0303e+00
358 +8.803126552e+00 +8.803126552e+00 -3.789687345e+01 -3.789687345e+01 -8.7544e-01 +2.6125e+00 -1.4398e+00 -4.0181e+00 +3.1025e+00
377 +3.436819575e+00 +3.436819575e+00 -4.326318043e+01 -4.326318043e+01 -8.5512e-01 +2.6250e+00 -1.4706e+00 -3.9862e+00 +3.0906e+00
500 +2.093765800e+00 +2.093765800e+00 -4.460623420e+01 -4.460623420e+01 -7.7130e-01 +2.6016e+00 -1.3519e+00 -3.9886e+00 +3.0692e+00
527 +9.965208872e-01 +9.965208872e-01 -4.570347911e+01 -4.570347911e+01 -7.7170e-01 +2.5917e+00 -1.3498e+00 -3.9896e+00 +3.0614e+00
543 +4.445167753e-01 +4.445167753e-01 -4.625548322e+01 -4.625548322e+01 -7.5957e-01 +2.5868e+00 -1.3322e+00 -3.9877e+00 +3.0577e+00
745 +2.915718361e-01 +2.915718361e-01 -4.640842816e+01 -4.640842816e+01 -7.3644e-01 +2.5792e+00 -1.3066e+00 -3.9857e+00 +3.0489e+00
754 +2.792550508e-01 +2.792550508e-01 -4.642074495e+01 -4.642074495e+01 -7.3781e-01 +2.5785e+00 -1.3065e+00 -3.9870e+00 +3.0498e+00
780 +2.140849379e-01 +2.140849379e-01 -4.648591506e+01 -4.648591506e+01 -7.3768e-01 +2.5783e+00 -1.3086e+00 -3.9864e+00 +3.0488e+00
801 +1.800622384e-01 +1.800622384e-01 -4.651993776e+01 -4.651993776e+01 -7.3692e-01 +2.5783e+00 -1.3056e+00 -3.9864e+00 +3.0487e+00
818 +1.244786032e-01 +1.244786032e-01 -4.657552140e+01 -4.657552140e+01 -7.3852e-01 +2.5789e+00 -1.3081e+00 -3.9865e+00 +3.0495e+00
872 +8.680391048e-02 +8.680391048e-02 -4.661319609e+01 -4.661319609e+01 -7.3880e-01 +2.5789e+00 -1.3086e+00 -3.9865e+00 +3.0493e+00
960 +8.220111635e-02 +8.220111635e-02 -4.661779888e+01 -4.661779888e+01 -7.4008e-01 +2.5795e+00 -1.3104e+00 -3.9865e+00 +3.0500e+00
961 +6.828394314e-02 +6.828394314e-02 -4.663171606e+01 -4.663171606e+01 -7.4069e-01 +2.5797e+00 -1.3111e+00 -3.9864e+00 +3.0501e+00
1050 +6.576305756e-02 +6.576305756e-02 -4.663423694e+01 -4.663423694e+01 -7.4080e-01 +2.5796e+00 -1.3112e+00 -3.9865e+00 +3.0500e+00
1062 +6.350666101e-02 +6.350666101e-02 -4.663649334e+01 -4.663649334e+01 -7.4084e-01 +2.5796e+00 -1.3112e+00 -3.9864e+00 +3.0499e+00
1071 +6.125728983e-02 +6.125728983e-02 -4.663874271e+01 -4.663874271e+01 -7.4100e-01 +2.5796e+00 -1.3113e+00 -3.9864e+00 +3.0499e+00
1083 +5.245882700e-02 +5.245882700e-02 -4.664754117e+01 -4.664754117e+01 -7.4099e-01 +2.5797e+00 -1.3113e+00 -3.9864e+00 +3.0500e+00
1093 +5.043857560e-02 +5.043857560e-02 -4.664956142e+01 -4.664956142e+01 -7.4084e-01 +2.5796e+00 -1.3111e+00 -3.9864e+00 +3.0499e+00
1109 +4.967540018e-02 +4.967540018e-02 -4.665032460e+01 -4.665032460e+01 -7.4069e-01 +2.5796e+00 -1.3110e+00 -3.9864e+00 +3.0499e+00
1199 +4.884149409e-02 +4.884149409e-02 -4.665115851e+01 -4.665115851e+01 -7.4075e-01 +2.5796e+00 -1.3110e+00 -3.9865e+00 +3.0500e+00
1202 +4.775168176e-02 +4.775168176e-02 -4.665224832e+01 -4.665224832e+01 -7.4078e-01 +2.5796e+00 -1.3111e+00 -3.9864e+00 +3.0499e+00
1209 +4.596402842e-02 +4.596402842e-02 -4.665403597e+01 -4.665403597e+01 -7.4079e-01 +2.5796e+00 -1.3111e+00 -3.9864e+00 +3.0500e+00
1249 +4.570079277e-02 +4.570079277e-02 -4.665429921e+01 -4.665429921e+01 -7.4078e-01 +2.5796e+00 -1.3111e+00 -3.9864e+00 +3.0499e+00
1290 +4.455732488e-02 +4.455732488e-02 -4.665544268e+01 -4.665544268e+01 -7.4078e-01 +2.5796e+00 -1.3111e+00 -3.9864e+00 +3.0500e+00
1456 +4.361047744e-02 +4.361047744e-02 -4.665638952e+01 -4.665638952e+01 -7.4079e-01 +2.5796e+00 -1.3111e+00 -3.9864e+00 +3.0500e+00
% function evaluation | noise-free fitness - Fopt (8.287000000000e+01) | best noise-free fitness - Fopt | measured fitness | best measured fitness | x1 | x2...
1 +7.613762378e+02 +7.613762378e+02 +8.442462378e+02 +8.442462378e+02 +0.0000e+00 +0.0000e+00 +0.0000e+00 +0.0000e+00 +0.0000e+00
2 +7.476977857e+02 +7.476977857e+02 +8.305677857e+02 +8.305677857e+02 +3.8625e-01 +3.5447e-01 -1.8514e-01 -3.3017e-01 -3.6091e-01
9 +7.201186905e+02 +7.201186905e+02 +8.029886905e+02 +8.029886905e+02 -8.3717e-02 -2.6916e-01 -2.4733e-01 -4.5602e-02 +5.6551e-02
10 +6.705168331e+02 +6.705168331e+02 +7.533868331e+02 +7.533868331e+02 -4.8908e-02 -1.7590e-02 -6.7465e-01 +3.0109e-03 -7.4108e-03
16 +6.519144293e+02 +6.519144293e+02 +7.347844293e+02 +7.347844293e+02 +4.4475e-01 +1.4711e-01 -1.2244e-01 +1.8597e-01 -3.9122e-01
18 +6.315615351e+02 +6.315615351e+02 +7.144315351e+02 +7.144315351e+02 -1.4361e-01 -1.2609e-01 -5.3581e-01 -1.5195e-01 -5.5026e-01
19 +5.428321630e+02 +5.428321630e+02 +6.257021630e+02 +6.257021630e+02 +5.1792e-01 -2.4434e-01 -2.1646e-01 +4.8196e-01 -4.2165e-01
29 +5.206650840e+02 +5.206650840e+02 +6.035350840e+02 +6.035350840e+02 -1.2998e-01 -2.0155e-01 -4.6917e-01 +3.7609e-01 -8.6233e-01
40 +5.049584871e+02 +5.049584871e+02 +5.878284871e+02 +5.878284871e+02 -2.2034e-01 -2.9407e-01 -4.5896e-01 +1.8250e-01 -1.1853e+00
41 +4.775749612e+02 +4.775749612e+02 +5.604449612e+02 +5.604449612e+02 -3.4271e-02 -5.8122e-01 -1.0244e+00 +2.4693e-01 -5.3330e-01
42 +3.596385605e+02 +3.596385605e+02 +4.425085605e+02 +4.425085605e+02 -2.4033e-01 -5.7589e-01 -7.9409e-01 +6.6856e-01 -1.4506e+00
50 +2.930946081e+02 +2.930946081e+02 +3.759646081e+02 +3.759646081e+02 +9.1391e-02 -6.4070e-01 -9.8439e-01 +9.4355e-01 -1.4836e+00
57 +2.696749723e+02 +2.696749723e+02 +3.525449723e+02 +3.525449723e+02 +4.2239e-01 -6.3627e-01 -7.6664e-01 +1.0656e+00 -1.3547e+00
61 +1.586882438e+02 +1.586882438e+02 +2.415582438e+02 +2.415582438e+02 +6.0331e-01 -1.1244e+00 -8.1156e-01 +5.9010e-01 -2.1736e+00
106 +1.366354225e+02 +1.366354225e+02 +2.195054225e+02 +2.195054225e+02 +7.9027e-01 -1.1927e+00 -1.0378e+00 +5.9686e-01 -2.4009e+00
134 +1.077782614e+02 +1.077782614e+02 +1.906482614e+02 +1.906482614e+02 +8.0271e-01 -1.3990e+00 -6.6897e-01 +1.1913e+00 -2.0963e+00
138 +8.085223737e+01 +8.085223737e+01 +1.637222374e+02 +1.637222374e+02 +9.7867e-01 -1.5140e+00 -4.3163e-01 +1.4177e+00 -1.6096e+00
165 +6.958952685e+01 +6.958952685e+01 +1.524595269e+02 +1.524595269e+02 +1.0700e+00 -1.3838e+00 -2.3876e-01 +1.6287e+00 -1.9061e+00
177 +4.966108865e+01 +4.966108865e+01 +1.325310886e+02 +1.325310886e+02 +1.4269e+00 -1.5421e+00 -3.2803e-01 +1.4567e+00 -1.7370e+00
219 +3.186789513e+01 +3.186789513e+01 +1.147378951e+02 +1.147378951e+02 +1.3837e+00 -1.6467e+00 -8.9021e-02 +2.0295e+00 -1.3017e+00
275 +2.734809854e+01 +2.734809854e+01 +1.102180985e+02 +1.102180985e+02 +1.3399e+00 -1.6657e+00 -1.5877e-01 +1.9485e+00 -1.4494e+00
289 +2.373441159e+01 +2.373441159e+01 +1.066044116e+02 +1.066044116e+02 +1.2187e+00 -1.6328e+00 -1.2333e-01 +1.8931e+00 -1.5488e+00
325 +2.024636207e+01 +2.024636207e+01 +1.031163621e+02 +1.031163621e+02 +1.3316e+00 -1.5809e+00 -1.3952e-01 +1.8835e+00 -1.4972e+00
335 +1.817772781e+01 +1.817772781e+01 +1.010477278e+02 +1.010477278e+02 +1.3321e+00 -1.6881e+00 -4.9124e-02 +1.9891e+00 -1.4338e+00
350 +1.699970077e+01 +1.699970077e+01 +9.986970077e+01 +9.986970077e+01 +1.3171e+00 -1.7037e+00 -8.2347e-02 +1.9966e+00 -1.3999e+00
399 +1.697933415e+01 +1.697933415e+01 +9.984933415e+01 +9.984933415e+01 +1.3230e+00 -1.6836e+00 -4.6221e-02 +2.0336e+00 -1.3819e+00
411 +1.601437828e+01 +1.601437828e+01 +9.888437828e+01 +9.888437828e+01 +1.3187e+00 -1.6990e+00 -3.1320e-02 +2.0373e+00 -1.3897e+00
414 +1.527249205e+01 +1.527249205e+01 +9.814249205e+01 +9.814249205e+01 +1.2910e+00 -1.7030e+00 -2.8796e-02 +2.0689e+00 -1.3570e+00
419 +1.368632180e+01 +1.368632180e+01 +9.655632180e+01 +9.655632180e+01 +1.3005e+00 -1.6984e+00 -4.0894e-02 +2.0367e+00 -1.3844e+00
460 +1.296137804e+01 +1.296137804e+01 +9.583137804e+01 +9.583137804e+01 +1.2749e+00 -1.7068e+00 -6.0528e-02 +2.0325e+00 -1.3807e+00
466 +1.197066814e+01 +1.197066814e+01 +9.484066814e+01 +9.484066814e+01 +1.2828e+00 -1.7123e+00 -5.5559e-02 +2.0313e+00 -1.3997e+00
480 +1.048141942e+01 +1.048141942e+01 +9.335141942e+01 +9.335141942e+01 +1.2758e+00 -1.7202e+00 -4.1368e-02 +2.0453e+00 -1.3900e+00
501 +9.647180845e+00 +9.647180845e+00 +9.251718085e+01 +9.251718085e+01 +1.2738e+00 -1.7112e+00 -4.3731e-02 +2.0361e+00 -1.3953e+00
653 +9.542956945e+00 +9.542956945e+00 +9.241295694e+01 +9.241295694e+01 +1.2709e+00 -1.7197e+00 -3.6928e-02 +2.0518e+00 -1.3882e+00
655 +9.325862738e+00 +9.325862738e+00 +9.219586274e+01 +9.219586274e+01 +1.2699e+00 -1.7181e+00 -3.5942e-02 +2.0499e+00 -1.3889e+00
753 +9.114124227e+00 +9.114124227e+00 +9.198412423e+01 +9.198412423e+01 +1.2698e+00 -1.7189e+00 -3.6370e-02 +2.0508e+00 -1.3873e+00
% function evaluation | noise-free fitness - Fopt (-1.839000000000e+01) | best noise-free fitness - Fopt | measured fitness | best measured fitness | x1 | x2...
1 +1.383611484e+03 +1.383611484e+03 +1.365221484e+03 +1.365221484e+03 +0.0000e+00 +0.0000e+00 +0.0000e+00 +0.0000e+00 +0.0000e+00
3 +1.261819987e+03 +1.261819987e+03 +1.243429987e+03 +1.243429987e+03 -1.8190e-01 -1.9731e-01 +2.4067e-01 -4.6457e-01 -1.2199e-01
11 +1.151417949e+03 +1.151417949e+03 +1.133027949e+03 +1.133027949e+03 +1.1044e-01 +1.6496e-01 +3.3317e-01 -7.3470e-01 +1.1474e-01
19 +1.086001782e+03 +1.086001782e+03 +1.067611782e+03 +1.067611782e+03 +2.5485e-01 +3.1830e-01 +1.0208e+00 -6.4560e-01 -8.7183e-02
23 +1.054649807e+03 +1.054649807e+03 +1.036259807e+03 +1.036259807e+03 -1.2978e-01 +2.0249e-01 +9.0587e-01 -8.2869e-01 +3.7481e-02
26 +1.043247816e+03 +1.043247816e+03 +1.024857816e+03 +1.024857816e+03 +3.9228e-01 +6.5945e-01 +1.3491e+00 -5.7038e-01 -1.0191e-01
27 +1.017268239e+03 +1.017268239e+03 +9.988782385e+02 +9.988782385e+02 +2.0204e-01 +5.1211e-01 +9.5930e-01 -8.6841e-01 +8.6718e-02
28 +8.834256925e+02 +8.834256925e+02 +8.650356925e+02 +8.650356925e+02 -1.5189e-01 -2.1626e-01 +1.2688e+00 -1.5666e+00 +2.8408e-01
40 +7.986972960e+02 +7.986972960e+02 +7.803072960e+02 +7.803072960e+02 -1.5429e-01 -7.4432e-02 +1.4863e+00 -1.7631e+00 +4.9853e-01
43 +7.122092615e+02 +7.122092615e+02 +6.938192615e+02 +6.938192615e+02 -1.0292e-01 +6.2841e-01 +6.5318e-01 -2.2465e+00 +6.1903e-01
49 +6.677822968e+02 +6.677822968e+02 +6.493922968e+02 +6.493922968e+02 -2.4625e-01 +2.9897e-01 +8.9416e-01 -2.5915e+00 -2.4387e-01
50 +6.257818524e+02 +6.257818524e+02 +6.073918524e+02 +6.073918524e+02 -3.0141e-01 -3.1486e-01 +1.8347e+00 -2.6896e+00 +6.1857e-01
55 +4.968089428e+02 +4.968089428e+02 +4.784189428e+02 +4.784189428e+02 -7.1187e-01 +4.7167e-01 +2.1748e+00 -2.6877e+00 +6.1577e-01
70 +4.764685007e+02 +4.764685007e+02 +4.580785007e+02 +4.580785007e+02 -6.0230e-01 -3.2300e-01 +2.7770e+00 -4.1138e+00 +2.3128e-01
75 +4.449677339e+02 +4.449677339e+02 +4.265777339e+02 +4.265777339e+02 +1.7816e-01 -6.1600e-03 +2.7571e+00 -3.2110e+00 +7.4134e-01
78 +4.050352816e+02 +4.050352816e+02 +3.866452816e+02 +3.866452816e+02 +9.2889e-01 +7.8458e-01 +3.4176e+00 -4.2469e+00 +9.2208e-01
92 +2.495878068e+02 +2.495878068e+02 +2.311978068e+02 +2.311978068e+02 +3.0110e-01 +1.9703e+00 +4.1003e+00 -2.2755e+00 -3.0119e-02
100 +1.945400479e+02 +1.945400479e+02 +1.761500479e+02 +1.761500479e+02 +3.9886e-01 +2.2276e+00 +3.6082e+00 -3.4549e+00 -1.9627e-01
103 +1.314117331e+02 +1.314117331e+02 +1.130217331e+02 +1.130217331e+02 +5.4496e-02 +1.6019e+00 +3.3919e+00 -3.4310e+00 -1.3832e-01
105 +1.236978493e+02 +1.236978493e+02 +1.053078493e+02 +1.053078493e+02 -4.3218e-01 +1.6724e+00 +3.2799e+00 -3.3998e+00 -5.1566e-01
119 +9.382525132e+01 +9.382525132e+01 +7.543525132e+01 +7.543525132e+01 -3.6288e-01 +2.5879e+00 +2.4952e+00 -3.8184e+00 +3.0359e-01
185 +4.023602801e+01 +4.023602801e+01 +2.184602801e+01 +2.184602801e+01 -1.5615e-01 +2.5763e+00 +1.9650e+00 -3.9034e+00 +1.0939e+00
269 +3.237430886e+01 +3.237430886e+01 +1.398430886e+01 +1.398430886e+01 -3.2038e-01 +2.4915e+00 +2.4399e+00 -3.8366e+00 +1.0513e+00
287 +2.952285491e+01 +2.952285491e+01 +1.113285491e+01 +1.113285491e+01 -1.4248e-01 +2.5512e+00 +1.9722e+00 -3.9047e+00 +1.2044e+00
288 +2.339813855e+01 +2.339813855e+01 +5.008138550e+00 +5.008138550e+00 -2.6929e-01 +2.6444e+00 +2.2070e+00 -3.8495e+00 +1.2067e+00
299 +1.746071735e+01 +1.746071735e+01 -9.292826502e-01 -9.292826502e-01 -2.4850e-01 +2.5567e+00 +2.1995e+00 -3.8960e+00 +1.2197e+00
308 +1.403029555e+01 +1.403029555e+01 -4.359704446e+00 -4.359704446e+00 -2.6456e-01 +2.5755e+00 +2.0882e+00 -3.9280e+00 +1.2838e+00
348 +1.222286096e+01 +1.222286096e+01 -6.167139042e+00 -6.167139042e+00 -2.8625e-01 +2.5090e+00 +2.1928e+00 -3.8260e+00 +1.1254e+00
352 +1.142358169e+01 +1.142358169e+01 -6.966418308e+00 -6.966418308e+00 -2.5559e-01 +2.5087e+00 +2.0291e+00 -3.9310e+00 +1.2400e+00
374 +6.817403836e+00 +6.817403836e+00 -1.157259616e+01 -1.157259616e+01 -2.6522e-01 +2.4941e+00 +2.2141e+00 -3.8421e+00 +1.1741e+00
394 +5.499821701e+00 +5.499821701e+00 -1.289017830e+01 -1.289017830e+01 -2.6373e-01 +2.5282e+00 +2.1848e+00 -3.8425e+00 +1.2315e+00
455 +4.777132726e+00 +4.777132726e+00 -1.361286727e+01 -1.361286727e+01 -2.6669e-01 +2.5074e+00 +2.2307e+00 -3.8165e+00 +1.1739e+00
476 +3.967005355e+00 +3.967005355e+00 -1.442299464e+01 -1.442299464e+01 -2.5506e-01 +2.4978e+00 +2.2474e+00 -3.8204e+00 +1.1723e+00
479 +3.590395194e+00 +3.590395194e+00 -1.479960481e+01 -1.479960481e+01 -2.4775e-01 +2.5190e+00 +2.2246e+00 -3.8221e+00 +1.2117e+00
482 +2.781120591e+00 +2.781120591e+00 -1.560887941e+01 -1.560887941e+01 -2.3845e-01 +2.5055e+00 +2.2367e+00 -3.8216e+00 +1.1845e+00
494 +2.207510665e+00 +2.207510665e+00 -1.618248933e+01 -1.618248933e+01 -2.5219e-01 +2.5006e+00 +2.2357e+00 -3.8122e+00 +1.1736e+00
501 +1.950306717e+00 +1.950306717e+00 -1.643969328e+01 -1.643969328e+01 -2.4350e-01 +2.5070e+00 +2.2382e+00 -3.8114e+00 +1.1853e+00
504 +1.643919062e+00 +1.643919062e+00 -1.674608094e+01 -1.674608094e+01 -2.4385e-01 +2.5101e+00 +2.2409e+00 -3.8152e+00 +1.1779e+00
513 +1.577352011e+00 +1.577352011e+00 -1.681264799e+01 -1.681264799e+01 -2.4694e-01 +2.5082e+00 +2.2199e+00 -3.8260e+00 +1.1907e+00
523 +1.012785136e+00 +1.012785136e+00 -1.737721486e+01 -1.737721486e+01 -2.4520e-01 +2.5148e+00 +2.2220e+00 -3.8206e+00 +1.1843e+00
541 +6.766378678e-01 +6.766378678e-01 -1.771336213e+01 -1.771336213e+01 -2.4501e-01 +2.5107e+00 +2.2061e+00 -3.8282e+00 +1.1876e+00
559 +6.632749575e-01 +6.632749575e-01 -1.772672504e+01 -1.772672504e+01 -2.4266e-01 +2.5109e+00 +2.2082e+00 -3.8264e+00 +1.1874e+00
566 +6.176772370e-01 +6.176772370e-01 -1.777232276e+01 -1.777232276e+01 -2.4191e-01 +2.5103e+00 +2.2113e+00 -3.8251e+00 +1.1877e+00
610 +5.718497745e-01 +5.718497745e-01 -1.781815023e+01 -1.781815023e+01 -2.4244e-01 +2.5133e+00 +2.2050e+00 -3.8275e+00 +1.1959e+00
611 +4.522815525e-01 +4.522815525e-01 -1.793771845e+01 -1.793771845e+01 -2.4403e-01 +2.5121e+00 +2.2045e+00 -3.8313e+00 +1.1928e+00
625 +4.353095452e-01 +4.353095452e-01 -1.795469045e+01 -1.795469045e+01 -2.4208e-01 +2.5135e+00 +2.2024e+00 -3.8313e+00 +1.1943e+00
633 +3.361483130e-01 +3.361483130e-01 -1.805385169e+01 -1.805385169e+01 -2.4299e-01 +2.5121e+00 +2.2013e+00 -3.8319e+00 +1.1939e+00
668 +2.479280506e-01 +2.479280506e-01 -1.814207195e+01 -1.814207195e+01 -2.4294e-01 +2.5147e+00 +2.1992e+00 -3.8321e+00 +1.1977e+00
681 +1.931486379e-01 +1.931486379e-01 -1.819685136e+01 -1.819685136e+01 -2.4357e-01 +2.5137e+00 +2.2022e+00 -3.8306e+00 +1.1972e+00
735 +1.708759806e-01 +1.708759806e-01 -1.821912402e+01 -1.821912402e+01 -2.4366e-01 +2.5129e+00 +2.2011e+00 -3.8314e+00 +1.1966e+00
741 +1.510405794e-01 +1.510405794e-01 -1.823895942e+01 -1.823895942e+01 -2.4301e-01 +2.5132e+00 +2.2000e+00 -3.8315e+00 +1.1967e+00
752 +1.308710435e-01 +1.308710435e-01 -1.825912896e+01 -1.825912896e+01 -2.4306e-01 +2.5134e+00 +2.2015e+00 -3.8310e+00 +1.1960e+00
763 +1.054701830e-01 +1.054701830e-01 -1.828452982e+01 -1.828452982e+01 -2.4292e-01 +2.5131e+00 +2.2006e+00 -3.8314e+00 +1.1967e+00
800 +9.391359339e-02 +9.391359339e-02 -1.829608641e+01 -1.829608641e+01 -2.4318e-01 +2.5131e+00 +2.2009e+00 -3.8314e+00 +1.1963e+00
813 +8.920187058e-02 +8.920187058e-02 -1.830079813e+01 -1.830079813e+01 -2.4312e-01 +2.5134e+00 +2.2011e+00 -3.8314e+00 +1.1966e+00
820 +8.580365382e-02 +8.580365382e-02 -1.830419635e+01 -1.830419635e+01 -2.4297e-01 +2.5134e+00 +2.2007e+00 -3.8314e+00 +1.1969e+00
828 +7.522714574e-02 +7.522714574e-02 -1.831477285e+01 -1.831477285e+01 -2.4329e-01 +2.5134e+00 +2.2004e+00 -3.8316e+00 +1.1970e+00
831 +7.186440837e-02 +7.186440837e-02 -1.831813559e+01 -1.831813559e+01 -2.4313e-01 +2.5133e+00 +2.2011e+00 -3.8314e+00 +1.1967e+00
844 +5.986614490e-02 +5.986614490e-02 -1.833013386e+01 -1.833013386e+01 -2.4321e-01 +2.5134e+00 +2.2009e+00 -3.8314e+00 +1.1970e+00
858 +5.881117449e-02 +5.881117449e-02 -1.833118883e+01 -1.833118883e+01 -2.4324e-01 +2.5133e+00 +2.2008e+00 -3.8314e+00 +1.1968e+00
863 +5.684963789e-02 +5.684963789e-02 -1.833315036e+01 -1.833315036e+01 -2.4314e-01 +2.5134e+00 +2.2008e+00 -3.8314e+00 +1.1969e+00
874 +5.374565894e-02 +5.374565894e-02 -1.833625434e+01 -1.833625434e+01 -2.4322e-01 +2.5133e+00 +2.2008e+00 -3.8314e+00 +1.1969e+00
875 +5.350893977e-02 +5.350893977e-02 -1.833649106e+01 -1.833649106e+01 -2.4317e-01 +2.5134e+00 +2.2008e+00 -3.8314e+00 +1.1969e+00
878 +5.038415647e-02 +5.038415647e-02 -1.833961584e+01 -1.833961584e+01 -2.4319e-01 +2.5133e+00 +2.2009e+00 -3.8314e+00 +1.1970e+00
880 +4.722320572e-02 +4.722320572e-02 -1.834277679e+01 -1.834277679e+01 -2.4319e-01 +2.5133e+00 +2.2008e+00 -3.8314e+00 +1.1969e+00
885 +4.610517406e-02 +4.610517406e-02 -1.834389483e+01 -1.834389483e+01 -2.4320e-01 +2.5133e+00 +2.2008e+00 -3.8314e+00 +1.1969e+00
888 +4.427287529e-02 +4.427287529e-02 -1.834572712e+01 -1.834572712e+01 -2.4315e-01 +2.5133e+00 +2.2008e+00 -3.8314e+00 +1.1970e+00
919 +4.184789632e-02 +4.184789632e-02 -1.834815210e+01 -1.834815210e+01 -2.4317e-01 +2.5133e+00 +2.2008e+00 -3.8314e+00 +1.1969e+00
930 +4.040160826e-02 +4.040160826e-02 -1.834959839e+01 -1.834959839e+01 -2.4317e-01 +2.5133e+00 +2.2008e+00 -3.8314e+00 +1.1969e+00
954 +3.902483794e-02 +3.902483794e-02 -1.835097516e+01 -1.835097516e+01 -2.4317e-01 +2.5133e+00 +2.2008e+00 -3.8314e+00 +1.1969e+00
975 +3.831797859e-02 +3.831797859e-02 -1.835168202e+01 -1.835168202e+01 -2.4317e-01 +2.5133e+00 +2.2008e+00 -3.8314e+00 +1.1970e+00
979 +3.790316399e-02 +3.790316399e-02 -1.835209684e+01 -1.835209684e+01 -2.4317e-01 +2.5133e+00 +2.2008e+00 -3.8314e+00 +1.1969e+00
1107 +3.704284692e-02 +3.704284692e-02 -1.835295715e+01 -1.835295715e+01 -2.4317e-01 +2.5133e+00 +2.2008e+00 -3.8314e+00 +1.1969e+00
% function evaluation | noise-free fitness - Fopt (1.426600000000e+02) | best noise-free fitness - Fopt | measured fitness | best measured fitness | x1 | x2...
1 +1.262109310e+03 +1.262109310e+03 +1.404769310e+03 +1.404769310e+03 +0.0000e+00 +0.0000e+00 +0.0000e+00 +0.0000e+00 +0.0000e+00
2 +1.166080347e+03 +1.166080347e+03 +1.308740347e+03 +1.308740347e+03 -1.3664e-01 +2.8978e-02 -3.1424e-01 -4.0379e-01 -9.8019e-02
11 +1.147809542e+03 +1.147809542e+03 +1.290469542e+03 +1.290469542e+03 -6.5965e-03 +2.3909e-01 -3.1116e-01 -2.4669e-01 -5.6453e-02
13 +1.117019216e+03 +1.117019216e+03 +1.259679216e+03 +1.259679216e+03 -3.9837e-01 +1.2388e-01 -5.0155e-01 -2.3858e-01 -1.8527e-01
18 +1.046979419e+03 +1.046979419e+03 +1.189639419e+03 +1.189639419e+03 -3.6957e-01 +3.4655e-01 -3.5844e-01 -2.5010e-01 +3.8646e-01
20 +1.014142046e+03 +1.014142046e+03 +1.156802046e+03 +1.156802046e+03 -9.0462e-01 +2.5726e-01 -6.0478e-01 -1.2514e-01 +1.5735e-01
26 +9.768699697e+02 +9.768699697e+02 +1.119529970e+03 +1.119529970e+03 -4.3848e-01 +1.7142e-01 -1.0293e+00 -1.1625e-01 +3.5321e-01
28 +9.349705559e+02 +9.349705559e+02 +1.077630556e+03 +1.077630556e+03 -8.4418e-01 +2.2451e-01 -9.9741e-01 -2.1915e-01 +3.5364e-01
35 +9.045292267e+02 +9.045292267e+02 +1.047189227e+03 +1.047189227e+03 +1.6505e-02 +3.0761e-01 -1.2013e+00 -6.8167e-01 +4.1894e-01
42 +7.870691884e+02 +7.870691884e+02 +9.297291884e+02 +9.297291884e+02 +2.5789e-02 +3.1135e-01 -1.5649e+00 -7.3378e-01 +1.1067e+00
46 +7.720760334e+02 +7.720760334e+02 +9.147360334e+02 +9.147360334e+02 -1.8757e-01 +3.0352e-01 -1.8067e+00 -6.9676e-01 +8.0438e-01
50 +7.519796900e+02 +7.519796900e+02 +8.946396900e+02 +8.946396900e+02 -5.1239e-01 +2.7839e-01 -2.8091e+00 -1.4243e-01 +7.8394e-01
51 +6.695511995e+02 +6.695511995e+02 +8.122111995e+02 +8.122111995e+02 -1.8714e-01 +6.9159e-01 -2.4800e+00 -5.2174e-01 +7.9207e-01
58 +5.912438993e+02 +5.912438993e+02 +7.339038993e+02 +7.339038993e+02 -8.1657e-02 +8.8712e-01 -3.0494e+00 -1.4011e+00 +1.6631e-01
69 +5.569815877e+02 +5.569815877e+02 +6.996415877e+02 +6.996415877e+02 -1.6645e-01 +7.5597e-01 -2.6080e+00 -1.9507e+00 +3.8505e-01
71 +4.966798754e+02 +4.966798754e+02 +6.393398754e+02 +6.393398754e+02 -1.4325e+00 +1.0769e+00 -1.6797e+00 -1.6364e+00 +1.3382e+00
73 +4.720712107e+02 +4.720712107e+02 +6.147312107e+02 +6.147312107e+02 -1.8288e-02 +1.0042e+00 -2.9134e+00 -2.9814e+00 +6.1548e-01
76 +3.306120741e+02 +3.306120741e+02 +4.732720741e+02 +4.732720741e+02 -8.4947e-01 +2.0609e+00 -2.2750e+00 -1.8388e+00 +4.3705e-01
84 +3.177524078e+02 +3.177524078e+02 +4.604124078e+02 +4.604124078e+02 -2.1780e+00 +2.3640e+00 -1.3249e+00 -1.7946e+00 +9.6515e-01
88 +2.381168737e+02 +2.381168737e+02 +3.807768737e+02 +3.807768737e+02 +2.1888e-01 +2.8052e+00 -2.1321e+00 -1.6079e+00 +1.5596e+00
100 +1.301026313e+02 +1.301026313e+02 +2.727626313e+02 +2.727626313e+02 -4.7738e-01 +3.5546e+00 -2.0031e+00 -2.3472e+00 +7.4293e-01
168 +8.780091141e+01 +8.780091141e+01 +2.304609114e+02 +2.304609114e+02 -1.7464e+00 +4.3889e+00 -6.4432e-01 -2.4312e-02 +2.8949e+00
206 +6.970389655e+01 +6.970389655e+01 +2.123638966e+02 +2.123638966e+02 -1.8017e+00 +4.0548e+00 -4.7793e-01 -1.3560e-01 +2.7141e+00
212 +6.219202867e+01 +6.219202867e+01 +2.048520287e+02 +2.048520287e+02 -2.1714e+00 +3.9482e+00 -4.0533e-01 -1.5021e-01 +2.8660e+00
214 +3.202044364e+01 +3.202044364e+01 +1.746804436e+02 +1.746804436e+02 -1.6349e+00 +3.9860e+00 -6.9401e-01 -4.4652e-01 +2.6949e+00
223 +2.822463291e+01 +2.822463291e+01 +1.708846329e+02 +1.708846329e+02 -1.8274e+00 +4.1544e+00 -6.8909e-01 -4.3831e-01 +2.6288e+00
238 +2.293603290e+01 +2.293603290e+01 +1.655960329e+02 +1.655960329e+02 -1.7379e+00 +4.0335e+00 -7.1078e-01 -4.6379e-01 +2.7116e+00
252 +1.687796888e+01 +1.687796888e+01 +1.595379689e+02 +1.595379689e+02 -1.7371e+00 +4.0455e+00 -7.8221e-01 -4.6604e-01 +2.5164e+00
280 +1.646845656e+01 +1.646845656e+01 +1.591284566e+02 +1.591284566e+02 -1.7667e+00 +4.0065e+00 -7.0748e-01 -5.2944e-01 +2.5601e+00
311 +6.112662251e+00 +6.112662251e+00 +1.487726623e+02 +1.487726623e+02 -1.8504e+00 +4.0021e+00 -7.1185e-01 -4.2472e-01 +2.5784e+00
423 +3.371854686e+00 +3.371854686e+00 +1.460318547e+02 +1.460318547e+02 -1.7908e+00 +4.0038e+00 -7.4588e-01 -5.1080e-01 +2.5016e+00
483 +3.138264326e+00 +3.138264326e+00 +1.457982643e+02 +1.457982643e+02 -1.7972e+00 +4.0051e+00 -7.4628e-01 -4.9114e-01 +2.5076e+00
490 +2.114132112e+00 +2.114132112e+00 +1.447741321e+02 +1.447741321e+02 -1.8029e+00 +4.0111e+00 -7.4272e-01 -4.8867e-01 +2.5173e+00
532 +1.972150916e+00 +1.972150916e+00 +1.446321509e+02 +1.446321509e+02 -1.7951e+00 +4.0085e+00 -7.4925e-01 -5.0593e-01 +2.5036e+00
546 +1.804719022e+00 +1.804719022e+00 +1.444647190e+02 +1.444647190e+02 -1.7924e+00 +4.0082e+00 -7.5138e-01 -5.0569e-01 +2.5065e+00
551 +1.624742505e+00 +1.624742505e+00 +1.442847425e+02 +1.442847425e+02 -1.7909e+00 +4.0077e+00 -7.4849e-01 -5.0275e-01 +2.5082e+00
566 +1.315559999e+00 +1.315559999e+00 +1.439755600e+02 +1.439755600e+02 -1.7929e+00 +4.0063e+00 -7.5070e-01 -5.0177e-01 +2.5085e+00
578 +1.262075472e+00 +1.262075472e+00 +1.439220755e+02 +1.439220755e+02 -1.7916e+00 +4.0081e+00 -7.5038e-01 -5.0147e-01 +2.5085e+00
613 +1.217528789e+00 +1.217528789e+00 +1.438775288e+02 +1.438775288e+02 -1.7916e+00 +4.0067e+00 -7.5044e-01 -5.0186e-01 +2.5095e+00
632 +1.152436353e+00 +1.152436353e+00 +1.438124364e+02 +1.438124364e+02 -1.7898e+00 +4.0073e+00 -7.5084e-01 -5.0255e-01 +2.5078e+00
642 +1.140841072e+00 +1.140841072e+00 +1.438008411e+02 +1.438008411e+02 -1.7898e+00 +4.0067e+00 -7.5116e-01 -5.0289e-01 +2.5081e+00
692 +1.119227653e+00 +1.119227653e+00 +1.437792277e+02 +1.437792277e+02 -1.7896e+00 +4.0067e+00 -7.5180e-01 -5.0383e-01 +2.5066e+00
762 +1.087001814e+00 +1.087001814e+00 +1.437470018e+02 +1.437470018e+02 -1.7898e+00 +4.0071e+00 -7.5133e-01 -5.0346e-01 +2.5065e+00
788 +1.070370478e+00 +1.070370478e+00 +1.437303705e+02 +1.437303705e+02 -1.7897e+00 +4.0068e+00 -7.5164e-01 -5.0376e-01 +2.5063e+00
898 +1.040187388e+00 +1.040187388e+00 +1.437001874e+02 +1.437001874e+02 -1.7896e+00 +4.0067e+00 -7.5160e-01 -5.0353e-01 +2.5064e+00
% function evaluation | noise-free fitness - Fopt (2.190000000000e+01) | best noise-free fitness - Fopt | measured fitness | best measured fitness | x1 | x2...
1 +9.160500102e+02 +9.160500102e+02 +9.379500102e+02 +9.379500102e+02 +0.0000e+00 +0.0000e+00 +0.0000e+00 +0.0000e+00 +0.0000e+00
2 +8.561265190e+02 +8.561265190e+02 +8.780265190e+02 +8.780265190e+02 -2.8240e-02 -2.3101e-04 +3.9462e-01 -3.1456e-01 -5.7005e-02
10 +7.672843043e+02 +7.672843043e+02 +7.891843043e+02 +7.891843043e+02 +4.7514e-01 -3.1043e-01 +6.3870e-01 +2.0100e-02 +2.2395e-01
19 +7.054230841e+02 +7.054230841e+02 +7.273230841e+02 +7.273230841e+02 +4.4302e-01 -6.6708e-01 +9.4616e-01 +4.1110e-01 -9.4160e-02
22 +6.583486215e+02 +6.583486215e+02 +6.802486215e+02 +6.802486215e+02 +1.7486e-01 -7.7988e-01 +1.1140e+00 +1.7040e-01 +4.9307e-03
28 +6.223505314e+02 +6.223505314e+02 +6.442505314e+02 +6.442505314e+02 +6.7739e-01 -9.0928e-01 +1.6443e+00 +1.5735e-01 -3.4109e-01
33 +6.162628419e+02 +6.162628419e+02 +6.381628419e+02 +6.381628419e+02 +1.2652e+00 -1.8771e-01 +2.0075e+00 +2.8320e-01 +1.3193e-01
36 +3.782471305e+02 +3.782471305e+02 +4.001471305e+02 +4.001471305e+02 +1.2044e+00 -1.2449e+00 +3.1297e+00 +7.4240e-01 +3.6644e-01
43 +3.668940555e+02 +3.668940555e+02 +3.887940555e+02 +3.887940555e+02 +2.4958e+00 -2.3312e+00 +2.6597e+00 +3.0749e-01 +5.5734e-01
59 +3.344074692e+02 +3.344074692e+02 +3.563074692e+02 +3.563074692e+02 +2.4005e+00 -2.8016e+00 +2.8484e+00 +4.1111e-01 +9.3702e-01
75 +1.970730903e+02 +1.970730903e+02 +2.189730903e+02 +2.189730903e+02 +3.1589e+00 -1.2799e+00 +4.4232e+00 +1.9068e-01 +2.8248e+00
85 +1.829087229e+02 +1.829087229e+02 +2.048087229e+02 +2.048087229e+02 +2.1633e+00 -2.3629e+00 +3.8672e+00 -4.1704e-01 +2.8058e+00
92 +1.370042136e+02 +1.370042136e+02 +1.589042136e+02 +1.589042136e+02 +1.9870e+00 -2.2300e+00 +3.5160e+00 +1.1334e-01 +1.7959e+00
142 +1.194095192e+02 +1.194095192e+02 +1.413095192e+02 +1.413095192e+02 +2.0719e+00 -1.8696e+00 +3.5819e+00 +3.1671e-01 +2.2974e+00
146 +1.128940936e+02 +1.128940936e+02 +1.347940936e+02 +1.347940936e+02 +1.3967e+00 -1.6093e+00 +3.1805e+00 +3.7234e-02 +2.2994e+00
162 +6.796215738e+01 +6.796215738e+01 +8.986215738e+01 +8.986215738e+01 +1.4625e+00 -1.9611e+00 +3.5049e+00 -1.5208e-02 +2.2874e+00
194 +3.875555648e+01 +3.875555648e+01 +6.065555648e+01 +6.065555648e+01 +1.6868e+00 -1.8198e+00 +3.4287e+00 -1.9004e-01 +2.3196e+00
416 +3.695846214e+01 +3.695846214e+01 +5.885846214e+01 +5.885846214e+01 +1.4259e+00 -1.9429e+00 +3.3458e+00 -5.4493e-02 +2.1858e+00
549 +3.624027840e+01 +3.624027840e+01 +5.814027840e+01 +5.814027840e+01 +1.4068e+00 -1.9535e+00 +3.3462e+00 -8.0096e-03 +2.1502e+00
607 +3.516290026e+01 +3.516290026e+01 +5.706290026e+01 +5.706290026e+01 +1.4096e+00 -1.9463e+00 +3.3486e+00 -1.2183e-02 +2.1532e+00
% function evaluation | noise-free fitness - Fopt (-3.787000000000e+01) | best noise-free fitness - Fopt | measured fitness | best measured fitness | x1 | x2...
1 +1.414295802e+03 +1.414295802e+03 +1.376425802e+03 +1.376425802e+03 +0.0000e+00 +0.0000e+00 +0.0000e+00 +0.0000e+00 +0.0000e+00
4 +1.389815601e+03 +1.389815601e+03 +1.351945601e+03 +1.351945601e+03 -1.0361e-02 +8.2415e-02 +2.2856e-01 +2.2145e-01 +3.7172e-01
7 +1.361627032e+03 +1.361627032e+03 +1.323757032e+03 +1.323757032e+03 -6.2023e-02 -3.7507e-03 +4.8204e-01 +9.8563e-02 -1.3207e-01
10 +1.346775906e+03 +1.346775906e+03 +1.308905906e+03 +1.308905906e+03 -5.3769e-02 +2.0232e-02 +4.6359e-01 +1.4331e-01 +2.5567e-01
15 +1.282514140e+03 +1.282514140e+03 +1.244644140e+03 +1.244644140e+03 +2.6588e-01 -2.0774e-01 +3.8444e-01 -1.0548e-01 -1.6716e-01
18 +1.248324358e+03 +1.248324358e+03 +1.210454358e+03 +1.210454358e+03 +1.9819e-01 +9.4697e-03 +9.6302e-01 -8.0984e-02 -4.7516e-01
25 +1.002650392e+03 +1.002650392e+03 +9.647803924e+02 +9.647803924e+02 +6.3848e-01 -7.5918e-01 +1.1374e+00 -4.3241e-01 -2.3611e-01
26 +9.591501538e+02 +9.591501538e+02 +9.212801538e+02 +9.212801538e+02 +5.1666e-01 -6.5140e-01 +1.6415e+00 -4.1966e-01 -3.8583e-01
33 +9.112602012e+02 +9.112602012e+02 +8.733902012e+02 +8.733902012e+02 +4.3241e-01 -6.6273e-01 +1.7029e+00 -8.6408e-01 -3.9884e-01
34 +8.850334819e+02 +8.850334819e+02 +8.471634819e+02 +8.471634819e+02 +5.3863e-01 -1.0780e+00 +1.7571e+00 -7.3941e-01 -8.2884e-01
35 +5.642417815e+02 +5.642417815e+02 +5.263717815e+02 +5.263717815e+02 +1.0786e+00 -1.7463e+00 +2.5668e+00 -1.1881e+00 -7.3016e-01
45 +4.816800834e+02 +4.816800834e+02 +4.438100834e+02 +4.438100834e+02 -4.9937e-01 -7.9279e-01 +4.2725e+00 -2.2579e+00 -1.1917e-01
47 +1.997943738e+02 +1.997943738e+02 +1.619243738e+02 +1.619243738e+02 +1.7661e+00 -4.4124e-01 +4.6146e+00 -1.4375e+00 -1.2745e-01
57 +1.937634699e+02 +1.937634699e+02 +1.558934699e+02 +1.558934699e+02 +3.6166e+00 -8.9949e-01 +4.6954e+00 -6.1680e-01 -4.1766e-02
85 +1.481927377e+02 +1.481927377e+02 +1.103227377e+02 +1.103227377e+02 +1.4916e+00 -7.1757e-01 +5.0340e+00 -2.2435e+00 -3.5279e-02
113 +1.254896426e+02 +1.254896426e+02 +8.761964258e+01 +8.761964258e+01 +2.9935e+00 -1.6705e-02 +3.9304e+00 -1.8556e+00 +1.0781e+00
144 +1.005321772e+02 +1.005321772e+02 +6.266217720e+01 +6.266217720e+01 +2.7336e+00 -8.3152e-01 +3.9195e+00 -1.8981e+00 -2.1094e-02
160 +8.514107135e+01 +8.514107135e+01 +4.727107135e+01 +4.727107135e+01 +2.9126e+00 -9.0093e-01 +4.1486e+00 -1.4002e+00 -1.6623e-01
178 +6.472744103e+01 +6.472744103e+01 +2.685744103e+01 +2.685744103e+01 +4.0654e+00 -5.5493e-01 +3.5413e+00 -1.0031e+00 +5.0253e-01
208 +6.343438475e+01 +6.343438475e+01 +2.556438475e+01 +2.556438475e+01 +3.7630e+00 -4.9231e-01 +3.5893e+00 -1.3075e+00 +4.0881e-02
240 +6.119260611e+01 +6.119260611e+01 +2.332260611e+01 +2.332260611e+01 +3.3356e+00 -7.3154e-01 +4.1883e+00 -1.4647e+00 +1.5226e-02
257 +3.480069278e+01 +3.480069278e+01 -3.069307223e+00 -3.069307223e+00 +3.6914e+00 -6.7946e-01 +3.8700e+00 -1.4257e+00 +2.4192e-02
262 +3.272284946e+01 +3.272284946e+01 -5.147150542e+00 -5.147150542e+00 +3.9106e+00 -7.6497e-01 +3.6177e+00 -1.3642e+00 -6.9801e-02
442 +3.109248502e+01 +3.109248502e+01 -6.777514981e+00 -6.777514981e+00 +4.5866e+00 -1.1005e+00 +3.1960e+00 -9.3884e-01 -1.7860e-01
455 +2.923608128e+01 +2.923608128e+01 -8.633918720e+00 -8.633918720e+00 +4.6155e+00 -1.1079e+00 +3.1590e+00 -8.9239e-01 -1.7983e-01
470 +2.525927808e+01 +2.525927808e+01 -1.261072192e+01 -1.261072192e+01 +4.7606e+00 -1.0468e+00 +3.0316e+00 -9.1528e-01 -1.5762e-01
479 +2.212334526e+01 +2.212334526e+01 -1.574665474e+01 -1.574665474e+01 +4.7112e+00 -1.0552e+00 +3.0818e+00 -9.2830e-01 -1.4301e-01
501 +1.968315981e+01 +1.968315981e+01 -1.818684019e+01 -1.818684019e+01 +4.6421e+00 -1.0182e+00 +3.1009e+00 -9.1841e-01 -9.9796e-02
507 +1.884524573e+01 +1.884524573e+01 -1.902475427e+01 -1.902475427e+01 +4.7056e+00 -1.0256e+00 +3.1103e+00 -9.1205e-01 -5.8228e-02
538 +1.754101931e+01 +1.754101931e+01 -2.032898069e+01 -2.032898069e+01 +4.6967e+00 -9.8990e-01 +3.1068e+00 -9.1127e-01 -2.6197e-02
553 +1.699697370e+01 +1.699697370e+01 -2.087302630e+01 -2.087302630e+01 +4.6886e+00 -9.8508e-01 +3.1498e+00 -9.1668e-01 -4.6344e-02
557 +1.697370884e+01 +1.697370884e+01 -2.089629116e+01 -2.089629116e+01 +4.6827e+00 -9.4235e-01 +3.1462e+00 -9.1505e-01 -2.2479e-02
565 +1.241109513e+01 +1.241109513e+01 -2.545890487e+01 -2.545890487e+01 +4.6279e+00 -9.6732e-01 +3.1761e+00 -9.2791e-01 -5.0341e-02
641 +1.213747212e+01 +1.213747212e+01 -2.573252788e+01 -2.573252788e+01 +4.5327e+00 -9.3398e-01 +3.2376e+00 -9.6317e-01 -8.1976e-03
677 +1.015796602e+01 +1.015796602e+01 -2.771203398e+01 -2.771203398e+01 +4.5086e+00 -9.3313e-01 +3.2316e+00 -9.7314e-01 -1.4892e-02
696 +9.685689254e+00 +9.685689254e+00 -2.818431075e+01 -2.818431075e+01 +4.5193e+00 -9.2911e-01 +3.2351e+00 -9.7985e-01 -1.3815e-02
766 +8.547246675e+00 +8.547246675e+00 -2.932275332e+01 -2.932275332e+01 +4.5034e+00 -9.2769e-01 +3.2377e+00 -9.8326e-01 -1.9070e-02
809 +8.401214875e+00 +8.401214875e+00 -2.946878512e+01 -2.946878512e+01 +4.5043e+00 -9.2404e-01 +3.2379e+00 -9.8635e-01 -1.9729e-02
814 +8.289224706e+00 +8.289224706e+00 -2.958077529e+01 -2.958077529e+01 +4.5117e+00 -9.2570e-01 +3.2379e+00 -9.8401e-01 -1.9475e-02
907 +8.100751005e+00 +8.100751005e+00 -2.976924899e+01 -2.976924899e+01 +4.5097e+00 -9.2755e-01 +3.2364e+00 -9.8296e-01 -1.9186e-02
1022 +7.913378542e+00 +7.913378542e+00 -2.995662146e+01 -2.995662146e+01 +4.5111e+00 -9.2730e-01 +3.2362e+00 -9.8283e-01 -2.0145e-02
