% function evaluation | noise-free fitness - Fopt (-6.211100000000e+02) | best noise-free fitness - Fopt | measured fitness | best measured fitness | x1 | x2...
1 +3.275825074e+07 +3.275825074e+07 +3.275762963e+07 +3.275762963e+07 +0.0000e+00 +0.0000e+00 +0.0000e+00 +0.0000e+00 +0.0000e+00
4 +3.070771935e+07 +3.070771935e+07 +3.070709824e+07 +3.070709824e+07 +2.8816e-01 +6.1674e-02 -1.9737e-01 -2.6159e-01 +1.9519e-01
13 +2.989174223e+07 +2.989174223e+07 +2.989112112e+07 +2.989112112e+07 +7.0305e-02 +5.5549e-03 -1.6682e-01 -2.9426e-01 -1.5112e-01
20 +2.910735367e+07 +2.910735367e+07 +2.910673256e+07 +2.910673256e+07 -8.2284e-02 +4.5429e-02 -3.7526e-01 -3.2988e-01 +2.5083e-02
24 +2.833669897e+07 +2.833669897e+07 +2.833607786e+07 +2.833607786e+07 -1.8757e-01 +6.3731e-02 -1.6198e-01 -4.5513e-01 +1.6601e-01
27 +2.764476526e+07 +2.764476526e+07 +2.764414415e+07 +2.764414415e+07 -2.0101e-01 -7.7075e-02 -8.3011e-02 -7.5968e-01 +2.5020e-01
28 +2.494040403e+07 +2.494040403e+07 +2.493978292e+07 +2.493978292e+07 -7.3324e-03 +4.7505e-02 -6.6953e-02 -9.3576e-01 -2.4032e-01
37 +2.056425596e+07 +2.056425596e+07 +2.056363485e+07 +2.056363485e+07 +4.4382e-02 +3.6573e-01 -1.6274e-01 -1.2616e+00 -8.1552e-01
46 +1.718428970e+07 +1.718428970e+07 +1.718366859e+07 +1.718366859e+07 -1.2677e-01 +7.1463e-01 -7.1562e-02 -1.3973e+00 -8.0374e-01
51 +1.167264531e+07 +1.167264531e+07 +1.167202420e+07 +1.167202420e+07 -2.9961e-01 +1.2741e+00 +3.5951e-01 -1.8583e+00 -8.5094e-02
58 +7.581590590e+06 +7.581590590e+06 +7.580969480e+06 +7.580969480e+06 +6.3055e-01 +1.9661e+00 -6.4688e-01 -2.9525e+00 -4.1707e-01
60 +6.797910323e+06 +6.797910323e+06 +6.797289213e+06 +6.797289213e+06 -7.0691e-01 +1.6097e+00 +1.9118e-01 -2.8083e+00 -9.7447e-01
67 +6.315263874e+06 +6.315263874e+06 +6.314642764e+06 +6.314642764e+06 -4.7905e-01 +1.6215e+00 +4.3844e-02 -3.0456e+00 -6.5677e-01
71 +4.994668716e+06 +4.994668716e+06 +4.994047606e+06 +4.994047606e+06 -1.1893e-01 +2.3820e+00 +2.2640e-01 -2.7460e+00 +4.7458e-01
81 +3.179237803e+06 +3.179237803e+06 +3.178616693e+06 +3.178616693e+06 -5.5702e-01 +2.8190e+00 -7.5391e-01 -3.3411e+00 +3.9021e-01
85 +2.766671816e+06 +2.766671816e+06 +2.766050706e+06 +2.766050706e+06 -2.9680e-01 +2.4604e+00 +3.9722e-01 -3.4033e+00 -4.3490e-02
93 +6.312135425e+05 +6.312135425e+05 +6.305924325e+05 +6.305924325e+05 -1.0903e+00 +3.3978e+00 -2.4159e-01 -4.1539e+00 -3.8396e-01
137 +5.944777617e+05 +5.944777617e+05 +5.938566517e+05 +5.938566517e+05 -4.3190e-01 +3.7901e+00 -1.4233e-01 -4.0918e+00 -6.5795e-02
147 +4.373523827e+05 +4.373523827e+05 +4.367312727e+05 +4.367312727e+05 -3.0349e-01 +4.1431e+00 +3.8718e-01 -3.9610e+00 -3.5846e-02
150 +3.240928466e+05 +3.240928466e+05 +3.234717366e+05 +3.234717366e+05 -6.8451e-01 +3.9133e+00 -1.6398e-01 -3.4365e+00 -1.9149e-01
157 +6.113681026e+04 +6.113681026e+04 +6.051570026e+04 +6.051570026e+04 -7.3436e-01 +3.9808e+00 +1.1306e-01 -3.6083e+00 -6.4599e-01
217 +1.645781548e+04 +1.645781548e+04 +1.583670548e+04 +1.583670548e+04 -7.8197e-01 +3.9831e+00 +3.5539e-02 -3.7403e+00 -5.6023e-01
261 +1.314729904e+04 +1.314729904e+04 +1.252618904e+04 +1.252618904e+04 -8.0077e-01 +3.9890e+00 +3.7082e-02 -3.7181e+00 -5.4741e-01
265 +7.394049051e+03 +7.394049051e+03 +6.772939051e+03 +6.772939051e+03 -8.9338e-01 +4.0546e+00 -2.0123e-02 -3.6576e+00 -5.8122e-01
296 +7.090242279e+03 +7.090242279e+03 +6.469132279e+03 +6.469132279e+03 -9.1560e-01 +4.0981e+00 -2.2977e-02 -3.7021e+00 -6.5010e-01
297 +2.531586183e+03 +2.531586183e+03 +1.910476183e+03 +1.910476183e+03 -9.3853e-01 +4.0112e+00 -5.5285e-02 -3.7730e+00 -6.0231e-01
302 +6.079011716e+02 +6.079011716e+02 -1.320882839e+01 -1.320882839e+01 -9.0693e-01 +4.0339e+00 -2.1786e-02 -3.7601e+00 -5.8914e-01
364 +4.509605078e+02 +4.509605078e+02 -1.701494922e+02 -1.701494922e+02 -9.0594e-01 +4.0412e+00 -7.2363e-02 -3.7257e+00 -6.1465e-01
384 +3.292201061e+02 +3.292201061e+02 -2.918898939e+02 -2.918898939e+02 -9.3587e-01 +4.0517e+00 -6.2500e-02 -3.7178e+00 -6.0588e-01
403 +1.594715759e+02 +1.594715759e+02 -4.616384241e+02 -4.616384241e+02 -9.2704e-01 +4.0341e+00 -1.0056e-01 -3.7194e+00 -6.1981e-01
419 +1.484096495e+02 +1.484096495e+02 -4.727003505e+02 -4.727003505e+02 -9.2770e-01 +4.0454e+00 -8.6824e-02 -3.7364e+00 -6.0637e-01
423 +9.138103351e+01 +9.138103351e+01 -5.297289665e+02 -5.297289665e+02 -9.2465e-01 +4.0431e+00 -8.5589e-02 -3.7268e+00 -6.1510e-01
432 +6.691806973e+01 +6.691806973e+01 -5.541919303e+02 -5.541919303e+02 -9.2875e-01 +4.0380e+00 -6.4325e-02 -3.7333e+00 -6.0114e-01
436 +6.158644430e+01 +6.158644430e+01 -5.595235557e+02 -5.595235557e+02 -9.1924e-01 +4.0402e+00 -7.6799e-02 -3.7323e+00 -6.0239e-01
476 +4.852424981e+01 +4.852424981e+01 -5.725857502e+02 -5.725857502e+02 -9.2700e-01 +4.0345e+00 -7.3520e-02 -3.7310e+00 -5.9240e-01
485 +2.414139364e+01 +2.414139364e+01 -5.969686064e+02 -5.969686064e+02 -9.2004e-01 +4.0394e+00 -6.8392e-02 -3.7288e+00 -5.9510e-01
491 +1.328875972e+01 +1.328875972e+01 -6.078212403e+02 -6.078212403e+02 -9.2804e-01 +4.0374e+00 -6.7511e-02 -3.7297e+00 -5.9718e-01
543 +8.874786772e+00 +8.874786772e+00 -6.122352132e+02 -6.122352132e+02 -9.2964e-01 +4.0400e+00 -8.3101e-02 -3.7243e+00 -6.0297e-01
549 +3.455929311e+00 +3.455929311e+00 -6.176540707e+02 -6.176540707e+02 -9.2725e-01 +4.0405e+00 -7.5288e-02 -3.7265e+00 -6.0044e-01
586 +3.368407153e+00 +3.368407153e+00 -6.177415928e+02 -6.177415928e+02 -9.2688e-01 +4.0400e+00 -8.0581e-02 -3.7258e+00 -6.0078e-01
588 +3.165133190e-01 +3.165133190e-01 -6.207934867e+02 -6.207934867e+02 -9.2702e-01 +4.0416e+00 -7.9810e-02 -3.7261e+00 -6.0094e-01
676 +2.832087018e-01 +2.832087018e-01 -6.208267913e+02 -6.208267913e+02 -9.2744e-01 +4.0421e+00 -8.0275e-02 -3.7260e+00 -6.0064e-01
691 +1.121608683e-01 +1.121608683e-01 -6.209978391e+02 -6.209978391e+02 -9.2742e-01 +4.0417e+00 -8.0092e-02 -3.7261e+00 -6.0073e-01
713 +1.012472220e-01 +1.012472220e-01 -6.210087528e+02 -6.210087528e+02 -9.2735e-01 +4.0418e+00 -8.0456e-02 -3.7262e+00 -6.0088e-01
717 +9.523067286e-02 +9.523067286e-02 -6.210147693e+02 -6.210147693e+02 -9.2756e-01 +4.0418e+00 -8.0432e-02 -3.7262e+00 -6.0083e-01
774 +9.062316260e-02 +9.062316260e-02 -6.210193768e+02 -6.210193768e+02 -9.2742e-01 +4.0417e+00 -8.0370e-02 -3.7262e+00 -6.0075e-01
807 +8.846342053e-02 +8.846342053e-02 -6.210215366e+02 -6.210215366e+02 -9.2749e-01 +4.0418e+00 -8.0452e-02 -3.7262e+00 -6.0085e-01
% function evaluation | noise-free fitness - Fopt (-2.548200000000e+02) | best noise-free fitness - Fopt | measured fitness | best measured fitness | x1 | x2...
1 +1.522761725e+08 +1.522761725e+08 +1.522759177e+08 +1.522759177e+08 +0.0000e+00 +0.0000e+00 +0.0000e+00 +0.0000e+00 +0.0000e+00
4 +1.407645030e+08 +1.407645030e+08 +1.407642482e+08 +1.407642482e+08 +1.3331e-03 +1.3065e-01 -2.2446e-01 +1.3223e-03 -3.3196e-03
7 +1.049260827e+08 +1.049260827e+08 +1.049258279e+08 +1.049258279e+08 -6.2989e-02 +2.9920e-02 -4.1442e-01 -1.8253e-01 -4.7526e-01
12 +9.746540623e+07 +9.746540623e+07 +9.746515141e+07 +9.746515141e+07 +1.4326e-01 +1.4115e-01 -3.9100e-01 +6.0998e-02 -5.3883e-01
17 +8.787780889e+07 +8.787780889e+07 +8.787755407e+07 +8.787755407e+07 +3.8929e-01 +1.0397e-01 -4.3249e-01 -3.0410e-01 -4.3675e-01
18 +6.972088272e+07 +6.972088272e+07 +6.972062790e+07 +6.972062790e+07 +5.8635e-01 -2.1560e-01 -5.5433e-01 -1.3838e-01 -9.4486e-01
27 +6.695230860e+07 +6.695230860e+07 +6.695205378e+07 +6.695205378e+07 +8.1815e-01 +5.5853e-01 -5.4935e-01 -1.4754e-01 -4.3551e-01
28 +4.906496596e+07 +4.906496596e+07 +4.906471114e+07 +4.906471114e+07 +5.3689e-01 +2.8540e-01 +9.2144e-02 -9.6733e-02 -1.4492e+00
35 +3.429665396e+07 +3.429665396e+07 +3.429639914e+07 +3.429639914e+07 +6.4363e-01 +1.5797e-01 -5.2567e-02 -8.5759e-02 -2.0179e+00
38 +3.074831244e+07 +3.074831244e+07 +3.074805762e+07 +3.074805762e+07 +8.2809e-02 +6.3320e-01 -9.5687e-01 -3.5280e-01 -2.0006e+00
41 +2.791089169e+07 +2.791089169e+07 +2.791063687e+07 +2.791063687e+07 +3.7909e-01 +3.4469e-01 +4.1782e-01 -7.7212e-01 -2.3078e+00
42 +2.528755419e+07 +2.528755419e+07 +2.528729937e+07 +2.528729937e+07 +1.7851e-01 +2.2109e-01 -3.3754e-01 -6.1513e-01 -2.6037e+00
45 +1.231586824e+07 +1.231586824e+07 +1.231561342e+07 +1.231561342e+07 +8.0036e-01 +8.3961e-01 -6.5673e-01 -1.0326e+00 -3.1815e+00
57 +7.987205562e+06 +7.987205562e+06 +7.986950742e+06 +7.986950742e+06 +1.8978e+00 +1.0029e+00 -8.3145e-01 -1.2017e+00 -4.3344e+00
58 +7.910910242e+06 +7.910910242e+06 +7.910655422e+06 +7.910655422e+06 +1.1670e+00 +2.2945e+00 -1.3345e+00 -9.5537e-02 -2.6828e+00
63 +5.549995687e+06 +5.549995687e+06 +5.549740867e+06 +5.549740867e+06 +7.4153e-01 +1.8080e+00 -6.3494e-01 -6.6226e-01 -5.4139e+00
66 +4.570646137e+06 +4.570646137e+06 +4.570391317e+06 +4.570391317e+06 +1.6425e+00 +2.1214e+00 -4.3001e-02 -6.1250e-01 -2.7300e+00
74 +3.715103804e+06 +3.715103804e+06 +3.714848984e+06 +3.714848984e+06 +3.5673e-01 +1.6998e+00 +9.1710e-01 +4.5732e-02 -4.8824e+00
83 +6.646193993e+05 +6.646193993e+05 +6.643645793e+05 +6.643645793e+05 +1.1070e+00 +1.8784e+00 +6.0976e-01 +1.2895e+00 -5.6389e+00
85 +2.246326731e+05 +2.246326731e+05 +2.243778531e+05 +2.243778531e+05 +1.2801e+00 +2.5432e+00 +5.3980e-01 +6.5614e-01 -5.9781e+00
141 +2.150016876e+05 +2.150016876e+05 +2.147468676e+05 +2.147468676e+05 +6.9301e-01 +2.3467e+00 +8.8190e-01 +1.1969e+00 -6.2624e+00
144 +6.445566967e+04 +6.445566967e+04 +6.420084967e+04 +6.420084967e+04 +6.8455e-01 +2.1145e+00 +1.2675e+00 +1.9145e+00 -7.0808e+00
149 +1.920116068e+04 +1.920116068e+04 +1.894634068e+04 +1.894634068e+04 +6.6024e-01 +2.1679e+00 +1.0557e+00 +1.5542e+00 -7.1036e+00
253 +2.985358524e+03 +2.985358524e+03 +2.730538524e+03 +2.730538524e+03 +5.4413e-01 +2.0953e+00 +1.1276e+00 +1.7843e+00 -7.3132e+00
301 +2.340366839e+03 +2.340366839e+03 +2.085546839e+03 +2.085546839e+03 +6.1870e-01 +2.1142e+00 +1.0830e+00 +1.7601e+00 -7.1769e+00
307 +4.031723409e+02 +4.031723409e+02 +1.483523409e+02 +1.483523409e+02 +5.8127e-01 +2.0904e+00 +1.1282e+00 +1.7823e+00 -7.2342e+00
398 +3.553500073e+02 +3.553500073e+02 +1.005300073e+02 +1.005300073e+02 +6.0735e-01 +2.1101e+00 +1.1284e+00 +1.7448e+00 -7.1988e+00
412 +1.645713295e+02 +1.645713295e+02 -9.024867047e+01 -9.024867047e+01 +5.9619e-01 +2.0925e+00 +1.1276e+00 +1.7555e+00 -7.1829e+00
437 +8.395178651e+01 +8.395178651e+01 -1.708682135e+02 -1.708682135e+02 +5.9868e-01 +2.0966e+00 +1.1277e+00 +1.7568e+00 -7.1894e+00
466 +5.820830692e+01 +5.820830692e+01 -1.966116931e+02 -1.966116931e+02 +5.9972e-01 +2.0991e+00 +1.1331e+00 +1.7508e+00 -7.1905e+00
490 +5.400330592e+01 +5.400330592e+01 -2.008166941e+02 -2.008166941e+02 +5.9757e-01 +2.0983e+00 +1.1323e+00 +1.7542e+00 -7.1955e+00
523 +5.198794923e+01 +5.198794923e+01 -2.028320508e+02 -2.028320508e+02 +5.9414e-01 +2.0955e+00 +1.1319e+00 +1.7569e+00 -7.1952e+00
526 +4.953664338e+01 +4.953664338e+01 -2.052833566e+02 -2.052833566e+02 +5.9273e-01 +2.0990e+00 +1.1316e+00 +1.7543e+00 -7.1969e+00
534 +4.842193750e+01 +4.842193750e+01 -2.063980625e+02 -2.063980625e+02 +5.9457e-01 +2.0970e+00 +1.1333e+00 +1.7555e+00 -7.1960e+00
536 +4.536351132e+01 +4.536351132e+01 -2.094564887e+02 -2.094564887e+02 +5.9058e-01 +2.0961e+00 +1.1319e+00 +1.7569e+00 -7.1990e+00
556 +4.446132825e+01 +4.446132825e+01 -2.103586717e+02 -2.103586717e+02 +5.9352e-01 +2.0964e+00 +1.1323e+00 +1.7558e+00 -7.1977e+00
7162 +4.365152914e+01 +4.365152914e+01 -2.111684709e+02 -2.111684709e+02 +5.9298e-01 +2.0965e+00 +1.1317e+00 +1.7554e+00 -7.1975e+00
% function evaluation | noise-free fitness - Fopt (5.661000000000e+01) | best noise-free fitness - Fopt | measured fitness | best measured fitness | x1 | x2...
1 +1.641714053e+08 +1.641714053e+08 +1.641714619e+08 +1.641714619e+08 +0.0000e+00 +0.0000e+00 +0.0000e+00 +0.0000e+00 +0.0000e+00
2 +1.295041333e+08 +1.295041333e+08 +1.295041899e+08 +1.295041899e+08 +1.5858e-02 -1.6497e-01 -1.2995e-01 -1.3578e-01 -4.2125e-01
3 +1.122344990e+08 +1.122344990e+08 +1.122345556e+08 +1.122345556e+08 -4.0814e-01 -3.9316e-02 -1.4565e-01 +1.2671e-01 -4.7044e-01
12 +7.101700446e+07 +7.101700446e+07 +7.101706107e+07 +7.101706107e+07 -5.1601e-01 -2.7657e-01 -5.0947e-01 +1.1099e-01 -1.0954e+00
13 +7.041338159e+07 +7.041338159e+07 +7.041343820e+07 +7.041343820e+07 -6.6835e-01 -3.6670e-01 +1.4820e-02 +7.6766e-02 -9.3426e-01
18 +6.376053011e+07 +6.376053011e+07 +6.376058672e+07 +6.376058672e+07 -3.2651e-01 -8.9005e-01 -7.7650e-03 -7.3140e-01 -1.2362e+00
20 +5.927869945e+07 +5.927869945e+07 +5.927875606e+07 +5.927875606e+07 -8.2359e-01 -5.4875e-01 -8.8687e-01 +4.8109e-01 -5.0424e-01
23 +4.143063672e+07 +4.143063672e+07 +4.143069333e+07 +4.143069333e+07 -1.4736e+00 -7.2396e-01 -2.6851e-01 -2.3517e-01 -1.2475e+00
26 +2.261055404e+07 +2.261055404e+07 +2.261061065e+07 +2.261061065e+07 -1.5308e+00 -8.9033e-01 -1.0136e+00 -1.2108e-01 -2.1958e+00
36 +1.792824722e+07 +1.792824722e+07 +1.792830383e+07 +1.792830383e+07 -2.7133e+00 -1.8036e+00 -7.7041e-01 +4.4869e-01 -3.1623e-01
40 +1.129557519e+07 +1.129557519e+07 +1.129563180e+07 +1.129563180e+07 -2.3583e+00 -9.0056e-01 -1.6873e+00 -3.3515e-01 -3.0255e+00
43 +8.964139640e+06 +8.964139640e+06 +8.964196250e+06 +8.964196250e+06 -1.2946e+00 -2.7250e+00 -2.7019e+00 -3.3885e-01 -3.7216e+00
45 +6.371674357e+06 +6.371674357e+06 +6.371730967e+06 +6.371730967e+06 -2.6443e+00 -1.8404e+00 -1.9198e+00 -3.0507e-01 -3.1307e+00
51 +4.150268195e+06 +4.150268195e+06 +4.150324805e+06 +4.150324805e+06 -2.0082e+00 -3.2548e+00 -2.2235e+00 +7.6027e-01 -2.6883e+00
72 +3.217868967e+06 +3.217868967e+06 +3.217925577e+06 +3.217925577e+06 -2.2158e+00 -3.4509e+00 -3.7524e+00 -3.6893e-01 -1.3678e+00
82 +2.359681807e+06 +2.359681807e+06 +2.359738417e+06 +2.359738417e+06 -2.5719e+00 -4.3346e+00 -4.0829e+00 +2.9380e-01 -7.5983e-01
92 +2.188498981e+06 +2.188498981e+06 +2.188555591e+06 +2.188555591e+06 -2.8688e+00 -4.7920e+00 -4.0004e+00 +5.7615e-01 -2.7726e+00
134 +1.428261777e+06 +1.428261777e+06 +1.428318387e+06 +1.428318387e+06 -4.5213e+00 -1.8157e+00 -3.4890e+00 -2.5115e-01 -2.4240e+00
156 +1.405921358e+06 +1.405921358e+06 +1.405977968e+06 +1.405977968e+06 -2.3532e+00 -2.7625e+00 -4.0810e+00 +1.2577e+00 -1.5630e+00
170 +1.229895276e+06 +1.229895276e+06 +1.229951886e+06 +1.229951886e+06 -2.6811e+00 -3.4053e+00 -2.8787e+00 +6.7372e-01 -2.2772e+00
174 +5.278022080e+05 +5.278022080e+05 +5.278588180e+05 +5.278588180e+05 -3.2258e+00 -1.8132e+00 -3.7081e+00 +6.6010e-01 -2.9330e+00
184 +3.292869362e+05 +3.292869362e+05 +3.293435462e+05 +3.293435462e+05 -3.3035e+00 -3.1456e+00 -3.4613e+00 +5.5386e-01 -2.2243e+00
197 +2.701458452e+05 +2.701458452e+05 +2.702024552e+05 +2.702024552e+05 -3.1001e+00 -3.4672e+00 -4.3882e+00 +1.0723e+00 -2.2302e+00
198 +1.740263717e+05 +1.740263717e+05 +1.740829817e+05 +1.740829817e+05 -3.1544e+00 -3.2878e+00 -4.0686e+00 +6.9281e-01 -2.3471e+00
210 +1.179510662e+05 +1.179510662e+05 +1.180076762e+05 +1.180076762e+05 -3.2778e+00 -3.7342e+00 -3.7333e+00 +9.8338e-01 -2.0042e+00
222 +1.026010027e+05 +1.026010027e+05 +1.026576127e+05 +1.026576127e+05 -2.7003e+00 -3.8111e+00 -3.5782e+00 +1.2014e+00 -1.9331e+00
244 +7.079314588e+04 +7.079314588e+04 +7.084975588e+04 +7.084975588e+04 -3.0662e+00 -3.6790e+00 -3.8295e+00 +1.0329e+00 -1.8189e+00
250 +3.942651173e+04 +3.942651173e+04 +3.948312173e+04 +3.948312173e+04 -2.9277e+00 -3.7480e+00 -3.8306e+00 +1.3825e+00 -2.1054e+00
251 +3.569330606e+04 +3.569330606e+04 +3.574991606e+04 +3.574991606e+04 -3.0558e+00 -3.6344e+00 -3.6924e+00 +1.1416e+00 -2.0755e+00
313 +2.554751973e+04 +2.554751973e+04 +2.560412973e+04 +2.560412973e+04 -2.9234e+00 -3.7873e+00 -3.7669e+00 +1.1854e+00 -2.0510e+00
327 +2.213952433e+04 +2.213952433e+04 +2.219613433e+04 +2.219613433e+04 -3.0055e+00 -3.7789e+00 -3.8757e+00 +1.2797e+00 -2.0818e+00
338 +5.382636142e+03 +5.382636142e+03 +5.439246142e+03 +5.439246142e+03 -2.9579e+00 -3.8147e+00 -3.9012e+00 +1.2281e+00 -1.9156e+00
414 +2.004947681e+03 +2.004947681e+03 +2.061557681e+03 +2.061557681e+03 -2.8866e+00 -3.7294e+00 -3.8776e+00 +1.2567e+00 -1.9459e+00
423 +9.616268730e+02 +9.616268730e+02 +1.018236873e+03 +1.018236873e+03 -2.9300e+00 -3.7009e+00 -3.8907e+00 +1.2354e+00 -1.9830e+00
426 +4.657064127e+02 +4.657064127e+02 +5.223164127e+02 +5.223164127e+02 -2.9765e+00 -3.6723e+00 -3.8772e+00 +1.2423e+00 -1.9802e+00
463 +8.527143445e+01 +8.527143445e+01 +1.418814345e+02 +1.418814345e+02 -2.9679e+00 -3.6708e+00 -3.8772e+00 +1.2198e+00 -1.9867e+00
490 +7.220134850e+01 +7.220134850e+01 +1.288113485e+02 +1.288113485e+02 -2.9833e+00 -3.6381e+00 -3.8749e+00 +1.2096e+00 -2.0154e+00
525 +5.476739485e+01 +5.476739485e+01 +1.113773949e+02 +1.113773949e+02 -2.9914e+00 -3.6431e+00 -3.8768e+00 +1.2206e+00 -2.0101e+00
528 +2.481517303e+01 +2.481517303e+01 +8.142517303e+01 +8.142517303e+01 -2.9879e+00 -3.6443e+00 -3.8735e+00 +1.2136e+00 -2.0163e+00
548 +1.952606252e+01 +1.952606252e+01 +7.613606252e+01 +7.613606252e+01 -2.9853e+00 -3.6520e+00 -3.8785e+00 +1.2145e+00 -2.0096e+00
560 +1.838446983e+01 +1.838446983e+01 +7.499446983e+01 +7.499446983e+01 -2.9865e+00 -3.6518e+00 -3.8781e+00 +1.2174e+00 -2.0058e+00
571 +1.520683147e+01 +1.520683147e+01 +7.181683147e+01 +7.181683147e+01 -2.9893e+00 -3.6460e+00 -3.8789e+00 +1.2159e+00 -2.0103e+00
575 +1.361299456e+01 +1.361299456e+01 +7.022299456e+01 +7.022299456e+01 -2.9881e+00 -3.6462e+00 -3.8747e+00 +1.2147e+00 -2.0095e+00
578 +1.025429082e+01 +1.025429082e+01 +6.686429082e+01 +6.686429082e+01 -2.9886e+00 -3.6457e+00 -3.8783e+00 +1.2163e+00 -2.0107e+00
587 +9.450879065e+00 +9.450879065e+00 +6.606087906e+01 +6.606087906e+01 -2.9840e+00 -3.6460e+00 -3.8772e+00 +1.2156e+00 -2.0110e+00
611 +4.886890619e+00 +4.886890619e+00 +6.149689062e+01 +6.149689062e+01 -2.9842e+00 -3.6490e+00 -3.8760e+00 +1.2168e+00 -2.0102e+00
643 +4.435989769e+00 +4.435989769e+00 +6.104598977e+01 +6.104598977e+01 -2.9845e+00 -3.6484e+00 -3.8771e+00 +1.2167e+00 -2.0092e+00
646 +3.968165009e+00 +3.968165009e+00 +6.057816501e+01 +6.057816501e+01 -2.9860e+00 -3.6477e+00 -3.8762e+00 +1.2166e+00 -2.0100e+00
668 +3.728627565e+00 +3.728627565e+00 +6.033862756e+01 +6.033862756e+01 -2.9849e+00 -3.6483e+00 -3.8766e+00 +1.2165e+00 -2.0099e+00
732 +3.681367784e+00 +3.681367784e+00 +6.029136778e+01 +6.029136778e+01 -2.9858e+00 -3.6470e+00 -3.8764e+00 +1.2161e+00 -2.0103e+00
755 +3.621706974e+00 +3.621706974e+00 +6.023170697e+01 +6.023170697e+01 -2.9859e+00 -3.6472e+00 -3.8765e+00 +1.2162e+00 -2.0105e+00
% function evaluation | noise-free fitness - Fopt (-1.810000000000e+01) | best noise-free fitness - Fopt | measured fitness | best measured fitness | x1 | x2...
1 +5.982210084e+07 +5.982210084e+07 +5.982208274e+07 +5.982208274e+07 +0.0000e+00 +0.0000e+00 +0.0000e+00 +0.0000e+00 +0.0000e+00
2 +4.892344897e+07 +4.892344897e+07 +4.892343087e+07 +4.892343087e+07 -1.3548e-01 +4.4088e-02 +4.5747e-01 -2.3221e-01 +2.7140e-01
3 +4.381148670e+07 +4.381148670e+07 +4.381146860e+07 +4.381146860e+07 -2.8797e-01 -1.9876e-01 +3.6045e-01 +1.4442e-01 -2.9626e-01
11 +3.155556157e+07 +3.155556157e+07 +3.155554347e+07 +3.155554347e+07 -3.7382e-01 +2.8916e-01 +9.6989e-01 -2.3535e-01 -2.6569e-02
18 +1.841428877e+07 +1.841428877e+07 +1.841427067e+07 +1.841427067e+07 -1.4401e-01 -6.9129e-02 +1.8114e+00 +2.4173e-01 +2.3424e-02
30 +1.180779767e+07 +1.180779767e+07 +1.180777957e+07 +1.180777957e+07 -2.3031e-01 +4.5556e-01 +1.9056e+00 +7.2350e-01 +3.5648e-01
35 +6.235693554e+06 +6.235693554e+06 +6.235675454e+06 +6.235675454e+06 -4.3305e-01 -5.8810e-02 +4.4227e+00 +9.1364e-01 +1.6225e-01
41 +5.788558037e+06 +5.788558037e+06 +5.788539937e+06 +5.788539937e+06 -5.3611e-03 -1.9482e-02 +2.7888e+00 +1.5729e+00 +5.8987e-01
44 +5.210537741e+06 +5.210537741e+06 +5.210519641e+06 +5.210519641e+06 -7.9186e-01 -2.0413e-01 +4.6323e+00 +1.2357e+00 +1.0166e-01
48 +5.016953606e+06 +5.016953606e+06 +5.016935506e+06 +5.016935506e+06 -8.3985e-01 +1.8536e-01 +4.3822e+00 +1.7423e+00 -3.4528e-01
49 +3.053417024e+06 +3.053417024e+06 +3.053398924e+06 +3.053398924e+06 -8.5682e-01 -2.3139e-01 +3.5017e+00 +1.8042e+00 +1.0185e+00
55 +3.002484193e+06 +3.002484193e+06 +3.002466093e+06 +3.002466093e+06 -1.2979e+00 +1.6493e-01 +5.3048e+00 +6.2578e-01 +8.3010e-01
67 +2.820573836e+06 +2.820573836e+06 +2.820555736e+06 +2.820555736e+06 -3.6006e-01 +7.6135e-01 +5.3039e+00 +1.1333e+00 +1.3696e+00
70 +2.409558809e+06 +2.409558809e+06 +2.409540709e+06 +2.409540709e+06 -2.1094e+00 -3.7722e-02 +5.5351e+00 +2.3676e+00 +1.2021e+00
77 +1.988676825e+06 +1.988676825e+06 +1.988658725e+06 +1.988658725e+06 -8.8811e-01 +6.5910e-01 +5.4844e+00 +9.8351e-01 +1.4852e+00
80 +1.843295980e+06 +1.843295980e+06 +1.843277880e+06 +1.843277880e+06 -3.9372e-01 +3.8828e-01 +2.5482e+00 +2.2283e+00 +1.5344e+00
83 +1.783463613e+06 +1.783463613e+06 +1.783445513e+06 +1.783445513e+06 -3.8638e-01 +2.3286e-01 +3.7340e+00 +3.3441e+00 +8.2319e-01
89 +1.710092256e+06 +1.710092256e+06 +1.710074156e+06 +1.710074156e+06 -1.1404e+00 +3.8766e-01 +3.9287e+00 +1.4327e+00 +1.6959e+00
96 +1.440732245e+06 +1.440732245e+06 +1.440714145e+06 +1.440714145e+06 -1.0291e+00 +4.8599e-02 +3.8965e+00 +1.9694e+00 +1.4240e+00
102 +8.457805933e+05 +8.457805933e+05 +8.457624933e+05 +8.457624933e+05 -1.1509e+00 +5.9985e-01 +3.2566e+00 +2.2257e+00 +1.5458e+00
106 +2.876296151e+05 +2.876296151e+05 +2.876115151e+05 +2.876115151e+05 -1.4737e+00 +7.0562e-01 +3.7326e+00 +2.4467e+00 +1.7198e+00
132 +1.985959323e+05 +1.985959323e+05 +1.985778323e+05 +1.985778323e+05 -1.0353e+00 +1.1053e+00 +4.3762e+00 +2.5619e+00 +1.9995e+00
148 +1.830220347e+05 +1.830220347e+05 +1.830039347e+05 +1.830039347e+05 -1.2812e+00 +8.3997e-01 +4.7400e+00 +2.1173e+00 +1.7732e+00
173 +1.077733549e+05 +1.077733549e+05 +1.077552549e+05 +1.077552549e+05 -1.2590e+00 +9.9787e-01 +4.6193e+00 +2.2103e+00 +1.7896e+00
179 +7.884759525e+04 +7.884759525e+04 +7.882949525e+04 +7.882949525e+04 -1.3202e+00 +9.2253e-01 +4.6382e+00 +2.2814e+00 +1.4059e+00
230 +7.600215947e+04 +7.600215947e+04 +7.598405947e+04 +7.598405947e+04 -1.5364e+00 +1.3160e+00 +5.2276e+00 +2.0078e+00 +1.3321e+00
231 +6.287818683e+04 +6.287818683e+04 +6.286008683e+04 +6.286008683e+04 -1.4861e+00 +1.3597e+00 +4.8160e+00 +2.2034e+00 +1.5586e+00
249 +5.570254328e+04 +5.570254328e+04 +5.568444328e+04 +5.568444328e+04 -1.4103e+00 +1.2841e+00 +4.7877e+00 +2.2480e+00 +1.4355e+00
252 +3.211439999e+04 +3.211439999e+04 +3.209629999e+04 +3.209629999e+04 -1.4204e+00 +1.1914e+00 +4.8287e+00 +2.2258e+00 +1.4750e+00
263 +2.367191512e+04 +2.367191512e+04 +2.365381512e+04 +2.365381512e+04 -1.4864e+00 +1.0722e+00 +4.6231e+00 +2.1419e+00 +1.4445e+00
278 +1.080133766e+04 +1.080133766e+04 +1.078323766e+04 +1.078323766e+04 -1.5732e+00 +1.0684e+00 +4.8944e+00 +2.1031e+00 +1.5360e+00
286 +8.404781989e+03 +8.404781989e+03 +8.386681989e+03 +8.386681989e+03 -1.6690e+00 +1.1965e+00 +5.0024e+00 +1.9853e+00 +1.5104e+00
290 +5.543112489e+03 +5.543112489e+03 +5.525012489e+03 +5.525012489e+03 -1.6912e+00 +1.2542e+00 +5.0523e+00 +1.9749e+00 +1.3660e+00
362 +2.062027573e+03 +2.062027573e+03 +2.043927573e+03 +2.043927573e+03 -1.5986e+00 +1.1904e+00 +4.8643e+00 +2.1162e+00 +1.4525e+00
365 +1.821761067e+03 +1.821761067e+03 +1.803661067e+03 +1.803661067e+03 -1.6610e+00 +1.1965e+00 +4.9190e+00 +2.0403e+00 +1.4303e+00
374 +1.595433973e+03 +1.595433973e+03 +1.577333973e+03 +1.577333973e+03 -1.6714e+00 +1.1596e+00 +4.9264e+00 +2.0799e+00 +1.4192e+00
416 +1.332136456e+03 +1.332136456e+03 +1.314036456e+03 +1.314036456e+03 -1.6510e+00 +1.1659e+00 +4.9951e+00 +2.0450e+00 +1.4255e+00
425 +9.632449705e+02 +9.632449705e+02 +9.451449705e+02 +9.451449705e+02 -1.6726e+00 +1.1508e+00 +5.0092e+00 +2.0377e+00 +1.4334e+00
429 +8.136052138e+02 +8.136052138e+02 +7.955052138e+02 +7.955052138e+02 -1.6650e+00 +1.1986e+00 +4.9531e+00 +2.0407e+00 +1.4314e+00
436 +5.857668193e+02 +5.857668193e+02 +5.676668193e+02 +5.676668193e+02 -1.6750e+00 +1.1659e+00 +4.9908e+00 +2.0144e+00 +1.4267e+00
446 +4.025346159e+02 +4.025346159e+02 +3.844346159e+02 +3.844346159e+02 -1.7010e+00 +1.1808e+00 +4.9861e+00 +2.0410e+00 +1.4405e+00
447 +3.972862244e+02 +3.972862244e+02 +3.791862244e+02 +3.791862244e+02 -1.6856e+00 +1.1949e+00 +4.9905e+00 +2.0426e+00 +1.4347e+00
453 +1.228311985e+02 +1.228311985e+02 +1.047311985e+02 +1.047311985e+02 -1.6993e+00 +1.1803e+00 +4.9995e+00 +2.0192e+00 +1.4256e+00
464 +5.612023403e+01 +5.612023403e+01 +3.802023403e+01 +3.802023403e+01 -1.6827e+00 +1.1717e+00 +4.9728e+00 +2.0409e+00 +1.4380e+00
493 +4.272800494e+01 +4.272800494e+01 +2.462800494e+01 +2.462800494e+01 -1.6722e+00 +1.1755e+00 +4.9755e+00 +2.0433e+00 +1.4441e+00
515 +2.393381053e+01 +2.393381053e+01 +5.833810533e+00 +5.833810533e+00 -1.6777e+00 +1.1767e+00 +4.9799e+00 +2.0420e+00 +1.4412e+00
565 +2.267181912e+01 +2.267181912e+01 +4.571819116e+00 +4.571819116e+00 -1.6812e+00 +1.1782e+00 +4.9887e+00 +2.0336e+00 +1.4387e+00
573 +1.529915499e+01 +1.529915499e+01 -2.800845009e+00 -2.800845009e+00 -1.6826e+00 +1.1746e+00 +4.9818e+00 +2.0387e+00 +1.4402e+00
574 +1.472662354e+01 +1.472662354e+01 -3.373376458e+00 -3.373376458e+00 -1.6809e+00 +1.1733e+00 +4.9833e+00 +2.0366e+00 +1.4405e+00
586 +1.380954386e+01 +1.380954386e+01 -4.290456141e+00 -4.290456141e+00 -1.6795e+00 +1.1722e+00 +4.9806e+00 +2.0377e+00 +1.4398e+00
589 +1.158810343e+01 +1.158810343e+01 -6.511896567e+00 -6.511896567e+00 -1.6813e+00 +1.1762e+00 +4.9824e+00 +2.0367e+00 +1.4395e+00
594 +1.103447940e+01 +1.103447940e+01 -7.065520598e+00 -7.065520598e+00 -1.6820e+00 +1.1750e+00 +4.9847e+00 +2.0373e+00 +1.4393e+00
604 +9.324940062e+00 +9.324940062e+00 -8.775059938e+00 -8.775059938e+00 -1.6815e+00 +1.1753e+00 +4.9843e+00 +2.0353e+00 +1.4383e+00
635 +8.847134876e+00 +8.847134876e+00 -9.252865124e+00 -9.252865124e+00 -1.6797e+00 +1.1737e+00 +4.9795e+00 +2.0400e+00 +1.4400e+00
674 +8.392425526e+00 +8.392425526e+00 -9.707574474e+00 -9.707574474e+00 -1.6792e+00 +1.1739e+00 +4.9800e+00 +2.0389e+00 +1.4391e+00
709 +8.272398416e+00 +8.272398416e+00 -9.827601584e+00 -9.827601584e+00 -1.6799e+00 +1.1744e+00 +4.9804e+00 +2.0388e+00 +1.4394e+00
803 +8.112226061e+00 +8.112226061e+00 -9.987773939e+00 -9.987773939e+00 -1.6793e+00 +1.1741e+00 +4.9795e+00 +2.0395e+00 +1.4394e+00
% function evaluation | noise-free fitness - Fopt (3.777000000000e+01) | best noise-free fitness - Fopt | measured fitness | best measured fitness | x1 | x2...
1 +5.916572692e+06 +5.916572692e+06 +5.916610462e+06 +5.916610462e+06 +0.0000e+00 +0.0000e+00 +0.0000e+00 +0.0000e+00 +0.0000e+00
3 +5.131777364e+06 +5.131777364e+06 +5.131815134e+06 +5.131815134e+06 -2.5859e-01 +1.0731e-01 +1.1384e-01 +1.0957e-01 +4.9006e-02
10 +4.941188458e+06 +4.941188458e+06 +4.941226228e+06 +4.941226228e+06 -2.3102e-02 -1.3678e-02 +2.7191e-01 -3.1345e-01 +1.8591e-01
17 +4.557746548e+06 +4.557746548e+06 +4.557784318e+06 +4.557784318e+06 -2.3528e-01 +4.1007e-01 +1.0148e-01 -1.0705e-01 -2.2661e-01
19 +3.940633361e+06 +3.940633361e+06 +3.940671131e+06 +3.940671131e+06 -7.0624e-02 +2.9304e-01 +3.3477e-01 -3.1389e-01 +7.1281e-02
22 +3.819620873e+06 +3.819620873e+06 +3.819658643e+06 +3.819658643e+06 -1.7438e-01 +3.7134e-01 +1.4507e-01 -2.5198e-01 +1.8723e-01
23 +3.740633881e+06 +3.740633881e+06 +3.740671651e+06 +3.740671651e+06 +2.1244e-01 +4.4313e-01 +4.0795e-01 -6.5117e-01 +3.2460e-02
25 +3.530801833e+06 +3.530801833e+06 +3.530839603e+06 +3.530839603e+06 -3.7201e-02 +3.7992e-01 +2.5615e-01 -1.0280e-01 +3.3176e-01
26 +2.813538908e+06 +2.813538908e+06 +2.813576678e+06 +2.813576678e+06 -4.9976e-01 +6.4029e-01 +3.5196e-01 -8.7329e-02 +8.3328e-02
38 +2.505929638e+06 +2.505929638e+06 +2.505967408e+06 +2.505967408e+06 -2.3814e-01 +8.5527e-01 +3.5950e-01 +2.1302e-01 +1.0871e-01
44 +2.142438270e+06 +2.142438270e+06 +2.142476040e+06 +2.142476040e+06 -2.8181e-01 +1.0707e+00 +2.7279e-01 -4.6099e-02 +1.1017e-01
45 +1.836465627e+06 +1.836465627e+06 +1.836503397e+06 +1.836503397e+06 -5.5135e-02 +1.1227e+00 +4.9130e-01 +1.5732e-01 +2.4127e-01
48 +1.534514919e+06 +1.534514919e+06 +1.534552689e+06 +1.534552689e+06 -3.2982e-01 +1.4167e+00 +4.0602e-01 -3.9511e-01 +4.5924e-02
57 +1.407522271e+06 +1.407522271e+06 +1.407560041e+06 +1.407560041e+06 -2.4376e-01 +1.7767e+00 +6.3388e-01 +3.6862e-01 +6.5748e-02
58 +6.903389630e+05 +6.903389630e+05 +6.903767330e+05 +6.903767330e+05 -4.0834e-01 +1.8004e+00 +5.0128e-01 -7.4037e-02 +3.4573e-01
60 +5.581650077e+05 +5.581650077e+05 +5.582027777e+05 +5.582027777e+05 -6.8956e-01 +1.9700e+00 +9.0256e-01 +3.4468e-01 +3.9661e-01
67 +4.087526829e+05 +4.087526829e+05 +4.087904529e+05 +4.087904529e+05 -8.3237e-01 +2.1156e+00 +6.4130e-01 -9.0999e-02 +4.8178e-01
96 +2.564798619e+05 +2.564798619e+05 +2.565176319e+05 +2.565176319e+05 -1.2599e+00 +2.2590e+00 +6.0465e-01 +3.4769e-01 +9.3056e-01
100 +5.577068887e+04 +5.577068887e+04 +5.580845887e+04 +5.580845887e+04 -1.0755e+00 +1.9032e+00 +5.2567e-01 +1.7034e-01 +1.2075e+00
148 +5.408585032e+04 +5.408585032e+04 +5.412362032e+04 +5.412362032e+04 -6.1161e-01 +2.1155e+00 +9.1522e-01 -1.2390e-01 +8.6708e-01
158 +5.250594507e+04 +5.250594507e+04 +5.254371507e+04 +5.254371507e+04 -8.2903e-01 +2.2113e+00 +8.2666e-01 +8.7139e-02 +1.1866e+00
165 +5.011870354e+04 +5.011870354e+04 +5.015647354e+04 +5.015647354e+04 -7.7948e-01 +1.7839e+00 +7.3256e-01 +4.1289e-02 +1.0974e+00
166 +3.573387019e+04 +3.573387019e+04 +3.577164019e+04 +3.577164019e+04 -6.2235e-01 +1.9366e+00 +7.3338e-01 -1.5999e-01 +9.9722e-01
168 +2.589938804e+04 +2.589938804e+04 +2.593715804e+04 +2.593715804e+04 -6.4529e-01 +1.8521e+00 +8.9655e-01 -2.3645e-03 +1.0398e+00
234 +1.759224374e+04 +1.759224374e+04 +1.763001374e+04 +1.763001374e+04 -6.7084e-01 +2.0286e+00 +8.4387e-01 +7.9946e-02 +1.0652e+00
235 +8.210329608e+03 +8.210329608e+03 +8.248099608e+03 +8.248099608e+03 -6.8380e-01 +1.9826e+00 +7.5419e-01 +7.8868e-02 +1.1313e+00
272 +8.073826318e+03 +8.073826318e+03 +8.111596318e+03 +8.111596318e+03 -7.1865e-01 +2.0612e+00 +7.7032e-01 +3.4195e-03 +1.0932e+00
275 +4.157697742e+03 +4.157697742e+03 +4.195467742e+03 +4.195467742e+03 -6.8014e-01 +2.0195e+00 +7.9478e-01 -3.5883e-02 +1.1675e+00
289 +3.582533601e+03 +3.582533601e+03 +3.620303601e+03 +3.620303601e+03 -7.3710e-01 +1.9455e+00 +7.9662e-01 -1.5067e-03 +1.1826e+00
296 +3.021096455e+03 +3.021096455e+03 +3.058866455e+03 +3.058866455e+03 -7.0298e-01 +1.9712e+00 +8.5015e-01 +2.4550e-02 +1.1384e+00
299 +1.252046459e+03 +1.252046459e+03 +1.289816459e+03 +1.289816459e+03 -7.8372e-01 +2.0225e+00 +7.5388e-01 +3.2056e-02 +1.1864e+00
318 +1.087474597e+03 +1.087474597e+03 +1.125244597e+03 +1.125244597e+03 -8.2256e-01 +2.0065e+00 +7.1955e-01 +7.5742e-02 +1.2078e+00
327 +9.112178641e+02 +9.112178641e+02 +9.489878641e+02 +9.489878641e+02 -7.6250e-01 +2.0042e+00 +7.4789e-01 +8.3337e-02 +1.1631e+00
335 +7.967469706e+02 +7.967469706e+02 +8.345169706e+02 +8.345169706e+02 -7.9591e-01 +2.0285e+00 +7.1584e-01 +7.9991e-02 +1.1700e+00
340 +2.790152572e+02 +2.790152572e+02 +3.167852572e+02 +3.167852572e+02 -7.9525e-01 +2.0189e+00 +6.9227e-01 +1.0776e-01 +1.1958e+00
359 +3.945370285e+01 +3.945370285e+01 +7.722370285e+01 +7.722370285e+01 -7.8553e-01 +2.0070e+00 +7.1836e-01 +7.5941e-02 +1.1897e+00
448 +3.739112176e+01 +3.739112176e+01 +7.516112176e+01 +7.516112176e+01 -7.7984e-01 +2.0076e+00 +7.3296e-01 +6.6869e-02 +1.1751e+00
449 +2.865673398e+01 +2.865673398e+01 +6.642673398e+01 +6.642673398e+01 -7.8537e-01 +2.0073e+00 +7.3242e-01 +6.5131e-02 +1.1801e+00
451 +2.750275090e+01 +2.750275090e+01 +6.527275090e+01 +6.527275090e+01 -7.8301e-01 +2.0067e+00 +7.2656e-01 +6.6664e-02 +1.1800e+00
452 +2.114602169e+01 +2.114602169e+01 +5.891602169e+01 +5.891602169e+01 -7.8002e-01 +2.0075e+00 +7.3166e-01 +6.3233e-02 +1.1793e+00
461 +1.278542373e+01 +1.278542373e+01 +5.055542373e+01 +5.055542373e+01 -7.8212e-01 +2.0062e+00 +7.3039e-01 +6.5233e-02 +1.1798e+00
473 +8.245930318e+00 +8.245930318e+00 +4.601593032e+01 +4.601593032e+01 -7.8182e-01 +2.0073e+00 +7.3366e-01 +6.6703e-02 +1.1816e+00
479 +2.204835943e+00 +2.204835943e+00 +3.997483594e+01 +3.997483594e+01 -7.8162e-01 +2.0055e+00 +7.3360e-01 +6.8210e-02 +1.1821e+00
516 +1.020763115e+00 +1.020763115e+00 +3.879076311e+01 +3.879076311e+01 -7.8123e-01 +2.0052e+00 +7.3089e-01 +6.9103e-02 +1.1823e+00
525 +3.166873546e-01 +3.166873546e-01 +3.808668735e+01 +3.808668735e+01 -7.8299e-01 +2.0055e+00 +7.3022e-01 +6.9870e-02 +1.1826e+00
626 +2.807747597e-01 +2.807747597e-01 +3.805077476e+01 +3.805077476e+01 -7.8269e-01 +2.0053e+00 +7.3030e-01 +7.0306e-02 +1.1826e+00
636 +2.049264651e-01 +2.049264651e-01 +3.797492647e+01 +3.797492647e+01 -7.8273e-01 +2.0054e+00 +7.3041e-01 +7.0104e-02 +1.1828e+00
808 +2.037356501e-01 +2.037356501e-01 +3.797373565e+01 +3.797373565e+01 -7.8264e-01 +2.0054e+00 +7.3053e-01 +6.9926e-02 +1.1827e+00
% function evaluation | noise-free fitness - Fopt (1.687000000000e+01) | best noise-free fitness - Fopt | measured fitness | best measured fitness | x1 | x2...
1 +2.646820628e+07 +2.646820628e+07 +2.646822315e+07 +2.646822315e+07 +0.0000e+00 +0.0000e+00 +0.0000e+00 +0.0000e+00 +0.0000e+00
2 +2.389753731e+07 +2.389753731e+07 +2.389755418e+07 +2.389755418e+07 +2.5760e-01 -2.0327e-01 +6.0249e-02 +2.6219e-01 -2.2706e-02
8 +2.174379517e+07 +2.174379517e+07 +2.174381204e+07 +2.174381204e+07 +1.1364e-01 +4.0172e-01 +4.0308e-01 +2.4901e-01 -4.3301e-02
13 +2.100465282e+07 +2.100465282e+07 +2.100466969e+07 +2.100466969e+07 +2.9160e-01 +1.4584e-02 +3.2830e-01 +3.3911e-01 +1.4489e-01
16 +2.034569817e+07 +2.034569817e+07 +2.034571504e+07 +2.034571504e+07 +4.0449e-01 +1.2046e-01 +4.2903e-01 +6.0595e-01 +7.2832e-02
20 +1.945480895e+07 +1.945480895e+07 +1.945482582e+07 +1.945482582e+07 +4.3212e-01 +1.3144e-01 -2.4134e-01 +1.0036e+00 +2.4711e-01
25 +1.904524032e+07 +1.904524032e+07 +1.904525719e+07 +1.904525719e+07 +5.6221e-01 +2.6895e-02 +2.0365e-01 +3.8417e-01 +1.2436e-01
33 +1.732848202e+07 +1.732848202e+07 +1.732849889e+07 +1.732849889e+07 +9.3005e-01 +7.0619e-02 +4.7400e-01 -1.2842e-01 +1.9688e-02
36 +1.545825292e+07 +1.545825292e+07 +1.545826979e+07 +1.545826979e+07 +1.1928e+00 +2.3963e-01 +1.6814e-01 +4.7593e-01 -2.9071e-02
40 +1.474703193e+07 +1.474703193e+07 +1.474704880e+07 +1.474704880e+07 +1.2082e+00 +5.2439e-01 +4.0570e-01 +1.8874e-01 -2.2060e-01
43 +1.301987960e+07 +1.301987960e+07 +1.301989647e+07 +1.301989647e+07 +1.0682e+00 +6.6931e-01 +2.0535e-01 +3.2269e-01 +1.3577e-01
48 +1.228750790e+07 +1.228750790e+07 +1.228752477e+07 +1.228752477e+07 +1.7726e+00 +8.4300e-01 +1.9270e-01 +7.3147e-01 -6.9058e-02
50 +7.928217045e+06 +7.928217045e+06 +7.928233915e+06 +7.928233915e+06 +2.0658e+00 +1.3174e+00 -2.1031e-01 +8.4785e-01 +4.2786e-01
58 +7.587196675e+06 +7.587196675e+06 +7.587213545e+06 +7.587213545e+06 +2.4442e+00 +1.0956e+00 -1.5493e-01 -3.1632e-02 -1.1597e-01
70 +5.859882254e+06 +5.859882254e+06 +5.859899124e+06 +5.859899124e+06 +2.4853e+00 +2.0722e+00 -5.8162e-01 -7.4828e-01 +1.5054e-01
71 +5.102226085e+06 +5.102226085e+06 +5.102242955e+06 +5.102242955e+06 +2.7216e+00 +1.2301e+00 -1.0782e+00 +1.8322e-01 +3.5188e-01
75 +4.874315325e+06 +4.874315325e+06 +4.874332195e+06 +4.874332195e+06 +3.8333e+00 +1.9636e+00 -1.3488e+00 +7.5091e-01 +7.1760e-01
83 +4.404909385e+06 +4.404909385e+06 +4.404926255e+06 +4.404926255e+06 +3.0439e+00 +2.5694e+00 -5.0183e-01 +7.2364e-01 +7.6056e-01
88 +2.216266012e+06 +2.216266012e+06 +2.216282882e+06 +2.216282882e+06 +2.8494e+00 +2.4211e+00 -1.9640e+00 -1.1311e-01 +7.4069e-01
99 +1.411508163e+06 +1.411508163e+06 +1.411525033e+06 +1.411525033e+06 +2.4950e+00 +1.6638e+00 -1.0895e+00 -4.3373e-01 +1.3809e+00
103 +9.621353596e+05 +9.621353596e+05 +9.621522296e+05 +9.621522296e+05 +2.7579e+00 +2.0761e+00 -2.2234e+00 +1.1552e+00 +1.8677e+00
120 +8.600852070e+05 +8.600852070e+05 +8.601020770e+05 +8.601020770e+05 +3.2762e+00 +1.4490e+00 -3.4967e-01 -1.2209e+00 +1.6790e+00
121 +4.914394398e+05 +4.914394398e+05 +4.914563098e+05 +4.914563098e+05 +2.9535e+00 +2.5881e+00 -1.9379e+00 +2.0110e-01 +1.5888e+00
133 +4.168582706e+05 +4.168582706e+05 +4.168751406e+05 +4.168751406e+05 +2.8860e+00 +2.1009e+00 -1.5423e+00 -1.2286e-01 +1.6729e+00
156 +1.835881377e+05 +1.835881377e+05 +1.836050077e+05 +1.836050077e+05 +2.7996e+00 +2.3354e+00 -1.5963e+00 +1.3283e-01 +1.9284e+00
158 +1.305369408e+05 +1.305369408e+05 +1.305538108e+05 +1.305538108e+05 +2.2890e+00 +2.8010e+00 -2.1929e+00 +3.5990e-01 +2.1589e+00
164 +6.825555736e+04 +6.825555736e+04 +6.827242736e+04 +6.827242736e+04 +2.6926e+00 +2.7855e+00 -1.9255e+00 +4.3588e-01 +2.0657e+00
238 +5.249798483e+04 +5.249798483e+04 +5.251485483e+04 +5.251485483e+04 +2.3835e+00 +2.7860e+00 -2.0411e+00 +5.9439e-01 +2.4314e+00
253 +3.753284239e+04 +3.753284239e+04 +3.754971239e+04 +3.754971239e+04 +2.4438e+00 +2.7512e+00 -2.0508e+00 +6.7979e-01 +2.1855e+00
257 +3.109658647e+04 +3.109658647e+04 +3.111345647e+04 +3.111345647e+04 +2.6787e+00 +2.8013e+00 -2.1000e+00 +3.1759e-01 +2.2599e+00
278 +2.136163193e+04 +2.136163193e+04 +2.137850193e+04 +2.137850193e+04 +2.4264e+00 +2.6964e+00 -2.1094e+00 +5.5318e-01 +2.2086e+00
279 +1.451256040e+04 +1.451256040e+04 +1.452943040e+04 +1.452943040e+04 +2.4324e+00 +2.7954e+00 -2.1023e+00 +5.4511e-01 +2.1993e+00
289 +1.082117267e+04 +1.082117267e+04 +1.083804267e+04 +1.083804267e+04 +2.5053e+00 +2.6780e+00 -2.1071e+00 +4.8777e-01 +2.3109e+00
299 +9.580944791e+03 +9.580944791e+03 +9.597814791e+03 +9.597814791e+03 +2.4532e+00 +2.7590e+00 -2.0495e+00 +5.2708e-01 +2.2507e+00
335 +3.695736399e+03 +3.695736399e+03 +3.712606399e+03 +3.712606399e+03 +2.6068e+00 +2.7486e+00 -1.9889e+00 +3.3066e-01 +2.2848e+00
339 +2.126129323e+03 +2.126129323e+03 +2.142999323e+03 +2.142999323e+03 +2.5331e+00 +2.7136e+00 -1.9754e+00 +3.7786e-01 +2.2667e+00
356 +1.324695879e+03 +1.324695879e+03 +1.341565879e+03 +1.341565879e+03 +2.5593e+00 +2.7131e+00 -2.0124e+00 +3.3998e-01 +2.2440e+00
432 +7.674002886e+02 +7.674002886e+02 +7.842702886e+02 +7.842702886e+02 +2.6013e+00 +2.6787e+00 -1.9535e+00 +2.8845e-01 +2.2397e+00
454 +2.314229202e+02 +2.314229202e+02 +2.482929202e+02 +2.482929202e+02 +2.5914e+00 +2.7002e+00 -1.9431e+00 +2.8696e-01 +2.2311e+00
474 +1.329753594e+02 +1.329753594e+02 +1.498453594e+02 +1.498453594e+02 +2.5875e+00 +2.6919e+00 -1.9219e+00 +2.7547e-01 +2.2448e+00
484 +5.822138987e+01 +5.822138987e+01 +7.509138987e+01 +7.509138987e+01 +2.5953e+00 +2.6907e+00 -1.9264e+00 +2.7615e-01 +2.2462e+00
535 +1.170173910e+01 +1.170173910e+01 +2.857173910e+01 +2.857173910e+01 +2.5971e+00 +2.6930e+00 -1.9265e+00 +2.8299e-01 +2.2412e+00
549 +7.070510850e+00 +7.070510850e+00 +2.394051085e+01 +2.394051085e+01 +2.5957e+00 +2.6923e+00 -1.9289e+00 +2.8123e-01 +2.2411e+00
658 +3.393581498e+00 +3.393581498e+00 +2.026358150e+01 +2.026358150e+01 +2.5925e+00 +2.6964e+00 -1.9323e+00 +2.8926e-01 +2.2403e+00
675 +2.263175175e+00 +2.263175175e+00 +1.913317517e+01 +1.913317517e+01 +2.5926e+00 +2.6954e+00 -1.9322e+00 +2.8858e-01 +2.2410e+00
692 +2.192013435e+00 +2.192013435e+00 +1.906201343e+01 +1.906201343e+01 +2.5921e+00 +2.6957e+00 -1.9331e+00 +2.8916e-01 +2.2412e+00
714 +2.079219638e+00 +2.079219638e+00 +1.894921964e+01 +1.894921964e+01 +2.5928e+00 +2.6959e+00 -1.9327e+00 +2.8898e-01 +2.2406e+00
734 +1.992352602e+00 +1.992352602e+00 +1.886235260e+01 +1.886235260e+01 +2.5924e+00 +2.6957e+00 -1.9334e+00 +2.8912e-01 +2.2408e+00
767 +1.871333238e+00 +1.871333238e+00 +1.874133324e+01 +1.874133324e+01 +2.5924e+00 +2.6965e+00 -1.9338e+00 +2.8951e-01 +2.2408e+00
775 +1.753570540e+00 +1.753570540e+00 +1.862357054e+01 +1.862357054e+01 +2.5924e+00 +2.6964e+00 -1.9338e+00 +2.8984e-01 +2.2415e+00
786 +1.681916011e+00 +1.681916011e+00 +1.855191601e+01 +1.855191601e+01 +2.5924e+00 +2.6961e+00 -1.9337e+00 +2.8923e-01 +2.2412e+00
837 +1.652917768e+00 +1.652917768e+00 +1.852291777e+01 +1.852291777e+01 +2.5925e+00 +2.6962e+00 -1.9335e+00 +2.8909e-01 +2.2412e+00
8707 +1.621805747e+00 +1.621805747e+00 +1.849180575e+01 +1.849180575e+01 +2.5922e+00 +2.6966e+00 -1.9344e+00 +2.9021e-01 +2.2413e+00
% function evaluation | noise-free fitness - Fopt (1.456400000000e+02) | best noise-free fitness - Fopt | measured fitness | best measured fitness | x1 | x2...
1 +4.092812551e+07 +4.092812551e+07 +4.092827115e+07 +4.092827115e+07 +0.0000e+00 +0.0000e+00 +0.0000e+00 +0.0000e+00 +0.0000e+00
4 +3.959215913e+07 +3.959215913e+07 +3.959230477e+07 +3.959230477e+07 -1.2266e-01 -1.5461e-01 -5.7805e-03 -2.4653e-01 -2.7063e-01
9 +3.455921974e+07 +3.455921974e+07 +3.455936538e+07 +3.455936538e+07 +5.0244e-02 +4.7578e-03 +3.7492e-01 +3.4338e-02 -1.3187e-01
13 +2.867577482e+07 +2.867577482e+07 +2.867592046e+07 +2.867592046e+07 -4.6744e-01 -4.3285e-02 +2.7122e-01 -7.7038e-02 -1.9851e-01
25 +2.752594843e+07 +2.752594843e+07 +2.752609407e+07 +2.752609407e+07 -2.1767e-01 +2.3011e-01 +4.8692e-01 -1.2050e-01 -3.2815e-01
27 +2.684083597e+07 +2.684083597e+07 +2.684098161e+07 +2.684098161e+07 -4.4374e-01 -1.9173e-03 +4.7103e-01 -1.4614e-01 -4.7142e-01
28 +2.288820796e+07 +2.288820796e+07 +2.288835360e+07 +2.288835360e+07 -6.3080e-01 +2.2123e-01 +5.9495e-01 -5.0085e-02 -2.6521e-01
34 +2.031682569e+07 +2.031682569e+07 +2.031697133e+07 +2.031697133e+07 -1.1238e+00 +2.1688e-01 +3.0299e-01 -1.5284e-02 -3.3793e-01
43 +1.890425526e+07 +1.890425526e+07 +1.890440090e+07 +1.890440090e+07 -1.4996e+00 +2.4964e-01 +6.4660e-01 -6.6568e-03 -7.1995e-01
46 +1.576840801e+07 +1.576840801e+07 +1.576855365e+07 +1.576855365e+07 -1.2611e+00 +6.3537e-01 +1.1539e+00 -3.2411e-01 -9.1979e-02
50 +1.140379502e+07 +1.140379502e+07 +1.140394066e+07 +1.140394066e+07 -1.5577e+00 +1.3884e+00 +1.5199e+00 +1.9881e-02 -1.0369e-01
54 +8.953889926e+06 +8.953889926e+06 +8.954035566e+06 +8.954035566e+06 -2.5065e+00 +1.3857e+00 +5.5216e-01 -1.3423e-01 -3.6218e-01
60 +5.619165536e+06 +5.619165536e+06 +5.619311176e+06 +5.619311176e+06 -2.6023e+00 +2.5813e+00 +1.6394e+00 -2.5499e-01 -9.3064e-01
65 +5.108432959e+06 +5.108432959e+06 +5.108578599e+06 +5.108578599e+06 -2.9254e+00 +2.1889e+00 +1.1461e+00 -4.7484e-01 +1.2467e+00
67 +2.978965182e+06 +2.978965182e+06 +2.979110822e+06 +2.979110822e+06 -3.5476e+00 +2.0783e+00 +1.1447e+00 -2.1864e+00 -3.0578e-01
72 +1.877004430e+06 +1.877004430e+06 +1.877150070e+06 +1.877150070e+06 -1.9968e+00 +4.2973e+00 +1.1828e+00 -9.7061e-01 +1.0233e+00
115 +1.529144217e+06 +1.529144217e+06 +1.529289857e+06 +1.529289857e+06 -4.5573e+00 +3.2219e+00 +1.0994e+00 -2.1925e+00 -3.6414e-01
126 +1.106197713e+06 +1.106197713e+06 +1.106343353e+06 +1.106343353e+06 -2.8371e+00 +3.5039e+00 +5.6749e-01 -2.2587e+00 -9.0306e-01
128 +7.099326103e+05 +7.099326103e+05 +7.100782503e+05 +7.100782503e+05 -3.2714e+00 +3.9238e+00 +7.3158e-01 -2.8237e+00 -8.5727e-01
153 +6.610197060e+05 +6.610197060e+05 +6.611653460e+05 +6.611653460e+05 -3.0562e+00 +3.5440e+00 +5.5705e-01 -2.2120e+00 -3.1278e-01
154 +4.886353426e+05 +4.886353426e+05 +4.887809826e+05 +4.887809826e+05 -3.0204e+00 +4.2579e+00 +6.7105e-01 -1.9497e+00 -4.9258e-01
160 +3.986224516e+05 +3.986224516e+05 +3.987680916e+05 +3.987680916e+05 -2.8547e+00 +3.9894e+00 +1.4471e+00 -2.2221e+00 -4.2690e-01
165 +1.498198360e+05 +1.498198360e+05 +1.499654760e+05 +1.499654760e+05 -3.3152e+00 +3.7904e+00 +9.2346e-01 -2.1436e+00 -6.7766e-01
230 +3.742688766e+04 +3.742688766e+04 +3.757252766e+04 +3.757252766e+04 -3.1779e+00 +4.0826e+00 +9.2386e-01 -1.8272e+00 -1.5543e-01
271 +3.382709033e+04 +3.382709033e+04 +3.397273033e+04 +3.397273033e+04 -3.2078e+00 +3.9997e+00 +9.1753e-01 -1.8529e+00 -4.1836e-03
282 +1.175867247e+04 +1.175867247e+04 +1.190431247e+04 +1.190431247e+04 -3.2181e+00 +3.9409e+00 +9.0410e-01 -1.6952e+00 -1.7144e-01
379 +4.649707850e+03 +4.649707850e+03 +4.795347850e+03 +4.795347850e+03 -3.3491e+00 +3.8838e+00 +1.0668e+00 -1.9484e+00 -3.1577e-01
394 +4.024880438e+03 +4.024880438e+03 +4.170520438e+03 +4.170520438e+03 -3.3515e+00 +3.8820e+00 +1.0628e+00 -1.9665e+00 -2.1944e-01
412 +3.181607599e+03 +3.181607599e+03 +3.327247599e+03 +3.327247599e+03 -3.3494e+00 +3.8205e+00 +1.0547e+00 -1.9817e+00 -2.9226e-01
418 +8.591950945e+02 +8.591950945e+02 +1.004835095e+03 +1.004835095e+03 -3.3371e+00 +3.8663e+00 +1.0124e+00 -1.9778e+00 -2.8860e-01
450 +4.828123741e+02 +4.828123741e+02 +6.284523741e+02 +6.284523741e+02 -3.3473e+00 +3.8817e+00 +1.0459e+00 -2.0152e+00 -3.0503e-01
518 +2.855809436e+02 +2.855809436e+02 +4.312209436e+02 +4.312209436e+02 -3.3702e+00 +3.8677e+00 +1.0735e+00 -2.0285e+00 -3.2387e-01
530 +1.830860554e+02 +1.830860554e+02 +3.287260554e+02 +3.287260554e+02 -3.3666e+00 +3.8726e+00 +1.0645e+00 -2.0383e+00 -3.2025e-01
541 +1.755439241e+02 +1.755439241e+02 +3.211839241e+02 +3.211839241e+02 -3.3640e+00 +3.8575e+00 +1.0609e+00 -2.0322e+00 -3.1724e-01
542 +6.147372440e+01 +6.147372440e+01 +2.071137244e+02 +2.071137244e+02 -3.3713e+00 +3.8662e+00 +1.0696e+00 -2.0491e+00 -3.1931e-01
547 +1.278035742e+01 +1.278035742e+01 +1.584203574e+02 +1.584203574e+02 -3.3806e+00 +3.8605e+00 +1.0779e+00 -2.0527e+00 -3.2060e-01
595 +7.154474520e+00 +7.154474520e+00 +1.527944745e+02 +1.527944745e+02 -3.3781e+00 +3.8609e+00 +1.0745e+00 -2.0467e+00 -3.2124e-01
696 +6.940072274e+00 +6.940072274e+00 +1.525800723e+02 +1.525800723e+02 -3.3775e+00 +3.8613e+00 +1.0727e+00 -2.0458e+00 -3.1793e-01
705 +3.292024590e+00 +3.292024590e+00 +1.489320246e+02 +1.489320246e+02 -3.3766e+00 +3.8623e+00 +1.0741e+00 -2.0453e+00 -3.1904e-01
715 +2.196742812e+00 +2.196742812e+00 +1.478367428e+02 +1.478367428e+02 -3.3748e+00 +3.8627e+00 +1.0733e+00 -2.0461e+00 -3.1888e-01
741 +1.703284498e+00 +1.703284498e+00 +1.473432845e+02 +1.473432845e+02 -3.3762e+00 +3.8619e+00 +1.0744e+00 -2.0470e+00 -3.1881e-01
748 +1.490579833e+00 +1.490579833e+00 +1.471305798e+02 +1.471305798e+02 -3.3764e+00 +3.8625e+00 +1.0737e+00 -2.0468e+00 -3.1916e-01
798 +1.332933898e+00 +1.332933898e+00 +1.469729339e+02 +1.469729339e+02 -3.3754e+00 +3.8619e+00 +1.0730e+00 -2.0456e+00 -3.1817e-01
823 +1.234270976e+00 +1.234270976e+00 +1.468742710e+02 +1.468742710e+02 -3.3754e+00 +3.8622e+00 +1.0729e+00 -2.0458e+00 -3.1855e-01
830 +1.164060333e+00 +1.164060333e+00 +1.468040603e+02 +1.468040603e+02 -3.3754e+00 +3.8623e+00 +1.0729e+00 -2.0456e+00 -3.1839e-01
891 +1.141751315e+00 +1.141751315e+00 +1.467817513e+02 +1.467817513e+02 -3.3752e+00 +3.8624e+00 +1.0727e+00 -2.0452e+00 -3.1797e-01
% function evaluation | noise-free fitness - Fopt (-1.709700000000e+02) | best noise-free fitness - Fopt | measured fitness | best measured fitness | x1 | x2...
1 +3.719695766e+08 +3.719695766e+08 +3.719694056e+08 +3.719694056e+08 +0.0000e+00 +0.0000e+00 +0.0000e+00 +0.0000e+00 +0.0000e+00
2 +3.710798118e+08 +3.710798118e+08 +3.710796408e+08 +3.710796408e+08 +7.5012e-03 -2.8579e-01 +5.1754e-02 -2.4382e-01 +6.4049e-02
10 +3.367134833e+08 +3.367134833e+08 +3.367133124e+08 +3.367133124e+08 +9.7072e-02 -1.4859e-01 +1.5572e-01 +4.4133e-02 +9.7461e-02
21 +3.244007696e+08 +3.244007696e+08 +3.244005986e+08 +3.244005986e+08 +1.9991e-01 -1.5625e-01 +3.7069e-02 -3.2079e-01 +1.4619e-01
22 +3.232546301e+08 +3.232546301e+08 +3.232544591e+08 +3.232544591e+08 +1.9665e-01 -3.1073e-01 +2.6137e-01 -9.3652e-03 -8.5189e-02
29 +2.784274831e+08 +2.784274831e+08 +2.784273121e+08 +2.784273121e+08 +3.5119e-01 -3.2652e-01 +4.3154e-01 +9.0901e-02 +9.0620e-02
37 +2.694769051e+08 +2.694769051e+08 +2.694767342e+08 +2.694767342e+08 +3.5137e-01 -2.2185e-01 +3.5449e-01 -1.6891e-01 +1.0689e-01
38 +2.429844687e+08 +2.429844687e+08 +2.429842977e+08 +2.429842977e+08 +4.7597e-01 +2.2491e-03 +3.9082e-01 +1.7216e-02 +8.4581e-02
40 +2.384907413e+08 +2.384907413e+08 +2.384905704e+08 +2.384905704e+08 +4.0228e-01 -5.8522e-02 +5.1454e-01 +2.2566e-02 +1.0068e-01
42 +2.000219979e+08 +2.000219979e+08 +2.000218270e+08 +2.000218270e+08 +5.8376e-01 +7.1659e-02 +5.9351e-01 -8.2718e-02 +1.5399e-01
48 +1.688493670e+08 +1.688493670e+08 +1.688491960e+08 +1.688491960e+08 +4.5492e-01 +5.7853e-02 +1.1920e+00 +2.5214e-01 +1.8659e-02
53 +1.534175960e+08 +1.534175960e+08 +1.534174251e+08 +1.534174251e+08 +5.1623e-01 +2.7857e-01 +9.7727e-01 -1.7679e-01 +3.3331e-01
58 +1.295888445e+08 +1.295888445e+08 +1.295886735e+08 +1.295886735e+08 +4.6551e-01 -8.4741e-02 +1.6748e+00 -9.2532e-02 +1.9566e-01
61 +1.178183985e+08 +1.178183985e+08 +1.178182275e+08 +1.178182275e+08 +7.3289e-01 +1.9928e-03 +1.5439e+00 -2.9961e-02 +2.6805e-01
63 +1.163382077e+08 +1.163382077e+08 +1.163380368e+08 +1.163380368e+08 +9.9223e-01 -2.6942e-01 +1.5978e+00 -1.8293e-01 +1.2307e-01
67 +8.765005414e+07 +8.765005414e+07 +8.764988317e+07 +8.764988317e+07 +1.3622e+00 +2.3077e-01 +1.8017e+00 +1.8143e-01 -1.9407e-03
72 +5.941230993e+07 +5.941230993e+07 +5.941213896e+07 +5.941213896e+07 +1.2727e+00 -4.1031e-03 +2.5172e+00 -5.1406e-01 +2.1535e-01
75 +3.877829345e+07 +3.877829345e+07 +3.877812248e+07 +3.877812248e+07 +1.7463e+00 +6.7525e-01 +3.2691e+00 +3.4804e-02 -5.4423e-04
83 +3.782994904e+07 +3.782994904e+07 +3.782977807e+07 +3.782977807e+07 +1.2467e+00 +8.0620e-01 +3.5983e+00 +5.2571e-01 +3.5272e-01
90 +2.679035144e+07 +2.679035144e+07 +2.679018047e+07 +2.679018047e+07 +1.4874e+00 +7.9741e-01 +4.3827e+00 -4.5719e-01 +3.0780e-01
101 +1.560248926e+07 +1.560248926e+07 +1.560231829e+07 +1.560231829e+07 +2.3858e+00 +8.2402e-01 +4.2387e+00 -5.7222e-01 +9.1440e-01
117 +7.969993771e+06 +7.969993771e+06 +7.969822801e+06 +7.969822801e+06 +1.6970e+00 +2.5764e+00 +4.2833e+00 -1.5821e+00 +9.2236e-01
130 +7.586128825e+06 +7.586128825e+06 +7.585957855e+06 +7.585957855e+06 +2.2825e+00 +6.1765e-01 +4.6128e+00 -3.7338e+00 +1.8922e+00
134 +3.583847145e+06 +3.583847145e+06 +3.583676175e+06 +3.583676175e+06 +1.7407e+00 +1.5914e+00 +5.7139e+00 -3.1023e+00 +1.9354e+00
139 +1.889110739e+06 +1.889110739e+06 +1.888939769e+06 +1.888939769e+06 +3.1520e+00 +2.5544e+00 +7.8730e+00 -3.3118e+00 +1.6799e+00
140 +1.288856290e+06 +1.288856290e+06 +1.288685320e+06 +1.288685320e+06 +2.9132e+00 +2.1767e+00 +4.0868e+00 -1.9681e+00 +2.2321e+00
147 +9.487127244e+05 +9.487127244e+05 +9.485417544e+05 +9.485417544e+05 +2.8773e+00 +2.5553e+00 +6.5084e+00 -2.7877e+00 +1.8902e+00
166 +4.918391476e+05 +4.918391476e+05 +4.916681776e+05 +4.916681776e+05 +3.2185e+00 +2.5672e+00 +5.5880e+00 -2.9288e+00 +3.0938e+00
191 +3.865283909e+05 +3.865283909e+05 +3.863574209e+05 +3.863574209e+05 +3.9167e+00 +1.8928e+00 +7.6204e+00 -3.0818e+00 +2.4121e+00
278 +3.264451331e+05 +3.264451331e+05 +3.262741631e+05 +3.262741631e+05 +3.7938e+00 +2.3905e+00 +5.7729e+00 -2.5091e+00 +2.4249e+00
284 +2.593479236e+05 +2.593479236e+05 +2.591769536e+05 +2.591769536e+05 +3.7323e+00 +2.0389e+00 +6.4365e+00 -2.5083e+00 +2.5977e+00
285 +1.430977659e+05 +1.430977659e+05 +1.429267959e+05 +1.429267959e+05 +3.2113e+00 +2.0960e+00 +6.4391e+00 -2.6182e+00 +2.8029e+00
290 +1.247488018e+05 +1.247488018e+05 +1.245778318e+05 +1.245778318e+05 +3.2754e+00 +1.7540e+00 +6.4904e+00 -2.7161e+00 +2.6544e+00
298 +1.138679518e+05 +1.138679518e+05 +1.136969818e+05 +1.136969818e+05 +3.0631e+00 +2.1202e+00 +5.8732e+00 -2.4484e+00 +2.7071e+00
309 +5.775106104e+04 +5.775106104e+04 +5.758009104e+04 +5.758009104e+04 +3.4524e+00 +2.1033e+00 +6.2501e+00 -2.8711e+00 +2.6805e+00
318 +5.204540265e+04 +5.204540265e+04 +5.187443265e+04 +5.187443265e+04 +3.5309e+00 +2.0990e+00 +6.4932e+00 -2.9892e+00 +2.5201e+00
330 +4.426911785e+04 +4.426911785e+04 +4.409814785e+04 +4.409814785e+04 +3.3873e+00 +1.9970e+00 +6.2603e+00 -2.9539e+00 +2.5358e+00
334 +3.441576761e+04 +3.441576761e+04 +3.424479761e+04 +3.424479761e+04 +3.3250e+00 +1.9396e+00 +6.4206e+00 -2.9446e+00 +2.4113e+00
343 +2.234283424e+04 +2.234283424e+04 +2.217186424e+04 +2.217186424e+04 +3.3220e+00 +2.0437e+00 +6.3780e+00 -2.9084e+00 +2.4148e+00
357 +2.091959916e+04 +2.091959916e+04 +2.074862916e+04 +2.074862916e+04 +3.2633e+00 +2.0494e+00 +6.4184e+00 -2.9240e+00 +2.4396e+00
361 +1.713801912e+04 +1.713801912e+04 +1.696704912e+04 +1.696704912e+04 +3.3190e+00 +1.9032e+00 +6.7634e+00 -2.9804e+00 +2.3914e+00
362 +1.398199465e+04 +1.398199465e+04 +1.381102465e+04 +1.381102465e+04 +3.3310e+00 +1.9474e+00 +6.6100e+00 -3.0371e+00 +2.4487e+00
369 +1.283840393e+04 +1.283840393e+04 +1.266743393e+04 +1.266743393e+04 +3.3478e+00 +1.9545e+00 +6.6266e+00 -2.9709e+00 +2.4027e+00
384 +1.186656316e+04 +1.186656316e+04 +1.169559316e+04 +1.169559316e+04 +3.4116e+00 +1.9333e+00 +6.6748e+00 -2.8627e+00 +2.4593e+00
393 +9.612539261e+03 +9.612539261e+03 +9.441569261e+03 +9.441569261e+03 +3.4323e+00 +1.9809e+00 +6.6584e+00 -3.0237e+00 +2.4765e+00
404 +5.629834091e+03 +5.629834091e+03 +5.458864091e+03 +5.458864091e+03 +3.4071e+00 +1.9084e+00 +6.7071e+00 -3.0522e+00 +2.4686e+00
405 +2.270597540e+03 +2.270597540e+03 +2.099627540e+03 +2.099627540e+03 +3.3733e+00 +1.9513e+00 +6.6458e+00 -2.9947e+00 +2.4818e+00
422 +1.631511025e+03 +1.631511025e+03 +1.460541025e+03 +1.460541025e+03 +3.3913e+00 +1.9188e+00 +6.6891e+00 -3.0057e+00 +2.4926e+00
427 +7.247796076e+02 +7.247796076e+02 +5.538096076e+02 +5.538096076e+02 +3.3751e+00 +1.8927e+00 +6.7703e+00 -3.0115e+00 +2.4611e+00
459 +5.866395192e+02 +5.866395192e+02 +4.156695192e+02 +4.156695192e+02 +3.3905e+00 +1.9353e+00 +6.7323e+00 -2.9697e+00 +2.4810e+00
478 +4.187614975e+02 +4.187614975e+02 +2.477914975e+02 +2.477914975e+02 +3.3917e+00 +1.9189e+00 +6.7015e+00 -2.9704e+00 +2.4997e+00
487 +7.347779150e+01 +7.347779150e+01 -9.749220850e+01 -9.749220850e+01 +3.3851e+00 +1.9279e+00 +6.7113e+00 -2.9750e+00 +2.4899e+00
530 +3.149178606e+01 +3.149178606e+01 -1.394782139e+02 -1.394782139e+02 +3.3954e+00 +1.8788e+00 +6.7982e+00 -3.0166e+00 +2.4784e+00
644 +1.808952357e+01 +1.808952357e+01 -1.528804764e+02 -1.528804764e+02 +3.3962e+00 +1.8728e+00 +6.8157e+00 -3.0246e+00 +2.4742e+00
696 +1.689696086e+01 +1.689696086e+01 -1.540730391e+02 -1.540730391e+02 +3.3961e+00 +1.8771e+00 +6.8044e+00 -3.0211e+00 +2.4760e+00
716 +1.465393989e+01 +1.465393989e+01 -1.563160601e+02 -1.563160601e+02 +3.3959e+00 +1.8769e+00 +6.8072e+00 -3.0233e+00 +2.4754e+00
722 +1.440787311e+01 +1.440787311e+01 -1.565621269e+02 -1.565621269e+02 +3.3957e+00 +1.8778e+00 +6.8076e+00 -3.0224e+00 +2.4752e+00
777 +1.405440769e+01 +1.405440769e+01 -1.569155923e+02 -1.569155923e+02 +3.3954e+00 +1.8778e+00 +6.8048e+00 -3.0222e+00 +2.4750e+00
784 +1.368068042e+01 +1.368068042e+01 -1.572893196e+02 -1.572893196e+02 +3.3954e+00 +1.8780e+00 +6.8056e+00 -3.0213e+00 +2.4748e+00
884 +1.346073865e+01 +1.346073865e+01 -1.575092614e+02 -1.575092614e+02 +3.3951e+00 +1.8789e+00 +6.8035e+00 -3.0206e+00 +2.4749e+00
% function evaluation | noise-free fitness - Fopt (-1.306300000000e+02) | best noise-free fitness - Fopt | measured fitness | best measured fitness | x1 | x2...
1 +4.295300062e+07 +4.295300062e+07 +4.295286999e+07 +4.295286999e+07 +0.0000e+00 +0.0000e+00 +0.0000e+00 +0.0000e+00 +0.0000e+00
3 +4.238527503e+07 +4.238527503e+07 +4.238514440e+07 +4.238514440e+07 -1.2989e-01 +3.0709e-01 +4.6947e-02 +1.0443e-01 +2.3606e-01
6 +3.768049185e+07 +3.768049185e+07 +3.768036122e+07 +3.768036122e+07 +1.5784e-01 -1.3915e-01 -1.1633e-01 -2.5224e-01 +2.5216e-01
12 +3.407788433e+07 +3.407788433e+07 +3.407775370e+07 +3.407775370e+07 -1.3174e-01 -3.5524e-01 -1.8716e-02 -2.4795e-01 +2.0801e-01
18 +2.453691604e+07 +2.453691604e+07 +2.453678541e+07 +2.453678541e+07 -2.5893e-01 -4.8006e-01 -1.9213e-01 -1.6176e-01 +7.7735e-01
34 +2.272112476e+07 +2.272112476e+07 +2.272099413e+07 +2.272099413e+07 -8.0241e-02 -6.5162e-01 +2.1318e-01 -6.6876e-01 +1.4143e+00
37 +2.026801068e+07 +2.026801068e+07 +2.026788005e+07 +2.026788005e+07 -1.7557e-01 -9.1920e-01 -1.3711e-01 -1.2793e-01 +8.7505e-01
40 +1.949541719e+07 +1.949541719e+07 +1.949528656e+07 +1.949528656e+07 +1.2333e-01 -6.5444e-01 -4.0445e-01 -8.5189e-04 +1.1949e+00
46 +1.885358215e+07 +1.885358215e+07 +1.885345152e+07 +1.885345152e+07 -8.9287e-02 -1.6620e+00 +2.0094e-01 +1.2690e-01 +6.8937e-01
51 +1.403742220e+07 +1.403742220e+07 +1.403729157e+07 +1.403729157e+07 +4.3044e-01 -1.1736e+00 -1.6595e-01 -1.0396e-01 +2.0069e+00
58 +1.302356633e+07 +1.302356633e+07 +1.302343570e+07 +1.302343570e+07 -4.8075e-01 -1.5816e+00 -6.3143e-02 -4.2380e-01 +2.1540e+00
63 +1.114834840e+07 +1.114834840e+07 +1.114821777e+07 +1.114821777e+07 +4.6879e-01 -1.9770e+00 -3.5288e-01 -3.7278e-01 +1.3298e+00
67 +4.071195148e+06 +4.071195148e+06 +4.071064518e+06 +4.071064518e+06 +1.8451e-01 -3.0975e+00 -7.6077e-01 -6.8672e-01 +2.8252e+00
75 +1.226821835e+06 +1.226821835e+06 +1.226691205e+06 +1.226691205e+06 +1.9707e-01 -3.2784e+00 -2.1127e+00 -6.0196e-02 +2.3320e+00
88 +1.551116197e+05 +1.551116197e+05 +1.549809897e+05 +1.549809897e+05 +1.1591e+00 -3.8485e+00 -2.2884e+00 -8.6035e-01 +2.7065e+00
138 +1.119744724e+05 +1.119744724e+05 +1.118438424e+05 +1.118438424e+05 -1.4063e-01 -3.4521e+00 -2.5913e+00 -7.3170e-01 +2.2490e+00
173 +9.509838008e+04 +9.509838008e+04 +9.496775008e+04 +9.496775008e+04 -1.3542e-01 -3.3701e+00 -2.9114e+00 -7.5046e-01 +2.2794e+00
220 +4.880548627e+04 +4.880548627e+04 +4.867485627e+04 +4.867485627e+04 +3.2486e-01 -3.6210e+00 -2.8947e+00 -6.4741e-01 +2.3193e+00
251 +4.574223688e+04 +4.574223688e+04 +4.561160688e+04 +4.561160688e+04 +1.9498e-01 -3.7625e+00 -2.8983e+00 -7.2791e-01 +2.3109e+00
252 +1.707260342e+04 +1.707260342e+04 +1.694197342e+04 +1.694197342e+04 +4.3633e-03 -3.6405e+00 -2.9832e+00 -6.9157e-01 +2.2378e+00
294 +7.306550347e+03 +7.306550347e+03 +7.175920347e+03 +7.175920347e+03 -8.4719e-03 -3.5539e+00 -2.9117e+00 -6.9139e-01 +2.2246e+00
315 +4.636280873e+03 +4.636280873e+03 +4.505650873e+03 +4.505650873e+03 +4.5653e-02 -3.6128e+00 -2.9387e+00 -7.1851e-01 +2.2636e+00
328 +2.534908868e+03 +2.534908868e+03 +2.404278868e+03 +2.404278868e+03 +9.3743e-02 -3.5731e+00 -2.8746e+00 -7.4118e-01 +2.3287e+00
368 +2.056776083e+03 +2.056776083e+03 +1.926146083e+03 +1.926146083e+03 -6.6503e-02 -3.5653e+00 -2.9410e+00 -7.3037e-01 +2.2412e+00
413 +5.320951040e+02 +5.320951040e+02 +4.014651040e+02 +4.014651040e+02 +2.5169e-02 -3.6017e+00 -2.9016e+00 -7.4252e-01 +2.2585e+00
473 +2.281760945e+02 +2.281760945e+02 +9.754609447e+01 +9.754609447e+01 +2.1706e-02 -3.6152e+00 -2.8933e+00 -7.5015e-01 +2.2754e+00
494 +1.990617925e+02 +1.990617925e+02 +6.843179248e+01 +6.843179248e+01 +2.3081e-02 -3.6147e+00 -2.9029e+00 -7.5322e-01 +2.2657e+00
502 +1.918822476e+02 +1.918822476e+02 +6.125224758e+01 +6.125224758e+01 +1.9773e-02 -3.6067e+00 -2.8968e+00 -7.4540e-01 +2.2706e+00
509 +1.472057347e+02 +1.472057347e+02 +1.657573472e+01 +1.657573472e+01 +1.7608e-02 -3.6069e+00 -2.8987e+00 -7.5174e-01 +2.2859e+00
517 +8.434934302e+01 +8.434934302e+01 -4.628065698e+01 -4.628065698e+01 +1.7846e-02 -3.6109e+00 -2.9111e+00 -7.5166e-01 +2.2692e+00
522 +7.662343277e+01 +7.662343277e+01 -5.400656723e+01 -5.400656723e+01 +1.7320e-02 -3.6031e+00 -2.9001e+00 -7.5536e-01 +2.2687e+00
533 +4.568818927e+01 +4.568818927e+01 -8.494181073e+01 -8.494181073e+01 +3.1204e-02 -3.6049e+00 -2.9040e+00 -7.5423e-01 +2.2783e+00
562 +3.090039315e+01 +3.090039315e+01 -9.972960685e+01 -9.972960685e+01 +2.3260e-02 -3.6104e+00 -2.9017e+00 -7.5210e-01 +2.2743e+00
572 +2.987074297e+01 +2.987074297e+01 -1.007592570e+02 -1.007592570e+02 +1.9068e-02 -3.6050e+00 -2.9002e+00 -7.5251e-01 +2.2721e+00
577 +1.912978985e+01 +1.912978985e+01 -1.115002102e+02 -1.115002102e+02 +2.4421e-02 -3.6067e+00 -2.9031e+00 -7.5126e-01 +2.2758e+00
596 +1.691273970e+01 +1.691273970e+01 -1.137172603e+02 -1.137172603e+02 +1.8361e-02 -3.6073e+00 -2.9016e+00 -7.5470e-01 +2.2752e+00
600 +1.483124278e+01 +1.483124278e+01 -1.157987572e+02 -1.157987572e+02 +1.9745e-02 -3.6058e+00 -2.9044e+00 -7.5268e-01 +2.2756e+00
626 +9.085028383e+00 +9.085028383e+00 -1.215449716e+02 -1.215449716e+02 +2.0867e-02 -3.6072e+00 -2.9017e+00 -7.5313e-01 +2.2750e+00
654 +6.529816548e+00 +6.529816548e+00 -1.241001835e+02 -1.241001835e+02 +1.9326e-02 -3.6074e+00 -2.9035e+00 -7.5330e-01 +2.2735e+00
683 +6.411757394e+00 +6.411757394e+00 -1.242182426e+02 -1.242182426e+02 +2.0643e-02 -3.6074e+00 -2.9034e+00 -7.5361e-01 +2.2746e+00
701 +6.189168430e+00 +6.189168430e+00 -1.244408316e+02 -1.244408316e+02 +2.1374e-02 -3.6082e+00 -2.9036e+00 -7.5387e-01 +2.2753e+00
732 +5.976514784e+00 +5.976514784e+00 -1.246534852e+02 -1.246534852e+02 +2.0512e-02 -3.6081e+00 -2.9034e+00 -7.5359e-01 +2.2746e+00
10881 +5.888425358e+00 +5.888425358e+00 -1.247415746e+02 -1.247415746e+02 +2.6335e-02 -3.6086e+00 -2.9015e+00 -7.5407e-01 +2.2783e+00
% function evaluation | noise-free fitness - Fopt (5.492000000000e+01) | best noise-free fitness - Fopt | measured fitness | best measured fitness | x1 | x2...
1 +6.523116282e+07 +6.523116282e+07 +6.523121774e+07 +6.523121774e+07 +0.0000e+00 +0.0000e+00 +0.0000e+00 +0.0000e+00 +0.0000e+00
2 +6.111271712e+07 +6.111271712e+07 +6.111277204e+07 +6.111277204e+07 +2.0343e-01 +9.6632e-02 -1.8434e-01 +8.8030e-02 +1.8346e-01
3 +5.528985324e+07 +5.528985324e+07 +5.528990816e+07 +5.528990816e+07 +2.1554e-01 -2.9007e-01 +1.8672e-01 +3.4665e-01 +1.0041e-01
10 +4.382618212e+07 +4.382618212e+07 +4.382623704e+07 +4.382623704e+07 -2.1774e-03 -2.5336e-01 -2.7769e-01 -1.8754e-02 +5.2771e-02
18 +4.168880946e+07 +4.168880946e+07 +4.168886438e+07 +4.168886438e+07 -9.5440e-02 -4.9029e-01 -1.9079e-01 -1.4768e-01 -2.1358e-01
21 +3.759475770e+07 +3.759475770e+07 +3.759481262e+07 +3.759481262e+07 -2.3952e-02 -2.9314e-01 -2.9787e-01 +1.4234e-01 +2.7770e-01
30 +2.831007542e+07 +2.831007542e+07 +2.831013034e+07 +2.831013034e+07 -4.1157e-02 -6.3720e-01 -3.3999e-01 +8.6530e-02 +3.0744e-02
34 +2.508552474e+07 +2.508552474e+07 +2.508557966e+07 +2.508557966e+07 -3.1651e-02 -5.8972e-01 -5.7106e-01 +3.5741e-02 +2.2946e-01
40 +2.047570566e+07 +2.047570566e+07 +2.047576058e+07 +2.047576058e+07 -1.9176e-01 -2.7733e-01 -9.0722e-01 +1.4651e-01 +2.5823e-01
45 +8.864939354e+06 +8.864939354e+06 +8.864994274e+06 +8.864994274e+06 -2.0762e-01 -7.6923e-01 -8.4210e-01 +6.6492e-01 +2.8041e-01
50 +6.808894078e+06 +6.808894078e+06 +6.808948998e+06 +6.808948998e+06 -5.7031e-01 -3.9805e-01 -1.3771e+00 +1.0193e+00 +3.7935e-01
54 +5.658736260e+06 +5.658736260e+06 +5.658791180e+06 +5.658791180e+06 -6.8627e-01 -1.0518e+00 -7.7371e-01 +5.0904e-01 +9.6043e-01
59 +1.932115107e+06 +1.932115107e+06 +1.932170027e+06 +1.932170027e+06 -1.4682e+00 -1.3069e+00 -1.0928e+00 +1.2786e+00 +9.1633e-01
78 +1.335441768e+06 +1.335441768e+06 +1.335496688e+06 +1.335496688e+06 -2.0875e+00 -1.6359e+00 -5.5474e-01 +2.7324e-01 +6.3619e-01
86 +9.055181105e+05 +9.055181105e+05 +9.055730305e+05 +9.055730305e+05 -1.8429e+00 -1.7088e+00 -7.7416e-01 +6.7367e-01 +1.0843e+00
89 +2.884848198e+05 +2.884848198e+05 +2.885397398e+05 +2.885397398e+05 -2.0612e+00 -1.9915e+00 -5.9995e-01 +3.5736e-01 -3.4676e-01
133 +2.801684439e+05 +2.801684439e+05 +2.802233639e+05 +2.802233639e+05 -2.3527e+00 -2.1908e+00 -8.4799e-01 +4.8810e-01 -2.3936e-01
154 +7.880868512e+04 +7.880868512e+04 +7.886360512e+04 +7.886360512e+04 -2.4312e+00 -2.0590e+00 -9.8686e-01 +7.8886e-02 -4.7394e-01
212 +6.017302148e+04 +6.017302148e+04 +6.022794148e+04 +6.022794148e+04 -2.5350e+00 -1.9477e+00 -1.0172e+00 +1.3595e-01 -4.6965e-01
228 +3.394288800e+04 +3.394288800e+04 +3.399780800e+04 +3.399780800e+04 -2.5333e+00 -2.0332e+00 -1.0429e+00 +1.7079e-01 -4.7455e-01
235 +2.340447091e+04 +2.340447091e+04 +2.345939091e+04 +2.345939091e+04 -2.5394e+00 -1.9881e+00 -9.1390e-01 +2.1407e-01 -5.2661e-01
238 +1.798190605e+04 +1.798190605e+04 +1.803682605e+04 +1.803682605e+04 -2.4739e+00 -2.0347e+00 -1.1215e+00 +1.4943e-01 -6.6296e-01
250 +1.042295827e+04 +1.042295827e+04 +1.047787827e+04 +1.047787827e+04 -2.5597e+00 -2.0447e+00 -9.8492e-01 +1.6578e-01 -6.5968e-01
275 +3.565494829e+03 +3.565494829e+03 +3.620414829e+03 +3.620414829e+03 -2.5422e+00 -2.0187e+00 -9.5807e-01 +2.7320e-01 -6.0454e-01
278 +3.228564691e+03 +3.228564691e+03 +3.283484691e+03 +3.283484691e+03 -2.4560e+00 -1.9697e+00 -9.4367e-01 +2.7497e-01 -5.2845e-01
292 +1.601487560e+03 +1.601487560e+03 +1.656407560e+03 +1.656407560e+03 -2.5356e+00 -2.0177e+00 -9.9748e-01 +2.2514e-01 -6.7951e-01
336 +1.037843966e+03 +1.037843966e+03 +1.092763966e+03 +1.092763966e+03 -2.4904e+00 -2.0062e+00 -9.9836e-01 +2.6525e-01 -6.1067e-01
367 +5.173704372e+02 +5.173704372e+02 +5.722904372e+02 +5.722904372e+02 -2.4620e+00 -1.9702e+00 -9.4232e-01 +3.0195e-01 -5.4942e-01
375 +3.713765035e+02 +3.713765035e+02 +4.262965035e+02 +4.262965035e+02 -2.4717e+00 -1.9935e+00 -9.5999e-01 +2.9241e-01 -5.5593e-01
415 +1.169500167e+02 +1.169500167e+02 +1.718700167e+02 +1.718700167e+02 -2.4828e+00 -1.9866e+00 -9.6870e-01 +2.7918e-01 -5.8192e-01
489 +1.054476331e+02 +1.054476331e+02 +1.603676331e+02 +1.603676331e+02 -2.4799e+00 -1.9867e+00 -9.5493e-01 +2.9183e-01 -5.7658e-01
491 +1.018743942e+02 +1.018743942e+02 +1.567943942e+02 +1.567943942e+02 -2.4815e+00 -1.9848e+00 -9.4783e-01 +2.9556e-01 -5.6747e-01
538 +9.155537213e+01 +9.155537213e+01 +1.464753721e+02 +1.464753721e+02 -2.4797e+00 -1.9870e+00 -9.4800e-01 +2.9513e-01 -5.6817e-01
541 +3.304991786e+01 +3.304991786e+01 +8.796991786e+01 +8.796991786e+01 -2.4795e+00 -1.9863e+00 -9.5074e-01 +2.9250e-01 -5.6414e-01
547 +2.670817175e+01 +2.670817175e+01 +8.162817175e+01 +8.162817175e+01 -2.4771e+00 -1.9864e+00 -9.5304e-01 +2.9491e-01 -5.6342e-01
562 +2.370195426e+01 +2.370195426e+01 +7.862195426e+01 +7.862195426e+01 -2.4793e+00 -1.9888e+00 -9.5637e-01 +2.8873e-01 -5.6651e-01
584 +2.208529260e+01 +2.208529260e+01 +7.700529260e+01 +7.700529260e+01 -2.4822e+00 -1.9881e+00 -9.5645e-01 +2.8767e-01 -5.6741e-01
599 +1.819166417e+01 +1.819166417e+01 +7.311166417e+01 +7.311166417e+01 -2.4803e+00 -1.9879e+00 -9.5542e-01 +2.8974e-01 -5.6681e-01
620 +1.762910311e+01 +1.762910311e+01 +7.254910311e+01 +7.254910311e+01 -2.4792e+00 -1.9869e+00 -9.5538e-01 +2.9072e-01 -5.6631e-01
697 +1.733438863e+01 +1.733438863e+01 +7.225438863e+01 +7.225438863e+01 -2.4796e+00 -1.9869e+00 -9.5505e-01 +2.9046e-01 -5.6583e-01
% function evaluation | noise-free fitness - Fopt (9.070000000000e+00) | best noise-free fitness - Fopt | measured fitness | best measured fitness | x1 | x2...
1 +7.482675805e+07 +7.482675805e+07 +7.482676712e+07 +7.482676712e+07 +0.0000e+00 +0.0000e+00 +0.0000e+00 +0.0000e+00 +0.0000e+00
2 +6.156599679e+07 +6.156599679e+07 +6.156600586e+07 +6.156600586e+07 +1.7974e-01 -2.6503e-01 +1.8144e-01 -1.4472e-01 -9.6548e-03
11 +5.989783231e+07 +5.989783231e+07 +5.989784138e+07 +5.989784138e+07 +2.8466e-01 -2.4529e-01 +2.2419e-01 -5.1903e-02 +1.4405e-01
14 +4.893655745e+07 +4.893655745e+07 +4.893656652e+07 +4.893656652e+07 +5.4518e-01 +6.9624e-02 -1.3625e-02 -1.5601e-01 +3.2209e-03
17 +4.685896638e+07 +4.685896638e+07 +4.685897545e+07 +4.685897545e+07 +4.0258e-01 +1.1586e-01 -1.8186e-02 -5.0917e-01 -7.5375e-02
19 +3.922330337e+07 +3.922330337e+07 +3.922331244e+07 +3.922331244e+07 +7.5336e-01 +3.8432e-01 +1.3858e-01 -4.3879e-01 +6.8373e-02
22 +3.631330727e+07 +3.631330727e+07 +3.631331634e+07 +3.631331634e+07 +8.2981e-01 +2.9688e-01 +2.0656e-01 -4.4099e-01 +4.7376e-02
31 +2.801029462e+07 +2.801029462e+07 +2.801030369e+07 +2.801030369e+07 +6.9624e-01 +3.0263e-01 +1.2542e-01 -1.6521e+00 +2.7645e-01
35 +2.722669705e+07 +2.722669705e+07 +2.722670612e+07 +2.722670612e+07 +7.8727e-01 +1.6707e-01 +6.6491e-01 -1.0498e+00 +2.4969e-01
36 +2.034315581e+07 +2.034315581e+07 +2.034316488e+07 +2.034316488e+07 +2.2685e+00 +1.8506e-01 -5.8832e-02 -7.1617e-01 +1.6452e-01
42 +1.756166264e+07 +1.756166264e+07 +1.756167171e+07 +1.756167171e+07 +1.5353e+00 -1.0782e-01 +8.0503e-02 -1.2912e+00 +7.8930e-01
43 +1.407065309e+07 +1.407065309e+07 +1.407066216e+07 +1.407066216e+07 +2.8445e+00 -3.0352e-01 -3.3814e-01 -1.4014e+00 +7.3253e-01
55 +1.255994741e+07 +1.255994741e+07 +1.255995648e+07 +1.255995648e+07 +1.3311e+00 +4.8253e-01 +9.3238e-01 -2.6157e+00 +7.9419e-01
58 +8.882925342e+06 +8.882925342e+06 +8.882934412e+06 +8.882934412e+06 +2.7548e+00 -1.7757e-01 +8.9941e-01 -9.1328e-01 +1.6774e-01
62 +7.709170203e+06 +7.709170203e+06 +7.709179273e+06 +7.709179273e+06 +1.9271e+00 -2.0378e-01 +8.9685e-01 -1.7181e+00 +6.4790e-01
63 +3.500236078e+06 +3.500236078e+06 +3.500245148e+06 +3.500245148e+06 +2.6072e+00 -1.7310e-01 +1.3863e+00 -3.9875e+00 +9.6433e-01
68 +1.089288380e+06 +1.089288380e+06 +1.089297450e+06 +1.089297450e+06 +2.8865e+00 -3.0065e-01 +1.9186e+00 -3.2659e+00 +1.4050e+00
77 +4.201398906e+05 +4.201398906e+05 +4.201489606e+05 +4.201489606e+05 +3.5619e+00 -3.2293e-03 +2.0647e+00 -3.1900e+00 +8.6736e-01
80 +3.424463204e+05 +3.424463204e+05 +3.424553904e+05 +3.424553904e+05 +3.7337e+00 -2.1241e-01 +2.1244e+00 -3.1195e+00 +6.3916e-01
139 +1.036792241e+05 +1.036792241e+05 +1.036882941e+05 +1.036882941e+05 +3.7526e+00 -8.1186e-01 +2.6682e+00 -2.7227e+00 +1.0412e+00
154 +7.490437873e+04 +7.490437873e+04 +7.491344873e+04 +7.491344873e+04 +3.7226e+00 -8.5088e-01 +2.3675e+00 -2.6313e+00 +9.9844e-01
228 +6.733437960e+04 +6.733437960e+04 +6.734344960e+04 +6.734344960e+04 +3.3940e+00 -1.9396e-01 +2.4689e+00 -3.2242e+00 +8.7280e-01
249 +3.487288569e+04 +3.487288569e+04 +3.488195569e+04 +3.488195569e+04 +3.5091e+00 -3.3207e-01 +2.4866e+00 -3.0974e+00 +9.1125e-01
276 +9.104512135e+03 +9.104512135e+03 +9.113582135e+03 +9.113582135e+03 +3.5568e+00 -4.9723e-01 +2.5150e+00 -3.1552e+00 +8.8927e-01
288 +8.529156465e+03 +8.529156465e+03 +8.538226465e+03 +8.538226465e+03 +3.4838e+00 -4.7538e-01 +2.7039e+00 -3.2391e+00 +8.2914e-01
309 +5.859794566e+03 +5.859794566e+03 +5.868864566e+03 +5.868864566e+03 +3.5635e+00 -4.3323e-01 +2.6319e+00 -3.1589e+00 +7.8538e-01
317 +3.082147216e+03 +3.082147216e+03 +3.091217216e+03 +3.091217216e+03 +3.5302e+00 -5.2923e-01 +2.5484e+00 -3.0986e+00 +9.1109e-01
324 +2.895580741e+03 +2.895580741e+03 +2.904650741e+03 +2.904650741e+03 +3.5525e+00 -4.7440e-01 +2.5826e+00 -3.1861e+00 +8.4078e-01
344 +1.517701612e+03 +1.517701612e+03 +1.526771612e+03 +1.526771612e+03 +3.5150e+00 -4.5003e-01 +2.6079e+00 -3.1384e+00 +8.6457e-01
356 +1.050153281e+03 +1.050153281e+03 +1.059223281e+03 +1.059223281e+03 +3.5391e+00 -4.4460e-01 +2.6237e+00 -3.1954e+00 +8.7488e-01
367 +6.269069457e+02 +6.269069457e+02 +6.359769457e+02 +6.359769457e+02 +3.5211e+00 -4.6756e-01 +2.6494e+00 -3.1934e+00 +8.5452e-01
389 +2.766281649e+02 +2.766281649e+02 +2.856981649e+02 +2.856981649e+02 +3.5410e+00 -4.4495e-01 +2.6499e+00 -3.1744e+00 +8.5870e-01
411 +2.738960417e+02 +2.738960417e+02 +2.829660417e+02 +2.829660417e+02 +3.5342e+00 -4.3076e-01 +2.6582e+00 -3.1817e+00 +8.4552e-01
422 +1.537099977e+02 +1.537099977e+02 +1.627799977e+02 +1.627799977e+02 +3.5233e+00 -4.0490e-01 +2.6701e+00 -3.2109e+00 +8.3965e-01
470 +5.460871801e+01 +5.460871801e+01 +6.367871801e+01 +6.367871801e+01 +3.5291e+00 -4.0758e-01 +2.6507e+00 -3.2162e+00 +8.3511e-01
496 +4.635044580e+01 +4.635044580e+01 +5.542044580e+01 +5.542044580e+01 +3.5335e+00 -4.2521e-01 +2.6493e+00 -3.2044e+00 +8.4087e-01
500 +3.422680313e+01 +3.422680313e+01 +4.329680313e+01 +4.329680313e+01 +3.5295e+00 -4.3056e-01 +2.6537e+00 -3.1991e+00 +8.4193e-01
510 +2.069986665e+01 +2.069986665e+01 +2.976986665e+01 +2.976986665e+01 +3.5266e+00 -4.2676e-01 +2.6471e+00 -3.1928e+00 +8.4456e-01
519 +9.592839720e+00 +9.592839720e+00 +1.866283972e+01 +1.866283972e+01 +3.5261e+00 -4.3042e-01 +2.6517e+00 -3.1954e+00 +8.4547e-01
561 +7.697487475e+00 +7.697487475e+00 +1.676748748e+01 +1.676748748e+01 +3.5284e+00 -4.2118e-01 +2.6534e+00 -3.2010e+00 +8.4054e-01
586 +7.229305365e+00 +7.229305365e+00 +1.629930536e+01 +1.629930536e+01 +3.5239e+00 -4.1914e-01 +2.6524e+00 -3.2062e+00 +8.4100e-01
593 +5.082774535e+00 +5.082774535e+00 +1.415277453e+01 +1.415277453e+01 +3.5245e+00 -4.2331e-01 +2.6522e+00 -3.2002e+00 +8.4339e-01
603 +5.011046332e+00 +5.011046332e+00 +1.408104633e+01 +1.408104633e+01 +3.5252e+00 -4.2088e-01 +2.6526e+00 -3.2054e+00 +8.4047e-01
604 +4.750575828e+00 +4.750575828e+00 +1.382057583e+01 +1.382057583e+01 +3.5264e+00 -4.1857e-01 +2.6541e+00 -3.2026e+00 +8.4171e-01
611 +3.674731529e+00 +3.674731529e+00 +1.274473153e+01 +1.274473153e+01 +3.5262e+00 -4.2137e-01 +2.6531e+00 -3.2040e+00 +8.4236e-01
612 +3.483526744e+00 +3.483526744e+00 +1.255352674e+01 +1.255352674e+01 +3.5262e+00 -4.1794e-01 +2.6517e+00 -3.2057e+00 +8.4118e-01
621 +2.714642247e+00 +2.714642247e+00 +1.178464225e+01 +1.178464225e+01 +3.5258e+00 -4.1955e-01 +2.6516e+00 -3.2047e+00 +8.4168e-01
625 +9.811964308e-01 +9.811964308e-01 +1.005119643e+01 +1.005119643e+01 +3.5265e+00 -4.1918e-01 +2.6536e+00 -3.2041e+00 +8.4110e-01
628 +8.797626509e-01 +8.797626509e-01 +9.949762651e+00 +9.949762651e+00 +3.5259e+00 -4.1919e-01 +2.6523e+00 -3.2045e+00 +8.4125e-01
631 +4.950458088e-01 +4.950458088e-01 +9.565045809e+00 +9.565045809e+00 +3.5260e+00 -4.1882e-01 +2.6533e+00 -3.2046e+00 +8.4102e-01
641 +4.179812035e-01 +4.179812035e-01 +9.487981203e+00 +9.487981203e+00 +3.5261e+00 -4.1908e-01 +2.6531e+00 -3.2049e+00 +8.4056e-01
644 +2.165020898e-01 +2.165020898e-01 +9.286502090e+00 +9.286502090e+00 +3.5261e+00 -4.1992e-01 +2.6529e+00 -3.2038e+00 +8.4075e-01
652 +2.125789690e-01 +2.125789690e-01 +9.282578969e+00 +9.282578969e+00 +3.5259e+00 -4.1986e-01 +2.6523e+00 -3.2033e+00 +8.4100e-01
661 +1.883987926e-01 +1.883987926e-01 +9.258398793e+00 +9.258398793e+00 +3.5263e+00 -4.1968e-01 +2.6524e+00 -3.2038e+00 +8.4056e-01
665 +1.214235663e-01 +1.214235663e-01 +9.191423566e+00 +9.191423566e+00 +3.5262e+00 -4.1932e-01 +2.6526e+00 -3.2038e+00 +8.4086e-01
691 +8.720342627e-02 +8.720342627e-02 +9.157203426e+00 +9.157203426e+00 +3.5260e+00 -4.1964e-01 +2.6528e+00 -3.2038e+00 +8.4078e-01
725 +6.491548853e-02 +6.491548853e-02 +9.134915489e+00 +9.134915489e+00 +3.5262e+00 -4.1984e-01 +2.6526e+00 -3.2036e+00 +8.4091e-01
821 +6.365739083e-02 +6.365739083e-02 +9.133657391e+00 +9.133657391e+00 +3.5262e+00 -4.1983e-01 +2.6525e+00 -3.2036e+00 +8.4087e-01
969 +6.306200339e-02 +6.306200339e-02 +9.133062003e+00 +9.133062003e+00 +3.5261e+00 -4.1984e-01 +2.6526e+00 -3.2036e+00 +8.4089e-01
% function evaluation | noise-free fitness - Fopt (2.980000000000e+01) | best noise-free fitness - Fopt | measured fitness | best measured fitness | x1 | x2...
1 +1.617648679e+07 +1.617648679e+07 +1.617651659e+07 +1.617651659e+07 +0.0000e+00 +0.0000e+00 +0.0000e+00 +0.0000e+00 +0.0000e+00
3 +1.320675722e+07 +1.320675722e+07 +1.320678702e+07 +1.320678702e+07 +6.8872e-02 -5.8819e-02 -3.2915e-01 +1.2700e-01 -7.4879e-02
12 +1.248059882e+07 +1.248059882e+07 +1.248062862e+07 +1.248062862e+07 -1.6760e-01 -7.0096e-02 -4.2288e-01 +1.0903e-01 -1.9234e-01
16 +1.141571911e+07 +1.141571911e+07 +1.141574891e+07 +1.141574891e+07 +5.8385e-02 -3.2210e-01 -5.9124e-01 +2.0349e-01 -4.6661e-01
19 +8.906437053e+06 +8.906437053e+06 +8.906466853e+06 +8.906466853e+06 +4.5790e-02 -1.5017e-01 -9.1922e-01 +2.2844e-01 -5.4481e-01
24 +8.658188344e+06 +8.658188344e+06 +8.658218144e+06 +8.658218144e+06 +1.9864e-01 -6.6857e-02 -8.9694e-01 +5.5000e-01 -1.6126e-01
28 +6.625075199e+06 +6.625075199e+06 +6.625104999e+06 +6.625104999e+06 +6.0672e-03 +3.3762e-01 -1.1442e+00 +3.3840e-01 -4.4289e-01
29 +5.942976510e+06 +5.942976510e+06 +5.943006310e+06 +5.943006310e+06 +1.2913e-01 +2.6098e-02 -1.7294e+00 +1.7743e-01 +5.6507e-02
36 +5.039962423e+06 +5.039962423e+06 +5.039992223e+06 +5.039992223e+06 +1.3714e-01 -7.6347e-02 -1.8142e+00 +7.9900e-01 -2.4202e-01
38 +4.389122056e+06 +4.389122056e+06 +4.389151856e+06 +4.389151856e+06 +1.1615e-01 +4.5164e-01 -2.0348e+00 -1.0553e-01 -2.1806e-01
42 +4.039919583e+06 +4.039919583e+06 +4.039949383e+06 +4.039949383e+06 +6.3016e-02 +2.5586e-01 -2.7392e+00 +2.4334e-01 +4.6249e-01
43 +2.877355412e+06 +2.877355412e+06 +2.877385212e+06 +2.877385212e+06 +5.2067e-01 +3.0962e-01 -2.3996e+00 +4.6500e-01 -9.9867e-02
51 +1.754854314e+06 +1.754854314e+06 +1.754884114e+06 +1.754884114e+06 +4.9828e-01 +4.8438e-01 -2.8064e+00 +7.6868e-01 -2.5731e-01
56 +1.546072670e+06 +1.546072670e+06 +1.546102470e+06 +1.546102470e+06 +4.8954e-01 +1.3792e+00 -2.9790e+00 +1.6371e-01 +3.5620e-01
65 +9.427627806e+05 +9.427627806e+05 +9.427925806e+05 +9.427925806e+05 +3.1555e-01 +1.2318e+00 -3.1343e+00 +1.3244e+00 -4.4891e-01
85 +5.929706553e+05 +5.929706553e+05 +5.930004553e+05 +5.930004553e+05 -2.4397e-01 +1.7375e+00 -2.8646e+00 +9.8297e-01 -1.3941e-01
89 +2.999605547e+05 +2.999605547e+05 +2.999903547e+05 +2.999903547e+05 -2.8954e-01 +2.2341e+00 -2.9375e+00 +5.6244e-01 +6.3473e-01
98 +2.454570522e+05 +2.454570522e+05 +2.454868522e+05 +2.454868522e+05 +3.3800e-01 +2.3754e+00 -2.8588e+00 +7.2943e-01 -4.2211e-01
129 +1.267034108e+05 +1.267034108e+05 +1.267332108e+05 +1.267332108e+05 +7.9950e-02 +2.1301e+00 -3.2562e+00 +9.5526e-01 -3.1523e-01
181 +5.789733626e+04 +5.789733626e+04 +5.792713626e+04 +5.792713626e+04 +5.4177e-01 +1.9081e+00 -3.2544e+00 +6.8432e-01 -5.6104e-01
198 +1.671194465e+04 +1.671194465e+04 +1.674174465e+04 +1.674174465e+04 +4.1384e-01 +1.8919e+00 -3.2154e+00 +7.3799e-01 -4.3093e-01
224 +1.382229121e+04 +1.382229121e+04 +1.385209121e+04 +1.385209121e+04 +2.8130e-01 +1.9732e+00 -3.0589e+00 +8.2513e-01 -3.7570e-01
239 +3.917650171e+03 +3.917650171e+03 +3.947450171e+03 +3.947450171e+03 +2.0239e-01 +2.0544e+00 -3.1639e+00 +7.2615e-01 -2.9045e-01
288 +2.418141990e+03 +2.418141990e+03 +2.447941990e+03 +2.447941990e+03 +2.2597e-01 +2.0424e+00 -3.0962e+00 +7.4413e-01 -3.1317e-01
304 +1.727392140e+03 +1.727392140e+03 +1.757192140e+03 +1.757192140e+03 +2.4981e-01 +2.0439e+00 -3.1289e+00 +7.5844e-01 -2.9308e-01
308 +1.030769416e+03 +1.030769416e+03 +1.060569416e+03 +1.060569416e+03 +2.3718e-01 +2.0769e+00 -3.1488e+00 +7.5231e-01 -3.1933e-01
372 +8.040294079e+02 +8.040294079e+02 +8.338294079e+02 +8.338294079e+02 +2.5648e-01 +2.0693e+00 -3.1294e+00 +7.6679e-01 -3.2784e-01
380 +1.693227471e+02 +1.693227471e+02 +1.991227471e+02 +1.991227471e+02 +2.4743e-01 +2.0568e+00 -3.1260e+00 +7.4324e-01 -3.2544e-01
448 +1.421132900e+02 +1.421132900e+02 +1.719132900e+02 +1.719132900e+02 +2.5351e-01 +2.0735e+00 -3.1374e+00 +7.4221e-01 -3.1704e-01
453 +1.157925796e+02 +1.157925796e+02 +1.455925796e+02 +1.455925796e+02 +2.5083e-01 +2.0725e+00 -3.1329e+00 +7.4444e-01 -3.2085e-01
459 +4.274456634e+01 +4.274456634e+01 +7.254456634e+01 +7.254456634e+01 +2.4703e-01 +2.0653e+00 -3.1326e+00 +7.4075e-01 -3.1350e-01
482 +3.636696726e+01 +3.636696726e+01 +6.616696726e+01 +6.616696726e+01 +2.5172e-01 +2.0697e+00 -3.1339e+00 +7.4371e-01 -3.1207e-01
484 +3.035137173e+01 +3.035137173e+01 +6.015137173e+01 +6.015137173e+01 +2.4829e-01 +2.0676e+00 -3.1286e+00 +7.3943e-01 -3.1446e-01
491 +2.417172744e+01 +2.417172744e+01 +5.397172744e+01 +5.397172744e+01 +2.5590e-01 +2.0634e+00 -3.1296e+00 +7.4500e-01 -3.1583e-01
495 +2.375703608e+01 +2.375703608e+01 +5.355703608e+01 +5.355703608e+01 +2.5288e-01 +2.0669e+00 -3.1326e+00 +7.4393e-01 -3.1421e-01
497 +1.473604939e+01 +1.473604939e+01 +4.453604939e+01 +4.453604939e+01 +2.4767e-01 +2.0687e+00 -3.1301e+00 +7.4486e-01 -3.1235e-01
531 +1.086575995e+01 +1.086575995e+01 +4.066575995e+01 +4.066575995e+01 +2.4956e-01 +2.0692e+00 -3.1285e+00 +7.4234e-01 -3.1266e-01
555 +9.056729407e+00 +9.056729407e+00 +3.885672941e+01 +3.885672941e+01 +2.4787e-01 +2.0713e+00 -3.1303e+00 +7.4366e-01 -3.1098e-01
584 +8.575032539e+00 +8.575032539e+00 +3.837503254e+01 +3.837503254e+01 +2.4804e-01 +2.0707e+00 -3.1307e+00 +7.4268e-01 -3.1073e-01
592 +8.248372672e+00 +8.248372672e+00 +3.804837267e+01 +3.804837267e+01 +2.4563e-01 +2.0729e+00 -3.1307e+00 +7.4192e-01 -3.0913e-01
602 +8.024395552e+00 +8.024395552e+00 +3.782439555e+01 +3.782439555e+01 +2.4616e-01 +2.0714e+00 -3.1308e+00 +7.4268e-01 -3.0991e-01
634 +7.410858852e+00 +7.410858852e+00 +3.721085885e+01 +3.721085885e+01 +2.4569e-01 +2.0716e+00 -3.1299e+00 +7.4293e-01 -3.0907e-01
693 +6.945177862e+00 +6.945177862e+00 +3.674517786e+01 +3.674517786e+01 +2.4599e-01 +2.0722e+00 -3.1299e+00 +7.4268e-01 -3.0948e-01
706 +6.896816363e+00 +6.896816363e+00 +3.669681636e+01 +3.669681636e+01 +2.4625e-01 +2.0719e+00 -3.1299e+00 +7.4251e-01 -3.0969e-01
% function evaluation | noise-free fitness - Fopt (4.328000000000e+01) | best noise-free fitness - Fopt | measured fitness | best measured fitness | x1 | x2...
1 +4.151016582e+08 +4.151016582e+08 +4.151017015e+08 +4.151017015e+08 +0.0000e+00 +0.0000e+00 +0.0000e+00 +0.0000e+00 +0.0000e+00
3 +3.283954531e+08 +3.283954531e+08 +3.283954963e+08 +3.283954963e+08 +7.5342e-02 -1.1316e-01 +2.4205e-02 -1.5596e-01 -1.1606e-02
7 +3.078187648e+08 +3.078187648e+08 +3.078188081e+08 +3.078188081e+08 +5.2072e-02 -4.2341e-03 -1.9559e-02 -1.4877e-01 -4.0489e-01
10 +2.655942358e+08 +2.655942358e+08 +2.655942791e+08 +2.655942791e+08 +4.7578e-02 -1.0551e-01 -1.2121e-01 -2.9988e-01 -2.7313e-01
11 +2.323288946e+08 +2.323288946e+08 +2.323289378e+08 +2.323289378e+08 +8.1473e-02 -3.0359e-01 +1.2271e-01 -3.2135e-01 -2.5396e-01
20 +1.986210070e+08 +1.986210070e+08 +1.986210503e+08 +1.986210503e+08 -2.8899e-02 -4.2950e-01 -1.2071e-02 -3.8882e-01 -4.2979e-01
21 +1.769551627e+08 +1.769551627e+08 +1.769552060e+08 +1.769552060e+08 +2.6411e-01 -3.3367e-01 +1.1076e-01 -5.2618e-01 -3.0486e-01
30 +1.735060709e+08 +1.735060709e+08 +1.735061142e+08 +1.735061142e+08 -1.0879e-01 -5.7630e-01 -2.4812e-01 -4.4932e-01 -4.4032e-01
32 +1.599289852e+08 +1.599289852e+08 +1.599290285e+08 +1.599290285e+08 -3.1114e-02 -6.2155e-01 -9.5781e-02 -5.9512e-01 -1.8122e-01
35 +9.775715651e+07 +9.775715651e+07 +9.775719979e+07 +9.775719979e+07 -3.1017e-02 -1.0276e+00 -6.8441e-02 -9.6101e-01 -1.0456e-01
42 +8.980860704e+07 +8.980860704e+07 +8.980865032e+07 +8.980865032e+07 +4.6368e-02 -6.3636e-01 -9.6894e-03 -1.3628e+00 -4.4025e-01
44 +7.488341783e+07 +7.488341783e+07 +7.488346111e+07 +7.488346111e+07 +3.9610e-01 -1.2881e+00 -1.3117e-01 -9.9847e-01 +4.4717e-01
53 +5.932033871e+07 +5.932033871e+07 +5.932038199e+07 +5.932038199e+07 +4.0900e-01 -6.4008e-01 -1.6277e-01 -1.8021e+00 +1.3269e-01
54 +2.279379951e+07 +2.279379951e+07 +2.279384279e+07 +2.279384279e+07 +4.7655e-01 -2.1531e+00 +8.9471e-02 -2.3801e+00 +1.3362e-01
65 +1.888436782e+07 +1.888436782e+07 +1.888441110e+07 +1.888441110e+07 +7.2397e-01 -1.1886e+00 -2.5500e-01 -3.5507e+00 +6.2270e-01
67 +1.616692397e+07 +1.616692397e+07 +1.616696725e+07 +1.616696725e+07 +2.2501e-01 -3.5470e+00 +6.2183e-01 -4.5296e+00 +5.3420e-01
74 +1.522266656e+07 +1.522266656e+07 +1.522270984e+07 +1.522270984e+07 +1.7437e+00 -3.9842e+00 -1.4619e-02 -1.9515e+00 +4.6171e-02
78 +7.306542747e+06 +7.306542747e+06 +7.306586027e+06 +7.306586027e+06 +8.5501e-01 -1.9952e+00 +1.2400e+00 -4.5682e+00 +2.4134e+00
83 +5.605921710e+06 +5.605921710e+06 +5.605964990e+06 +5.605964990e+06 +1.9641e+00 -3.0707e+00 -1.3827e-01 -5.8766e+00 +1.8182e+00
93 +3.332948417e+06 +3.332948417e+06 +3.332991697e+06 +3.332991697e+06 +3.7684e+00 -2.8400e+00 +3.8196e-01 -3.7449e+00 +8.0705e-02
112 +1.118998074e+06 +1.118998074e+06 +1.119041354e+06 +1.119041354e+06 +3.1248e+00 -2.5808e+00 +8.2157e-01 -2.5290e+00 +1.3190e+00
142 +7.784462405e+05 +7.784462405e+05 +7.784895205e+05 +7.784895205e+05 +3.2430e+00 -3.4362e+00 +1.1256e+00 -4.6676e+00 +2.6930e+00
157 +5.268276650e+05 +5.268276650e+05 +5.268709450e+05 +5.268709450e+05 +2.2179e+00 -3.6948e+00 +2.1654e+00 -4.8519e+00 +2.3455e+00
167 +1.892761921e+05 +1.892761921e+05 +1.893194721e+05 +1.893194721e+05 +2.6973e+00 -3.4547e+00 +1.7272e+00 -4.9832e+00 +2.7131e+00
187 +1.859879570e+05 +1.859879570e+05 +1.860312370e+05 +1.860312370e+05 +2.6448e+00 -3.2497e+00 +1.9193e+00 -4.8760e+00 +2.4469e+00
190 +1.399823728e+05 +1.399823728e+05 +1.400256528e+05 +1.400256528e+05 +2.5042e+00 -3.9034e+00 +1.5350e+00 -5.6766e+00 +2.6650e+00
198 +1.284881603e+05 +1.284881603e+05 +1.285314403e+05 +1.285314403e+05 +2.6019e+00 -3.3326e+00 +1.4859e+00 -4.9529e+00 +2.4915e+00
203 +9.264361100e+04 +9.264361100e+04 +9.268689100e+04 +9.268689100e+04 +2.6916e+00 -3.7096e+00 +1.5097e+00 -5.4118e+00 +2.5472e+00
211 +6.158383867e+04 +6.158383867e+04 +6.162711867e+04 +6.162711867e+04 +2.7234e+00 -3.5699e+00 +1.5298e+00 -4.9781e+00 +2.4575e+00
268 +4.736430747e+04 +4.736430747e+04 +4.740758747e+04 +4.740758747e+04 +2.7140e+00 -3.6345e+00 +1.5657e+00 -5.2647e+00 +2.4717e+00
277 +2.778231517e+04 +2.778231517e+04 +2.782559517e+04 +2.782559517e+04 +2.7072e+00 -3.6259e+00 +1.5904e+00 -5.0761e+00 +2.3826e+00
280 +1.358428823e+04 +1.358428823e+04 +1.362756823e+04 +1.362756823e+04 +2.6515e+00 -3.5206e+00 +1.6386e+00 -4.9246e+00 +2.3329e+00
317 +1.206290537e+04 +1.206290537e+04 +1.210618537e+04 +1.210618537e+04 +2.6544e+00 -3.5772e+00 +1.7669e+00 -5.1291e+00 +2.3267e+00
322 +9.017304042e+03 +9.017304042e+03 +9.060584042e+03 +9.060584042e+03 +2.6221e+00 -3.5467e+00 +1.7620e+00 -5.1349e+00 +2.2936e+00
347 +7.815781146e+03 +7.815781146e+03 +7.859061146e+03 +7.859061146e+03 +2.7787e+00 -3.4983e+00 +1.6915e+00 -4.9359e+00 +2.1832e+00
352 +7.120876659e+03 +7.120876659e+03 +7.164156659e+03 +7.164156659e+03 +2.7125e+00 -3.4941e+00 +1.6175e+00 -4.8724e+00 +2.2811e+00
372 +5.738036718e+03 +5.738036718e+03 +5.781316718e+03 +5.781316718e+03 +2.7449e+00 -3.4686e+00 +1.6973e+00 -4.8901e+00 +2.1507e+00
374 +5.387178333e+03 +5.387178333e+03 +5.430458333e+03 +5.430458333e+03 +2.6644e+00 -3.4406e+00 +1.6487e+00 -4.9468e+00 +2.2597e+00
397 +2.827927686e+03 +2.827927686e+03 +2.871207686e+03 +2.871207686e+03 +2.6707e+00 -3.4950e+00 +1.6293e+00 -5.0519e+00 +2.2390e+00
401 +9.210103677e+02 +9.210103677e+02 +9.642903677e+02 +9.642903677e+02 +2.6469e+00 -3.5064e+00 +1.6525e+00 -5.0339e+00 +2.2787e+00
434 +3.743411507e+02 +3.743411507e+02 +4.176211507e+02 +4.176211507e+02 +2.6891e+00 -3.5178e+00 +1.6684e+00 -5.0293e+00 +2.2744e+00
486 +1.859412233e+02 +1.859412233e+02 +2.292212233e+02 +2.292212233e+02 +2.6880e+00 -3.5079e+00 +1.6490e+00 -5.0159e+00 +2.2637e+00
488 +7.557214388e+01 +7.557214388e+01 +1.188521439e+02 +1.188521439e+02 +2.6815e+00 -3.5062e+00 +1.6608e+00 -5.0011e+00 +2.2653e+00
519 +7.182634528e+01 +7.182634528e+01 +1.151063453e+02 +1.151063453e+02 +2.6830e+00 -3.5059e+00 +1.6526e+00 -5.0158e+00 +2.2623e+00
534 +6.071702474e+01 +6.071702474e+01 +1.039970247e+02 +1.039970247e+02 +2.6822e+00 -3.5020e+00 +1.6560e+00 -5.0041e+00 +2.2650e+00
537 +5.633523031e+01 +5.633523031e+01 +9.961523031e+01 +9.961523031e+01 +2.6860e+00 -3.5013e+00 +1.6533e+00 -4.9991e+00 +2.2608e+00
542 +2.331342372e+01 +2.331342372e+01 +6.659342372e+01 +6.659342372e+01 +2.6834e+00 -3.5024e+00 +1.6563e+00 -5.0001e+00 +2.2588e+00
571 +2.269950924e+01 +2.269950924e+01 +6.597950924e+01 +6.597950924e+01 +2.6806e+00 -3.5029e+00 +1.6596e+00 -5.0102e+00 +2.2578e+00
573 +1.911643230e+01 +1.911643230e+01 +6.239643230e+01 +6.239643230e+01 +2.6859e+00 -3.5015e+00 +1.6559e+00 -4.9970e+00 +2.2577e+00
581 +5.684181202e+00 +5.684181202e+00 +4.896418120e+01 +4.896418120e+01 +2.6857e+00 -3.5023e+00 +1.6577e+00 -4.9992e+00 +2.2556e+00
587 +5.473335508e+00 +5.473335508e+00 +4.875333551e+01 +4.875333551e+01 +2.6841e+00 -3.5027e+00 +1.6590e+00 -5.0051e+00 +2.2596e+00
611 +5.237907617e+00 +5.237907617e+00 +4.851790762e+01 +4.851790762e+01 +2.6874e+00 -3.5033e+00 +1.6574e+00 -4.9975e+00 +2.2565e+00
632 +4.537733462e+00 +4.537733462e+00 +4.781773346e+01 +4.781773346e+01 +2.6853e+00 -3.5045e+00 +1.6580e+00 -5.0036e+00 +2.2583e+00
633 +3.957564846e+00 +3.957564846e+00 +4.723756485e+01 +4.723756485e+01 +2.6861e+00 -3.5032e+00 +1.6577e+00 -5.0006e+00 +2.2568e+00
669 +3.786182501e+00 +3.786182501e+00 +4.706618250e+01 +4.706618250e+01 +2.6862e+00 -3.5037e+00 +1.6591e+00 -5.0031e+00 +2.2582e+00
676 +3.591630660e+00 +3.591630660e+00 +4.687163066e+01 +4.687163066e+01 +2.6857e+00 -3.5041e+00 +1.6594e+00 -5.0040e+00 +2.2583e+00
683 +3.236677243e+00 +3.236677243e+00 +4.651667724e+01 +4.651667724e+01 +2.6853e+00 -3.5043e+00 +1.6588e+00 -5.0024e+00 +2.2579e+00
695 +2.991124785e+00 +2.991124785e+00 +4.627112478e+01 +4.627112478e+01 +2.6854e+00 -3.5035e+00 +1.6593e+00 -5.0027e+00 +2.2574e+00
726 +2.928128899e+00 +2.928128899e+00 +4.620812890e+01 +4.620812890e+01 +2.6853e+00 -3.5036e+00 +1.6586e+00 -5.0030e+00 +2.2578e+00
734 +2.872256998e+00 +2.872256998e+00 +4.615225700e+01 +4.615225700e+01 +2.6857e+00 -3.5036e+00 +1.6587e+00 -5.0025e+00 +2.2578e+00
749 +2.816324241e+00 +2.816324241e+00 +4.609632424e+01 +4.609632424e+01 +2.6856e+00 -3.5036e+00 +1.6589e+00 -5.0027e+00 +2.2576e+00
1314 +2.754226590e+00 +2.754226590e+00 +4.603422659e+01 +4.603422659e+01 +2.6856e+00 -3.5036e+00 +1.6589e+00 -5.0022e+00 +2.2575e+00
% function evaluation | noise-free fitness - Fopt (3.039300000000e+02) | best noise-free fitness - Fopt | measured fitness | best measured fitness | x1 | x2...
1 +1.357470388e+08 +1.357470388e+08 +1.357473427e+08 +1.357473427e+08 +0.0000e+00 +0.0000e+00 +0.0000e+00 +0.0000e+00 +0.0000e+00
2 +1.283622621e+08 +1.283622621e+08 +1.283625660e+08 +1.283625660e+08 -4.1567e-02 +1.0703e-01 -5.9696e-02 +3.2624e-02 -4.0081e-01
4 +1.089585914e+08 +1.089585914e+08 +1.089588953e+08 +1.089588953e+08 +2.3873e-01 +1.7199e-01 +2.3194e-01 -3.7290e-01 +1.0727e-01
10 +7.127748813e+07 +7.127748813e+07 +7.127779206e+07 +7.127779206e+07 -4.1503e-02 +4.7203e-02 -2.8319e-01 -3.9304e-01 +1.1689e-02
18 +4.792552297e+07 +4.792552297e+07 +4.792582690e+07 +4.792582690e+07 +1.7114e-01 +2.1046e-01 -2.9629e-01 -6.5980e-01 -1.4279e-01
34 +3.732034727e+07 +3.732034727e+07 +3.732065120e+07 +3.732065120e+07 +3.0628e-02 +2.0996e-01 -4.4792e-01 -7.9586e-01 -1.6981e-01
35 +3.386333421e+07 +3.386333421e+07 +3.386363814e+07 +3.386363814e+07 +3.5742e-01 +3.9466e-01 -1.2534e-01 -1.0643e+00 -2.0105e-01
42 +3.050742359e+07 +3.050742359e+07 +3.050772752e+07 +3.050772752e+07 +3.0317e-01 +3.5237e-01 -2.4060e-01 -1.0657e+00 -3.0537e-01
44 +2.791212700e+07 +2.791212700e+07 +2.791243093e+07 +2.791243093e+07 +1.3788e-01 +4.7817e-02 -6.5783e-01 -8.6854e-01 -2.4030e-01
45 +2.106574552e+07 +2.106574552e+07 +2.106604945e+07 +2.106604945e+07 -1.0546e-01 +2.7564e-01 -4.1568e-01 -1.4086e+00 -1.6040e-03
47 +1.810321077e+07 +1.810321077e+07 +1.810351470e+07 +1.810351470e+07 +2.7339e-01 +5.2078e-01 -1.4537e-01 -1.6062e+00 -5.2489e-01
50 +1.048014815e+07 +1.048014815e+07 +1.048045208e+07 +1.048045208e+07 -4.3628e-03 +2.7182e-01 +5.2854e-02 -2.5399e+00 -2.1390e-01
53 +1.021985185e+07 +1.021985185e+07 +1.022015578e+07 +1.022015578e+07 -7.7717e-02 +3.8628e-01 -6.7734e-01 -1.7216e+00 -5.0856e-01
60 +2.166335632e+06 +2.166335632e+06 +2.166639562e+06 +2.166639562e+06 -1.9182e-01 +4.1970e-01 -9.3792e-01 -3.1016e+00 -1.2372e-01
66 +2.125836716e+06 +2.125836716e+06 +2.126140646e+06 +2.126140646e+06 +3.5110e-01 +1.0463e-01 -7.2948e-01 -3.0399e+00 -1.4204e-01
74 +9.798194183e+05 +9.798194183e+05 +9.801233483e+05 +9.801233483e+05 +1.7482e-01 +1.0791e+00 -1.3876e+00 -3.8730e+00 -6.4113e-01
83 +4.461650512e+05 +4.461650512e+05 +4.464689812e+05 +4.464689812e+05 +4.5113e-01 +1.4320e+00 -1.5933e+00 -3.6664e+00 -4.2644e-01
120 +3.583926758e+05 +3.583926758e+05 +3.586966058e+05 +3.586966058e+05 +9.6345e-01 +6.7400e-01 -1.2459e+00 -3.0182e+00 -1.9806e-01
129 +4.147080090e+04 +4.147080090e+04 +4.177473090e+04 +4.177473090e+04 +7.9564e-01 +1.2347e+00 -1.5453e+00 -3.3072e+00 +2.3501e-01
177 +3.866331615e+04 +3.866331615e+04 +3.896724615e+04 +3.896724615e+04 +1.0004e+00 +9.5508e-01 -1.7103e+00 -3.5670e+00 -4.0088e-01
218 +2.188386292e+04 +2.188386292e+04 +2.218779292e+04 +2.218779292e+04 +9.8169e-01 +8.2542e-01 -1.7218e+00 -3.4825e+00 -5.9917e-01
225 +6.644135212e+03 +6.644135212e+03 +6.948065212e+03 +6.948065212e+03 +1.0548e+00 +1.0249e+00 -1.7298e+00 -3.3898e+00 -4.8705e-01
303 +4.429364510e+03 +4.429364510e+03 +4.733294510e+03 +4.733294510e+03 +1.0236e+00 +1.0660e+00 -1.6564e+00 -3.2970e+00 -3.7865e-01
335 +2.503619837e+03 +2.503619837e+03 +2.807549837e+03 +2.807549837e+03 +9.6644e-01 +1.0527e+00 -1.6208e+00 -3.3651e+00 -3.5778e-01
339 +1.680468805e+03 +1.680468805e+03 +1.984398805e+03 +1.984398805e+03 +9.5480e-01 +1.0479e+00 -1.6928e+00 -3.3347e+00 -3.3595e-01
368 +5.408811001e+02 +5.408811001e+02 +8.448111001e+02 +8.448111001e+02 +9.6430e-01 +1.1062e+00 -1.6870e+00 -3.3572e+00 -3.1497e-01
392 +2.013031355e+02 +2.013031355e+02 +5.052331355e+02 +5.052331355e+02 +9.6575e-01 +1.0988e+00 -1.6875e+00 -3.3356e+00 -3.0917e-01
464 +1.219916443e+02 +1.219916443e+02 +4.259216443e+02 +4.259216443e+02 +9.6111e-01 +1.1154e+00 -1.6756e+00 -3.3317e+00 -2.9067e-01
505 +5.628364392e+01 +5.628364392e+01 +3.602136439e+02 +3.602136439e+02 +9.4334e-01 +1.1367e+00 -1.6752e+00 -3.3266e+00 -2.4694e-01
517 +2.203756270e+01 +2.203756270e+01 +3.259675627e+02 +3.259675627e+02 +9.5053e-01 +1.1208e+00 -1.6719e+00 -3.3371e+00 -2.7172e-01
585 +1.256417817e+01 +1.256417817e+01 +3.164941782e+02 +3.164941782e+02 +9.4534e-01 +1.1291e+00 -1.6748e+00 -3.3355e+00 -2.5289e-01
620 +1.213742420e+01 +1.213742420e+01 +3.160674242e+02 +3.160674242e+02 +9.4831e-01 +1.1266e+00 -1.6749e+00 -3.3347e+00 -2.6044e-01
711 +1.189926984e+01 +1.189926984e+01 +3.158292698e+02 +3.158292698e+02 +9.4862e-01 +1.1264e+00 -1.6751e+00 -3.3350e+00 -2.6139e-01
712 +1.152686186e+01 +1.152686186e+01 +3.154568619e+02 +3.154568619e+02 +9.4820e-01 +1.1261e+00 -1.6744e+00 -3.3360e+00 -2.6255e-01
714 +1.025506438e+01 +1.025506438e+01 +3.141850644e+02 +3.141850644e+02 +9.4791e-01 +1.1257e+00 -1.6749e+00 -3.3358e+00 -2.6043e-01
795 +1.023063927e+01 +1.023063927e+01 +3.141606393e+02 +3.141606393e+02 +9.4636e-01 +1.1276e+00 -1.6756e+00 -3.3359e+00 -2.5878e-01
798 +9.972947819e+00 +9.972947819e+00 +3.139029478e+02 +3.139029478e+02 +9.4665e-01 +1.1285e+00 -1.6748e+00 -3.3359e+00 -2.5680e-01
833 +9.740035125e+00 +9.740035125e+00 +3.136700351e+02 +3.136700351e+02 +9.4629e-01 +1.1284e+00 -1.6752e+00 -3.3358e+00 -2.5688e-01
% function evaluation | noise-free fitness - Fopt (-1.363900000000e+02) | best noise-free fitness - Fopt | measured fitness | best measured fitness | x1 | x2...
1 +1.268005821e+08 +1.268005821e+08 +1.268004457e+08 +1.268004457e+08 +0.0000e+00 +0.0000e+00 +0.0000e+00 +0.0000e+00 +0.0000e+00
3 +1.070850330e+08 +1.070850330e+08 +1.070848966e+08 +1.070848966e+08 -3.7050e-02 -3.8895e-01 +2.9758e-02 +7.7821e-02 +1.7823e-01
10 +8.939188347e+07 +8.939188347e+07 +8.939174708e+07 +8.939174708e+07 -3.6437e-01 -2.3993e-01 -4.9383e-02 -4.5020e-02 +1.2480e-01
14 +8.277388109e+07 +8.277388109e+07 +8.277374470e+07 +8.277374470e+07 -4.1201e-01 -4.6170e-01 -2.4370e-01 -3.3356e-02 +1.9503e-01
18 +6.317348660e+07 +6.317348660e+07 +6.317335021e+07 +6.317335021e+07 -5.2723e-01 -6.4265e-01 -2.3001e-01 +1.1431e-01 -1.4741e-01
22 +5.683732788e+07 +5.683732788e+07 +5.683719149e+07 +5.683719149e+07 -7.2743e-01 -6.3760e-01 -1.1714e-01 -5.5158e-01 +2.9152e-01
26 +5.021537015e+07 +5.021537015e+07 +5.021523376e+07 +5.021523376e+07 -1.1460e+00 -2.3910e-01 -1.0571e-01 +2.1438e-02 -2.3110e-02
29 +3.884010313e+07 +3.884010313e+07 +3.883996674e+07 +3.883996674e+07 -1.0918e+00 -9.8336e-01 +2.1593e-01 -3.4794e-01 +2.5950e-01
31 +2.102896343e+07 +2.102896343e+07 +2.102882704e+07 +2.102882704e+07 -1.4374e+00 -1.2339e+00 -1.8099e-01 -3.3915e-01 -2.3467e-01
43 +2.017191854e+07 +2.017191854e+07 +2.017178215e+07 +2.017178215e+07 -1.8435e+00 -8.8536e-01 +4.5860e-01 -6.1368e-01 -7.0074e-01
50 +1.045393112e+07 +1.045393112e+07 +1.045379473e+07 +1.045379473e+07 -2.8983e+00 -7.2510e-01 +3.1208e-01 -3.2541e-01 -1.1840e+00
56 +9.950070567e+06 +9.950070567e+06 +9.949934177e+06 +9.949934177e+06 -2.3441e+00 -2.1585e+00 -5.5628e-02 -5.4877e-01 -1.6810e-01
62 +9.341684227e+06 +9.341684227e+06 +9.341547837e+06 +9.341547837e+06 -2.7456e+00 -1.9803e+00 +6.8290e-01 -1.4997e+00 -4.4196e-01
63 +5.465848064e+06 +5.465848064e+06 +5.465711674e+06 +5.465711674e+06 -1.9378e+00 -2.0955e+00 +9.3485e-03 -7.3760e-01 -9.2399e-01
66 +3.467851976e+06 +3.467851976e+06 +3.467715586e+06 +3.467715586e+06 -2.9403e+00 -2.4804e+00 +5.8297e-01 -1.4418e+00 -1.1399e+00
76 +2.574370374e+06 +2.574370374e+06 +2.574233984e+06 +2.574233984e+06 -1.2786e+00 -3.4032e+00 -4.5286e-01 -2.2274e+00 -1.4923e+00
78 +8.524264345e+05 +8.524264345e+05 +8.522900445e+05 +8.522900445e+05 -3.2486e+00 -3.8529e+00 -1.5401e-01 -1.7482e+00 -1.3768e+00
82 +1.977913025e+05 +1.977913025e+05 +1.976549125e+05 +1.976549125e+05 -2.6380e+00 -4.4326e+00 -8.1474e-01 -2.8667e+00 -1.1343e+00
140 +1.256482489e+05 +1.256482489e+05 +1.255118589e+05 +1.255118589e+05 -2.4712e+00 -4.0262e+00 -3.8971e-01 -2.1950e+00 -2.1276e+00
170 +2.468475735e+04 +2.468475735e+04 +2.454836735e+04 +2.454836735e+04 -2.6825e+00 -4.1989e+00 -4.4471e-01 -2.4143e+00 -1.8237e+00
241 +1.501039331e+03 +1.501039331e+03 +1.364649331e+03 +1.364649331e+03 -2.8209e+00 -4.5929e+00 -5.3813e-01 -3.0826e+00 -1.4393e+00
401 +1.006021119e+03 +1.006021119e+03 +8.696311193e+02 +8.696311193e+02 -2.8182e+00 -4.5940e+00 -5.2964e-01 -3.0880e+00 -1.4222e+00
441 +3.354890067e+02 +3.354890067e+02 +1.990990067e+02 +1.990990067e+02 -2.7923e+00 -4.6688e+00 -5.0530e-01 -3.1504e+00 -1.3865e+00
442 +2.605157047e+02 +2.605157047e+02 +1.241257047e+02 +1.241257047e+02 -2.8158e+00 -4.6646e+00 -5.1651e-01 -3.1757e+00 -1.3842e+00
448 +4.498789232e+01 +4.498789232e+01 -9.140210768e+01 -9.140210768e+01 -2.8052e+00 -4.6211e+00 -5.0371e-01 -3.1070e+00 -1.4105e+00
553 +4.258500916e+01 +4.258500916e+01 -9.380499084e+01 -9.380499084e+01 -2.8117e+00 -4.6735e+00 -5.1735e-01 -3.1684e+00 -1.3828e+00
577 +3.858689727e+01 +3.858689727e+01 -9.780310273e+01 -9.780310273e+01 -2.8107e+00 -4.6700e+00 -5.1510e-01 -3.1650e+00 -1.3773e+00
578 +3.021011159e+01 +3.021011159e+01 -1.061798884e+02 -1.061798884e+02 -2.8079e+00 -4.6741e+00 -5.1334e-01 -3.1665e+00 -1.3748e+00
582 +1.447786592e+01 +1.447786592e+01 -1.219121341e+02 -1.219121341e+02 -2.8088e+00 -4.6706e+00 -5.1161e-01 -3.1640e+00 -1.3857e+00
611 +1.269221779e+01 +1.269221779e+01 -1.236977822e+02 -1.236977822e+02 -2.8082e+00 -4.6787e+00 -5.1321e-01 -3.1667e+00 -1.3784e+00
621 +6.735959583e+00 +6.735959583e+00 -1.296540404e+02 -1.296540404e+02 -2.8100e+00 -4.6746e+00 -5.1163e-01 -3.1655e+00 -1.3786e+00
624 +4.181226640e+00 +4.181226640e+00 -1.322087734e+02 -1.322087734e+02 -2.8082e+00 -4.6723e+00 -5.1285e-01 -3.1640e+00 -1.3820e+00
646 +3.854569862e+00 +3.854569862e+00 -1.325354301e+02 -1.325354301e+02 -2.8086e+00 -4.6748e+00 -5.1233e-01 -3.1655e+00 -1.3798e+00
658 +3.382097198e+00 +3.382097198e+00 -1.330079028e+02 -1.330079028e+02 -2.8089e+00 -4.6747e+00 -5.1184e-01 -3.1670e+00 -1.3800e+00
687 +2.976688148e+00 +2.976688148e+00 -1.334133119e+02 -1.334133119e+02 -2.8092e+00 -4.6745e+00 -5.1279e-01 -3.1659e+00 -1.3800e+00
724 +2.891187594e+00 +2.891187594e+00 -1.334988124e+02 -1.334988124e+02 -2.8094e+00 -4.6750e+00 -5.1257e-01 -3.1662e+00 -1.3804e+00
757 +2.838040788e+00 +2.838040788e+00 -1.335519592e+02 -1.335519592e+02 -2.8096e+00 -4.6741e+00 -5.1236e-01 -3.1659e+00 -1.3807e+00
764 +2.809444049e+00 +2.809444049e+00 -1.335805560e+02 -1.335805560e+02 -2.8092e+00 -4.6745e+00 -5.1242e-01 -3.1657e+00 -1.3806e+00
774 +2.738698433e+00 +2.738698433e+00 -1.336513016e+02 -1.336513016e+02 -2.8092e+00 -4.6744e+00 -5.1235e-01 -3.1659e+00 -1.3807e+00
795 +2.676852754e+00 +2.676852754e+00 -1.337131472e+02 -1.337131472e+02 -2.8092e+00 -4.6739e+00 -5.1234e-01 -3.1654e+00 -1.3807e+00
