% function evaluation | noise-free fitness - Fopt (-6.211100000000e+02) | best noise-free fitness - Fopt | measured fitness | best measured fitness | x1 | x2...
1 +2.538036525e+08 +2.538036525e+08 +2.538030314e+08 +2.538030314e+08 +0.0000e+00 +0.0000e+00
3 +2.014668440e+08 +2.014668440e+08 +2.014662229e+08 +2.014662229e+08 -3.1961e-02 +1.6945e-01
9 +1.807322243e+08 +1.807322243e+08 +1.807316032e+08 +1.807316032e+08 -1.2121e-01 +2.4766e-01
10 +1.438223813e+08 +1.438223813e+08 +1.438217602e+08 +1.438217602e+08 +3.7418e-01 +4.1136e-01
11 +9.318709391e+07 +9.318709391e+07 +9.318647280e+07 +9.318647280e+07 -9.4290e-02 +7.0831e-01
18 +6.810728050e+07 +6.810728050e+07 +6.810665939e+07 +6.810665939e+07 +3.1339e-01 +9.1661e-01
19 +3.446086633e+07 +3.446086633e+07 +3.446024522e+07 +3.446024522e+07 -3.0558e-01 +1.3404e+00
21 +1.998675537e+07 +1.998675537e+07 +1.998613426e+07 +1.998613426e+07 +7.6738e-02 +1.6574e+00
26 +7.985521966e+05 +7.985521966e+05 +7.979310866e+05 +7.979310866e+05 +7.0767e-01 +3.0711e+00
36 +1.972552217e+03 +1.972552217e+03 +1.351442217e+03 +1.351442217e+03 -3.6249e-01 +4.0382e+00
50 +1.052509255e+03 +1.052509255e+03 +4.313992550e+02 +4.313992550e+02 +1.6758e-01 +3.9527e+00
67 +3.674181583e+02 +3.674181583e+02 -2.536918417e+02 -2.536918417e+02 +1.4639e+00 +4.0219e+00
132 +2.207358967e+02 +2.207358967e+02 -4.003741033e+02 -4.003741033e+02 +7.4004e-01 +3.9815e+00
140 +1.367581575e+02 +1.367581575e+02 -4.843518425e+02 -4.843518425e+02 +7.6547e-01 +3.9860e+00
141 +9.368952955e+01 +9.368952955e+01 -5.274204704e+02 -5.274204704e+02 +7.4758e-01 +3.9886e+00
178 +7.110790909e+01 +7.110790909e+01 -5.500020909e+02 -5.500020909e+02 +5.0348e-01 +4.0065e+00
188 +3.695761385e+01 +3.695761385e+01 -5.841523862e+02 -5.841523862e+02 +6.6059e-01 +4.0048e+00
214 +2.224789371e+01 +2.224789371e+01 -5.988621063e+02 -5.988621063e+02 +8.2922e-01 +3.9954e+00
233 +1.997073283e+01 +1.997073283e+01 -6.011392672e+02 -6.011392672e+02 +8.4875e-01 +4.0040e+00
234 +6.657639915e+00 +6.657639915e+00 -6.144523601e+02 -6.144523601e+02 +9.0405e-01 +3.9983e+00
239 +3.323120046e+00 +3.323120046e+00 -6.177868800e+02 -6.177868800e+02 +9.2916e-01 +4.0002e+00
461 +3.190097508e+00 +3.190097508e+00 -6.179199025e+02 -6.179199025e+02 +8.6403e-01 +4.0003e+00
466 +3.144092181e+00 +3.144092181e+00 -6.179659078e+02 -6.179659078e+02 +8.7534e-01 +4.0001e+00
483 +3.026548570e+00 +3.026548570e+00 -6.180834514e+02 -6.180834514e+02 +8.0923e-01 +4.0000e+00
486 +2.998887815e+00 +2.998887815e+00 -6.181111122e+02 -6.181111122e+02 +8.0567e-01 +4.0000e+00
487 +2.926353755e+00 +2.926353755e+00 -6.181836462e+02 -6.181836462e+02 +8.1823e-01 +3.9997e+00
491 +2.520943813e+00 +2.520943813e+00 -6.185890562e+02 -6.185890562e+02 +6.9243e-01 +3.9992e+00
509 +2.121919024e+00 +2.121919024e+00 -6.189880810e+02 -6.189880810e+02 +2.1999e-01 +3.9977e+00
521 +1.084008200e+00 +1.084008200e+00 -6.200259918e+02 -6.200259918e+02 +1.2186e-01 +3.9965e+00
527 +5.505118228e-01 +5.505118228e-01 -6.205594882e+02 -6.205594882e+02 -8.3516e-01 +3.9922e+00
533 +1.390166067e-02 +1.390166067e-02 -6.210960983e+02 -6.210960983e+02 -9.6809e-01 +3.9907e+00
620 +4.343055075e-04 +4.343055075e-04 -6.211095657e+02 -6.211095657e+02 -9.1245e-01 +3.9911e+00
673 +2.110292576e-05 +2.110292576e-05 -6.211099789e+02 -6.211099789e+02 -8.8806e-01 +3.9912e+00
988 +2.026484469e-05 +2.026484469e-05 -6.211099797e+02 -6.211099797e+02 -8.8762e-01 +3.9912e+00
993 +1.529317512e-05 +1.529317512e-05 -6.211099847e+02 -6.211099847e+02 -8.8821e-01 +3.9912e+00
1013 +9.295760037e-06 +9.295760037e-06 -6.211099907e+02 -6.211099907e+02 -8.8912e-01 +3.9912e+00
1022 +7.074881978e-06 +7.074881978e-06 -6.211099929e+02 -6.211099929e+02 -8.8940e-01 +3.9912e+00
1029 +6.749374165e-06 +6.749374165e-06 -6.211099933e+02 -6.211099933e+02 -8.8987e-01 +3.9912e+00
1041 +6.311788638e-06 +6.311788638e-06 -6.211099937e+02 -6.211099937e+02 -8.9052e-01 +3.9912e+00
1052 +5.473525448e-06 +5.473525448e-06 -6.211099945e+02 -6.211099945e+02 -8.9011e-01 +3.9912e+00
1058 +4.660146260e-07 +4.660146260e-07 -6.211099995e+02 -6.211099995e+02 -8.9132e-01 +3.9912e+00
1218 +2.446399776e-07 +2.446399776e-07 -6.211099998e+02 -6.211099998e+02 -8.9249e-01 +3.9912e+00
1227 +1.474058990e-07 +1.474058990e-07 -6.211099999e+02 -6.211099999e+02 -8.9220e-01 +3.9912e+00
1254 +5.655590485e-08 +5.655590485e-08 -6.211099999e+02 -6.211099999e+02 -8.9178e-01 +3.9912e+00
1323 +5.051322205e-08 +5.051322205e-08 -6.211099999e+02 -6.211099999e+02 -8.9222e-01 +3.9912e+00
1327 +1.344903922e-08 +1.344903922e-08 -6.211100000e+02 -6.211100000e+02 -8.9208e-01 +3.9912e+00
1345 +5.150695870e-09 +5.150695870e-09 -6.211100000e+02 -6.211100000e+02 -8.9206e-01 +3.9912e+00
1889 +0.000000000e+00 +0.000000000e+00 -6.211100000e+02 -6.211100000e+02 -8.9200e-01 +3.9912e+00
% function evaluation | noise-free fitness - Fopt (-2.548200000000e+02) | best noise-free fitness - Fopt | measured fitness | best measured fitness | x1 | x2...
1 +2.881702870e+08 +2.881702870e+08 +2.881700322e+08 +2.881700322e+08 +0.0000e+00 +0.0000e+00
4 +2.114115410e+08 +2.114115410e+08 +2.114112862e+08 +2.114112862e+08 +1.7244e-01 +2.3488e-01
11 +1.889468791e+08 +1.889468791e+08 +1.889466243e+08 +1.889466243e+08 +2.9070e-01 +2.3930e-01
20 +1.821618248e+08 +1.821618248e+08 +1.821615700e+08 +1.821615700e+08 +2.7601e-01 +3.1465e-01
26 +1.759434007e+08 +1.759434007e+08 +1.759431459e+08 +1.759431459e+08 +1.8882e-01 +4.8729e-01
29 +1.736303980e+08 +1.736303980e+08 +1.736301432e+08 +1.736301432e+08 +4.5809e-01 +1.3477e-01
31 +1.329560938e+08 +1.329560938e+08 +1.329558390e+08 +1.329558390e+08 +6.6286e-01 +2.5264e-01
34 +1.104746380e+08 +1.104746380e+08 +1.104743832e+08 +1.104743832e+08 +8.5678e-01 +2.6509e-01
41 +7.352457366e+07 +7.352457366e+07 +7.352431884e+07 +7.352431884e+07 +1.2588e+00 +3.3118e-01
43 +6.159748980e+07 +6.159748980e+07 +6.159723498e+07 +6.159723498e+07 +1.8549e+00 -1.2234e-01
45 +3.617728956e+07 +3.617728956e+07 +3.617703474e+07 +3.617703474e+07 +2.4134e+00 +3.0860e-02
47 +2.600398567e+07 +2.600398567e+07 +2.600373085e+07 +2.600373085e+07 +2.4784e+00 +4.0757e-01
52 +2.434633216e+07 +2.434633216e+07 +2.434607734e+07 +2.434607734e+07 +2.8550e+00 +1.7214e-01
53 +2.076255151e+07 +2.076255151e+07 +2.076229669e+07 +2.076229669e+07 +2.6415e+00 +5.5125e-01
55 +1.260055711e+07 +1.260055711e+07 +1.260030229e+07 +1.260030229e+07 +7.9016e+00 +2.1108e-01
57 +8.080307918e+06 +8.080307918e+06 +8.080053098e+06 +8.080053098e+06 +3.3035e+00 +1.2090e+00
58 +2.376072358e+06 +2.376072358e+06 +2.375817538e+06 +2.375817538e+06 +9.5057e+00 +2.2194e+00
66 +2.131605005e+06 +2.131605005e+06 +2.131350185e+06 +2.131350185e+06 +5.6454e+00 +2.3008e+00
69 +7.840625720e+05 +7.840625720e+05 +7.838077520e+05 +7.838077520e+05 +8.2112e+00 +2.8753e+00
75 +1.960331684e+04 +1.960331684e+04 +1.934849684e+04 +1.934849684e+04 +5.0861e+00 +3.9008e+00
140 +1.306863724e+04 +1.306863724e+04 +1.281381724e+04 +1.281381724e+04 +1.3904e+01 +3.6469e+00
143 +2.979571069e+03 +2.979571069e+03 +2.724751069e+03 +2.724751069e+03 +1.4373e+01 +3.8143e+00
144 +1.531886571e+03 +1.531886571e+03 +1.277066571e+03 +1.277066571e+03 +1.0031e+01 +3.7222e+00
160 +6.661640100e+01 +6.661640100e+01 -1.882035990e+02 -1.882035990e+02 +7.8006e+00 +3.7679e+00
173 +1.886726261e+01 +1.886726261e+01 -2.359527374e+02 -2.359527374e+02 +2.8590e+00 +3.7181e+00
248 +1.818083250e+01 +1.818083250e+01 -2.366391675e+02 -2.366391675e+02 +5.3878e+00 +3.7569e+00
262 +1.024084218e+01 +1.024084218e+01 -2.445791578e+02 -2.445791578e+02 +6.1884e+00 +3.7629e+00
289 +6.447244568e+00 +6.447244568e+00 -2.483727554e+02 -2.483727554e+02 +5.4420e+00 +3.7589e+00
290 +2.879997069e+00 +2.879997069e+00 -2.519400029e+02 -2.519400029e+02 +5.0060e+00 +3.7597e+00
298 +1.085769668e+00 +1.085769668e+00 -2.537342303e+02 -2.537342303e+02 +4.1051e+00 +3.7598e+00
386 +3.381924194e-01 +3.381924194e-01 -2.544818076e+02 -2.544818076e+02 +4.3215e+00 +3.7608e+00
395 +3.122579330e-01 +3.122579330e-01 -2.545077421e+02 -2.545077421e+02 +3.9095e+00 +3.7603e+00
410 +1.915493324e-01 +1.915493324e-01 -2.546284507e+02 -2.546284507e+02 +4.0717e+00 +3.7605e+00
424 +1.806288716e-01 +1.806288716e-01 -2.546393711e+02 -2.546393711e+02 +3.8444e+00 +3.7612e+00
439 +1.223539998e-01 +1.223539998e-01 -2.546976460e+02 -2.546976460e+02 +4.0722e+00 +3.7607e+00
463 +5.403263043e-03 +5.403263043e-03 -2.548145967e+02 -2.548145967e+02 +3.7455e+00 +3.7607e+00
535 +5.019219544e-03 +5.019219544e-03 -2.548149808e+02 -2.548149808e+02 +3.7900e+00 +3.7607e+00
542 +1.414128614e-03 +1.414128614e-03 -2.548185859e+02 -2.548185859e+02 +3.7535e+00 +3.7608e+00
562 +1.278938687e-03 +1.278938687e-03 -2.548187211e+02 -2.548187211e+02 +3.7722e+00 +3.7608e+00
565 +4.744254085e-06 +4.744254085e-06 -2.548199953e+02 -2.548199953e+02 +3.7418e+00 +3.7608e+00
645 +4.052513248e-06 +4.052513248e-06 -2.548199959e+02 -2.548199959e+02 +3.7427e+00 +3.7608e+00
677 +2.697226904e-06 +2.697226904e-06 -2.548199973e+02 -2.548199973e+02 +3.7423e+00 +3.7608e+00
701 +1.098243843e-07 +1.098243843e-07 -2.548199999e+02 -2.548199999e+02 +3.7406e+00 +3.7608e+00
819 +5.336795539e-08 +5.336795539e-08 -2.548199999e+02 -2.548199999e+02 +3.7410e+00 +3.7608e+00
822 +2.821451517e-09 +2.821451517e-09 -2.548200000e+02 -2.548200000e+02 +3.7408e+00 +3.7608e+00
1250 +0.000000000e+00 +0.000000000e+00 -2.548200000e+02 -2.548200000e+02 +3.7408e+00 +3.7608e+00
% function evaluation | noise-free fitness - Fopt (5.661000000000e+01) | best noise-free fitness - Fopt | measured fitness | best measured fitness | x1 | x2...
1 +1.170257328e+08 +1.170257328e+08 +1.170257894e+08 +1.170257894e+08 +0.0000e+00 +0.0000e+00
9 +9.761153290e+07 +9.761153290e+07 +9.761158951e+07 +9.761158951e+07 -1.9451e-01 -6.8532e-02
13 +9.127307004e+07 +9.127307004e+07 +9.127312665e+07 +9.127312665e+07 -3.5787e-01 -5.7355e-02
14 +6.283164863e+07 +6.283164863e+07 +6.283170524e+07 +6.283170524e+07 -1.3253e-01 -4.3664e-01
18 +3.308189888e+07 +3.308189888e+07 +3.308195549e+07 +3.308195549e+07 -3.7739e-01 -8.2192e-01
22 +2.202660207e+07 +2.202660207e+07 +2.202665868e+07 +2.202665868e+07 -4.0605e-01 -1.1101e+00
27 +1.016573287e+07 +1.016573287e+07 +1.016578948e+07 +1.016578948e+07 -6.0475e-01 -1.5791e+00
28 +5.832111370e+06 +5.832111370e+06 +5.832167980e+06 +5.832167980e+06 -9.3977e-01 -1.8028e+00
35 +3.075766684e+06 +3.075766684e+06 +3.075823294e+06 +3.075823294e+06 -5.8969e-01 -2.4815e+00
36 +1.629081624e+05 +1.629081624e+05 +1.629647724e+05 +1.629647724e+05 -7.3371e-01 -4.1403e+00
37 +9.255772749e+04 +9.255772749e+04 +9.261433749e+04 +9.261433749e+04 -2.0858e+00 -3.2388e+00
39 +4.018156732e+04 +4.018156732e+04 +4.023817732e+04 +4.023817732e+04 -1.9164e+00 -4.0010e+00
43 +7.043730346e+01 +7.043730346e+01 +1.270473035e+02 +1.270473035e+02 -3.7554e-01 -4.9278e+00
150 +1.396149094e+01 +1.396149094e+01 +7.057149094e+01 +7.057149094e+01 -1.3209e+00 -4.2038e+00
243 +1.361802431e+01 +1.361802431e+01 +7.022802431e+01 +7.022802431e+01 -1.0292e+00 -4.4214e+00
288 +1.220731591e+01 +1.220731591e+01 +6.881731591e+01 +6.881731591e+01 -1.0776e+00 -4.3863e+00
3293 +1.202225268e+01 +1.202225268e+01 +6.863225268e+01 +6.863225268e+01 -1.0893e+00 -4.3771e+00
% function evaluation | noise-free fitness - Fopt (-1.810000000000e+01) | best noise-free fitness - Fopt | measured fitness | best measured fitness | x1 | x2...
1 +3.264899073e+05 +3.264899073e+05 +3.264718073e+05 +3.264718073e+05 +0.0000e+00 +0.0000e+00
2 +2.636314366e+05 +2.636314366e+05 +2.636133366e+05 +2.636133366e+05 +7.7686e-02 +4.2328e-02
6 +9.527083998e+04 +9.527083998e+04 +9.525273998e+04 +9.525273998e+04 -2.6250e-02 +2.7468e-01
12 +3.330025376e+04 +3.330025376e+04 +3.328215376e+04 +3.328215376e+04 +9.1948e-03 +3.9608e-01
18 +5.888831655e+03 +5.888831655e+03 +5.870731655e+03 +5.870731655e+03 +1.1052e-01 +4.8218e-01
22 +2.216073981e+02 +2.216073981e+02 +2.035073981e+02 +2.035073981e+02 -4.9150e-02 +6.1086e-01
32 +3.185478425e+01 +3.185478425e+01 +1.375478425e+01 +1.375478425e+01 -4.8826e-02 +5.8981e-01
68 +7.307913339e+00 +7.307913339e+00 -1.079208666e+01 -1.079208666e+01 +3.4574e-01 +5.1188e-01
113 +3.464294600e+00 +3.464294600e+00 -1.463570540e+01 -1.463570540e+01 +5.2377e-01 +4.7187e-01
128 +2.586264169e+00 +2.586264169e+00 -1.551373583e+01 -1.551373583e+01 +4.8655e-01 +4.7735e-01
141 +2.516551820e+00 +2.516551820e+00 -1.558344818e+01 -1.558344818e+01 +4.5119e-01 +4.8507e-01
186 +1.558068520e+00 +1.558068520e+00 -1.654193148e+01 -1.654193148e+01 +3.9446e-01 +4.9937e-01
216 +1.056897443e+00 +1.056897443e+00 -1.704310256e+01 -1.704310256e+01 +3.6945e-01 +5.0391e-01
274 +1.006961787e+00 +1.006961787e+00 -1.709303821e+01 -1.709303821e+01 +3.6217e-01 +5.0562e-01
2939 +9.999414713e-01 +9.999414713e-01 -1.710005853e+01 -1.710005853e+01 +3.6248e-01 +5.0564e-01
% function evaluation | noise-free fitness - Fopt (3.777000000000e+01) | best noise-free fitness - Fopt | measured fitness | best measured fitness | x1 | x2...
1 +4.240305599e+06 +4.240305599e+06 +4.240343369e+06 +4.240343369e+06 +0.0000e+00 +0.0000e+00
2 +3.231545888e+06 +3.231545888e+06 +3.231583658e+06 +3.231583658e+06 -1.5161e-01 +2.6155e-01
12 +2.243069383e+06 +2.243069383e+06 +2.243107153e+06 +2.243107153e+06 +2.8485e-01 +5.6151e-01
14 +2.032292282e+06 +2.032292282e+06 +2.032330052e+06 +2.032330052e+06 -1.6217e-01 +6.3362e-01
22 +4.986745988e+05 +4.986745988e+05 +4.987123688e+05 +4.987123688e+05 -1.1521e-01 +1.3871e+00
29 +6.938265736e+04 +6.938265736e+04 +6.942042736e+04 +6.942042736e+04 -2.3354e-01 +1.8658e+00
30 +5.681288745e+04 +5.681288745e+04 +5.685065745e+04 +5.685065745e+04 -2.4104e-01 +1.8918e+00
32 +3.445015064e+03 +3.445015064e+03 +3.482785064e+03 +3.482785064e+03 +1.0210e-01 +2.0564e+00
40 +3.214136665e+03 +3.214136665e+03 +3.251906665e+03 +3.251906665e+03 +2.6976e-01 +2.1311e+00
117 +1.269175988e+01 +1.269175988e+01 +5.046175988e+01 +5.046175988e+01 +1.0848e-01 +2.1108e+00
129 +1.017990197e+00 +1.017990197e+00 +3.878799020e+01 +3.878799020e+01 +5.3382e-02 +2.1146e+00
178 +7.683446300e-01 +7.683446300e-01 +3.853834463e+01 +3.853834463e+01 -3.9264e-02 +2.1233e+00
227 +7.105562557e-01 +7.105562557e-01 +3.848055626e+01 +3.848055626e+01 -7.5722e-02 +2.1261e+00
261 +6.824780099e-01 +6.824780099e-01 +3.845247801e+01 +3.845247801e+01 -1.0322e-01 +2.1279e+00
273 +6.720140545e-01 +6.720140545e-01 +3.844201405e+01 +3.844201405e+01 -9.1022e-02 +2.1272e+00
278 +6.197360718e-01 +6.197360718e-01 +3.838973607e+01 +3.838973607e+01 -1.2246e-01 +2.1292e+00
357 +6.133203107e-01 +6.133203107e-01 +3.838332031e+01 +3.838332031e+01 -1.2312e-01 +2.1293e+00
793 +6.024128632e-01 +6.024128632e-01 +3.837241286e+01 +3.837241286e+01 -1.2922e-01 +2.1297e+00
1139 +5.883434363e-01 +5.883434363e-01 +3.835834344e+01 +3.835834344e+01 -1.3802e-01 +2.1302e+00
1360 +5.749469880e-01 +5.749469880e-01 +3.834494699e+01 +3.834494699e+01 -1.4615e-01 +2.1306e+00
1517 +5.619093207e-01 +5.619093207e-01 +3.833190932e+01 +3.833190932e+01 -1.5436e-01 +2.1310e+00
1699 +5.489875387e-01 +5.489875387e-01 +3.831898754e+01 +3.831898754e+01 -1.6284e-01 +2.1314e+00
1773 +5.368546942e-01 +5.368546942e-01 +3.830685469e+01 +3.830685469e+01 -1.7118e-01 +2.1318e+00
1924 +5.237632779e-01 +5.237632779e-01 +3.829376328e+01 +3.829376328e+01 -1.7911e-01 +2.1321e+00
1992 +5.109722273e-01 +5.109722273e-01 +3.828097223e+01 +3.828097223e+01 -1.8856e-01 +2.1325e+00
2012 +4.995554869e-01 +4.995554869e-01 +3.826955549e+01 +3.826955549e+01 -1.9784e-01 +2.1329e+00
2082 +4.882440485e-01 +4.882440485e-01 +3.825824405e+01 +3.825824405e+01 -2.0357e-01 +2.1330e+00
2112 +4.778927446e-01 +4.778927446e-01 +3.824789274e+01 +3.824789274e+01 -2.1056e-01 +2.1333e+00
2131 +4.633369237e-01 +4.633369237e-01 +3.823333692e+01 +3.823333692e+01 -2.2522e-01 +2.1336e+00
2152 +4.222163151e-01 +4.222163151e-01 +3.819221632e+01 +3.819221632e+01 -2.5145e-01 +2.1342e+00
2169 +3.699749061e-01 +3.699749061e-01 +3.813997491e+01 +3.813997491e+01 -2.9303e-01 +2.1347e+00
2172 +3.565399081e-01 +3.565399081e-01 +3.812653991e+01 +3.812653991e+01 -3.3963e-01 +2.1348e+00
2179 +3.418283728e-01 +3.418283728e-01 +3.811182837e+01 +3.811182837e+01 -3.1611e-01 +2.1348e+00
2181 +3.342805707e-01 +3.342805707e-01 +3.810428057e+01 +3.810428057e+01 -3.4309e-01 +2.1347e+00
2191 +3.195798228e-01 +3.195798228e-01 +3.808957982e+01 +3.808957982e+01 -3.6206e-01 +2.1340e+00
2199 +2.703439505e-01 +2.703439505e-01 +3.804034395e+01 +3.804034395e+01 -3.9411e-01 +2.1333e+00
2332 +2.667976792e-01 +2.667976792e-01 +3.803679768e+01 +3.803679768e+01 -3.8491e-01 +2.1337e+00
2343 +2.610684141e-01 +2.610684141e-01 +3.803106841e+01 +3.803106841e+01 -3.9052e-01 +2.1335e+00
2409 +2.560614983e-01 +2.560614983e-01 +3.802606150e+01 +3.802606150e+01 -3.9577e-01 +2.1334e+00
2481 +2.486255322e-01 +2.486255322e-01 +3.801862553e+01 +3.801862553e+01 -4.0331e-01 +2.1331e+00
2514 +2.364252857e-01 +2.364252857e-01 +3.800642529e+01 +3.800642529e+01 -4.1670e-01 +2.1326e+00
2571 +2.327257079e-01 +2.327257079e-01 +3.800272571e+01 +3.800272571e+01 -4.2086e-01 +2.1324e+00
2734 +2.277565840e-01 +2.277565840e-01 +3.799775658e+01 +3.799775658e+01 -4.2547e-01 +2.1323e+00
2793 +2.235061124e-01 +2.235061124e-01 +3.799350611e+01 +3.799350611e+01 -4.3044e-01 +2.1320e+00
3028 +2.185117670e-01 +2.185117670e-01 +3.798851177e+01 +3.798851177e+01 -4.3578e-01 +2.1318e+00
3266 +2.137459250e-01 +2.137459250e-01 +3.798374592e+01 +3.798374592e+01 -4.4122e-01 +2.1316e+00
3489 +2.081919454e-01 +2.081919454e-01 +3.797819195e+01 +3.797819195e+01 -4.4841e-01 +2.1313e+00
3519 +2.027727300e-01 +2.027727300e-01 +3.797277273e+01 +3.797277273e+01 -4.5442e-01 +2.1309e+00
3535 +1.936803745e-01 +1.936803745e-01 +3.796368037e+01 +3.796368037e+01 -4.6542e-01 +2.1303e+00
3558 +1.904955319e-01 +1.904955319e-01 +3.796049553e+01 +3.796049553e+01 -4.6926e-01 +2.1301e+00
% function evaluation | noise-free fitness - Fopt (1.687000000000e+01) | best noise-free fitness - Fopt | measured fitness | best measured fitness | x1 | x2...
1 +5.524132213e+07 +5.524132213e+07 +5.524133900e+07 +5.524133900e+07 +0.0000e+00 +0.0000e+00
2 +2.547585756e+07 +2.547585756e+07 +2.547587443e+07 +2.547587443e+07 +4.9651e-01 +4.8127e-01
10 +2.298196622e+07 +2.298196622e+07 +2.298198309e+07 +2.298198309e+07 +3.0342e-01 +5.3739e-01
14 +2.005342734e+07 +2.005342734e+07 +2.005344421e+07 +2.005344421e+07 -3.6518e-01 +6.0345e-01
16 +1.678598939e+07 +1.678598939e+07 +1.678600626e+07 +1.678600626e+07 -2.4138e-02 +7.0870e-01
18 +1.206351340e+07 +1.206351340e+07 +1.206353027e+07 +1.206353027e+07 -1.4074e-01 +8.8524e-01
19 +2.975660980e+06 +2.975660980e+06 +2.975677850e+06 +2.975677850e+06 -3.0372e-01 +1.5505e+00
29 +1.186280242e+04 +1.186280242e+04 +1.187967242e+04 +1.187967242e+04 +3.1805e-01 +3.1001e+00
38 +4.673355489e+03 +4.673355489e+03 +4.690225489e+03 +4.690225489e+03 -1.1323e+00 +2.9229e+00
41 +4.146655809e+03 +4.146655809e+03 +4.163525809e+03 +4.163525809e+03 +1.1447e+00 +2.9132e+00
67 +2.633741901e+03 +2.633741901e+03 +2.650611901e+03 +2.650611901e+03 +9.4171e-01 +2.9344e+00
74 +2.498033519e+03 +2.498033519e+03 +2.514903519e+03 +2.514903519e+03 +1.5779e+00 +3.0412e+00
89 +1.433463538e+03 +1.433463538e+03 +1.450333538e+03 +1.450333538e+03 +1.0003e+00 +2.9524e+00
91 +6.511099474e+01 +6.511099474e+01 +8.198099474e+01 +8.198099474e+01 +6.8754e-01 +2.9991e+00
135 +1.194578893e+01 +1.194578893e+01 +2.881578893e+01 +2.881578893e+01 +1.3698e+00 +2.9879e+00
195 +3.612769429e+00 +3.612769429e+00 +2.048276943e+01 +2.048276943e+01 +1.0699e+00 +2.9925e+00
219 +2.493810681e+00 +2.493810681e+00 +1.936381068e+01 +1.936381068e+01 +1.0215e+00 +2.9905e+00
230 +2.273496891e+00 +2.273496891e+00 +1.914349689e+01 +1.914349689e+01 +9.2963e-01 +2.9913e+00
240 +2.148633582e+00 +2.148633582e+00 +1.901863358e+01 +1.901863358e+01 +1.1361e+00 +2.9919e+00
243 +2.087925826e+00 +2.087925826e+00 +1.895792583e+01 +1.895792583e+01 +1.1618e+00 +2.9919e+00
270 +1.659632720e+00 +1.659632720e+00 +1.852963272e+01 +1.852963272e+01 +1.1496e+00 +2.9911e+00
324 +1.580090857e+00 +1.580090857e+00 +1.845009086e+01 +1.845009086e+01 +1.1790e+00 +2.9912e+00
331 +1.525940985e+00 +1.525940985e+00 +1.839594098e+01 +1.839594098e+01 +1.2095e+00 +2.9913e+00
338 +1.469689996e+00 +1.469689996e+00 +1.833969000e+01 +1.833969000e+01 +1.2305e+00 +2.9913e+00
357 +1.440038516e+00 +1.440038516e+00 +1.831003852e+01 +1.831003852e+01 +1.2422e+00 +2.9911e+00
358 +1.355779768e+00 +1.355779768e+00 +1.822577977e+01 +1.822577977e+01 +1.2734e+00 +2.9913e+00
372 +1.313385269e+00 +1.313385269e+00 +1.818338527e+01 +1.818338527e+01 +1.3154e+00 +2.9910e+00
385 +1.248099682e+00 +1.248099682e+00 +1.811809968e+01 +1.811809968e+01 +1.3193e+00 +2.9912e+00
406 +1.162943747e+00 +1.162943747e+00 +1.803294375e+01 +1.803294375e+01 +1.3576e+00 +2.9912e+00
416 +1.099165561e+00 +1.099165561e+00 +1.796916556e+01 +1.796916556e+01 +1.4415e+00 +2.9915e+00
423 +9.986761356e-01 +9.986761356e-01 +1.786867614e+01 +1.786867614e+01 +1.4371e+00 +2.9912e+00
426 +7.925960989e-01 +7.925960989e-01 +1.766259610e+01 +1.766259610e+01 +1.5457e+00 +2.9912e+00
439 +6.029997026e-01 +6.029997026e-01 +1.747299970e+01 +1.747299970e+01 +1.6770e+00 +2.9910e+00
442 +4.007875798e-01 +4.007875798e-01 +1.727078758e+01 +1.727078758e+01 +1.8576e+00 +2.9915e+00
445 +1.508309615e-01 +1.508309615e-01 +1.702083096e+01 +1.702083096e+01 +2.0887e+00 +2.9910e+00
454 +2.812655175e-02 +2.812655175e-02 +1.689812655e+01 +1.689812655e+01 +2.2685e+00 +2.9912e+00
483 +1.581075406e-02 +1.581075406e-02 +1.688581075e+01 +1.688581075e+01 +2.3160e+00 +2.9912e+00
486 +1.094453976e-02 +1.094453976e-02 +1.688094454e+01 +1.688094454e+01 +2.3316e+00 +2.9912e+00
516 +5.565020881e-03 +5.565020881e-03 +1.687556502e+01 +1.687556502e+01 +2.5040e+00 +2.9910e+00
566 +4.182837005e-03 +4.182837005e-03 +1.687418284e+01 +1.687418284e+01 +2.4295e+00 +2.9911e+00
569 +8.784458250e-04 +8.784458250e-04 +1.687087845e+01 +1.687087845e+01 +2.4171e+00 +2.9912e+00
573 +5.560076776e-04 +5.560076776e-04 +1.687055601e+01 +1.687055601e+01 +2.4456e+00 +2.9912e+00
597 +4.527086343e-04 +4.527086343e-04 +1.687045271e+01 +1.687045271e+01 +2.4161e+00 +2.9912e+00
708 +2.590163655e-04 +2.590163655e-04 +1.687025902e+01 +1.687025902e+01 +2.4201e+00 +2.9912e+00
729 +7.626469476e-05 +7.626469476e-05 +1.687007626e+01 +1.687007626e+01 +2.4441e+00 +2.9912e+00
739 +1.971226570e-05 +1.971226570e-05 +1.687001971e+01 +1.687001971e+01 +2.4377e+00 +2.9912e+00
777 +9.479643307e-06 +9.479643307e-06 +1.687000948e+01 +1.687000948e+01 +2.4385e+00 +2.9912e+00
778 +8.816089689e-06 +8.816089689e-06 +1.687000882e+01 +1.687000882e+01 +2.4345e+00 +2.9912e+00
784 +4.016617869e-06 +4.016617869e-06 +1.687000402e+01 +1.687000402e+01 +2.4379e+00 +2.9912e+00
793 +8.908012177e-07 +8.908012177e-07 +1.687000089e+01 +1.687000089e+01 +2.4366e+00 +2.9912e+00
826 +2.976127718e-07 +2.976127718e-07 +1.687000030e+01 +1.687000030e+01 +2.4355e+00 +2.9912e+00
856 +2.136003232e-07 +2.136003232e-07 +1.687000021e+01 +1.687000021e+01 +2.4358e+00 +2.9912e+00
862 +3.612085209e-08 +3.612085209e-08 +1.687000004e+01 +1.687000004e+01 +2.4361e+00 +2.9912e+00
868 +2.022505541e-08 +2.022505541e-08 +1.687000002e+01 +1.687000002e+01 +2.4360e+00 +2.9912e+00
890 +3.476824162e-09 +3.476824162e-09 +1.687000000e+01 +1.687000000e+01 +2.4360e+00 +2.9912e+00
1177 +0.000000000e+00 +0.000000000e+00 +1.687000000e+01 +1.687000000e+01 +2.4360e+00 +2.9912e+00
% function evaluation | noise-free fitness - Fopt (1.456400000000e+02) | best noise-free fitness - Fopt | measured fitness | best measured fitness | x1 | x2...
1 +6.476399233e+07 +6.476399233e+07 +6.476413797e+07 +6.476413797e+07 +0.0000e+00 +0.0000e+00
3 +3.832223152e+07 +3.832223152e+07 +3.832237716e+07 +3.832237716e+07 +1.0971e-01 +2.9715e-01
9 +3.393068513e+07 +3.393068513e+07 +3.393083077e+07 +3.393083077e+07 -1.0522e-01 +4.0094e-01
10 +2.954759278e+07 +2.954759278e+07 +2.954773842e+07 +2.954773842e+07 +3.1307e-01 +4.1152e-01
12 +2.088942748e+07 +2.088942748e+07 +2.088957312e+07 +2.088957312e+07 -1.0044e-01 +6.6569e-01
14 +1.202432188e+07 +1.202432188e+07 +1.202446752e+07 +1.202446752e+07 +4.1251e-01 +8.5611e-01
19 +4.988609197e+06 +4.988609197e+06 +4.988754837e+06 +4.988754837e+06 +5.3337e-01 +1.2159e+00
20 +1.381894198e+05 +1.381894198e+05 +1.383350598e+05 +1.383350598e+05 +5.1105e-01 +2.1175e+00
26 +1.309325755e+05 +1.309325755e+05 +1.310782155e+05 +1.310782155e+05 +9.5732e-01 +2.6680e+00
33 +5.933731387e+04 +5.933731387e+04 +5.948295387e+04 +5.948295387e+04 +4.8407e-02 +2.3202e+00
38 +3.113396869e+04 +3.113396869e+04 +3.127960869e+04 +3.127960869e+04 -1.0439e-01 +2.4119e+00
68 +4.289430575e+02 +4.289430575e+02 +5.745830575e+02 +5.745830575e+02 -1.0666e-01 +2.5916e+00
130 +3.467106362e+02 +3.467106362e+02 +4.923506362e+02 +4.923506362e+02 -7.4880e-01 +2.7248e+00
134 +1.457872548e+02 +1.457872548e+02 +2.914272548e+02 +2.914272548e+02 -5.9489e-01 +2.7140e+00
140 +8.001074258e+01 +8.001074258e+01 +2.256507426e+02 +2.256507426e+02 -6.2128e-01 +2.7005e+00
147 +7.635902263e+01 +7.635902263e+01 +2.219990226e+02 +2.219990226e+02 -7.1848e-01 +2.7271e+00
157 +1.242610079e+01 +1.242610079e+01 +1.580661008e+02 +1.580661008e+02 -6.2425e-01 +2.7113e+00
245 +9.480266811e+00 +9.480266811e+00 +1.551202668e+02 +1.551202668e+02 -8.6838e-01 +2.7761e+00
% function evaluation | noise-free fitness - Fopt (-1.709700000000e+02) | best noise-free fitness - Fopt | measured fitness | best measured fitness | x1 | x2...
1 +1.321901749e+07 +1.321901749e+07 +1.321884652e+07 +1.321884652e+07 +0.0000e+00 +0.0000e+00
2 +1.285204411e+07 +1.285204411e+07 +1.285187314e+07 +1.285187314e+07 -1.1790e-01 +6.2788e-02
3 +1.211127138e+07 +1.211127138e+07 +1.211110041e+07 +1.211110041e+07 -7.2051e-02 +1.6360e-01
12 +1.081691373e+07 +1.081691373e+07 +1.081674276e+07 +1.081674276e+07 +3.7873e-01 +3.1096e-01
18 +9.852692830e+06 +9.852692830e+06 +9.852521860e+06 +9.852521860e+06 +3.4675e-01 +4.6489e-01
22 +9.449106680e+06 +9.449106680e+06 +9.448935710e+06 +9.448935710e+06 +2.0578e-01 +5.4418e-01
27 +8.717894811e+06 +8.717894811e+06 +8.717723841e+06 +8.717723841e+06 +5.6205e-01 +6.3070e-01
33 +8.684709194e+06 +8.684709194e+06 +8.684538224e+06 +8.684538224e+06 -1.0041e-01 +7.0218e-01
34 +8.220300494e+06 +8.220300494e+06 +8.220129524e+06 +8.220129524e+06 +4.2477e-01 +7.3027e-01
41 +7.563422100e+06 +7.563422100e+06 +7.563251130e+06 +7.563251130e+06 +2.0445e-01 +8.6968e-01
43 +6.249052641e+06 +6.249052641e+06 +6.248881671e+06 +6.248881671e+06 +1.2142e-02 +1.1404e+00
49 +3.496272259e+06 +3.496272259e+06 +3.496101289e+06 +3.496101289e+06 +1.7104e-01 +1.7577e+00
50 +3.225239045e+06 +3.225239045e+06 +3.225068075e+06 +3.225068075e+06 +9.0678e-01 +1.7589e+00
62 +1.008530430e+06 +1.008530430e+06 +1.008359460e+06 +1.008359460e+06 +8.2087e-01 +2.5629e+00
65 +1.660194107e+03 +1.660194107e+03 +1.489224107e+03 +1.489224107e+03 +1.5500e+00 +3.4710e+00
75 +8.554431683e+02 +8.554431683e+02 +6.844731683e+02 +6.844731683e+02 +2.0964e+00 +3.4211e+00
138 +6.435132947e+02 +6.435132947e+02 +4.725432947e+02 +4.725432947e+02 +5.5797e-01 +3.6159e+00
140 +2.591982101e+01 +2.591982101e+01 -1.450501790e+02 -1.450501790e+02 +7.1053e-01 +3.6402e+00
180 +7.223083912e+00 +7.223083912e+00 -1.637469161e+02 -1.637469161e+02 +6.0552e-01 +3.6447e+00
220 +6.204960851e+00 +6.204960851e+00 -1.647650391e+02 -1.647650391e+02 +5.8929e-01 +3.6475e+00
256 +5.720462608e+00 +5.720462608e+00 -1.652495374e+02 -1.652495374e+02 +6.3668e-01 +3.6423e+00
2239 +5.614685351e+00 +5.614685351e+00 -1.653553146e+02 -1.653553146e+02 +6.4864e-01 +3.6412e+00
2450 +5.473134099e+00 +5.473134099e+00 -1.654968659e+02 -1.654968659e+02 +6.8407e-01 +3.6372e+00
2644 +5.361597427e+00 +5.361597427e+00 -1.656084026e+02 -1.656084026e+02 +7.0234e-01 +3.6347e+00
3086 +5.245990216e+00 +5.245990216e+00 -1.657240098e+02 -1.657240098e+02 +7.2731e-01 +3.6318e+00
3547 +5.126375193e+00 +5.126375193e+00 -1.658436248e+02 -1.658436248e+02 +7.5343e-01 +3.6286e+00
4234 +5.010512282e+00 +5.010512282e+00 -1.659594877e+02 -1.659594877e+02 +7.7997e-01 +3.6255e+00
4723 +4.895760483e+00 +4.895760483e+00 -1.660742395e+02 -1.660742395e+02 +8.0466e-01 +3.6224e+00
% function evaluation | noise-free fitness - Fopt (-1.306300000000e+02) | best noise-free fitness - Fopt | measured fitness | best measured fitness | x1 | x2...
1 +1.333126462e+07 +1.333126462e+07 +1.333113399e+07 +1.333113399e+07 +0.0000e+00 +0.0000e+00
3 +1.051925391e+07 +1.051925391e+07 +1.051912328e+07 +1.051912328e+07 +8.0932e-02 -4.0786e-01
8 +9.567926148e+06 +9.567926148e+06 +9.567795518e+06 +9.567795518e+06 +2.8801e-01 -5.5799e-01
10 +6.559034454e+06 +6.559034454e+06 +6.558903824e+06 +6.558903824e+06 +2.3782e-01 -1.0901e+00
11 +5.600616326e+06 +5.600616326e+06 +5.600485696e+06 +5.600485696e+06 +3.9370e-01 -1.2846e+00
13 +4.889538279e+06 +4.889538279e+06 +4.889407649e+06 +4.889407649e+06 -2.8846e-01 -1.4400e+00
18 +3.796740145e+06 +3.796740145e+06 +3.796609515e+06 +3.796609515e+06 -2.7686e-03 -5.5997e+00
20 +1.467730388e+06 +1.467730388e+06 +1.467599758e+06 +1.467599758e+06 -7.7782e-01 -4.8627e+00
21 +1.278531912e+04 +1.278531912e+04 +1.265468912e+04 +1.265468912e+04 -6.2800e-03 -3.5381e+00
32 +5.023029543e+02 +5.023029543e+02 +3.716729543e+02 +3.716729543e+02 -1.3745e+00 -3.6734e+00
142 +1.096029746e+02 +1.096029746e+02 -2.102702538e+01 -2.102702538e+01 -5.9032e-02 -3.6615e+00
147 +7.310625124e+01 +7.310625124e+01 -5.752374876e+01 -5.752374876e+01 +5.2638e-01 -3.6427e+00
176 +9.554636612e-02 +9.554636612e-02 -1.305344536e+02 -1.305344536e+02 +2.0693e+00 -3.6743e+00
262 +5.400202759e-02 +5.400202759e-02 -1.305759980e+02 -1.305759980e+02 +1.6469e+00 -3.6514e+00
342 +2.572012852e-02 +2.572012852e-02 -1.306042799e+02 -1.306042799e+02 +1.7151e+00 -3.6513e+00
347 +2.560113977e-02 +2.560113977e-02 -1.306043989e+02 -1.306043989e+02 +1.7113e+00 -3.6513e+00
395 +2.179679837e-02 +2.179679837e-02 -1.306082032e+02 -1.306082032e+02 +1.6709e+00 -3.6511e+00
418 +1.772959156e-02 +1.772959156e-02 -1.306122704e+02 -1.306122704e+02 +1.6620e+00 -3.6513e+00
420 +1.179554740e-02 +1.179554740e-02 -1.306182045e+02 -1.306182045e+02 +1.6769e+00 -3.6512e+00
422 +8.482801443e-03 +8.482801443e-03 -1.306215172e+02 -1.306215172e+02 +1.6920e+00 -3.6512e+00
457 +6.386070799e-03 +6.386070799e-03 -1.306236139e+02 -1.306236139e+02 +1.7042e+00 -3.6512e+00
466 +4.778091535e-03 +4.778091535e-03 -1.306252219e+02 -1.306252219e+02 +1.7150e+00 -3.6512e+00
469 +3.434223715e-03 +3.434223715e-03 -1.306265658e+02 -1.306265658e+02 +1.7269e+00 -3.6512e+00
479 +2.759042803e-03 +2.759042803e-03 -1.306272410e+02 -1.306272410e+02 +1.7317e+00 -3.6512e+00
486 +1.072083387e-03 +1.072083387e-03 -1.306289279e+02 -1.306289279e+02 +1.7581e+00 -3.6512e+00
509 +5.768487864e-04 +5.768487864e-04 -1.306294232e+02 -1.306294232e+02 +1.7602e+00 -3.6512e+00
525 +1.954338898e-04 +1.954338898e-04 -1.306298046e+02 -1.306298046e+02 +1.7707e+00 -3.6512e+00
567 +6.037652233e-05 +6.037652233e-05 -1.306299396e+02 -1.306299396e+02 +1.7772e+00 -3.6512e+00
578 +8.571261645e-06 +8.571261645e-06 -1.306299914e+02 -1.306299914e+02 +1.7814e+00 -3.6512e+00
581 +1.532444344e-06 +1.532444344e-06 -1.306299985e+02 -1.306299985e+02 +1.7837e+00 -3.6512e+00
652 +9.175668652e-07 +9.175668652e-07 -1.306299991e+02 -1.306299991e+02 +1.7841e+00 -3.6512e+00
664 +8.821341453e-07 +8.821341453e-07 -1.306299991e+02 -1.306299991e+02 +1.7839e+00 -3.6512e+00
667 +6.677441888e-07 +6.677441888e-07 -1.306299993e+02 -1.306299993e+02 +1.7835e+00 -3.6512e+00
685 +1.233863429e-07 +1.233863429e-07 -1.306299999e+02 -1.306299999e+02 +1.7837e+00 -3.6512e+00
702 +9.722535310e-08 +9.722535310e-08 -1.306299999e+02 -1.306299999e+02 +1.7840e+00 -3.6512e+00
705 +8.881377767e-08 +8.881377767e-08 -1.306299999e+02 -1.306299999e+02 +1.7841e+00 -3.6512e+00
741 +7.239714250e-08 +7.239714250e-08 -1.306299999e+02 -1.306299999e+02 +1.7838e+00 -3.6512e+00
750 +6.550899911e-08 +6.550899911e-08 -1.306299999e+02 -1.306299999e+02 +1.7838e+00 -3.6512e+00
752 +2.602334348e-08 +2.602334348e-08 -1.306300000e+02 -1.306300000e+02 +1.7839e+00 -3.6512e+00
757 +1.403682859e-08 +1.403682859e-08 -1.306300000e+02 -1.306300000e+02 +1.7840e+00 -3.6512e+00
759 +2.061824489e-09 +2.061824489e-09 -1.306300000e+02 -1.306300000e+02 +1.7840e+00 -3.6512e+00
1068 +0.000000000e+00 +0.000000000e+00 -1.306300000e+02 -1.306300000e+02 +1.7840e+00 -3.6512e+00
% function evaluation | noise-free fitness - Fopt (5.492000000000e+01) | best noise-free fitness - Fopt | measured fitness | best measured fitness | x1 | x2...
1 +2.111151164e+08 +2.111151164e+08 +2.111151713e+08 +2.111151713e+08 +0.0000e+00 +0.0000e+00
3 +1.975560305e+08 +1.975560305e+08 +1.975560854e+08 +1.975560854e+08 -6.7648e-02 +6.4581e-03
4 +1.615616689e+08 +1.615616689e+08 +1.615617238e+08 +1.615617238e+08 -2.1607e-01 -5.8030e-02
11 +1.409774153e+08 +1.409774153e+08 +1.409774702e+08 +1.409774702e+08 -2.7730e-01 -1.6167e-01
17 +1.230989815e+08 +1.230989815e+08 +1.230990364e+08 +1.230990364e+08 -3.1594e-01 -3.0008e-01
18 +1.146116323e+08 +1.146116323e+08 +1.146116872e+08 +1.146116872e+08 -4.1174e-01 -2.4878e-01
22 +1.009939152e+08 +1.009939152e+08 +1.009939701e+08 +1.009939701e+08 -4.4640e-01 -3.7843e-01
26 +8.839435933e+07 +8.839435933e+07 +8.839441425e+07 +8.839441425e+07 -4.9827e-01 -4.8921e-01
34 +3.896467410e+07 +3.896467410e+07 +3.896472902e+07 +3.896472902e+07 -1.2666e+00 -3.1077e-01
43 +2.260657281e+07 +2.260657281e+07 +2.260662773e+07 +2.260662773e+07 -1.7006e+00 -2.1531e-01
49 +1.719227466e+07 +1.719227466e+07 +1.719232958e+07 +1.719232958e+07 -1.8976e+00 -1.7026e-01
52 +3.422531180e+05 +3.422531180e+05 +3.423080380e+05 +3.423080380e+05 -3.4178e+00 +2.9453e-01
67 +5.853447291e+04 +5.853447291e+04 +5.858939291e+04 +5.858939291e+04 -3.7092e+00 +7.2228e-01
85 +1.360801185e+04 +1.360801185e+04 +1.366293185e+04 +1.366293185e+04 -3.6277e+00 +1.8405e-01
97 +1.034915520e+04 +1.034915520e+04 +1.040407520e+04 +1.040407520e+04 -3.8932e+00 +7.8070e-01
113 +1.429012028e+03 +1.429012028e+03 +1.483932028e+03 +1.483932028e+03 -3.7583e+00 +3.8462e-01
142 +1.315128058e+03 +1.315128058e+03 +1.370048058e+03 +1.370048058e+03 -3.7513e+00 +5.1189e-01
149 +6.344724140e+02 +6.344724140e+02 +6.893924140e+02 +6.893924140e+02 -3.7551e+00 +5.0448e-01
150 +3.375115409e+02 +3.375115409e+02 +3.924315409e+02 +3.924315409e+02 -3.7696e+00 +5.4661e-01
175 +1.114309544e+02 +1.114309544e+02 +1.663509544e+02 +1.663509544e+02 -3.7756e+00 +5.5343e-01
193 +2.402503270e+01 +2.402503270e+01 +7.894503270e+01 +7.894503270e+01 -3.7587e+00 +4.7453e-01
214 +1.405638044e+01 +1.405638044e+01 +6.897638044e+01 +6.897638044e+01 -3.7561e+00 +4.5613e-01
276 +1.335138160e+01 +1.335138160e+01 +6.827138160e+01 +6.827138160e+01 -3.7529e+00 +4.4471e-01
3725 +1.318244932e+01 +1.318244932e+01 +6.810244932e+01 +6.810244932e+01 -3.7492e+00 +4.2997e-01
% function evaluation | noise-free fitness - Fopt (9.070000000000e+00) | best noise-free fitness - Fopt | measured fitness | best measured fitness | x1 | x2...
1 +8.916351427e+06 +8.916351427e+06 +8.916360497e+06 +8.916360497e+06 +0.0000e+00 +0.0000e+00
7 +1.156336058e+06 +1.156336058e+06 +1.156345128e+06 +1.156345128e+06 +4.7363e-01 -4.4951e-01
11 +2.326918413e+05 +2.326918413e+05 +2.327009113e+05 +2.327009113e+05 +6.8086e-01 -6.4375e-01
14 +4.582723281e+04 +4.582723281e+04 +4.583630281e+04 +4.583630281e+04 +7.1690e-01 -7.7180e-01
32 +4.568466362e+04 +4.568466362e+04 +4.569373362e+04 +4.569373362e+04 +5.1311e-01 -1.0777e+00
33 +1.636624382e+04 +1.636624382e+04 +1.637531382e+04 +1.637531382e+04 +4.1429e-01 -1.0587e+00
45 +3.437962368e+03 +3.437962368e+03 +3.447032368e+03 +3.447032368e+03 +1.4745e+00 -7.2795e-01
48 +4.657501439e+01 +4.657501439e+01 +5.564501439e+01 +5.564501439e+01 +7.6551e-01 -8.7331e-01
82 +3.315373287e+01 +3.315373287e+01 +4.222373287e+01 +4.222373287e+01 +1.3135e+00 -7.2925e-01
128 +2.578544365e+01 +2.578544365e+01 +3.485544365e+01 +3.485544365e+01 +1.6044e+00 -6.5552e-01
130 +4.475243138e+00 +4.475243138e+00 +1.354524314e+01 +1.354524314e+01 +1.7545e+00 -6.2931e-01
265 +2.524092208e+00 +2.524092208e+00 +1.159409221e+01 +1.159409221e+01 +1.9621e+00 -5.9170e-01
338 +2.465418612e+00 +2.465418612e+00 +1.153541861e+01 +1.153541861e+01 +1.9778e+00 -5.8953e-01
% function evaluation | noise-free fitness - Fopt (2.980000000000e+01) | best noise-free fitness - Fopt | measured fitness | best measured fitness | x1 | x2...
1 +1.117698763e+07 +1.117698763e+07 +1.117701743e+07 +1.117701743e+07 +0.0000e+00 +0.0000e+00
3 +9.615351623e+06 +9.615351623e+06 +9.615381423e+06 +9.615381423e+06 -1.1321e-01 +2.4234e-01
13 +9.441999415e+06 +9.441999415e+06 +9.442029215e+06 +9.442029215e+06 -3.4214e-02 +2.7042e-01
14 +8.980561059e+06 +8.980561059e+06 +8.980590859e+06 +8.980590859e+06 +2.6236e-01 +3.4644e-01
15 +8.275404195e+06 +8.275404195e+06 +8.275433995e+06 +8.275433995e+06 +2.4733e-01 +4.6650e-01
18 +7.516555364e+06 +7.516555364e+06 +7.516585164e+06 +7.516585164e+06 +6.8640e-01 +6.0157e-01
19 +6.318547226e+06 +6.318547226e+06 +6.318577026e+06 +6.318577026e+06 +8.0201e-01 +8.2953e-01
20 +6.173780517e+06 +6.173780517e+06 +6.173810317e+06 +6.173810317e+06 +2.5185e-02 +8.5849e-01
22 +5.241754508e+06 +5.241754508e+06 +5.241784308e+06 +5.241784308e+06 +8.7654e-01 +1.0537e+00
32 +2.678924901e+06 +2.678924901e+06 +2.678954701e+06 +2.678954701e+06 -3.0644e-02 +1.7065e+00
34 +7.073973993e+05 +7.073973993e+05 +7.074271993e+05 +7.074271993e+05 +1.2589e-01 +2.5021e+00
43 +5.857032561e+03 +5.857032561e+03 +5.886832561e+03 +5.886832561e+03 +1.8084e-01 +3.4239e+00
80 +1.631982200e+03 +1.631982200e+03 +1.661782200e+03 +1.661782200e+03 +6.4208e-01 +3.3836e+00
98 +3.167413516e+02 +3.167413516e+02 +3.465413516e+02 +3.465413516e+02 +8.5873e-01 +3.3255e+00
113 +1.501083540e+02 +1.501083540e+02 +1.799083540e+02 +1.799083540e+02 +7.6813e-01 +3.3553e+00
125 +1.918222007e+01 +1.918222007e+01 +4.898222007e+01 +4.898222007e+01 +8.3476e-01 +3.3393e+00
136 +1.129583247e+01 +1.129583247e+01 +4.109583247e+01 +4.109583247e+01 +9.2923e-01 +3.3458e+00
164 +3.278902323e+00 +3.278902323e+00 +3.307890232e+01 +3.307890232e+01 +5.5141e-01 +3.3437e+00
363 +2.884161810e+00 +2.884161810e+00 +3.268416181e+01 +3.268416181e+01 +4.2156e-01 +3.3426e+00
371 +1.961608507e+00 +1.961608507e+00 +3.176160851e+01 +3.176160851e+01 +1.1891e-01 +3.3427e+00
381 +7.144576978e-01 +7.144576978e-01 +3.051445770e+01 +3.051445770e+01 -6.4689e-01 +3.3439e+00
405 +5.241181899e-01 +5.241181899e-01 +3.032411819e+01 +3.032411819e+01 -6.2560e-01 +3.3427e+00
429 +1.636912711e-01 +1.636912711e-01 +2.996369127e+01 +2.996369127e+01 -1.2484e+00 +3.3433e+00
458 +5.611181532e-02 +5.611181532e-02 +2.985611182e+01 +2.985611182e+01 -9.8791e-01 +3.3433e+00
466 +1.981694558e-02 +1.981694558e-02 +2.981981695e+01 +2.981981695e+01 -1.1655e+00 +3.3431e+00
474 +1.121807258e-03 +1.121807258e-03 +2.980112181e+01 +2.980112181e+01 -1.1483e+00 +3.3432e+00
530 +1.031047659e-04 +1.031047659e-04 +2.980010310e+01 +2.980010310e+01 -1.1767e+00 +3.3432e+00
532 +3.174706328e-05 +3.174706328e-05 +2.980003175e+01 +2.980003175e+01 -1.1780e+00 +3.3432e+00
534 +2.263248625e-05 +2.263248625e-05 +2.980002263e+01 +2.980002263e+01 -1.1847e+00 +3.3432e+00
584 +7.399929025e-07 +7.399929025e-07 +2.980000074e+01 +2.980000074e+01 -1.1808e+00 +3.3432e+00
675 +1.639750842e-07 +1.639750842e-07 +2.980000016e+01 +2.980000016e+01 -1.1797e+00 +3.3432e+00
741 +1.582411038e-07 +1.582411038e-07 +2.980000016e+01 +2.980000016e+01 -1.1804e+00 +3.3432e+00
753 +1.364022744e-07 +1.364022744e-07 +2.980000014e+01 +2.980000014e+01 -1.1803e+00 +3.3432e+00
770 +1.317635636e-07 +1.317635636e-07 +2.980000013e+01 +2.980000013e+01 -1.1804e+00 +3.3432e+00
784 +1.164113783e-08 +1.164113783e-08 +2.980000001e+01 +2.980000001e+01 -1.1799e+00 +3.3432e+00
826 +9.686100810e-09 +9.686100810e-09 +2.980000001e+01 +2.980000001e+01 -1.1799e+00 +3.3432e+00
1140 +0.000000000e+00 +0.000000000e+00 +2.980000000e+01 +2.980000000e+01 -1.1800e+00 +3.3432e+00
% function evaluation | noise-free fitness - Fopt (4.328000000000e+01) | best noise-free fitness - Fopt | measured fitness | best measured fitness | x1 | x2...
1 +6.091670547e+06 +6.091670547e+06 +6.091713827e+06 +6.091713827e+06 +0.0000e+00 +0.0000e+00
3 +5.252042116e+06 +5.252042116e+06 +5.252085396e+06 +5.252085396e+06 +1.9792e-01 -2.2484e-01
4 +5.244998756e+06 +5.244998756e+06 +5.245042036e+06 +5.245042036e+06 -1.2504e-01 -1.5443e-01
6 +5.054877216e+06 +5.054877216e+06 +5.054920496e+06 +5.054920496e+06 +2.2554e-01 -2.7549e-01
7 +4.893768394e+06 +4.893768394e+06 +4.893811674e+06 +4.893811674e+06 -1.0291e-01 -2.3929e-01
12 +4.690280990e+06 +4.690280990e+06 +4.690324270e+06 +4.690324270e+06 -6.1333e-02 -2.9618e-01
13 +4.389072505e+06 +4.389072505e+06 +4.389115785e+06 +4.389115785e+06 +5.7411e-02 -3.9507e-01
15 +3.750426638e+06 +3.750426638e+06 +3.750469918e+06 +3.750469918e+06 +4.6514e-01 -6.4824e-01
20 +3.590957304e+06 +3.590957304e+06 +3.591000584e+06 +3.591000584e+06 -8.3636e-01 -4.0081e-01
22 +3.257438699e+06 +3.257438699e+06 +3.257481979e+06 +3.257481979e+06 +4.0090e-01 -7.6892e-01
23 +2.161067243e+06 +2.161067243e+06 +2.161110523e+06 +2.161110523e+06 +5.8003e-01 -1.1518e+00
29 +3.526523220e+05 +3.526523220e+05 +3.526956020e+05 +3.526956020e+05 +4.2139e-01 -2.0142e+00
33 +1.215811069e+05 +1.215811069e+05 +1.216243869e+05 +1.216243869e+05 +3.0965e-01 -2.2405e+00
37 +3.126792519e+04 +3.126792519e+04 +3.131120519e+04 +3.131120519e+04 -6.2345e-01 -2.5709e+00
39 +1.912589119e+03 +1.912589119e+03 +1.955869119e+03 +1.955869119e+03 -4.2201e-01 -2.3900e+00
57 +1.975929121e+01 +1.975929121e+01 +6.303929121e+01 +6.303929121e+01 +1.2021e+00 -2.7926e+00
158 +5.356744149e+00 +5.356744149e+00 +4.863674415e+01 +4.863674415e+01 +1.0372e+00 -2.7600e+00
% function evaluation | noise-free fitness - Fopt (3.039300000000e+02) | best noise-free fitness - Fopt | measured fitness | best measured fitness | x1 | x2...
1 +8.644170864e+04 +8.644170864e+04 +8.674563864e+04 +8.674563864e+04 +0.0000e+00 +0.0000e+00
4 +5.232467369e+03 +5.232467369e+03 +5.536397369e+03 +5.536397369e+03 +2.2627e-01 -5.6826e-02
9 +2.202980153e+03 +2.202980153e+03 +2.506910153e+03 +2.506910153e+03 +3.5466e-01 -1.8420e-01
22 +2.124288749e+01 +2.124288749e+01 +3.251728875e+02 +3.251728875e+02 +3.1668e-01 -3.6025e-01
82 +2.004721416e+01 +2.004721416e+01 +3.239772142e+02 +3.239772142e+02 +3.1709e-01 -3.6351e-01
98 +9.294462489e+00 +9.294462489e+00 +3.132244625e+02 +3.132244625e+02 +3.1644e-01 -3.0954e-01
1256 +9.105986812e+00 +9.105986812e+00 +3.130359868e+02 +3.130359868e+02 +3.1439e-01 -2.7960e-01
1680 +8.905046472e+00 +8.905046472e+00 +3.128350465e+02 +3.128350465e+02 +3.1210e-01 -2.4619e-01
2193 +8.694491617e+00 +8.694491617e+00 +3.126244916e+02 +3.126244916e+02 +3.0958e-01 -2.1094e-01
2461 +8.506707136e+00 +8.506707136e+00 +3.124367071e+02 +3.124367071e+02 +3.0726e-01 -1.7864e-01
2758 +8.304714227e+00 +8.304714227e+00 +3.122347142e+02 +3.122347142e+02 +3.0491e-01 -1.4378e-01
3118 +8.126358625e+00 +8.126358625e+00 +3.120563586e+02 +3.120563586e+02 +3.0272e-01 -1.1289e-01
3431 +7.924349691e+00 +7.924349691e+00 +3.118543497e+02 +3.118543497e+02 +3.0012e-01 -7.7295e-02
3493 +7.755905461e+00 +7.755905461e+00 +3.116859055e+02 +3.116859055e+02 +2.9787e-01 -4.2191e-02
3877 +7.582884892e+00 +7.582884892e+00 +3.115128849e+02 +3.115128849e+02 +2.9589e-01 -1.5328e-02
4126 +7.396069829e+00 +7.396069829e+00 +3.113260698e+02 +3.113260698e+02 +2.9350e-01 +1.7559e-02
4259 +7.240814908e+00 +7.240814908e+00 +3.111708149e+02 +3.111708149e+02 +2.9145e-01 +4.6256e-02
4409 +7.074188261e+00 +7.074188261e+00 +3.110041883e+02 +3.110041883e+02 +2.8928e-01 +7.8486e-02
4608 +6.911904169e+00 +6.911904169e+00 +3.108419042e+02 +3.108419042e+02 +2.8695e-01 +1.0918e-01
% function evaluation | noise-free fitness - Fopt (-1.363900000000e+02) | best noise-free fitness - Fopt | measured fitness | best measured fitness | x1 | x2...
1 +1.632759956e+07 +1.632759956e+07 +1.632746317e+07 +1.632746317e+07 +0.0000e+00 +0.0000e+00
2 +1.548455274e+07 +1.548455274e+07 +1.548441635e+07 +1.548441635e+07 +3.3065e-01 -1.5138e-01
4 +1.358856216e+07 +1.358856216e+07 +1.358842577e+07 +1.358842577e+07 -3.2661e-01 -3.1353e-01
11 +1.106305287e+07 +1.106305287e+07 +1.106291648e+07 +1.106291648e+07 -9.4167e-01 -5.9377e-01
18 +8.975942987e+06 +8.975942987e+06 +8.975806597e+06 +8.975806597e+06 -2.1191e-02 -1.0514e+00
22 +3.958420200e+06 +3.958420200e+06 +3.958283810e+06 +3.958283810e+06 -6.2952e-01 -1.9847e+00
31 +2.984202731e+06 +2.984202731e+06 +2.984066341e+06 +2.984066341e+06 -1.1998e+00 -2.1720e+00
38 +5.182171960e+04 +5.182171960e+04 +5.168532960e+04 +5.168532960e+04 -2.2322e+00 -3.5459e+00
51 +3.177369651e+04 +3.177369651e+04 +3.163730651e+04 +3.163730651e+04 -7.8693e-01 -3.7912e+00
74 +7.383442323e+03 +7.383442323e+03 +7.247052323e+03 +7.247052323e+03 -3.6237e-02 -4.1593e+00
97 +3.091226330e+03 +3.091226330e+03 +2.954836330e+03 +2.954836330e+03 -7.4796e-01 -3.9203e+00
104 +2.388076864e+03 +2.388076864e+03 +2.251686864e+03 +2.251686864e+03 -1.4148e-01 -4.1076e+00
122 +2.131918922e+03 +2.131918922e+03 +1.995528922e+03 +1.995528922e+03 -3.7039e-02 -4.1190e+00
130 +1.314118029e+02 +1.314118029e+02 -4.978197079e+00 -4.978197079e+00 +5.2928e-02 -4.0735e+00
131 +7.807479697e+00 +7.807479697e+00 -1.285825203e+02 -1.285825203e+02 -1.6638e-01 -4.0561e+00
186 +7.126094515e+00 +7.126094515e+00 -1.292639055e+02 -1.292639055e+02 -1.6513e-01 -4.0558e+00
241 +6.309835415e+00 +6.309835415e+00 -1.300801646e+02 -1.300801646e+02 -2.5903e-01 -4.0424e+00
250 +6.237098985e+00 +6.237098985e+00 -1.301529010e+02 -1.301529010e+02 -2.7955e-01 -4.0400e+00
308 +6.123506354e+00 +6.123506354e+00 -1.302664936e+02 -1.302664936e+02 -3.3486e-01 -4.0327e+00
318 +5.969065045e+00 +5.969065045e+00 -1.304209350e+02 -1.304209350e+02 -3.2464e-01 -4.0337e+00
379 +5.853992845e+00 +5.853992845e+00 -1.305360072e+02 -1.305360072e+02 -3.4648e-01 -4.0307e+00
1568 +5.748188231e+00 +5.748188231e+00 -1.306418118e+02 -1.306418118e+02 -3.6829e-01 -4.0277e+00
2342 +5.600062133e+00 +5.600062133e+00 -1.307899379e+02 -1.307899379e+02 -3.9965e-01 -4.0234e+00
2371 +5.474288958e+00 +5.474288958e+00 -1.309157110e+02 -1.309157110e+02 -4.3031e-01 -4.0195e+00
3512 +5.368821105e+00 +5.368821105e+00 -1.310211789e+02 -1.310211789e+02 -4.4795e-01 -4.0170e+00
4739 +5.248029068e+00 +5.248029068e+00 -1.311419709e+02 -1.311419709e+02 -4.7384e-01 -4.0135e+00
