% function evaluation | noise-free fitness - Fopt (-6.211100000000e+02) | best noise-free fitness - Fopt | measured fitness | best measured fitness | x1 | x2...
1 +6.877353523e+06 +6.877353523e+06 +6.876732413e+06 +6.876732413e+06 +0.0000e+00 +0.0000e+00 +0.0000e+00
2 +6.681869178e+06 +6.681869178e+06 +6.681248068e+06 +6.681248068e+06 -2.7055e-01 +2.3788e-01 -1.2117e-01
4 +6.371900784e+06 +6.371900784e+06 +6.371279674e+06 +6.371279674e+06 +1.6648e-01 -1.0686e-02 -9.0642e-02
6 +5.583295037e+06 +5.583295037e+06 +5.582673927e+06 +5.582673927e+06 -1.3901e-03 +3.1078e-01 -8.7163e-02
10 +4.896161325e+06 +4.896161325e+06 +4.895540215e+06 +4.895540215e+06 -5.8871e-03 +4.9916e-01 -2.6382e-01
18 +4.180092101e+06 +4.180092101e+06 +4.179470991e+06 +4.179470991e+06 +5.5660e-01 +3.0795e-01 -4.4255e-01
22 +4.035349007e+06 +4.035349007e+06 +4.034727897e+06 +4.034727897e+06 +3.5271e-01 +5.0428e-01 -4.3426e-01
24 +3.731366001e+06 +3.731366001e+06 +3.730744891e+06 +3.730744891e+06 +2.4586e-01 +6.5763e-01 -3.3972e-01
26 +3.558458228e+06 +3.558458228e+06 +3.557837118e+06 +3.557837118e+06 +4.3334e-01 +5.6625e-01 -3.0388e-01
27 +3.512545745e+06 +3.512545745e+06 +3.511924635e+06 +3.511924635e+06 +2.8793e-01 +7.7825e-01 +1.3425e-01
30 +3.054075334e+06 +3.054075334e+06 +3.053454224e+06 +3.053454224e+06 +4.3268e-01 +7.3716e-01 -3.3019e-01
31 +2.792939922e+06 +2.792939922e+06 +2.792318812e+06 +2.792318812e+06 +3.1810e-01 +9.4427e-01 -4.5990e-01
37 +1.679174471e+06 +1.679174471e+06 +1.678553361e+06 +1.678553361e+06 +8.4538e-01 +1.1053e+00 -7.0366e-01
45 +2.597647169e+05 +2.597647169e+05 +2.591436069e+05 +2.591436069e+05 +1.8082e+00 +1.2433e+00 -4.4389e-01
49 +1.239469468e+05 +1.239469468e+05 +1.233258368e+05 +1.233258368e+05 +1.3931e+00 +1.7622e+00 -6.0758e-01
53 +8.515581856e+04 +8.515581856e+04 +8.453470856e+04 +8.453470856e+04 +2.3831e+00 +1.1483e+00 -5.0687e-01
69 +6.255023273e+04 +6.255023273e+04 +6.192912273e+04 +6.192912273e+04 -6.7627e-01 +4.1956e+00 -1.3946e-02
122 +8.397616797e+03 +8.397616797e+03 +7.776506797e+03 +7.776506797e+03 -2.0328e+00 +5.0081e+00 +6.2116e-01
186 +7.315899732e+02 +7.315899732e+02 +1.104799732e+02 +1.104799732e+02 -1.6496e+00 +4.6591e+00 +4.3231e-01
225 +5.201371950e+02 +5.201371950e+02 -1.009728050e+02 -1.009728050e+02 -1.5965e+00 +4.6414e+00 +3.6670e-01
260 +3.738535956e+02 +3.738535956e+02 -2.472564044e+02 -2.472564044e+02 -1.7484e+00 +4.7853e+00 +4.5084e-01
280 +3.350573109e+02 +3.350573109e+02 -2.860526891e+02 -2.860526891e+02 -1.7747e+00 +4.8100e+00 +4.5621e-01
295 +1.194774755e+02 +1.194774755e+02 -5.016325245e+02 -5.016325245e+02 -1.7806e+00 +4.7856e+00 +4.3451e-01
303 +6.408269257e+00 +6.408269257e+00 -6.147017307e+02 -6.147017307e+02 -1.7983e+00 +4.8086e+00 +4.5043e-01
361 +1.867887180e+00 +1.867887180e+00 -6.192421128e+02 -6.192421128e+02 -1.7572e+00 +4.7678e+00 +4.3885e-01
406 +1.587365948e+00 +1.587365948e+00 -6.195226341e+02 -6.195226341e+02 -1.7467e+00 +4.7599e+00 +4.3578e-01
488 +1.537093773e+00 +1.537093773e+00 -6.195729062e+02 -6.195729062e+02 -1.7516e+00 +4.7636e+00 +4.3648e-01
499 +1.513005284e+00 +1.513005284e+00 -6.195969947e+02 -6.195969947e+02 -1.7530e+00 +4.7648e+00 +4.3694e-01
509 +1.464273004e+00 +1.464273004e+00 -6.196457270e+02 -6.196457270e+02 -1.7551e+00 +4.7670e+00 +4.3766e-01
540 +1.411993354e+00 +1.411993354e+00 -6.196980066e+02 -6.196980066e+02 -1.7536e+00 +4.7659e+00 +4.3740e-01
675 +1.380198600e+00 +1.380198600e+00 -6.197298014e+02 -6.197298014e+02 -1.7501e+00 +4.7626e+00 +4.3638e-01
% function evaluation | noise-free fitness - Fopt (-2.548200000000e+02) | best noise-free fitness - Fopt | measured fitness | best measured fitness | x1 | x2...
1 +5.028150026e+07 +5.028150026e+07 +5.028124544e+07 +5.028124544e+07 +0.0000e+00 +0.0000e+00 +0.0000e+00
2 +4.738745066e+07 +4.738745066e+07 +4.738719584e+07 +4.738719584e+07 -7.5501e-02 +3.1259e-03 -1.0352e-01
10 +3.914309776e+07 +3.914309776e+07 +3.914284294e+07 +3.914284294e+07 +3.6869e-02 +5.9383e-02 -1.4836e-01
13 +3.279340758e+07 +3.279340758e+07 +3.279315276e+07 +3.279315276e+07 -1.3296e-01 +2.3197e-01 -3.8602e-01
15 +3.146352502e+07 +3.146352502e+07 +3.146327020e+07 +3.146327020e+07 +7.0875e-02 +1.7203e-01 -2.6215e-01
20 +1.869480429e+07 +1.869480429e+07 +1.869454947e+07 +1.869454947e+07 +4.3997e-01 -5.0584e-02 -3.6649e-01
32 +1.636121443e+07 +1.636121443e+07 +1.636095961e+07 +1.636095961e+07 +2.9667e-01 -2.7008e-01 -6.0817e-01
36 +1.347718319e+07 +1.347718319e+07 +1.347692837e+07 +1.347692837e+07 +4.8087e-01 +1.8805e-01 -5.1282e-01
37 +1.007332896e+07 +1.007332896e+07 +1.007307414e+07 +1.007307414e+07 +5.4396e-01 -1.0076e-01 -6.8673e-01
41 +8.968565774e+06 +8.968565774e+06 +8.968310954e+06 +8.968310954e+06 +4.3669e-01 +3.2104e-02 -8.4370e-01
42 +7.250969753e+06 +7.250969753e+06 +7.250714933e+06 +7.250714933e+06 +8.8674e-01 -9.7068e-02 -5.8612e-01
43 +4.714090183e+06 +4.714090183e+06 +4.713835363e+06 +4.713835363e+06 +1.1145e+00 -5.5937e-02 -6.1775e-01
50 +1.280198203e+06 +1.280198203e+06 +1.279943383e+06 +1.279943383e+06 +1.1986e+00 -8.3035e-02 -1.2586e+00
54 +2.128896226e+05 +2.128896226e+05 +2.126348026e+05 +2.126348026e+05 +1.8128e+00 -1.5248e-01 -1.0852e+00
61 +5.066319436e+04 +5.066319436e+04 +5.040837436e+04 +5.040837436e+04 +2.4061e+00 -8.4167e-02 -9.0984e-01
104 +3.332220379e+03 +3.332220379e+03 +3.077400379e+03 +3.077400379e+03 +2.0159e+00 -5.6281e-01 -1.2728e+00
162 +4.719636213e+02 +4.719636213e+02 +2.171436213e+02 +2.171436213e+02 +2.1943e+00 -2.3026e-01 -1.1381e+00
220 +1.105187079e+02 +1.105187079e+02 -1.443012921e+02 -1.443012921e+02 +2.1581e+00 -2.8366e-01 -1.1396e+00
295 +2.961569400e+01 +2.961569400e+01 -2.252043060e+02 -2.252043060e+02 +2.1719e+00 -2.6682e-01 -1.1375e+00
320 +2.051077216e+01 +2.051077216e+01 -2.343092278e+02 -2.343092278e+02 +2.1668e+00 -2.7036e-01 -1.1408e+00
382 +1.996498632e+01 +1.996498632e+01 -2.348550137e+02 -2.348550137e+02 +2.1654e+00 -2.7747e-01 -1.1428e+00
443 +1.986193949e+01 +1.986193949e+01 -2.349580605e+02 -2.349580605e+02 +2.1683e+00 -2.6751e-01 -1.1398e+00
% function evaluation | noise-free fitness - Fopt (5.661000000000e+01) | best noise-free fitness - Fopt | measured fitness | best measured fitness | x1 | x2...
1 +2.847483922e+08 +2.847483922e+08 +2.847484488e+08 +2.847484488e+08 +0.0000e+00 +0.0000e+00 +0.0000e+00
4 +2.044582382e+08 +2.044582382e+08 +2.044582948e+08 +2.044582948e+08 -2.5324e-01 -5.4858e-01 +1.4621e-01
10 +2.033300456e+08 +2.033300456e+08 +2.033301022e+08 +2.033301022e+08 +1.7179e-01 -3.1268e-01 -2.5620e-01
13 +1.968409417e+08 +1.968409417e+08 +1.968409983e+08 +1.968409983e+08 -3.7700e-01 -4.8256e-01 +5.5842e-02
18 +1.819866595e+08 +1.819866595e+08 +1.819867161e+08 +1.819867161e+08 -1.4828e-01 -6.3985e-01 +3.5814e-02
20 +1.549510362e+08 +1.549510362e+08 +1.549510928e+08 +1.549510928e+08 -2.4196e-01 -8.2989e-01 +2.1665e-02
26 +1.487589516e+08 +1.487589516e+08 +1.487590082e+08 +1.487590082e+08 -2.3605e-01 -6.0615e-01 -2.7745e-01
29 +1.375636118e+08 +1.375636118e+08 +1.375636685e+08 +1.375636685e+08 -3.2877e-01 -7.3845e-01 -2.2299e-01
34 +1.261146128e+08 +1.261146128e+08 +1.261146694e+08 +1.261146694e+08 -3.8147e-01 -5.9744e-01 -4.8411e-01
42 +7.358558000e+07 +7.358558000e+07 +7.358563661e+07 +7.358563661e+07 -3.8200e-01 -1.7845e+00 -8.7840e-02
49 +7.197728824e+07 +7.197728824e+07 +7.197734485e+07 +7.197734485e+07 -9.1841e-01 -1.1057e+00 -5.6995e-01
51 +5.101456357e+07 +5.101456357e+07 +5.101462018e+07 +5.101462018e+07 -8.1651e-01 -1.4716e+00 -7.4365e-01
59 +3.540187945e+07 +3.540187945e+07 +3.540193606e+07 +3.540193606e+07 -7.8402e-01 -1.9452e+00 -8.6044e-01
66 +2.554720602e+07 +2.554720602e+07 +2.554726263e+07 +2.554726263e+07 -1.0693e+00 -2.2912e+00 -8.8597e-01
69 +1.972052798e+07 +1.972052798e+07 +1.972058459e+07 +1.972058459e+07 -3.8579e-01 -3.0767e+00 -1.3969e+00
78 +1.878295864e+07 +1.878295864e+07 +1.878301525e+07 +1.878301525e+07 -6.4900e-01 -3.3777e+00 -1.0401e+00
83 +1.798489952e+07 +1.798489952e+07 +1.798495613e+07 +1.798495613e+07 -1.1201e+00 -1.9070e+00 -1.7223e+00
86 +1.267259949e+07 +1.267259949e+07 +1.267265610e+07 +1.267265610e+07 -1.1312e+00 -3.7212e+00 -1.3864e+00
90 +1.194306960e+07 +1.194306960e+07 +1.194312621e+07 +1.194312621e+07 -8.0825e-01 -4.1061e+00 -1.8226e+00
91 +9.995781627e+06 +9.995781627e+06 +9.995838237e+06 +9.995838237e+06 -1.4619e+00 -5.3828e+00 -2.3289e+00
99 +6.711783236e+06 +6.711783236e+06 +6.711839846e+06 +6.711839846e+06 -1.7037e+00 -4.7874e+00 -2.6085e+00
101 +4.719079745e+06 +4.719079745e+06 +4.719136355e+06 +4.719136355e+06 -1.5547e+00 -5.3403e+00 -3.5315e+00
103 +2.421366526e+06 +2.421366526e+06 +2.421423136e+06 +2.421423136e+06 -9.8722e-01 -3.8074e+00 -4.0258e+00
108 +1.171621568e+04 +1.171621568e+04 +1.177282568e+04 +1.177282568e+04 -1.4586e-01 -6.0397e+00 -6.4639e+00
313 +1.848271040e+03 +1.848271040e+03 +1.904881040e+03 +1.904881040e+03 -3.7220e+00 -2.2967e+00 -3.8944e+00
374 +1.767883229e+03 +1.767883229e+03 +1.824493229e+03 +1.824493229e+03 -3.8864e+00 -2.1926e+00 -3.8261e+00
393 +1.898865116e+02 +1.898865116e+02 +2.464965116e+02 +2.464965116e+02 -3.8899e+00 -2.2342e+00 -3.8430e+00
457 +1.391658333e+02 +1.391658333e+02 +1.957758333e+02 +1.957758333e+02 -3.9542e+00 -2.1846e+00 -3.7727e+00
481 +3.169456878e+01 +3.169456878e+01 +8.830456878e+01 +8.830456878e+01 -3.9567e+00 -2.1833e+00 -3.7826e+00
554 +1.108180789e+01 +1.108180789e+01 +6.769180789e+01 +6.769180789e+01 -3.9258e+00 -2.2215e+00 -3.8103e+00
556 +2.299623738e-01 +2.299623738e-01 +5.683996237e+01 +5.683996237e+01 -3.9304e+00 -2.2141e+00 -3.8073e+00
648 +9.683407618e-02 +9.683407618e-02 +5.670683408e+01 +5.670683408e+01 -3.9346e+00 -2.2100e+00 -3.8045e+00
658 +2.289644607e-02 +2.289644607e-02 +5.663289645e+01 +5.663289645e+01 -3.9356e+00 -2.2097e+00 -3.8039e+00
688 +1.221735958e-02 +1.221735958e-02 +5.662221736e+01 +5.662221736e+01 -3.9359e+00 -2.2093e+00 -3.8036e+00
829 +1.199470899e-02 +1.199470899e-02 +5.662199471e+01 +5.662199471e+01 -3.9370e+00 -2.2083e+00 -3.8026e+00
841 +1.132856069e-02 +1.132856069e-02 +5.662132856e+01 +5.662132856e+01 -3.9370e+00 -2.2083e+00 -3.8027e+00
927 +1.117942628e-02 +1.117942628e-02 +5.662117943e+01 +5.662117943e+01 -3.9370e+00 -2.2083e+00 -3.8026e+00
% function evaluation | noise-free fitness - Fopt (-1.810000000000e+01) | best noise-free fitness - Fopt | measured fitness | best measured fitness | x1 | x2...
1 +1.616251011e+07 +1.616251011e+07 +1.616249201e+07 +1.616249201e+07 +0.0000e+00 +0.0000e+00 +0.0000e+00
3 +1.480778186e+07 +1.480778186e+07 +1.480776376e+07 +1.480776376e+07 +9.3454e-03 +5.9793e-02 +5.8878e-02
6 +1.445821241e+07 +1.445821241e+07 +1.445819431e+07 +1.445819431e+07 -7.4414e-02 -1.7838e-01 +2.0308e-01
7 +1.340932448e+07 +1.340932448e+07 +1.340930638e+07 +1.340930638e+07 -6.4583e-02 +7.4085e-02 +1.4305e-01
15 +1.315168453e+07 +1.315168453e+07 +1.315166643e+07 +1.315166643e+07 -1.1629e-01 +1.8549e-01 +1.2357e-01
17 +1.031502781e+07 +1.031502781e+07 +1.031500971e+07 +1.031500971e+07 -5.2469e-02 +8.3848e-02 +3.7808e-01
29 +1.005442232e+07 +1.005442232e+07 +1.005440422e+07 +1.005440422e+07 -6.2272e-02 +1.3487e-01 +3.7845e-01
32 +9.882836647e+06 +9.882836647e+06 +9.882818547e+06 +9.882818547e+06 +9.8139e-02 +1.8144e-01 +3.7894e-01
34 +9.405094622e+06 +9.405094622e+06 +9.405076522e+06 +9.405076522e+06 -2.7164e-01 +1.1211e-01 +4.4368e-01
38 +8.853434903e+06 +8.853434903e+06 +8.853416803e+06 +8.853416803e+06 -8.3944e-02 +2.1060e-01 +4.5895e-01
39 +7.522815944e+06 +7.522815944e+06 +7.522797844e+06 +7.522797844e+06 +6.6419e-02 +8.1694e-02 +6.6329e-01
47 +5.632507159e+06 +5.632507159e+06 +5.632489059e+06 +5.632489059e+06 +2.5284e-02 +2.2830e-01 +8.1356e-01
48 +5.191679858e+06 +5.191679858e+06 +5.191661758e+06 +5.191661758e+06 +3.1972e-02 +3.9255e-01 +8.0913e-01
49 +3.969044213e+06 +3.969044213e+06 +3.969026113e+06 +3.969026113e+06 +7.4283e-02 +3.3189e-01 +1.0199e+00
50 +2.700425709e+06 +2.700425709e+06 +2.700407609e+06 +2.700407609e+06 +3.3023e-02 +2.4463e-01 +1.3300e+00
56 +2.612241044e+06 +2.612241044e+06 +2.612222944e+06 +2.612222944e+06 +1.1276e-01 +4.0761e-01 +1.2565e+00
58 +1.704722548e+06 +1.704722548e+06 +1.704704448e+06 +1.704704448e+06 -8.7224e-02 +3.4970e-01 +1.5413e+00
59 +1.494322974e+06 +1.494322974e+06 +1.494304874e+06 +1.494304874e+06 +1.0177e-01 -1.1381e-01 +2.4131e+00
60 +1.212675655e+06 +1.212675655e+06 +1.212657555e+06 +1.212657555e+06 -1.5031e-02 +2.7069e-01 +1.8013e+00
63 +3.275048093e+05 +3.275048093e+05 +3.274867093e+05 +3.274867093e+05 +2.8287e-01 +6.3126e-01 +2.1097e+00
75 +2.484465818e+05 +2.484465818e+05 +2.484284818e+05 +2.484284818e+05 +5.1575e-01 +6.5232e-01 +2.4564e+00
94 +1.151198902e+05 +1.151198902e+05 +1.151017902e+05 +1.151017902e+05 +2.5733e-01 +7.5590e-01 +2.7533e+00
109 +9.085777195e+04 +9.085777195e+04 +9.083967195e+04 +9.083967195e+04 +7.6073e-01 +1.1242e+00 +2.5217e+00
110 +2.077809137e+04 +2.077809137e+04 +2.075999137e+04 +2.075999137e+04 +4.3122e-01 +1.1186e+00 +2.5289e+00
117 +1.984830247e+03 +1.984830247e+03 +1.966730247e+03 +1.966730247e+03 +3.6041e-01 +1.2855e+00 +2.4167e+00
156 +4.752204724e+01 +4.752204724e+01 +2.942204724e+01 +2.942204724e+01 +1.9195e-02 +1.0498e+00 +2.5821e+00
331 +2.811077939e+01 +2.811077939e+01 +1.001077939e+01 +1.001077939e+01 +4.8106e-01 +1.2647e+00 +2.3696e+00
347 +1.706090667e+01 +1.706090667e+01 -1.039093326e+00 -1.039093326e+00 +4.5461e-01 +1.2648e+00 +2.3796e+00
354 +4.800783468e+00 +4.800783468e+00 -1.329921653e+01 -1.329921653e+01 +4.9154e-01 +1.2797e+00 +2.3656e+00
447 +1.745592258e+00 +1.745592258e+00 -1.635440774e+01 -1.635440774e+01 +4.9157e-01 +1.2775e+00 +2.3667e+00
634 +1.734241767e+00 +1.734241767e+00 -1.636575823e+01 -1.636575823e+01 +4.8375e-01 +1.2736e+00 +2.3700e+00
% function evaluation | noise-free fitness - Fopt (3.777000000000e+01) | best noise-free fitness - Fopt | measured fitness | best measured fitness | x1 | x2...
1 +6.756700038e+06 +6.756700038e+06 +6.756737808e+06 +6.756737808e+06 +0.0000e+00 +0.0000e+00 +0.0000e+00
4 +5.478833300e+06 +5.478833300e+06 +5.478871070e+06 +5.478871070e+06 -1.4270e-02 +1.9890e-01 +2.3991e-02
7 +5.069412118e+06 +5.069412118e+06 +5.069449888e+06 +5.069449888e+06 +2.3583e-04 +2.9825e-01 -2.5632e-01
10 +4.439812073e+06 +4.439812073e+06 +4.439849843e+06 +4.439849843e+06 -1.7891e-01 +3.3026e-01 -2.2526e-01
13 +3.135022362e+06 +3.135022362e+06 +3.135060132e+06 +3.135060132e+06 -5.1306e-02 +7.9031e-01 -3.8837e-01
19 +1.051077148e+06 +1.051077148e+06 +1.051114918e+06 +1.051114918e+06 -6.7841e-01 +1.2623e+00 -1.3927e-01
26 +5.213082682e+05 +5.213082682e+05 +5.213460382e+05 +5.213460382e+05 -3.5935e-01 +1.6087e+00 +1.9865e-01
41 +4.245022461e+05 +4.245022461e+05 +4.245400161e+05 +4.245400161e+05 +1.3047e+00 +3.1324e+00 -8.2831e-03
42 +2.089315521e+05 +2.089315521e+05 +2.089693221e+05 +2.089693221e+05 +1.5147e+00 +3.6944e+00 -9.4075e-01
49 +5.374467965e+04 +5.374467965e+04 +5.378244965e+04 +5.378244965e+04 -6.7032e-01 +2.5150e+00 +1.2983e-01
61 +8.352400523e+03 +8.352400523e+03 +8.390170523e+03 +8.390170523e+03 -1.1887e-01 +2.6496e+00 +5.2799e-02
84 +3.445308782e+02 +3.445308782e+02 +3.823008782e+02 +3.823008782e+02 -1.2616e-01 +2.7091e+00 +9.6968e-02
132 +2.307392716e+02 +2.307392716e+02 +2.685092716e+02 +2.685092716e+02 +9.1440e-02 +2.8842e+00 +2.9285e-02
188 +1.526583967e+02 +1.526583967e+02 +1.904283967e+02 +1.904283967e+02 -2.9326e-02 +2.8142e+00 +5.6333e-02
199 +2.908108217e+01 +2.908108217e+01 +6.685108217e+01 +6.685108217e+01 -2.0746e-02 +2.8119e+00 +6.5606e-02
250 +8.190667397e+00 +8.190667397e+00 +4.596066740e+01 +4.596066740e+01 -3.8373e-02 +2.7914e+00 +6.8599e-02
258 +5.997177584e+00 +5.997177584e+00 +4.376717758e+01 +4.376717758e+01 -4.6722e-02 +2.7898e+00 +7.2094e-02
260 +5.654908797e+00 +5.654908797e+00 +4.342490880e+01 +4.342490880e+01 -5.7614e-02 +2.7813e+00 +7.6899e-02
311 +4.159125666e+00 +4.159125666e+00 +4.192912567e+01 +4.192912567e+01 -4.8272e-02 +2.7877e+00 +7.2658e-02
321 +4.058076556e+00 +4.058076556e+00 +4.182807656e+01 +4.182807656e+01 -5.2366e-02 +2.7849e+00 +7.4908e-02
329 +1.532547252e+00 +1.532547252e+00 +3.930254725e+01 +3.930254725e+01 -5.5330e-02 +2.7806e+00 +7.7162e-02
% function evaluation | noise-free fitness - Fopt (1.687000000000e+01) | best noise-free fitness - Fopt | measured fitness | best measured fitness | x1 | x2...
1 +4.884206688e+07 +4.884206688e+07 +4.884208375e+07 +4.884208375e+07 +0.0000e+00 +0.0000e+00 +0.0000e+00
2 +3.361611760e+07 +3.361611760e+07 +3.361613447e+07 +3.361613447e+07 +3.9690e-02 +5.0273e-01 +1.6168e-01
8 +3.188844975e+07 +3.188844975e+07 +3.188846662e+07 +3.188846662e+07 -1.4537e-01 +3.3351e-01 -1.6317e-01
10 +2.829303043e+07 +2.829303043e+07 +2.829304730e+07 +2.829304730e+07 -1.7518e-01 +7.0413e-01 +2.4107e-01
19 +1.534314455e+07 +1.534314455e+07 +1.534316142e+07 +1.534316142e+07 -1.4581e-01 +1.7095e+00 +3.6107e-01
26 +1.330779316e+07 +1.330779316e+07 +1.330781003e+07 +1.330781003e+07 -2.5959e-01 +1.3096e+00 -8.0546e-02
27 +1.293511084e+07 +1.293511084e+07 +1.293512771e+07 +1.293512771e+07 +3.8678e-01 +2.1440e+00 +4.3902e-01
29 +1.247818833e+07 +1.247818833e+07 +1.247820520e+07 +1.247820520e+07 -2.6508e-01 +1.5720e+00 +1.2479e-02
67 +7.636122555e+06 +7.636122555e+06 +7.636139425e+06 +7.636139425e+06 +5.1074e-02 +2.0409e+00 -3.0529e-01
81 +5.807493646e+06 +5.807493646e+06 +5.807510516e+06 +5.807510516e+06 -7.5443e-02 +1.9255e+00 -6.2734e-01
82 +2.906101577e+06 +2.906101577e+06 +2.906118447e+06 +2.906118447e+06 -1.2373e-01 +2.1153e+00 -1.2522e+00
90 +1.305279497e+06 +1.305279497e+06 +1.305296367e+06 +1.305296367e+06 +1.6682e-02 +1.8652e+00 -1.5796e+00
102 +4.591237727e+05 +4.591237727e+05 +4.591406427e+05 +4.591406427e+05 +4.9313e-01 +2.6344e+00 -2.1372e+00
109 +4.394027955e+05 +4.394027955e+05 +4.394196655e+05 +4.394196655e+05 -2.1104e-01 +1.6610e+00 -2.0538e+00
119 +1.211496153e+05 +1.211496153e+05 +1.211664853e+05 +1.211664853e+05 +5.4008e-01 +2.3189e+00 -2.7572e+00
125 +1.964380350e+04 +1.964380350e+04 +1.966067350e+04 +1.966067350e+04 +1.0400e-02 +1.8405e+00 -2.5974e+00
168 +1.789337420e+04 +1.789337420e+04 +1.791024420e+04 +1.791024420e+04 +2.1633e-02 +1.9867e+00 -2.4617e+00
203 +3.204505177e+03 +3.204505177e+03 +3.221375177e+03 +3.221375177e+03 +1.0371e-01 +1.9685e+00 -2.5518e+00
232 +7.328684723e+02 +7.328684723e+02 +7.497384723e+02 +7.497384723e+02 +1.5459e-01 +2.0213e+00 -2.4785e+00
268 +6.050908141e+02 +6.050908141e+02 +6.219608141e+02 +6.219608141e+02 +1.6513e-01 +1.9997e+00 -2.4949e+00
274 +3.335644103e+02 +3.335644103e+02 +3.504344103e+02 +3.504344103e+02 +1.2565e-01 +1.9968e+00 -2.5105e+00
294 +1.800562526e+02 +1.800562526e+02 +1.969262526e+02 +1.969262526e+02 +1.4600e-01 +2.0104e+00 -2.4997e+00
306 +1.180737356e+01 +1.180737356e+01 +2.867737356e+01 +2.867737356e+01 +1.9038e-01 +2.0319e+00 -2.4879e+00
447 +9.764804298e+00 +9.764804298e+00 +2.663480430e+01 +2.663480430e+01 +2.0931e-01 +2.0453e+00 -2.4840e+00
% function evaluation | noise-free fitness - Fopt (1.456400000000e+02) | best noise-free fitness - Fopt | measured fitness | best measured fitness | x1 | x2...
1 +3.558253134e+07 +3.558253134e+07 +3.558267698e+07 +3.558267698e+07 +0.0000e+00 +0.0000e+00 +0.0000e+00
2 +2.727349715e+07 +2.727349715e+07 +2.727364279e+07 +2.727364279e+07 -1.4767e-01 +2.1845e-01 +1.6708e-01
4 +2.541011624e+07 +2.541011624e+07 +2.541026188e+07 +2.541026188e+07 +1.9315e-01 +2.0975e-01 +1.5948e-01
5 +2.224601028e+07 +2.224601028e+07 +2.224615592e+07 +2.224615592e+07 -9.3225e-02 +3.5127e-01 +2.3605e-01
10 +8.424899301e+06 +8.424899301e+06 +8.425044941e+06 +8.425044941e+06 -1.4535e-02 +9.4982e-01 +6.4186e-01
21 +2.800917588e+06 +2.800917588e+06 +2.801063228e+06 +2.801063228e+06 +3.2046e-01 +1.4940e+00 +6.2448e-01
26 +1.250602306e+06 +1.250602306e+06 +1.250747946e+06 +1.250747946e+06 -3.8227e-01 +1.9297e+00 +9.7906e-01
28 +4.189435691e+04 +4.189435691e+04 +4.203999691e+04 +4.203999691e+04 +6.5582e-01 +2.5993e+00 +1.0033e+00
77 +3.331079353e+04 +3.331079353e+04 +3.345643353e+04 +3.345643353e+04 +4.6158e-03 +3.1535e+00 +1.1310e+00
82 +3.153466510e+04 +3.153466510e+04 +3.168030510e+04 +3.168030510e+04 -4.5635e-02 +2.7569e+00 +1.1266e+00
86 +1.016665738e+04 +1.016665738e+04 +1.031229738e+04 +1.031229738e+04 +8.0639e-03 +3.0556e+00 +1.0163e+00
109 +8.432543333e+03 +8.432543333e+03 +8.578183333e+03 +8.578183333e+03 -6.3107e-02 +3.0656e+00 +1.0366e+00
110 +6.555438935e+03 +6.555438935e+03 +6.701078935e+03 +6.701078935e+03 +1.6343e-01 +3.0276e+00 +1.0366e+00
120 +5.501927026e+03 +5.501927026e+03 +5.647567026e+03 +5.647567026e+03 -3.2994e-02 +2.9131e+00 +1.0571e+00
126 +5.480876400e+03 +5.480876400e+03 +5.626516400e+03 +5.626516400e+03 -7.6142e-02 +2.9427e+00 +1.0351e+00
134 +4.234980920e+03 +4.234980920e+03 +4.380620920e+03 +4.380620920e+03 +1.7126e-02 +3.0247e+00 +1.0354e+00
138 +3.104904206e+03 +3.104904206e+03 +3.250544206e+03 +3.250544206e+03 -1.4419e-02 +2.9480e+00 +1.1237e+00
142 +1.325132130e+03 +1.325132130e+03 +1.470772130e+03 +1.470772130e+03 -5.5969e-02 +3.0239e+00 +1.0802e+00
148 +1.095538558e+03 +1.095538558e+03 +1.241178558e+03 +1.241178558e+03 -2.3376e-03 +2.9638e+00 +1.0500e+00
157 +5.732171960e+02 +5.732171960e+02 +7.188571960e+02 +7.188571960e+02 -1.1449e-04 +2.9982e+00 +1.0664e+00
174 +1.510842822e+02 +1.510842822e+02 +2.967242822e+02 +2.967242822e+02 -4.4311e-02 +2.9758e+00 +1.0774e+00
197 +4.373727871e+01 +4.373727871e+01 +1.893772787e+02 +1.893772787e+02 -4.3117e-02 +2.9858e+00 +1.0784e+00
225 +3.453419291e+01 +3.453419291e+01 +1.801741929e+02 +1.801741929e+02 -6.9595e-02 +2.9857e+00 +1.0884e+00
278 +2.044268884e+01 +2.044268884e+01 +1.660826888e+02 +1.660826888e+02 -8.6988e-02 +2.9957e+00 +1.0894e+00
287 +1.469122913e+01 +1.469122913e+01 +1.603312291e+02 +1.603312291e+02 -9.4775e-02 +2.9949e+00 +1.0898e+00
320 +1.440913438e+01 +1.440913438e+01 +1.600491344e+02 +1.600491344e+02 -6.4170e-02 +2.9890e+00 +1.0866e+00
% function evaluation | noise-free fitness - Fopt (-1.709700000000e+02) | best noise-free fitness - Fopt | measured fitness | best measured fitness | x1 | x2...
1 +1.312791144e+09 +1.312791144e+09 +1.312790973e+09 +1.312790973e+09 +0.0000e+00 +0.0000e+00 +0.0000e+00
6 +1.064949638e+09 +1.064949638e+09 +1.064949467e+09 +1.064949467e+09 +4.4245e-01 -1.6871e-01 +1.4516e-01
8 +9.683887482e+08 +9.683887482e+08 +9.683885772e+08 +9.683885772e+08 +1.4077e-01 +1.0492e-01 +2.1380e-01
11 +8.503966213e+08 +8.503966213e+08 +8.503964504e+08 +8.503964504e+08 +8.0237e-01 +1.5655e-01 +1.4031e-01
12 +8.079707257e+08 +8.079707257e+08 +8.079705548e+08 +8.079705548e+08 +6.5252e-01 -5.7650e-02 +3.0678e-01
17 +7.881923970e+08 +7.881923970e+08 +7.881922260e+08 +7.881922260e+08 +4.9834e-01 +1.1742e-01 +3.0574e-01
19 +5.814440605e+08 +5.814440605e+08 +5.814438896e+08 +5.814438896e+08 +3.5204e-01 +3.2030e-01 +5.4972e-01
20 +5.447708971e+08 +5.447708971e+08 +5.447707261e+08 +5.447707261e+08 +6.3755e-01 -1.7433e-01 +7.1587e-01
21 +4.190261706e+08 +4.190261706e+08 +4.190259996e+08 +4.190259996e+08 +1.1851e+00 +3.2663e-01 +6.1347e-01
27 +3.465065024e+08 +3.465065024e+08 +3.465063314e+08 +3.465063314e+08 +7.2383e-01 +3.8716e-01 +8.8437e-01
34 +3.264098593e+08 +3.264098593e+08 +3.264096884e+08 +3.264096884e+08 +1.2553e+00 -1.3606e-01 +9.8688e-01
35 +1.688258339e+08 +1.688258339e+08 +1.688256629e+08 +1.688256629e+08 +1.9918e+00 +4.5797e-01 +1.1134e+00
38 +1.154865613e+08 +1.154865613e+08 +1.154863903e+08 +1.154863903e+08 +1.1328e+00 +1.5941e-02 +1.8492e+00
42 +7.984910015e+07 +7.984910015e+07 +7.984892918e+07 +7.984892918e+07 +1.1877e+00 +1.5182e-01 +2.0858e+00
44 +4.213882692e+07 +4.213882692e+07 +4.213865595e+07 +4.213865595e+07 +1.1383e+00 -4.6524e-01 +2.9815e+00
47 +2.090311579e+07 +2.090311579e+07 +2.090294482e+07 +2.090294482e+07 +3.0302e+00 +6.0613e-01 +2.3576e+00
50 +1.185701872e+07 +1.185701872e+07 +1.185684775e+07 +1.185684775e+07 +3.7748e+00 +5.2135e-01 +2.6166e+00
56 +9.499161907e+06 +9.499161907e+06 +9.498990937e+06 +9.498990937e+06 +3.4219e+00 +1.6459e-01 +3.9387e+00
60 +9.039234783e+06 +9.039234783e+06 +9.039063813e+06 +9.039063813e+06 +5.2720e+00 +2.2573e-01 +4.0418e+00
65 +7.769371742e+06 +7.769371742e+06 +7.769200772e+06 +7.769200772e+06 +5.4196e+00 +1.9744e-01 +3.4108e+00
74 +3.278543671e+06 +3.278543671e+06 +3.278372701e+06 +3.278372701e+06 +4.5635e+00 +1.4547e+00 +3.9207e+00
85 +2.384369152e+06 +2.384369152e+06 +2.384198182e+06 +2.384198182e+06 +1.1494e+01 +9.5063e-01 +1.1425e+00
115 +1.357031700e+06 +1.357031700e+06 +1.356860730e+06 +1.356860730e+06 +8.2420e+00 +1.7613e+00 +2.1792e+00
134 +2.874223987e+04 +2.874223987e+04 +2.857126987e+04 +2.857126987e+04 +8.5122e+00 +2.2339e+00 +1.3673e+00
196 +1.122847381e+04 +1.122847381e+04 +1.105750381e+04 +1.105750381e+04 +8.4999e+00 +2.4291e+00 +1.3905e+00
206 +5.369491614e+03 +5.369491614e+03 +5.198521614e+03 +5.198521614e+03 +8.1427e+00 +2.4877e+00 +1.4920e+00
226 +1.869770423e+02 +1.869770423e+02 +1.600704228e+01 +1.600704228e+01 +8.3401e+00 +2.4140e+00 +1.4100e+00
451 +1.461346594e+02 +1.461346594e+02 -2.483534057e+01 -2.483534057e+01 +7.8342e+00 +2.4896e+00 +1.5779e+00
468 +5.419118018e+01 +5.419118018e+01 -1.167788198e+02 -1.167788198e+02 +7.7879e+00 +2.4947e+00 +1.5994e+00
494 +3.803331465e+01 +3.803331465e+01 -1.329366854e+02 -1.329366854e+02 +7.7985e+00 +2.4908e+00 +1.5958e+00
514 +3.582277007e+01 +3.582277007e+01 -1.351472299e+02 -1.351472299e+02 +7.7595e+00 +2.4935e+00 +1.6131e+00
551 +3.339965348e+01 +3.339965348e+01 -1.375703465e+02 -1.375703465e+02 +7.7846e+00 +2.4924e+00 +1.6022e+00
582 +3.015175674e+01 +3.015175674e+01 -1.408182433e+02 -1.408182433e+02 +7.7860e+00 +2.4904e+00 +1.6023e+00
% function evaluation | noise-free fitness - Fopt (-1.306300000000e+02) | best noise-free fitness - Fopt | measured fitness | best measured fitness | x1 | x2...
1 +5.756349232e+07 +5.756349232e+07 +5.756336169e+07 +5.756336169e+07 +0.0000e+00 +0.0000e+00 +0.0000e+00
6 +5.252691276e+07 +5.252691276e+07 +5.252678213e+07 +5.252678213e+07 -6.6455e-03 -9.1380e-02 +3.6097e-02
7 +4.103308620e+07 +4.103308620e+07 +4.103295557e+07 +4.103295557e+07 +1.3441e-01 -2.2578e-01 -1.9379e-01
8 +2.342902758e+07 +2.342902758e+07 +2.342889695e+07 +2.342889695e+07 +3.7395e-01 -3.1906e-01 +1.1676e-01
12 +1.559282158e+07 +1.559282158e+07 +1.559269095e+07 +1.559269095e+07 +7.0611e-01 -2.7740e-01 +9.2905e-02
14 +8.666137209e+06 +8.666137209e+06 +8.666006579e+06 +8.666006579e+06 +9.7132e-01 -6.0609e-01 -2.1001e-01
18 +5.584864365e+06 +5.584864365e+06 +5.584733735e+06 +5.584733735e+06 +2.0625e+00 -6.5899e-01 +2.1600e-02
24 +3.463681883e+06 +3.463681883e+06 +3.463551253e+06 +3.463551253e+06 +2.3175e+00 -1.6901e+00 +6.0415e-01
27 +1.509771450e+06 +1.509771450e+06 +1.509640820e+06 +1.509640820e+06 +1.1280e+00 -8.4541e-01 +1.0120e+00
31 +1.299373913e+06 +1.299373913e+06 +1.299243283e+06 +1.299243283e+06 +1.4323e+00 -1.9893e+00 +9.5856e-01
60 +9.266788069e+05 +9.266788069e+05 +9.265481769e+05 +9.265481769e+05 +5.8147e-01 -1.4240e+00 +8.2251e-01
71 +1.090444798e+05 +1.090444798e+05 +1.089138498e+05 +1.089138498e+05 +8.5142e-01 -3.0659e+00 -7.0538e-01
76 +1.461170883e+04 +1.461170883e+04 +1.448107883e+04 +1.448107883e+04 +7.4980e-01 -2.1987e+00 +3.9897e-01
99 +9.420943637e+03 +9.420943637e+03 +9.290313637e+03 +9.290313637e+03 +7.8692e-01 -2.3031e+00 +1.4524e-01
106 +7.866714693e+03 +7.866714693e+03 +7.736084693e+03 +7.736084693e+03 +9.4050e-01 -2.4094e+00 -1.0774e-01
157 +4.755531192e+03 +4.755531192e+03 +4.624901192e+03 +4.624901192e+03 +8.8462e-01 -2.3685e+00 -3.2410e-02
163 +4.167237683e+03 +4.167237683e+03 +4.036607683e+03 +4.036607683e+03 +8.6497e-01 -2.2878e+00 +9.4952e-02
174 +2.014496278e+03 +2.014496278e+03 +1.883866278e+03 +1.883866278e+03 +8.3666e-01 -2.3570e+00 +5.6159e-02
187 +9.841885226e+02 +9.841885226e+02 +8.535585226e+02 +8.535585226e+02 +9.1889e-01 -2.4646e+00 -1.2491e-01
196 +4.986863512e+02 +4.986863512e+02 +3.680563512e+02 +3.680563512e+02 +8.8223e-01 -2.4107e+00 +1.2070e-03
201 +3.851274341e+02 +3.851274341e+02 +2.544974341e+02 +2.544974341e+02 +8.6793e-01 -2.4206e+00 -1.2034e-02
252 +2.511298837e+02 +2.511298837e+02 +1.204998837e+02 +1.204998837e+02 +8.9564e-01 -2.4290e+00 -5.7225e-02
254 +1.393720953e+02 +1.393720953e+02 +8.742095274e+00 +8.742095274e+00 +8.8029e-01 -2.4430e+00 -5.3869e-02
260 +3.424618828e+01 +3.424618828e+01 -9.638381172e+01 -9.638381172e+01 +8.7693e-01 -2.4146e+00 -2.5687e-02
281 +2.674963768e+01 +2.674963768e+01 -1.038803623e+02 -1.038803623e+02 +8.9147e-01 -2.4479e+00 -7.8336e-02
306 +2.342037105e+01 +2.342037105e+01 -1.072096289e+02 -1.072096289e+02 +8.8564e-01 -2.4404e+00 -6.5562e-02
334 +1.915904361e+01 +1.915904361e+01 -1.114709564e+02 -1.114709564e+02 +8.8694e-01 -2.4439e+00 -6.4596e-02
335 +1.372870776e+01 +1.372870776e+01 -1.169012922e+02 -1.169012922e+02 +8.8483e-01 -2.4398e+00 -6.0093e-02
340 +1.078930482e+01 +1.078930482e+01 -1.198406952e+02 -1.198406952e+02 +8.8539e-01 -2.4380e+00 -5.8077e-02
370 +1.067500460e+01 +1.067500460e+01 -1.199549954e+02 -1.199549954e+02 +8.8566e-01 -2.4389e+00 -6.0477e-02
419 +1.046521108e+01 +1.046521108e+01 -1.201647889e+02 -1.201647889e+02 +8.8634e-01 -2.4399e+00 -6.2267e-02
% function evaluation | noise-free fitness - Fopt (5.492000000000e+01) | best noise-free fitness - Fopt | measured fitness | best measured fitness | x1 | x2...
1 +2.098281852e+07 +2.098281852e+07 +2.098287344e+07 +2.098287344e+07 +0.0000e+00 +0.0000e+00 +0.0000e+00
6 +2.087711598e+07 +2.087711598e+07 +2.087717090e+07 +2.087717090e+07 +2.8781e-01 -2.3277e-01 +9.4167e-02
7 +1.913961409e+07 +1.913961409e+07 +1.913966901e+07 +1.913966901e+07 -1.4386e-01 -9.4326e-02 -1.5668e-01
9 +1.904400051e+07 +1.904400051e+07 +1.904405543e+07 +1.904405543e+07 -4.6736e-02 -2.2595e-01 -8.9094e-02
11 +1.855567144e+07 +1.855567144e+07 +1.855572636e+07 +1.855572636e+07 -6.2992e-02 -2.8849e-02 -3.2781e-01
12 +1.813697003e+07 +1.813697003e+07 +1.813702495e+07 +1.813702495e+07 +1.6241e-01 -3.8290e-01 -1.5735e-01
19 +1.564632633e+07 +1.564632633e+07 +1.564638125e+07 +1.564638125e+07 -5.0845e-02 -3.1029e-01 -5.6128e-01
24 +1.414411628e+07 +1.414411628e+07 +1.414417120e+07 +1.414417120e+07 -6.8953e-03 -4.6588e-01 -7.0099e-01
27 +9.523672341e+06 +9.523672341e+06 +9.523727261e+06 +9.523727261e+06 -1.5671e-01 -1.1296e+00 -1.0126e+00
34 +5.740265080e+06 +5.740265080e+06 +5.740320000e+06 +5.740320000e+06 -8.0692e-02 -1.1559e+00 -1.9574e+00
38 +3.949179802e+06 +3.949179802e+06 +3.949234722e+06 +3.949234722e+06 -7.4940e-01 -1.2945e+00 -2.2330e+00
42 +1.291851558e+06 +1.291851558e+06 +1.291906478e+06 +1.291906478e+06 -1.9131e+00 -2.1401e+00 -2.3126e+00
43 +1.025552103e+06 +1.025552103e+06 +1.025607023e+06 +1.025607023e+06 -2.4825e-01 -1.9581e+00 -3.5872e+00
53 +7.737699954e+05 +7.737699954e+05 +7.738249154e+05 +7.738249154e+05 -1.2884e+00 -3.4181e+00 -2.9949e+00
61 +4.039842513e+05 +4.039842513e+05 +4.040391713e+05 +4.040391713e+05 +1.5690e-01 -2.7746e+00 -2.8959e+00
73 +3.023254011e+05 +3.023254011e+05 +3.023803211e+05 +3.023803211e+05 -1.1502e+00 -2.8063e+00 -2.8412e+00
97 +2.558022317e+05 +2.558022317e+05 +2.558571517e+05 +2.558571517e+05 -8.5049e-01 -2.3785e+00 -3.3474e+00
100 +2.488530803e+05 +2.488530803e+05 +2.489080003e+05 +2.489080003e+05 -7.6677e-01 -2.4395e+00 -3.2164e+00
108 +1.519225244e+05 +1.519225244e+05 +1.519774444e+05 +1.519774444e+05 -1.8639e+00 -2.4644e+00 -3.5464e+00
125 +1.507903634e+05 +1.507903634e+05 +1.508452834e+05 +1.508452834e+05 -2.7675e+00 -2.9953e+00 -2.9844e+00
147 +9.144907750e+04 +9.144907750e+04 +9.150399750e+04 +9.150399750e+04 -4.1310e+00 -2.7270e+00 -2.8496e+00
176 +8.712431643e+04 +8.712431643e+04 +8.717923643e+04 +8.717923643e+04 -1.4064e+00 -2.5771e+00 -3.5670e+00
206 +2.925662782e+04 +2.925662782e+04 +2.931154782e+04 +2.931154782e+04 -1.1113e+00 -2.6928e+00 -3.5342e+00
209 +2.698140733e+04 +2.698140733e+04 +2.703632733e+04 +2.703632733e+04 -1.4091e+00 -2.8810e+00 -3.2501e+00
235 +1.172068701e+04 +1.172068701e+04 +1.177560701e+04 +1.177560701e+04 -2.6045e+00 -2.6735e+00 -3.3110e+00
236 +9.741735939e+03 +9.741735939e+03 +9.796655939e+03 +9.796655939e+03 -1.4777e+00 -2.7607e+00 -3.2475e+00
261 +4.090635778e+03 +4.090635778e+03 +4.145555778e+03 +4.145555778e+03 -2.1078e+00 -2.7268e+00 -3.3326e+00
269 +2.514220614e+03 +2.514220614e+03 +2.569140614e+03 +2.569140614e+03 -2.2223e+00 -2.6923e+00 -3.2224e+00
281 +1.047489586e+02 +1.047489586e+02 +1.596689586e+02 +1.596689586e+02 -2.2565e+00 -2.7161e+00 -3.2583e+00
340 +1.346032927e+01 +1.346032927e+01 +6.838032927e+01 +6.838032927e+01 -1.9775e+00 -2.7430e+00 -3.2826e+00
481 +1.004565039e+01 +1.004565039e+01 +6.496565039e+01 +6.496565039e+01 -2.1538e+00 -2.7287e+00 -3.2614e+00
506 +9.829575945e+00 +9.829575945e+00 +6.474957594e+01 +6.474957594e+01 -2.1352e+00 -2.7321e+00 -3.2682e+00
527 +5.299364582e+00 +5.299364582e+00 +6.021936458e+01 +6.021936458e+01 -2.0878e+00 -2.7349e+00 -3.2704e+00
535 +4.476179824e+00 +4.476179824e+00 +5.939617982e+01 +5.939617982e+01 -2.1050e+00 -2.7332e+00 -3.2707e+00
543 +3.240562616e+00 +3.240562616e+00 +5.816056262e+01 +5.816056262e+01 -2.1124e+00 -2.7329e+00 -3.2685e+00
584 +3.231187817e+00 +3.231187817e+00 +5.815118782e+01 +5.815118782e+01 -2.1021e+00 -2.7336e+00 -3.2698e+00
3626 +3.162190883e+00 +3.162190883e+00 +5.808219088e+01 +5.808219088e+01 -2.1138e+00 -2.7327e+00 -3.2685e+00
6788 +3.090295283e+00 +3.090295283e+00 +5.801029528e+01 +5.801029528e+01 -2.1332e+00 -2.7314e+00 -3.2661e+00
% function evaluation | noise-free fitness - Fopt (9.070000000000e+00) | best noise-free fitness - Fopt | measured fitness | best measured fitness | x1 | x2...
1 +5.434919110e+06 +5.434919110e+06 +5.434928180e+06 +5.434928180e+06 +0.0000e+00 +0.0000e+00 +0.0000e+00
6 +4.412642674e+06 +4.412642674e+06 +4.412651744e+06 +4.412651744e+06 +7.8159e-02 -5.1365e-02 +5.9021e-01
9 +3.181488903e+06 +3.181488903e+06 +3.181497973e+06 +3.181497973e+06 +3.2586e-01 +1.4453e-01 +3.3754e-01
10 +2.900055969e+06 +2.900055969e+06 +2.900065039e+06 +2.900065039e+06 +3.5571e-01 +4.7133e-02 +8.0792e-01
12 +2.693799176e+06 +2.693799176e+06 +2.693808246e+06 +2.693808246e+06 +6.8486e-01 +2.8319e-01 -1.5090e-01
14 +1.992729349e+06 +1.992729349e+06 +1.992738419e+06 +1.992738419e+06 +4.7790e-01 +3.1956e-01 +7.0403e-01
16 +1.573173630e+06 +1.573173630e+06 +1.573182700e+06 +1.573182700e+06 +6.0717e-01 +2.9549e-01 +1.2729e+00
17 +1.332892263e+06 +1.332892263e+06 +1.332901333e+06 +1.332901333e+06 +6.6285e-01 +4.6034e-01 +6.0594e-01
19 +1.019667023e+06 +1.019667023e+06 +1.019676093e+06 +1.019676093e+06 +1.0901e+00 +1.0941e-01 +8.5125e-01
24 +7.611902092e+05 +7.611902092e+05 +7.611992792e+05 +7.611992792e+05 +9.2073e-01 +4.9678e-01 +7.1475e-01
28 +2.847977602e+05 +2.847977602e+05 +2.848068302e+05 +2.848068302e+05 +1.1177e+00 +6.8411e-01 +1.2248e+00
33 +2.412934645e+05 +2.412934645e+05 +2.413025345e+05 +2.413025345e+05 +6.1904e-01 +1.5116e+00 +5.1232e-01
39 +2.369552979e+05 +2.369552979e+05 +2.369643679e+05 +2.369643679e+05 +1.4743e+00 +6.3908e-01 +6.0623e-01
41 +2.008834891e+05 +2.008834891e+05 +2.008925591e+05 +2.008925591e+05 +7.7116e-01 +1.5509e+00 +6.2249e-02
44 +4.466604594e+04 +4.466604594e+04 +4.467511594e+04 +4.467511594e+04 +6.5570e-01 +1.9207e+00 +3.1233e-01
62 +3.871426034e+04 +3.871426034e+04 +3.872333034e+04 +3.872333034e+04 +1.2634e+00 +1.1641e+00 +9.7880e-01
85 +3.860550634e+03 +3.860550634e+03 +3.869620634e+03 +3.869620634e+03 +1.2703e+00 +1.2453e+00 +6.4290e-01
105 +2.711148474e+03 +2.711148474e+03 +2.720218474e+03 +2.720218474e+03 +1.6189e+00 +7.7472e-01 +1.1200e+00
132 +8.731542461e+02 +8.731542461e+02 +8.822242461e+02 +8.822242461e+02 +1.5756e+00 +8.2275e-01 +1.0263e+00
160 +3.270547801e+02 +3.270547801e+02 +3.361247801e+02 +3.361247801e+02 +1.4667e+00 +9.8750e-01 +9.2340e-01
177 +6.967161936e+01 +6.967161936e+01 +7.874161936e+01 +7.874161936e+01 +1.4317e+00 +1.0300e+00 +8.6125e-01
212 +4.836669848e+01 +4.836669848e+01 +5.743669848e+01 +5.743669848e+01 +1.4322e+00 +1.0349e+00 +8.7005e-01
237 +3.671752098e+01 +3.671752098e+01 +4.578752098e+01 +4.578752098e+01 +1.4245e+00 +1.0432e+00 +8.5944e-01
261 +3.353097185e+01 +3.353097185e+01 +4.260097185e+01 +4.260097185e+01 +1.4270e+00 +1.0346e+00 +8.6155e-01
267 +2.782686363e+01 +2.782686363e+01 +3.689686363e+01 +3.689686363e+01 +1.4256e+00 +1.0361e+00 +8.6172e-01
268 +2.557632047e+01 +2.557632047e+01 +3.464632047e+01 +3.464632047e+01 +1.4239e+00 +1.0406e+00 +8.6040e-01
286 +2.480468851e+01 +2.480468851e+01 +3.387468851e+01 +3.387468851e+01 +1.4223e+00 +1.0423e+00 +8.5948e-01
293 +2.409656146e+01 +2.409656146e+01 +3.316656146e+01 +3.316656146e+01 +1.4207e+00 +1.0432e+00 +8.5855e-01
1298 +2.398749801e+01 +2.398749801e+01 +3.305749801e+01 +3.305749801e+01 +1.4225e+00 +1.0409e+00 +8.6046e-01
% function evaluation | noise-free fitness - Fopt (2.980000000000e+01) | best noise-free fitness - Fopt | measured fitness | best measured fitness | x1 | x2...
1 +2.395944873e+07 +2.395944873e+07 +2.395947853e+07 +2.395947853e+07 +0.0000e+00 +0.0000e+00 +0.0000e+00
3 +2.166564726e+07 +2.166564726e+07 +2.166567706e+07 +2.166567706e+07 -2.4286e-03 +2.9177e-01 -4.7002e-02
12 +1.916870667e+07 +1.916870667e+07 +1.916873647e+07 +1.916873647e+07 +1.3334e-01 +5.0840e-01 -2.4761e-01
13 +1.899652725e+07 +1.899652725e+07 +1.899655705e+07 +1.899655705e+07 +3.9889e-01 +7.8953e-01 -3.9620e-02
18 +1.843946271e+07 +1.843946271e+07 +1.843949251e+07 +1.843949251e+07 -4.7974e-01 +3.7528e-01 -3.9792e-01
21 +1.559784200e+07 +1.559784200e+07 +1.559787180e+07 +1.559787180e+07 +8.3708e-02 +1.0052e+00 -3.5667e-01
26 +1.466187737e+07 +1.466187737e+07 +1.466190717e+07 +1.466190717e+07 -5.0601e-02 +6.8384e-01 -8.3739e-01
27 +1.380476928e+07 +1.380476928e+07 +1.380479908e+07 +1.380479908e+07 +3.5394e-01 +8.4725e-01 -9.1518e-01
29 +1.379213025e+07 +1.379213025e+07 +1.379216005e+07 +1.379216005e+07 +4.2714e-01 +1.0182e+00 -7.4085e-01
30 +1.280608778e+07 +1.280608778e+07 +1.280611758e+07 +1.280611758e+07 +8.5673e-02 +1.0852e+00 -8.0251e-01
33 +1.126254074e+07 +1.126254074e+07 +1.126257054e+07 +1.126257054e+07 -4.7653e-01 +2.0620e+00 -3.2177e-01
40 +9.804904535e+06 +9.804904535e+06 +9.804934335e+06 +9.804934335e+06 +7.5446e-01 +2.1735e+00 -5.4261e-01
43 +6.367494036e+06 +6.367494036e+06 +6.367523836e+06 +6.367523836e+06 +8.6034e-01 +2.0918e+00 -1.4335e+00
50 +3.766191154e+06 +3.766191154e+06 +3.766220954e+06 +3.766220954e+06 -1.5020e-01 +2.3647e+00 -1.8171e+00
52 +3.471423324e+06 +3.471423324e+06 +3.471453124e+06 +3.471453124e+06 -8.2289e-03 +2.7305e+00 -1.6422e+00
58 +1.036695142e+05 +1.036695142e+05 +1.036993142e+05 +1.036993142e+05 -6.6772e-02 +3.7575e+00 -3.5037e+00
117 +7.695790998e+03 +7.695790998e+03 +7.725590998e+03 +7.725590998e+03 -9.1917e-01 +3.4773e+00 -3.4485e+00
137 +3.599455358e+03 +3.599455358e+03 +3.629255358e+03 +3.629255358e+03 -2.5244e-01 +3.6786e+00 -3.2621e+00
210 +6.579441404e+02 +6.579441404e+02 +6.877441404e+02 +6.877441404e+02 -2.7895e-01 +3.6856e+00 -3.1998e+00
261 +1.833673473e+02 +1.833673473e+02 +2.131673473e+02 +2.131673473e+02 -3.0930e-02 +3.7793e+00 -3.1653e+00
278 +5.339787824e+00 +5.339787824e+00 +3.513978782e+01 +3.513978782e+01 -2.6918e-02 +3.7959e+00 -3.1684e+00
343 +2.047366604e+00 +2.047366604e+00 +3.184736660e+01 +3.184736660e+01 -9.3589e-02 +3.7720e+00 -3.1808e+00
408 +1.443786193e+00 +1.443786193e+00 +3.124378619e+01 +3.124378619e+01 -1.1529e-01 +3.7639e+00 -3.1838e+00
491 +1.360378703e+00 +1.360378703e+00 +3.116037870e+01 +3.116037870e+01 -1.1745e-01 +3.7629e+00 -3.1847e+00
510 +1.302171188e+00 +1.302171188e+00 +3.110217119e+01 +3.110217119e+01 -1.1887e-01 +3.7626e+00 -3.1849e+00
5155 +1.288217878e+00 +1.288217878e+00 +3.108821788e+01 +3.108821788e+01 -1.2198e-01 +3.7616e+00 -3.1854e+00
% function evaluation | noise-free fitness - Fopt (4.328000000000e+01) | best noise-free fitness - Fopt | measured fitness | best measured fitness | x1 | x2...
1 +4.995116341e+07 +4.995116341e+07 +4.995120669e+07 +4.995120669e+07 +0.0000e+00 +0.0000e+00 +0.0000e+00
2 +3.950976826e+07 +3.950976826e+07 +3.950981154e+07 +3.950981154e+07 -1.7060e-02 -4.0953e-01 +9.3756e-02
4 +3.264988508e+07 +3.264988508e+07 +3.264992836e+07 +3.264992836e+07 +6.6705e-02 +1.9514e-02 +3.5154e-01
10 +2.223422588e+07 +2.223422588e+07 +2.223426916e+07 +2.223426916e+07 -9.1467e-02 -5.8052e-01 +5.3985e-01
18 +2.149313604e+07 +2.149313604e+07 +2.149317932e+07 +2.149317932e+07 -7.6977e-02 -7.3776e-01 +5.1253e-01
19 +1.773995160e+07 +1.773995160e+07 +1.773999488e+07 +1.773999488e+07 +7.1395e-01 -4.4033e-01 +5.6844e-01
21 +1.629137786e+07 +1.629137786e+07 +1.629142114e+07 +1.629142114e+07 +5.6522e-01 -4.6736e-01 +6.8409e-01
26 +1.597252138e+07 +1.597252138e+07 +1.597256466e+07 +1.597256466e+07 +2.3781e-01 +3.3570e-01 +1.3866e+00
28 +1.364566723e+07 +1.364566723e+07 +1.364571051e+07 +1.364571051e+07 +6.2125e-01 -3.3349e-01 +9.4434e-01
29 +1.069740724e+07 +1.069740724e+07 +1.069745052e+07 +1.069745052e+07 +8.3644e-01 -4.9155e-01 +1.0998e+00
36 +9.626519816e+06 +9.626519816e+06 +9.626563096e+06 +9.626563096e+06 +8.5118e-01 -2.6898e-01 +1.7343e+00
39 +9.225282609e+06 +9.225282609e+06 +9.225325889e+06 +9.225325889e+06 +1.0598e+00 -6.1952e-01 +1.1418e+00
40 +7.025221084e+06 +7.025221084e+06 +7.025264364e+06 +7.025264364e+06 +1.0488e+00 -8.5089e-01 +1.3708e+00
50 +6.556115394e+06 +6.556115394e+06 +6.556158674e+06 +6.556158674e+06 +6.2742e-01 -7.6477e-01 +2.2610e+00
53 +4.493900037e+06 +4.493900037e+06 +4.493943317e+06 +4.493943317e+06 +9.6653e-01 -1.2031e+00 +2.0626e+00
60 +2.572144692e+06 +2.572144692e+06 +2.572187972e+06 +2.572187972e+06 +5.9800e-01 -1.7597e+00 +2.0782e+00
61 +2.471235663e+06 +2.471235663e+06 +2.471278943e+06 +2.471278943e+06 +9.6823e-01 -1.7614e+00 +2.0779e+00
66 +1.950950737e+06 +1.950950737e+06 +1.950994017e+06 +1.950994017e+06 +4.3647e-01 -2.4273e+00 +1.4437e+00
67 +1.720255199e+06 +1.720255199e+06 +1.720298479e+06 +1.720298479e+06 +5.7844e-01 -2.0270e+00 +2.4323e+00
70 +3.494355227e+05 +3.494355227e+05 +3.494788027e+05 +3.494788027e+05 +4.1680e-01 -3.1574e+00 +1.9786e+00
75 +5.815763410e+03 +5.815763410e+03 +5.859043410e+03 +5.859043410e+03 +3.1064e-01 -3.2649e+00 +2.7327e+00
155 +2.643624024e+03 +2.643624024e+03 +2.686904024e+03 +2.686904024e+03 +9.5727e-01 -3.2747e+00 +2.4792e+00
182 +1.108681157e+03 +1.108681157e+03 +1.151961157e+03 +1.151961157e+03 +6.5908e-01 -3.3161e+00 +2.5393e+00
191 +6.229043864e+01 +6.229043864e+01 +1.055704386e+02 +1.055704386e+02 +9.1742e-01 -3.3296e+00 +2.4715e+00
301 +3.393874019e+01 +3.393874019e+01 +7.721874019e+01 +7.721874019e+01 +3.7864e-01 -3.3343e+00 +2.6866e+00
315 +3.241733485e+01 +3.241733485e+01 +7.569733485e+01 +7.569733485e+01 +3.6675e-01 -3.3383e+00 +2.6818e+00
339 +1.001935736e+01 +1.001935736e+01 +5.329935736e+01 +5.329935736e+01 +3.8318e-01 -3.3351e+00 +2.6797e+00
399 +9.921379812e+00 +9.921379812e+00 +5.320137981e+01 +5.320137981e+01 +3.7496e-01 -3.3354e+00 +2.6830e+00
1115 +9.771953257e+00 +9.771953257e+00 +5.305195326e+01 +5.305195326e+01 +3.8031e-01 -3.3357e+00 +2.6810e+00
% function evaluation | noise-free fitness - Fopt (3.039300000000e+02) | best noise-free fitness - Fopt | measured fitness | best measured fitness | x1 | x2...
1 +3.147334018e+07 +3.147334018e+07 +3.147364411e+07 +3.147364411e+07 +0.0000e+00 +0.0000e+00 +0.0000e+00
3 +2.534026890e+07 +2.534026890e+07 +2.534057283e+07 +2.534057283e+07 +8.2717e-02 +2.4955e-02 -1.8066e-01
12 +2.286097231e+07 +2.286097231e+07 +2.286127624e+07 +2.286127624e+07 -1.3646e-01 +1.0157e-01 -1.5052e-01
18 +1.967792263e+07 +1.967792263e+07 +1.967822656e+07 +1.967822656e+07 -5.4878e-01 +4.8452e-01 +6.3710e-02
20 +1.889388433e+07 +1.889388433e+07 +1.889418826e+07 +1.889418826e+07 -3.7474e-01 -3.8793e-02 -3.1295e-01
21 +1.743861170e+07 +1.743861170e+07 +1.743891563e+07 +1.743891563e+07 -5.5431e-01 +2.0280e-01 -1.9313e-01
22 +1.605772055e+07 +1.605772055e+07 +1.605802448e+07 +1.605802448e+07 -4.0141e-01 +2.0241e-01 -2.9914e-01
27 +1.385816788e+07 +1.385816788e+07 +1.385847181e+07 +1.385847181e+07 -2.7518e-01 +2.4533e-01 -4.2296e-01
36 +1.245894067e+07 +1.245894067e+07 +1.245924460e+07 +1.245924460e+07 -4.5136e-01 +2.0971e-01 -4.9378e-01
37 +1.000042736e+07 +1.000042736e+07 +1.000073129e+07 +1.000073129e+07 -5.3607e-01 +2.1011e-01 -6.7408e-01
41 +9.050462900e+06 +9.050462900e+06 +9.050766830e+06 +9.050766830e+06 -9.6547e-01 +4.6551e-01 -5.6514e-01
43 +5.522998859e+06 +5.522998859e+06 +5.523302789e+06 +5.523302789e+06 -5.8638e-01 +6.0432e-01 -9.6027e-01
44 +4.760435565e+06 +4.760435565e+06 +4.760739495e+06 +4.760739495e+06 -1.6592e-01 +2.5726e-01 -1.3447e+00
45 +3.934679424e+06 +3.934679424e+06 +3.934983354e+06 +3.934983354e+06 -3.1031e-01 +3.8661e-01 -1.4687e+00
50 +1.547074806e+06 +1.547074806e+06 +1.547378736e+06 +1.547378736e+06 +4.8627e-01 +3.5538e-01 -2.1431e+00
52 +5.784466834e+05 +5.784466834e+05 +5.787506134e+05 +5.787506134e+05 +1.5053e+00 +5.2276e-01 -2.8450e+00
62 +4.012358252e+05 +4.012358252e+05 +4.015397552e+05 +4.015397552e+05 +5.5424e-01 +4.6773e-01 -3.9765e+00
71 +5.384899394e+04 +5.384899394e+04 +5.415292394e+04 +5.415292394e+04 +1.4943e+00 +8.6769e-02 -4.3878e+00
195 +3.299619355e+03 +3.299619355e+03 +3.603549355e+03 +3.603549355e+03 +1.5664e+00 -5.4476e-01 -4.6745e+00
250 +2.598792447e+03 +2.598792447e+03 +2.902722447e+03 +2.902722447e+03 +1.7091e+00 -6.0971e-01 -4.7264e+00
254 +2.518518090e+03 +2.518518090e+03 +2.822448090e+03 +2.822448090e+03 +1.5874e+00 -5.8075e-01 -4.6654e+00
259 +2.262441892e+03 +2.262441892e+03 +2.566371892e+03 +2.566371892e+03 +1.6108e+00 -5.8923e-01 -4.6474e+00
287 +1.534280309e+03 +1.534280309e+03 +1.838210309e+03 +1.838210309e+03 +1.5725e+00 -5.1091e-01 -4.6495e+00
294 +8.310527622e+02 +8.310527622e+02 +1.134982762e+03 +1.134982762e+03 +1.6200e+00 -5.0422e-01 -4.6666e+00
302 +4.576334192e+02 +4.576334192e+02 +7.615634192e+02 +7.615634192e+02 +1.6474e+00 -5.4446e-01 -4.6729e+00
314 +2.613529162e+02 +2.613529162e+02 +5.652829162e+02 +5.652829162e+02 +1.6153e+00 -5.2476e-01 -4.6276e+00
316 +6.617933934e+01 +6.617933934e+01 +3.701093393e+02 +3.701093393e+02 +1.6350e+00 -5.5858e-01 -4.6718e+00
334 +6.347030619e+01 +6.347030619e+01 +3.674003062e+02 +3.674003062e+02 +1.6529e+00 -5.9519e-01 -4.7177e+00
353 +2.723337683e+01 +2.723337683e+01 +3.311633768e+02 +3.311633768e+02 +1.6642e+00 -6.2920e-01 -4.7380e+00
414 +2.622243765e+01 +2.622243765e+01 +3.301524376e+02 +3.301524376e+02 +1.6519e+00 -6.0004e-01 -4.7166e+00
464 +2.286166974e+01 +2.286166974e+01 +3.267916697e+02 +3.267916697e+02 +1.6474e+00 -5.9265e-01 -4.7089e+00
543 +2.223551302e+01 +2.223551302e+01 +3.261655130e+02 +3.261655130e+02 +1.6477e+00 -5.9480e-01 -4.7097e+00
% function evaluation | noise-free fitness - Fopt (-1.363900000000e+02) | best noise-free fitness - Fopt | measured fitness | best measured fitness | x1 | x2...
1 +1.831661586e+07 +1.831661586e+07 +1.831647947e+07 +1.831647947e+07 +0.0000e+00 +0.0000e+00 +0.0000e+00
4 +1.572168310e+07 +1.572168310e+07 +1.572154671e+07 +1.572154671e+07 -1.8946e-01 -2.1643e-01 -1.8157e-02
10 +1.390697606e+07 +1.390697606e+07 +1.390683967e+07 +1.390683967e+07 -2.5692e-01 -4.0834e-01 -2.6748e-03
13 +1.336632390e+07 +1.336632390e+07 +1.336618751e+07 +1.336618751e+07 -2.2617e-01 -4.8943e-01 +4.8295e-02
16 +1.182080329e+07 +1.182080329e+07 +1.182066690e+07 +1.182066690e+07 -3.4806e-01 -7.8082e-01 -5.3781e-01
20 +8.716556191e+06 +8.716556191e+06 +8.716419801e+06 +8.716419801e+06 +2.0774e-01 -1.2995e+00 +2.7153e-01
26 +8.410125808e+06 +8.410125808e+06 +8.409989418e+06 +8.409989418e+06 -4.1663e-01 -1.1517e+00 +1.3932e-01
27 +6.561559139e+06 +6.561559139e+06 +6.561422749e+06 +6.561422749e+06 -5.5739e-01 -1.4465e+00 +4.7980e-01
35 +5.331750606e+06 +5.331750606e+06 +5.331614216e+06 +5.331614216e+06 -2.3472e-01 -1.9079e+00 +1.0071e+00
42 +3.626200321e+06 +3.626200321e+06 +3.626063931e+06 +3.626063931e+06 -1.3659e-01 -2.1939e+00 +7.0671e-01
53 +1.863342275e+06 +1.863342275e+06 +1.863205885e+06 +1.863205885e+06 -1.8225e-01 -2.6413e+00 +3.4229e-01
65 +1.038020547e+06 +1.038020547e+06 +1.037884157e+06 +1.037884157e+06 -3.1189e-01 -2.9638e+00 +2.9553e-01
72 +7.724722989e+05 +7.724722989e+05 +7.723359089e+05 +7.723359089e+05 +7.6277e-01 -3.3604e+00 +4.4416e-01
82 +7.182782057e+05 +7.182782057e+05 +7.181418157e+05 +7.181418157e+05 -7.6784e-02 -3.2745e+00 -1.8160e-01
90 +1.992555758e+05 +1.992555758e+05 +1.991191858e+05 +1.991191858e+05 +5.9428e-01 -3.6265e+00 +1.8900e-01
98 +6.617782510e+03 +6.617782510e+03 +6.481392510e+03 +6.481392510e+03 -3.6967e-01 -3.8836e+00 -1.4316e-01
123 +1.952513477e+03 +1.952513477e+03 +1.816123477e+03 +1.816123477e+03 -3.2280e-02 -3.9151e+00 -7.9014e-02
127 +7.188255382e+02 +7.188255382e+02 +5.824355382e+02 +5.824355382e+02 +6.7978e-02 -3.9311e+00 -3.7926e-02
157 +6.867278532e+02 +6.867278532e+02 +5.503378532e+02 +5.503378532e+02 +2.3402e-01 -3.9712e+00 -2.8034e-02
178 +3.692274653e+02 +3.692274653e+02 +2.328374653e+02 +2.328374653e+02 -5.1581e-02 -3.9470e+00 -7.4415e-02
208 +2.399224417e+02 +2.399224417e+02 +1.035324417e+02 +1.035324417e+02 +1.0363e-02 -3.9256e+00 -5.6977e-02
210 +9.740625694e+01 +9.740625694e+01 -3.898374306e+01 -3.898374306e+01 -2.6909e-02 -3.9427e+00 -6.3751e-02
234 +2.375927158e+01 +2.375927158e+01 -1.126307284e+02 -1.126307284e+02 -3.3210e-02 -3.9337e+00 -6.1231e-02
295 +1.343980247e+01 +1.343980247e+01 -1.229501975e+02 -1.229501975e+02 -6.7559e-02 -3.9300e+00 -6.6315e-02
673 +1.317783106e+01 +1.317783106e+01 -1.232121689e+02 -1.232121689e+02 -7.1142e-02 -3.9291e+00 -6.6482e-02
2951 +1.288242148e+01 +1.288242148e+01 -1.235075785e+02 -1.235075785e+02 -9.0358e-02 -3.9268e+00 -6.8239e-02
5020 +1.258749183e+01 +1.258749183e+01 -1.238025082e+02 -1.238025082e+02 -1.1086e-01 -3.9242e+00 -7.0125e-02
6959 +1.230253680e+01 +1.230253680e+01 -1.240874632e+02 -1.240874632e+02 -1.2955e-01 -3.9221e+00 -7.1878e-02
