% function evaluation | noise-free fitness - Fopt (-5.235000000000e+01) | best noise-free fitness - Fopt | measured fitness | best measured fitness | x1 | x2...
1 +1.487914355e+00 +1.487914355e+00 -5.086208564e+01 -5.086208564e+01 +0.0000e+00 +0.0000e+00
6 +1.453576856e+00 +1.453576856e+00 -5.089642314e+01 -5.089642314e+01 -3.3021e-01 -3.0480e-03
7 +1.146545342e+00 +1.146545342e+00 -5.120345466e+01 -5.120345466e+01 +6.5431e-03 -2.8990e-01
12 +9.600600852e-01 +9.600600852e-01 -5.138993991e+01 -5.138993991e+01 -7.4879e-02 -5.3797e-01
17 +7.362018658e-01 +7.362018658e-01 -5.161379813e+01 -5.161379813e+01 -2.7023e-01 -6.6193e-01
20 +4.741805202e-01 +4.741805202e-01 -5.187581948e+01 -5.187581948e+01 -4.4424e-01 -1.0103e+00
29 +2.584299584e-01 +2.584299584e-01 -5.209157004e+01 -5.209157004e+01 -5.7360e-01 -1.7818e+00
35 +1.387346676e-01 +1.387346676e-01 -5.221126533e+01 -5.221126533e+01 -8.1609e-01 -9.2877e-01
66 +7.234580611e-03 +7.234580611e-03 -5.234276542e+01 -5.234276542e+01 -9.2354e-01 -1.0595e+00
202 +4.775577342e-03 +4.775577342e-03 -5.234522442e+01 -5.234522442e+01 -8.8390e-01 -1.1826e+00
203 +7.694241996e-04 +7.694241996e-04 -5.234923058e+01 -5.234923058e+01 -8.8170e-01 -1.2061e+00
390 +7.236959981e-04 +7.236959981e-04 -5.234927630e+01 -5.234927630e+01 -8.9499e-01 -1.1592e+00
412 +6.868580351e-04 +6.868580351e-04 -5.234931314e+01 -5.234931314e+01 -8.9504e-01 -1.1596e+00
441 +6.360155748e-04 +6.360155748e-04 -5.234936398e+01 -5.234936398e+01 -8.9450e-01 -1.1618e+00
445 +6.261808449e-04 +6.261808449e-04 -5.234937382e+01 -5.234937382e+01 -8.9381e-01 -1.1635e+00
608 +6.162376162e-04 +6.162376162e-04 -5.234938376e+01 -5.234938376e+01 -8.9414e-01 -1.1628e+00
618 +6.016302238e-04 +6.016302238e-04 -5.234939837e+01 -5.234939837e+01 -8.9407e-01 -1.1636e+00
628 +5.802103203e-04 +5.802103203e-04 -5.234941979e+01 -5.234941979e+01 -8.9382e-01 -1.1643e+00
649 +5.617192396e-04 +5.617192396e-04 -5.234943828e+01 -5.234943828e+01 -8.9355e-01 -1.1652e+00
709 +5.478853811e-04 +5.478853811e-04 -5.234945211e+01 -5.234945211e+01 -8.9340e-01 -1.1658e+00
755 +5.361090353e-04 +5.361090353e-04 -5.234946389e+01 -5.234946389e+01 -8.9325e-01 -1.1664e+00
810 +5.222608070e-04 +5.222608070e-04 -5.234947774e+01 -5.234947774e+01 -8.9306e-01 -1.1672e+00
833 +4.998387533e-04 +4.998387533e-04 -5.234950016e+01 -5.234950016e+01 -8.9272e-01 -1.1686e+00
838 +4.861310191e-04 +4.861310191e-04 -5.234951387e+01 -5.234951387e+01 -8.9256e-01 -1.1691e+00
856 +4.599426111e-04 +4.599426111e-04 -5.234954006e+01 -5.234954006e+01 -8.9216e-01 -1.1703e+00
917 +4.511509284e-04 +4.511509284e-04 -5.234954885e+01 -5.234954885e+01 -8.9205e-01 -1.1708e+00
939 +4.359102546e-04 +4.359102546e-04 -5.234956409e+01 -5.234956409e+01 -8.9174e-01 -1.1717e+00
965 +4.164005063e-04 +4.164005063e-04 -5.234958360e+01 -5.234958360e+01 -8.9153e-01 -1.1728e+00
997 +4.030535119e-04 +4.030535119e-04 -5.234959695e+01 -5.234959695e+01 -8.9126e-01 -1.1736e+00
1010 +3.970444004e-04 +3.970444004e-04 -5.234960296e+01 -5.234960296e+01 -8.9121e-01 -1.1739e+00
1040 +3.867970479e-04 +3.867970479e-04 -5.234961320e+01 -5.234961320e+01 -8.9105e-01 -1.1746e+00
1070 +3.650422837e-04 +3.650422837e-04 -5.234963496e+01 -5.234963496e+01 -8.9069e-01 -1.1759e+00
1100 +3.623379542e-04 +3.623379542e-04 -5.234963766e+01 -5.234963766e+01 -8.9064e-01 -1.1760e+00
1114 +3.536437039e-04 +3.536437039e-04 -5.234964636e+01 -5.234964636e+01 -8.9044e-01 -1.1766e+00
1146 +3.451317232e-04 +3.451317232e-04 -5.234965487e+01 -5.234965487e+01 -8.9034e-01 -1.1771e+00
1169 +3.382310586e-04 +3.382310586e-04 -5.234966177e+01 -5.234966177e+01 -8.9018e-01 -1.1776e+00
1196 +3.227947448e-04 +3.227947448e-04 -5.234967721e+01 -5.234967721e+01 -8.8972e-01 -1.1791e+00
1208 +3.082615043e-04 +3.082615043e-04 -5.234969174e+01 -5.234969174e+01 -8.8955e-01 -1.1803e+00
1440 +2.967410736e-04 +2.967410736e-04 -5.234970326e+01 -5.234970326e+01 -8.8941e-01 -1.1807e+00
1469 +2.902466929e-04 +2.902466929e-04 -5.234970975e+01 -5.234970975e+01 -8.8930e-01 -1.1810e+00
1481 +2.878334481e-04 +2.878334481e-04 -5.234971217e+01 -5.234971217e+01 -8.8926e-01 -1.1811e+00
1576 +2.808268597e-04 +2.808268597e-04 -5.234971917e+01 -5.234971917e+01 -8.8912e-01 -1.1816e+00
1579 +2.721303445e-04 +2.721303445e-04 -5.234972787e+01 -5.234972787e+01 -8.8892e-01 -1.1823e+00
1640 +2.671212238e-04 +2.671212238e-04 -5.234973288e+01 -5.234973288e+01 -8.8880e-01 -1.1827e+00
1651 +2.620535038e-04 +2.620535038e-04 -5.234973795e+01 -5.234973795e+01 -8.8867e-01 -1.1834e+00
1691 +2.397986472e-04 +2.397986472e-04 -5.234976020e+01 -5.234976020e+01 -8.8823e-01 -1.1848e+00
1710 +2.331152716e-04 +2.331152716e-04 -5.234976688e+01 -5.234976688e+01 -8.8808e-01 -1.1855e+00
1761 +2.270822257e-04 +2.270822257e-04 -5.234977292e+01 -5.234977292e+01 -8.8795e-01 -1.1859e+00
1782 +2.235084055e-04 +2.235084055e-04 -5.234977649e+01 -5.234977649e+01 -8.8786e-01 -1.1862e+00
1838 +2.181928472e-04 +2.181928472e-04 -5.234978181e+01 -5.234978181e+01 -8.8774e-01 -1.1867e+00
1893 +2.137206981e-04 +2.137206981e-04 -5.234978628e+01 -5.234978628e+01 -8.8763e-01 -1.1871e+00
2090 +2.088209161e-04 +2.088209161e-04 -5.234979118e+01 -5.234979118e+01 -8.8751e-01 -1.1875e+00
2234 +2.039227159e-04 +2.039227159e-04 -5.234979608e+01 -5.234979608e+01 -8.8739e-01 -1.1880e+00
2354 +1.993989198e-04 +1.993989198e-04 -5.234980060e+01 -5.234980060e+01 -8.8727e-01 -1.1884e+00
2430 +1.949544007e-04 +1.949544007e-04 -5.234980505e+01 -5.234980505e+01 -8.8716e-01 -1.1888e+00
2504 +1.902699027e-04 +1.902699027e-04 -5.234980973e+01 -5.234980973e+01 -8.8703e-01 -1.1893e+00
2605 +1.861024659e-04 +1.861024659e-04 -5.234981390e+01 -5.234981390e+01 -8.8692e-01 -1.1897e+00
2695 +1.811730349e-04 +1.811730349e-04 -5.234981883e+01 -5.234981883e+01 -8.8679e-01 -1.1902e+00
2755 +1.775365374e-04 +1.775365374e-04 -5.234982246e+01 -5.234982246e+01 -8.8669e-01 -1.1906e+00
2794 +1.717472326e-04 +1.717472326e-04 -5.234982825e+01 -5.234982825e+01 -8.8647e-01 -1.1915e+00
2799 +1.655249348e-04 +1.655249348e-04 -5.234983448e+01 -5.234983448e+01 -8.8634e-01 -1.1919e+00
3090 +1.621473817e-04 +1.621473817e-04 -5.234983785e+01 -5.234983785e+01 -8.8625e-01 -1.1922e+00
3181 +1.575425444e-04 +1.575425444e-04 -5.234984246e+01 -5.234984246e+01 -8.8612e-01 -1.1927e+00
3200 +1.536497214e-04 +1.536497214e-04 -5.234984635e+01 -5.234984635e+01 -8.8596e-01 -1.1932e+00
3350 +1.512956138e-04 +1.512956138e-04 -5.234984870e+01 -5.234984870e+01 -8.8593e-01 -1.1934e+00
3507 +1.476194533e-04 +1.476194533e-04 -5.234985238e+01 -5.234985238e+01 -8.8581e-01 -1.1938e+00
3730 +1.445346425e-04 +1.445346425e-04 -5.234985547e+01 -5.234985547e+01 -8.8572e-01 -1.1941e+00
3931 +1.411371691e-04 +1.411371691e-04 -5.234985886e+01 -5.234985886e+01 -8.8560e-01 -1.1945e+00
4075 +1.379222300e-04 +1.379222300e-04 -5.234986208e+01 -5.234986208e+01 -8.8550e-01 -1.1949e+00
4276 +1.344484447e-04 +1.344484447e-04 -5.234986555e+01 -5.234986555e+01 -8.8538e-01 -1.1954e+00
4300 +1.315250288e-04 +1.315250288e-04 -5.234986847e+01 -5.234986847e+01 -8.8529e-01 -1.1958e+00
4336 +1.287760879e-04 +1.287760879e-04 -5.234987122e+01 -5.234987122e+01 -8.8511e-01 -1.1963e+00
4516 +1.258166489e-04 +1.258166489e-04 -5.234987418e+01 -5.234987418e+01 -8.8510e-01 -1.1965e+00
4655 +1.228224402e-04 +1.228224402e-04 -5.234987718e+01 -5.234987718e+01 -8.8499e-01 -1.1968e+00
% function evaluation | noise-free fitness - Fopt (-1.795400000000e+02) | best noise-free fitness - Fopt | measured fitness | best measured fitness | x1 | x2...
1 +7.250272884e-01 +7.250272884e-01 -1.788149727e+02 -1.788149727e+02 +0.0000e+00 +0.0000e+00
2 +2.881294162e-01 +2.881294162e-01 -1.792518706e+02 -1.792518706e+02 +4.3741e-01 +4.5172e-01
22 +1.408782522e-02 +1.408782522e-02 -1.795259122e+02 -1.795259122e+02 +7.4264e-01 +3.8494e-01
67 +8.519638708e-03 +8.519638708e-03 -1.795314804e+02 -1.795314804e+02 +7.7765e-01 +4.6423e-01
118 +5.116424337e-03 +5.116424337e-03 -1.795348836e+02 -1.795348836e+02 +7.2659e-01 +3.7610e-01
212 +4.261631213e-03 +4.261631213e-03 -1.795357384e+02 -1.795357384e+02 +7.2066e-01 +3.7719e-01
221 +4.112208235e-03 +4.112208235e-03 -1.795358878e+02 -1.795358878e+02 +7.2340e-01 +3.7441e-01
226 +3.056193312e-03 +3.056193312e-03 -1.795369438e+02 -1.795369438e+02 +7.2794e-01 +3.8532e-01
245 +2.742315830e-03 +2.742315830e-03 -1.795372577e+02 -1.795372577e+02 +7.3209e-01 +3.9814e-01
283 +2.678254057e-03 +2.678254057e-03 -1.795373217e+02 -1.795373217e+02 +7.3008e-01 +3.9030e-01
298 +2.550418329e-03 +2.550418329e-03 -1.795374496e+02 -1.795374496e+02 +7.3081e-01 +3.9335e-01
373 +2.510890340e-03 +2.510890340e-03 -1.795374891e+02 -1.795374891e+02 +7.3142e-01 +3.9293e-01
383 +2.071494308e-03 +2.071494308e-03 -1.795379285e+02 -1.795379285e+02 +7.3514e-01 +4.0163e-01
574 +2.032117571e-03 +2.032117571e-03 -1.795379679e+02 -1.795379679e+02 +7.3536e-01 +4.0114e-01
580 +1.977867702e-03 +1.977867702e-03 -1.795380221e+02 -1.795380221e+02 +7.3586e-01 +4.0223e-01
587 +1.949018646e-03 +1.949018646e-03 -1.795380510e+02 -1.795380510e+02 +7.3627e-01 +4.0264e-01
590 +1.817818478e-03 +1.817818478e-03 -1.795381822e+02 -1.795381822e+02 +7.3760e-01 +4.0520e-01
604 +1.773814993e-03 +1.773814993e-03 -1.795382262e+02 -1.795382262e+02 +7.3796e-01 +4.0665e-01
623 +1.684640690e-03 +1.684640690e-03 -1.795383154e+02 -1.795383154e+02 +7.3915e-01 +4.0926e-01
642 +1.518115224e-03 +1.518115224e-03 -1.795384819e+02 -1.795384819e+02 +7.4076e-01 +4.1156e-01
662 +1.434349619e-03 +1.434349619e-03 -1.795385657e+02 -1.795385657e+02 +7.4174e-01 +4.1353e-01
672 +1.392632921e-03 +1.392632921e-03 -1.795386074e+02 -1.795386074e+02 +7.4230e-01 +4.1441e-01
678 +1.370094786e-03 +1.370094786e-03 -1.795386299e+02 -1.795386299e+02 +7.4289e-01 +4.1639e-01
699 +1.341511097e-03 +1.341511097e-03 -1.795386585e+02 -1.795386585e+02 +7.4290e-01 +4.1567e-01
730 +1.310805653e-03 +1.310805653e-03 -1.795386892e+02 -1.795386892e+02 +7.4366e-01 +4.1665e-01
731 +1.285855526e-03 +1.285855526e-03 -1.795387141e+02 -1.795387141e+02 +7.4408e-01 +4.1739e-01
755 +1.251306788e-03 +1.251306788e-03 -1.795387487e+02 -1.795387487e+02 +7.4412e-01 +4.1836e-01
758 +1.224334363e-03 +1.224334363e-03 -1.795387757e+02 -1.795387757e+02 +7.4448e-01 +4.1907e-01
770 +1.147068726e-03 +1.147068726e-03 -1.795388529e+02 -1.795388529e+02 +7.4550e-01 +4.2092e-01
826 +1.102029688e-03 +1.102029688e-03 -1.795388980e+02 -1.795388980e+02 +7.4946e-01 +4.2695e-01
832 +1.084004202e-03 +1.084004202e-03 -1.795389160e+02 -1.795389160e+02 +7.4656e-01 +4.2316e-01
837 +1.002569937e-03 +1.002569937e-03 -1.795389974e+02 -1.795389974e+02 +7.4877e-01 +4.2622e-01
851 +9.992610865e-04 +9.992610865e-04 -1.795390007e+02 -1.795390007e+02 +7.4788e-01 +4.2496e-01
855 +8.685782658e-04 +8.685782658e-04 -1.795391314e+02 -1.795391314e+02 +7.5017e-01 +4.3018e-01
873 +8.507004934e-04 +8.507004934e-04 -1.795391493e+02 -1.795391493e+02 +7.5031e-01 +4.3034e-01
1011 +8.206131184e-04 +8.206131184e-04 -1.795391794e+02 -1.795391794e+02 +7.5058e-01 +4.3045e-01
1045 +8.074428792e-04 +8.074428792e-04 -1.795391926e+02 -1.795391926e+02 +7.5089e-01 +4.3092e-01
1114 +7.924060897e-04 +7.924060897e-04 -1.795392076e+02 -1.795392076e+02 +7.5107e-01 +4.3145e-01
1157 +7.648456657e-04 +7.648456657e-04 -1.795392352e+02 -1.795392352e+02 +7.5168e-01 +4.3243e-01
1173 +7.518304874e-04 +7.518304874e-04 -1.795392482e+02 -1.795392482e+02 +7.5181e-01 +4.3288e-01
1194 +7.271219625e-04 +7.271219625e-04 -1.795392729e+02 -1.795392729e+02 +7.5245e-01 +4.3386e-01
1242 +7.223746771e-04 +7.223746771e-04 -1.795392776e+02 -1.795392776e+02 +7.5236e-01 +4.3393e-01
1258 +7.064736564e-04 +7.064736564e-04 -1.795392935e+02 -1.795392935e+02 +7.5307e-01 +4.3495e-01
1290 +6.861587381e-04 +6.861587381e-04 -1.795393138e+02 -1.795393138e+02 +7.5306e-01 +4.3533e-01
1354 +6.666977230e-04 +6.666977230e-04 -1.795393333e+02 -1.795393333e+02 +7.5347e-01 +4.3617e-01
1386 +6.283219290e-04 +6.283219290e-04 -1.795393717e+02 -1.795393717e+02 +7.5425e-01 +4.3764e-01
1615 +6.133759057e-04 +6.133759057e-04 -1.795393866e+02 -1.795393866e+02 +7.5460e-01 +4.3838e-01
1620 +5.897743546e-04 +5.897743546e-04 -1.795394102e+02 -1.795394102e+02 +7.5509e-01 +4.3911e-01
1726 +5.881878593e-04 +5.881878593e-04 -1.795394118e+02 -1.795394118e+02 +7.5518e-01 +4.3923e-01
1748 +5.724216180e-04 +5.724216180e-04 -1.795394276e+02 -1.795394276e+02 +7.5562e-01 +4.4002e-01
1764 +5.495092116e-04 +5.495092116e-04 -1.795394505e+02 -1.795394505e+02 +7.5597e-01 +4.4085e-01
1867 +5.149780484e-04 +5.149780484e-04 -1.795394850e+02 -1.795394850e+02 +7.5676e-01 +4.4242e-01
1888 +5.083975944e-04 +5.083975944e-04 -1.795394916e+02 -1.795394916e+02 +7.5745e-01 +4.4407e-01
1930 +4.958083894e-04 +4.958083894e-04 -1.795395042e+02 -1.795395042e+02 +7.5763e-01 +4.4438e-01
1943 +4.805816801e-04 +4.805816801e-04 -1.795395194e+02 -1.795395194e+02 +7.5761e-01 +4.4403e-01
1977 +4.660562436e-04 +4.660562436e-04 -1.795395339e+02 -1.795395339e+02 +7.5830e-01 +4.4562e-01
2021 +4.570241034e-04 +4.570241034e-04 -1.795395430e+02 -1.795395430e+02 +7.5828e-01 +4.4524e-01
2049 +4.373097668e-04 +4.373097668e-04 -1.795395627e+02 -1.795395627e+02 +7.5880e-01 +4.4625e-01
2050 +4.353346926e-04 +4.353346926e-04 -1.795395647e+02 -1.795395647e+02 +7.5894e-01 +4.4678e-01
2183 +4.265637841e-04 +4.265637841e-04 -1.795395734e+02 -1.795395734e+02 +7.5909e-01 +4.4680e-01
2204 +4.164680239e-04 +4.164680239e-04 -1.795395835e+02 -1.795395835e+02 +7.5941e-01 +4.4766e-01
2216 +3.982956055e-04 +3.982956055e-04 -1.795396017e+02 -1.795396017e+02 +7.6001e-01 +4.4886e-01
2238 +3.962757340e-04 +3.962757340e-04 -1.795396037e+02 -1.795396037e+02 +7.5985e-01 +4.4837e-01
2281 +3.838426086e-04 +3.838426086e-04 -1.795396162e+02 -1.795396162e+02 +7.6021e-01 +4.4905e-01
2399 +3.743004214e-04 +3.743004214e-04 -1.795396257e+02 -1.795396257e+02 +7.6048e-01 +4.4960e-01
2403 +3.675577546e-04 +3.675577546e-04 -1.795396324e+02 -1.795396324e+02 +7.6093e-01 +4.5029e-01
2411 +3.621419155e-04 +3.621419155e-04 -1.795396379e+02 -1.795396379e+02 +7.6108e-01 +4.5060e-01
2417 +3.496262821e-04 +3.496262821e-04 -1.795396504e+02 -1.795396504e+02 +7.6133e-01 +4.5114e-01
2481 +3.414613128e-04 +3.414613128e-04 -1.795396585e+02 -1.795396585e+02 +7.6148e-01 +4.5155e-01
2550 +3.384025389e-04 +3.384025389e-04 -1.795396616e+02 -1.795396616e+02 +7.6159e-01 +4.5171e-01
2623 +3.309025828e-04 +3.309025828e-04 -1.795396691e+02 -1.795396691e+02 +7.6183e-01 +4.5217e-01
2816 +3.232554987e-04 +3.232554987e-04 -1.795396767e+02 -1.795396767e+02 +7.6206e-01 +4.5266e-01
3011 +3.149086469e-04 +3.149086469e-04 -1.795396851e+02 -1.795396851e+02 +7.6237e-01 +4.5319e-01
3116 +3.064629711e-04 +3.064629711e-04 -1.795396935e+02 -1.795396935e+02 +7.6262e-01 +4.5373e-01
3399 +3.018880702e-04 +3.018880702e-04 -1.795396981e+02 -1.795396981e+02 +7.6279e-01 +4.5402e-01
3579 +2.947191465e-04 +2.947191465e-04 -1.795397053e+02 -1.795397053e+02 +7.6302e-01 +4.5451e-01
3697 +2.883279793e-04 +2.883279793e-04 -1.795397117e+02 -1.795397117e+02 +7.6325e-01 +4.5492e-01
3808 +2.815567717e-04 +2.815567717e-04 -1.795397184e+02 -1.795397184e+02 +7.6350e-01 +4.5539e-01
3971 +2.694403567e-04 +2.694403567e-04 -1.795397306e+02 -1.795397306e+02 +7.6402e-01 +4.5635e-01
3992 +2.673471225e-04 +2.673471225e-04 -1.795397327e+02 -1.795397327e+02 +7.6402e-01 +4.5640e-01
4014 +2.565701830e-04 +2.565701830e-04 -1.795397434e+02 -1.795397434e+02 +7.6444e-01 +4.5719e-01
4067 +2.469526226e-04 +2.469526226e-04 -1.795397530e+02 -1.795397530e+02 +7.6477e-01 +4.5790e-01
4112 +2.420243545e-04 +2.420243545e-04 -1.795397580e+02 -1.795397580e+02 +7.6503e-01 +4.5833e-01
4210 +2.397672034e-04 +2.397672034e-04 -1.795397602e+02 -1.795397602e+02 +7.6506e-01 +4.5842e-01
4222 +2.334179691e-04 +2.334179691e-04 -1.795397666e+02 -1.795397666e+02 +7.6539e-01 +4.5901e-01
4306 +2.267308349e-04 +2.267308349e-04 -1.795397733e+02 -1.795397733e+02 +7.6582e-01 +4.6001e-01
4345 +2.232824112e-04 +2.232824112e-04 -1.795397767e+02 -1.795397767e+02 +7.6573e-01 +4.5974e-01
4562 +2.186410134e-04 +2.186410134e-04 -1.795397814e+02 -1.795397814e+02 +7.6593e-01 +4.6009e-01
4691 +2.129196003e-04 +2.129196003e-04 -1.795397871e+02 -1.795397871e+02 +7.6617e-01 +4.6056e-01
% function evaluation | noise-free fitness - Fopt (7.731000000000e+01) | best noise-free fitness - Fopt | measured fitness | best measured fitness | x1 | x2...
1 +9.434104222e-01 +9.434104222e-01 +7.825341042e+01 +7.825341042e+01 +0.0000e+00 +0.0000e+00
2 +8.184743002e-01 +8.184743002e-01 +7.812847430e+01 +7.812847430e+01 +1.4105e-01 +3.7564e-02
13 +6.741367146e-01 +6.741367146e-01 +7.798413671e+01 +7.798413671e+01 +2.5925e-01 -8.2928e-02
19 +6.191423259e-01 +6.191423259e-01 +7.792914233e+01 +7.792914233e+01 +5.8845e-01 +2.0901e-01
27 +5.583779839e-01 +5.583779839e-01 +7.786837798e+01 +7.786837798e+01 +3.9390e-01 -2.7676e-02
32 +4.676400660e-01 +4.676400660e-01 +7.777764007e+01 +7.777764007e+01 +4.7790e-01 -6.6156e-02
34 +4.255238592e-01 +4.255238592e-01 +7.773552386e+01 +7.773552386e+01 +4.9196e-01 -2.3298e-01
37 +1.757605219e-01 +1.757605219e-01 +7.748576052e+01 +7.748576052e+01 +7.4578e-01 -2.3946e-01
43 +7.887104276e-02 +7.887104276e-02 +7.738887104e+01 +7.738887104e+01 +9.4427e-01 -1.8933e-01
53 +6.167499008e-02 +6.167499008e-02 +7.737167499e+01 +7.737167499e+01 +9.6851e-01 -3.6483e-01
74 +6.087502348e-02 +6.087502348e-02 +7.737087502e+01 +7.737087502e+01 +8.4927e-01 -3.6455e-01
82 +4.455654454e-02 +4.455654454e-02 +7.735455654e+01 +7.735455654e+01 +8.5902e-01 -4.5702e-01
85 +1.078902745e-02 +1.078902745e-02 +7.732078903e+01 +7.732078903e+01 +9.1254e-01 -4.0027e-01
114 +8.262262467e-03 +8.262262467e-03 +7.731826226e+01 +7.731826226e+01 +9.0554e-01 -4.0640e-01
127 +6.326367758e-03 +6.326367758e-03 +7.731632637e+01 +7.731632637e+01 +9.0587e-01 -4.2356e-01
152 +6.231777152e-03 +6.231777152e-03 +7.731623178e+01 +7.731623178e+01 +9.0380e-01 -4.2585e-01
178 +4.126900653e-03 +4.126900653e-03 +7.731412690e+01 +7.731412690e+01 +9.0257e-01 -4.5056e-01
200 +2.876556693e-03 +2.876556693e-03 +7.731287656e+01 +7.731287656e+01 +9.0421e-01 -4.7993e-01
211 +2.252966152e-03 +2.252966152e-03 +7.731225297e+01 +7.731225297e+01 +9.0005e-01 -4.9114e-01
218 +1.301135576e-03 +1.301135576e-03 +7.731130114e+01 +7.731130114e+01 +9.0154e-01 -5.0804e-01
233 +1.101651653e-03 +1.101651653e-03 +7.731110165e+01 +7.731110165e+01 +9.0110e-01 -5.0599e-01
305 +1.090127438e-03 +1.090127438e-03 +7.731109013e+01 +7.731109013e+01 +9.0056e-01 -5.0619e-01
307 +9.510666966e-04 +9.510666966e-04 +7.731095107e+01 +7.731095107e+01 +9.0081e-01 -5.1131e-01
308 +8.142819925e-04 +8.142819925e-04 +7.731081428e+01 +7.731081428e+01 +9.0052e-01 -5.1764e-01
326 +6.541770807e-04 +6.541770807e-04 +7.731065418e+01 +7.731065418e+01 +8.9985e-01 -5.2172e-01
333 +4.776247023e-04 +4.776247023e-04 +7.731047762e+01 +7.731047762e+01 +8.9941e-01 -5.3758e-01
354 +3.548035309e-04 +3.548035309e-04 +7.731035480e+01 +7.731035480e+01 +8.9904e-01 -5.3753e-01
368 +3.320049082e-04 +3.320049082e-04 +7.731033200e+01 +7.731033200e+01 +8.9893e-01 -5.3927e-01
384 +2.838764631e-04 +2.838764631e-04 +7.731028388e+01 +7.731028388e+01 +8.9875e-01 -5.4663e-01
391 +2.310605516e-04 +2.310605516e-04 +7.731023106e+01 +7.731023106e+01 +8.9855e-01 -5.4681e-01
427 +2.285857493e-04 +2.285857493e-04 +7.731022859e+01 +7.731022859e+01 +8.9859e-01 -5.4729e-01
442 +2.162154508e-04 +2.162154508e-04 +7.731021622e+01 +7.731021622e+01 +8.9852e-01 -5.4861e-01
451 +2.048905725e-04 +2.048905725e-04 +7.731020489e+01 +7.731020489e+01 +8.9846e-01 -5.4961e-01
455 +1.965403535e-04 +1.965403535e-04 +7.731019654e+01 +7.731019654e+01 +8.9837e-01 -5.5011e-01
468 +1.765406864e-04 +1.765406864e-04 +7.731017654e+01 +7.731017654e+01 +8.9830e-01 -5.5230e-01
492 +1.695495434e-04 +1.695495434e-04 +7.731016955e+01 +7.731016955e+01 +8.9825e-01 -5.5274e-01
501 +1.590765540e-04 +1.590765540e-04 +7.731015908e+01 +7.731015908e+01 +8.9817e-01 -5.5507e-01
522 +1.570232901e-04 +1.570232901e-04 +7.731015702e+01 +7.731015702e+01 +8.9818e-01 -5.5436e-01
525 +1.467835258e-04 +1.467835258e-04 +7.731014678e+01 +7.731014678e+01 +8.9809e-01 -5.5536e-01
535 +1.422406403e-04 +1.422406403e-04 +7.731014224e+01 +7.731014224e+01 +8.9804e-01 -5.5608e-01
547 +1.355934704e-04 +1.355934704e-04 +7.731013559e+01 +7.731013559e+01 +8.9803e-01 -5.5671e-01
636 +1.266377328e-04 +1.266377328e-04 +7.731012664e+01 +7.731012664e+01 +8.9792e-01 -5.5816e-01
637 +1.252644765e-04 +1.252644765e-04 +7.731012526e+01 +7.731012526e+01 +8.9795e-01 -5.5804e-01
652 +1.175237482e-04 +1.175237482e-04 +7.731011752e+01 +7.731011752e+01 +8.9788e-01 -5.5919e-01
655 +1.171859135e-04 +1.171859135e-04 +7.731011719e+01 +7.731011719e+01 +8.9783e-01 -5.5972e-01
674 +1.093236176e-04 +1.093236176e-04 +7.731010932e+01 +7.731010932e+01 +8.9783e-01 -5.6092e-01
687 +1.023579726e-04 +1.023579726e-04 +7.731010236e+01 +7.731010236e+01 +8.9776e-01 -5.6139e-01
692 +1.021290515e-04 +1.021290515e-04 +7.731010213e+01 +7.731010213e+01 +8.9767e-01 -5.6254e-01
705 +9.158965106e-05 +9.158965106e-05 +7.731009159e+01 +7.731009159e+01 +8.9768e-01 -5.6299e-01
732 +8.731984761e-05 +8.731984761e-05 +7.731008732e+01 +7.731008732e+01 +8.9764e-01 -5.6370e-01
745 +8.347309402e-05 +8.347309402e-05 +7.731008347e+01 +7.731008347e+01 +8.9759e-01 -5.6504e-01
749 +7.560384687e-05 +7.560384687e-05 +7.731007560e+01 +7.731007560e+01 +8.9752e-01 -5.6630e-01
770 +6.828584911e-05 +6.828584911e-05 +7.731006829e+01 +7.731006829e+01 +8.9743e-01 -5.6784e-01
781 +6.700795105e-05 +6.700795105e-05 +7.731006701e+01 +7.731006701e+01 +8.9734e-01 -5.6987e-01
791 +5.794786030e-05 +5.794786030e-05 +7.731005795e+01 +7.731005795e+01 +8.9733e-01 -5.6939e-01
822 +5.500965479e-05 +5.500965479e-05 +7.731005501e+01 +7.731005501e+01 +8.9729e-01 -5.7037e-01
849 +4.688657263e-05 +4.688657263e-05 +7.731004689e+01 +7.731004689e+01 +8.9717e-01 -5.7241e-01
877 +4.611897521e-05 +4.611897521e-05 +7.731004612e+01 +7.731004612e+01 +8.9701e-01 -5.7466e-01
932 +3.307478126e-05 +3.307478126e-05 +7.731003307e+01 +7.731003307e+01 +8.9697e-01 -5.7595e-01
1389 +3.227049105e-05 +3.227049105e-05 +7.731003227e+01 +7.731003227e+01 +8.9695e-01 -5.7621e-01
1420 +3.159280818e-05 +3.159280818e-05 +7.731003159e+01 +7.731003159e+01 +8.9694e-01 -5.7660e-01
1434 +3.082893613e-05 +3.082893613e-05 +7.731003083e+01 +7.731003083e+01 +8.9692e-01 -5.7675e-01
1524 +3.004059020e-05 +3.004059020e-05 +7.731003004e+01 +7.731003004e+01 +8.9691e-01 -5.7699e-01
1577 +2.934680654e-05 +2.934680654e-05 +7.731002935e+01 +7.731002935e+01 +8.9688e-01 -5.7738e-01
1601 +2.836605390e-05 +2.836605390e-05 +7.731002837e+01 +7.731002837e+01 +8.9688e-01 -5.7763e-01
1606 +2.780684962e-05 +2.780684962e-05 +7.731002781e+01 +7.731002781e+01 +8.9686e-01 -5.7785e-01
1727 +2.752712014e-05 +2.752712014e-05 +7.731002753e+01 +7.731002753e+01 +8.9686e-01 -5.7786e-01
1881 +2.690439908e-05 +2.690439908e-05 +7.731002690e+01 +7.731002690e+01 +8.9685e-01 -5.7808e-01
1937 +2.628325183e-05 +2.628325183e-05 +7.731002628e+01 +7.731002628e+01 +8.9684e-01 -5.7834e-01
1974 +2.569811626e-05 +2.569811626e-05 +7.731002570e+01 +7.731002570e+01 +8.9682e-01 -5.7854e-01
1993 +2.502044671e-05 +2.502044671e-05 +7.731002502e+01 +7.731002502e+01 +8.9681e-01 -5.7893e-01
2173 +2.451218488e-05 +2.451218488e-05 +7.731002451e+01 +7.731002451e+01 +8.9680e-01 -5.7900e-01
2314 +2.394624971e-05 +2.394624971e-05 +7.731002395e+01 +7.731002395e+01 +8.9679e-01 -5.7922e-01
2385 +2.335243632e-05 +2.335243632e-05 +7.731002335e+01 +7.731002335e+01 +8.9677e-01 -5.7955e-01
2403 +2.287950318e-05 +2.287950318e-05 +7.731002288e+01 +7.731002288e+01 +8.9676e-01 -5.7973e-01
2424 +2.227333142e-05 +2.227333142e-05 +7.731002227e+01 +7.731002227e+01 +8.9675e-01 -5.7991e-01
2534 +2.181262111e-05 +2.181262111e-05 +7.731002181e+01 +7.731002181e+01 +8.9674e-01 -5.8010e-01
2631 +2.134074303e-05 +2.134074303e-05 +7.731002134e+01 +7.731002134e+01 +8.9673e-01 -5.8030e-01
2750 +2.079947006e-05 +2.079947006e-05 +7.731002080e+01 +7.731002080e+01 +8.9671e-01 -5.8054e-01
2806 +2.030791164e-05 +2.030791164e-05 +7.731002031e+01 +7.731002031e+01 +8.9670e-01 -5.8079e-01
2867 +1.995041974e-05 +1.995041974e-05 +7.731001995e+01 +7.731001995e+01 +8.9669e-01 -5.8095e-01
2926 +1.946456428e-05 +1.946456428e-05 +7.731001946e+01 +7.731001946e+01 +8.9668e-01 -5.8118e-01
3002 +1.900010454e-05 +1.900010454e-05 +7.731001900e+01 +7.731001900e+01 +8.9667e-01 -5.8136e-01
3173 +1.861203235e-05 +1.861203235e-05 +7.731001861e+01 +7.731001861e+01 +8.9666e-01 -5.8156e-01
3195 +1.818968032e-05 +1.818968032e-05 +7.731001819e+01 +7.731001819e+01 +8.9665e-01 -5.8177e-01
3316 +1.765236313e-05 +1.765236313e-05 +7.731001765e+01 +7.731001765e+01 +8.9663e-01 -5.8202e-01
3500 +1.734031034e-05 +1.734031034e-05 +7.731001734e+01 +7.731001734e+01 +8.9662e-01 -5.8216e-01
3629 +1.696027445e-05 +1.696027445e-05 +7.731001696e+01 +7.731001696e+01 +8.9661e-01 -5.8235e-01
3665 +1.653361275e-05 +1.653361275e-05 +7.731001653e+01 +7.731001653e+01 +8.9660e-01 -5.8256e-01
3763 +1.614536832e-05 +1.614536832e-05 +7.731001615e+01 +7.731001615e+01 +8.9659e-01 -5.8280e-01
3918 +1.582104250e-05 +1.582104250e-05 +7.731001582e+01 +7.731001582e+01 +8.9658e-01 -5.8294e-01
4006 +1.521388261e-05 +1.521388261e-05 +7.731001521e+01 +7.731001521e+01 +8.9656e-01 -5.8331e-01
4030 +1.495436041e-05 +1.495436041e-05 +7.731001495e+01 +7.731001495e+01 +8.9655e-01 -5.8347e-01
4043 +1.478345642e-05 +1.478345642e-05 +7.731001478e+01 +7.731001478e+01 +8.9655e-01 -5.8350e-01
4109 +1.434074183e-05 +1.434074183e-05 +7.731001434e+01 +7.731001434e+01 +8.9653e-01 -5.8388e-01
4117 +1.403586816e-05 +1.403586816e-05 +7.731001404e+01 +7.731001404e+01 +8.9653e-01 -5.8392e-01
4358 +1.379846219e-05 +1.379846219e-05 +7.731001380e+01 +7.731001380e+01 +8.9652e-01 -5.8405e-01
4387 +1.330023123e-05 +1.330023123e-05 +7.731001330e+01 +7.731001330e+01 +8.9650e-01 -5.8436e-01
4394 +1.291023109e-05 +1.291023109e-05 +7.731001291e+01 +7.731001291e+01 +8.9649e-01 -5.8466e-01
4434 +1.285046947e-05 +1.285046947e-05 +7.731001285e+01 +7.731001285e+01 +8.9648e-01 -5.8467e-01
4489 +1.252030633e-05 +1.252030633e-05 +7.731001252e+01 +7.731001252e+01 +8.9648e-01 -5.8483e-01
4663 +1.225026773e-05 +1.225026773e-05 +7.731001225e+01 +7.731001225e+01 +8.9647e-01 -5.8499e-01
% function evaluation | noise-free fitness - Fopt (3.992000000000e+01) | best noise-free fitness - Fopt | measured fitness | best measured fitness | x1 | x2...
1 +9.795359042e+00 +9.795359042e+00 +4.971535904e+01 +4.971535904e+01 +0.0000e+00 +0.0000e+00
3 +7.701816517e+00 +7.701816517e+00 +4.762181652e+01 +4.762181652e+01 +4.6664e-02 -1.8621e-01
6 +6.814507835e+00 +6.814507835e+00 +4.673450784e+01 +4.673450784e+01 -9.4345e-02 -3.4012e-01
11 +4.338892072e+00 +4.338892072e+00 +4.425889207e+01 +4.425889207e+01 +2.0431e-01 -6.9478e-01
20 +4.150926755e+00 +4.150926755e+00 +4.407092675e+01 +4.407092675e+01 +9.4948e-02 -8.4251e-01
24 +3.374324033e+00 +3.374324033e+00 +4.329432403e+01 +4.329432403e+01 +6.3111e-01 -1.7284e+00
32 +2.216493509e+00 +2.216493509e+00 +4.213649351e+01 +4.213649351e+01 +1.6543e+00 -9.1069e-01
45 +1.830032165e+00 +1.830032165e+00 +4.175003216e+01 +4.175003216e+01 +2.3284e+00 -2.0488e+00
53 +1.421440382e+00 +1.421440382e+00 +4.134144038e+01 +4.134144038e+01 +2.4821e+00 -1.0923e+00
64 +5.173516880e-01 +5.173516880e-01 +4.043735169e+01 +4.043735169e+01 +3.3332e+00 -7.2953e-01
70 +2.604808834e-01 +2.604808834e-01 +4.018048088e+01 +4.018048088e+01 +3.7211e+00 -1.2172e+00
78 +2.508531882e-01 +2.508531882e-01 +4.017085319e+01 +4.017085319e+01 +4.2949e+00 -1.4180e+00
95 +1.471133611e-01 +1.471133611e-01 +4.006711336e+01 +4.006711336e+01 +3.8060e+00 -1.0995e+00
98 +1.253265930e-01 +1.253265930e-01 +4.004532659e+01 +4.004532659e+01 +3.7898e+00 -9.5999e-01
116 +1.103616769e-02 +1.103616769e-02 +3.993103617e+01 +3.993103617e+01 +4.0091e+00 -1.2840e+00
149 +9.145714975e-03 +9.145714975e-03 +3.992914571e+01 +3.992914571e+01 +3.8997e+00 -8.7339e-01
186 +9.578091762e-04 +9.578091762e-04 +3.992095781e+01 +3.992095781e+01 +3.9351e+00 -1.0182e+00
252 +8.450847684e-04 +8.450847684e-04 +3.992084508e+01 +3.992084508e+01 +3.9253e+00 -9.8062e-01
309 +6.166988724e-04 +6.166988724e-04 +3.992061670e+01 +3.992061670e+01 +3.9296e+00 -9.9356e-01
326 +4.454874464e-04 +4.454874464e-04 +3.992044549e+01 +3.992044549e+01 +3.9299e+00 -9.9606e-01
614 +4.348376012e-04 +4.348376012e-04 +3.992043484e+01 +3.992043484e+01 +3.9301e+00 -9.9679e-01
642 +4.245884009e-04 +4.245884009e-04 +3.992042459e+01 +3.992042459e+01 +3.9306e+00 -9.9809e-01
670 +4.152995164e-04 +4.152995164e-04 +3.992041530e+01 +3.992041530e+01 +3.9304e+00 -9.9782e-01
722 +4.067678561e-04 +4.067678561e-04 +3.992040677e+01 +3.992040677e+01 +3.9305e+00 -9.9828e-01
758 +3.967596378e-04 +3.967596378e-04 +3.992039676e+01 +3.992039676e+01 +3.9307e+00 -9.9888e-01
809 +3.884451150e-04 +3.884451150e-04 +3.992038845e+01 +3.992038845e+01 +3.9308e+00 -9.9932e-01
852 +3.792811857e-04 +3.792811857e-04 +3.992037928e+01 +3.992037928e+01 +3.9310e+00 -9.9988e-01
915 +3.707486105e-04 +3.707486105e-04 +3.992037075e+01 +3.992037075e+01 +3.9311e+00 -1.0004e+00
958 +3.603217897e-04 +3.603217897e-04 +3.992036032e+01 +3.992036032e+01 +3.9313e+00 -1.0012e+00
1066 +3.536169643e-04 +3.536169643e-04 +3.992035362e+01 +3.992035362e+01 +3.9314e+00 -1.0015e+00
1126 +3.463997191e-04 +3.463997191e-04 +3.992034640e+01 +3.992034640e+01 +3.9315e+00 -1.0020e+00
1177 +3.382636253e-04 +3.382636253e-04 +3.992033826e+01 +3.992033826e+01 +3.9317e+00 -1.0025e+00
1246 +3.307687013e-04 +3.307687013e-04 +3.992033077e+01 +3.992033077e+01 +3.9318e+00 -1.0030e+00
1411 +3.232584109e-04 +3.232584109e-04 +3.992032326e+01 +3.992032326e+01 +3.9320e+00 -1.0035e+00
1484 +3.161819707e-04 +3.161819707e-04 +3.992031618e+01 +3.992031618e+01 +3.9321e+00 -1.0040e+00
1578 +3.089310273e-04 +3.089310273e-04 +3.992030893e+01 +3.992030893e+01 +3.9323e+00 -1.0045e+00
1635 +3.017759263e-04 +3.017759263e-04 +3.992030178e+01 +3.992030178e+01 +3.9324e+00 -1.0050e+00
1745 +2.940732904e-04 +2.940732904e-04 +3.992029407e+01 +3.992029407e+01 +3.9326e+00 -1.0055e+00
1843 +2.878406650e-04 +2.878406650e-04 +3.992028784e+01 +3.992028784e+01 +3.9327e+00 -1.0061e+00
1904 +2.812282889e-04 +2.812282889e-04 +3.992028123e+01 +3.992028123e+01 +3.9328e+00 -1.0066e+00
2074 +2.749269332e-04 +2.749269332e-04 +3.992027493e+01 +3.992027493e+01 +3.9329e+00 -1.0070e+00
2118 +2.682875049e-04 +2.682875049e-04 +3.992026829e+01 +3.992026829e+01 +3.9331e+00 -1.0075e+00
2149 +2.613678718e-04 +2.613678718e-04 +3.992026137e+01 +3.992026137e+01 +3.9332e+00 -1.0080e+00
2159 +2.544098450e-04 +2.544098450e-04 +3.992025441e+01 +3.992025441e+01 +3.9334e+00 -1.0086e+00
2169 +2.480681395e-04 +2.480681395e-04 +3.992024807e+01 +3.992024807e+01 +3.9336e+00 -1.0093e+00
2214 +2.426778909e-04 +2.426778909e-04 +3.992024268e+01 +3.992024268e+01 +3.9337e+00 -1.0097e+00
2228 +2.361567141e-04 +2.361567141e-04 +3.992023616e+01 +3.992023616e+01 +3.9338e+00 -1.0101e+00
2244 +2.342932933e-04 +2.342932933e-04 +3.992023429e+01 +3.992023429e+01 +3.9339e+00 -1.0102e+00
2379 +2.289249863e-04 +2.289249863e-04 +3.992022892e+01 +3.992022892e+01 +3.9340e+00 -1.0107e+00
2463 +2.229575491e-04 +2.229575491e-04 +3.992022296e+01 +3.992022296e+01 +3.9341e+00 -1.0112e+00
2534 +2.171008390e-04 +2.171008390e-04 +3.992021710e+01 +3.992021710e+01 +3.9343e+00 -1.0117e+00
2566 +2.101858931e-04 +2.101858931e-04 +3.992021019e+01 +3.992021019e+01 +3.9344e+00 -1.0125e+00
2601 +2.082954529e-04 +2.082954529e-04 +3.992020830e+01 +3.992020830e+01 +3.9345e+00 -1.0125e+00
2679 +2.023373789e-04 +2.023373789e-04 +3.992020234e+01 +3.992020234e+01 +3.9346e+00 -1.0131e+00
2693 +1.968400494e-04 +1.968400494e-04 +3.992019684e+01 +3.992019684e+01 +3.9348e+00 -1.0136e+00
2781 +1.936843393e-04 +1.936843393e-04 +3.992019368e+01 +3.992019368e+01 +3.9349e+00 -1.0139e+00
2891 +1.901837366e-04 +1.901837366e-04 +3.992019018e+01 +3.992019018e+01 +3.9350e+00 -1.0142e+00
2943 +1.856627341e-04 +1.856627341e-04 +3.992018566e+01 +3.992018566e+01 +3.9351e+00 -1.0148e+00
2972 +1.776446640e-04 +1.776446640e-04 +3.992017764e+01 +3.992017764e+01 +3.9353e+00 -1.0155e+00
2982 +1.736895492e-04 +1.736895492e-04 +3.992017369e+01 +3.992017369e+01 +3.9355e+00 -1.0161e+00
3167 +1.689916456e-04 +1.689916456e-04 +3.992016899e+01 +3.992016899e+01 +3.9356e+00 -1.0164e+00
3263 +1.658996856e-04 +1.658996856e-04 +3.992016590e+01 +3.992016590e+01 +3.9356e+00 -1.0167e+00
3540 +1.615220070e-04 +1.615220070e-04 +3.992016152e+01 +3.992016152e+01 +3.9358e+00 -1.0171e+00
3618 +1.573005145e-04 +1.573005145e-04 +3.992015730e+01 +3.992015730e+01 +3.9359e+00 -1.0177e+00
3726 +1.538442501e-04 +1.538442501e-04 +3.992015384e+01 +3.992015384e+01 +3.9360e+00 -1.0180e+00
4015 +1.511129825e-04 +1.511129825e-04 +3.992015111e+01 +3.992015111e+01 +3.9361e+00 -1.0183e+00
4212 +1.478614954e-04 +1.478614954e-04 +3.992014786e+01 +3.992014786e+01 +3.9362e+00 -1.0187e+00
4499 +1.442101775e-04 +1.442101775e-04 +3.992014421e+01 +3.992014421e+01 +3.9363e+00 -1.0192e+00
4611 +1.412223412e-04 +1.412223412e-04 +3.992014122e+01 +3.992014122e+01 +3.9364e+00 -1.0194e+00
% function evaluation | noise-free fitness - Fopt (-5.661000000000e+01) | best noise-free fitness - Fopt | measured fitness | best measured fitness | x1 | x2...
1 +2.106482508e+01 +2.106482508e+01 -3.554517492e+01 -3.554517492e+01 +0.0000e+00 +0.0000e+00
2 +1.610514910e+01 +1.610514910e+01 -4.050485090e+01 -4.050485090e+01 +2.5870e-01 -1.9847e-02
3 +1.167684081e+01 +1.167684081e+01 -4.493315919e+01 -4.493315919e+01 +5.5068e-01 -6.2605e-02
10 +3.337071233e+00 +3.337071233e+00 -5.327292877e+01 -5.327292877e+01 +1.7531e+00 -2.3744e-01
18 +3.062055657e+00 +3.062055657e+00 -5.354794434e+01 -5.354794434e+01 +2.1991e+00 -1.9201e-01
26 +2.343284849e+00 +2.343284849e+00 -5.426671515e+01 -5.426671515e+01 +2.0737e+00 +5.1167e-01
96 +2.279442711e+00 +2.279442711e+00 -5.433055729e+01 -5.433055729e+01 +1.9101e+00 +5.5963e-01
101 +2.212617484e+00 +2.212617484e+00 -5.439738252e+01 -5.439738252e+01 +2.2817e+00 +7.0353e-01
108 +2.146522983e+00 +2.146522983e+00 -5.446347702e+01 -5.446347702e+01 +2.4686e+00 +8.3304e-01
114 +1.828127676e+00 +1.828127676e+00 -5.478187232e+01 -5.478187232e+01 +2.1856e+00 +1.0765e+00
124 +1.774791321e+00 +1.774791321e+00 -5.483520868e+01 -5.483520868e+01 +2.0156e+00 +1.0819e+00
127 +9.705674114e-01 +9.705674114e-01 -5.563943259e+01 -5.563943259e+01 +1.7180e+00 +1.8417e+00
139 +7.613970572e-01 +7.613970572e-01 -5.584860294e+01 -5.584860294e+01 +1.9751e+00 +2.1292e+00
145 +5.851245976e-01 +5.851245976e-01 -5.602487540e+01 -5.602487540e+01 +2.0237e+00 +3.5602e+00
156 +1.620627321e-01 +1.620627321e-01 -5.644793727e+01 -5.644793727e+01 +1.9655e+00 +3.0969e+00
175 +1.047109063e-01 +1.047109063e-01 -5.650528909e+01 -5.650528909e+01 +1.9102e+00 +2.7985e+00
179 +2.341482589e-02 +2.341482589e-02 -5.658658517e+01 -5.658658517e+01 +2.0740e+00 +2.9862e+00
218 +1.961383168e-02 +1.961383168e-02 -5.659038617e+01 -5.659038617e+01 +1.9924e+00 +2.9559e+00
223 +6.139938508e-03 +6.139938508e-03 -5.660386006e+01 -5.660386006e+01 +1.7948e+00 +2.8758e+00
363 +5.288717291e-03 +5.288717291e-03 -5.660471128e+01 -5.660471128e+01 +2.1155e+00 +2.9742e+00
377 +5.208627701e-03 +5.208627701e-03 -5.660479137e+01 -5.660479137e+01 +2.1144e+00 +2.9736e+00
382 +3.064071493e-03 +3.064071493e-03 -5.660693593e+01 -5.660693593e+01 +2.0863e+00 +2.9647e+00
445 +2.469031445e-03 +2.469031445e-03 -5.660753097e+01 -5.660753097e+01 +2.0576e+00 +2.9543e+00
453 +2.013103545e-03 +2.013103545e-03 -5.660798690e+01 -5.660798690e+01 +2.0619e+00 +2.9590e+00
461 +5.877806092e-04 +5.877806092e-04 -5.660941222e+01 -5.660941222e+01 +2.0295e+00 +2.9474e+00
522 +5.337121972e-04 +5.337121972e-04 -5.660946629e+01 -5.660946629e+01 +2.0275e+00 +2.9466e+00
529 +4.932896553e-04 +4.932896553e-04 -5.660950671e+01 -5.660950671e+01 +2.0250e+00 +2.9457e+00
647 +4.672103949e-04 +4.672103949e-04 -5.660953279e+01 -5.660953279e+01 +2.0241e+00 +2.9455e+00
747 +4.561075943e-04 +4.561075943e-04 -5.660954389e+01 -5.660954389e+01 +2.0236e+00 +2.9453e+00
762 +4.439609402e-04 +4.439609402e-04 -5.660955604e+01 -5.660955604e+01 +2.0228e+00 +2.9451e+00
845 +4.325785906e-04 +4.325785906e-04 -5.660956742e+01 -5.660956742e+01 +2.0222e+00 +2.9449e+00
872 +4.216232121e-04 +4.216232121e-04 -5.660957838e+01 -5.660957838e+01 +2.0217e+00 +2.9447e+00
931 +4.168634955e-04 +4.168634955e-04 -5.660958314e+01 -5.660958314e+01 +2.0214e+00 +2.9447e+00
964 +3.950805262e-04 +3.950805262e-04 -5.660960492e+01 -5.660960492e+01 +2.0202e+00 +2.9442e+00
992 +3.845619956e-04 +3.845619956e-04 -5.660961544e+01 -5.660961544e+01 +2.0182e+00 +2.9437e+00
995 +3.796229602e-04 +3.796229602e-04 -5.660962038e+01 -5.660962038e+01 +2.0193e+00 +2.9439e+00
1003 +3.709885904e-04 +3.709885904e-04 -5.660962901e+01 -5.660962901e+01 +2.0187e+00 +2.9438e+00
1309 +3.623169037e-04 +3.623169037e-04 -5.660963768e+01 -5.660963768e+01 +2.0182e+00 +2.9436e+00
1369 +3.531324955e-04 +3.531324955e-04 -5.660964687e+01 -5.660964687e+01 +2.0176e+00 +2.9434e+00
1418 +3.466551218e-04 +3.466551218e-04 -5.660965334e+01 -5.660965334e+01 +2.0168e+00 +2.9431e+00
1419 +3.335415097e-04 +3.335415097e-04 -5.660966646e+01 -5.660966646e+01 +2.0162e+00 +2.9430e+00
1439 +3.222913767e-04 +3.222913767e-04 -5.660967771e+01 -5.660967771e+01 +2.0155e+00 +2.9427e+00
1496 +3.161138832e-04 +3.161138832e-04 -5.660968389e+01 -5.660968389e+01 +2.0148e+00 +2.9424e+00
1499 +3.061261806e-04 +3.061261806e-04 -5.660969387e+01 -5.660969387e+01 +2.0144e+00 +2.9424e+00
1518 +2.884314282e-04 +2.884314282e-04 -5.660971157e+01 -5.660971157e+01 +2.0124e+00 +2.9418e+00
1548 +2.410109515e-04 +2.410109515e-04 -5.660975899e+01 -5.660975899e+01 +2.0085e+00 +2.9404e+00
1580 +2.338841450e-04 +2.338841450e-04 -5.660976612e+01 -5.660976612e+01 +2.0087e+00 +2.9405e+00
1597 +2.288699620e-04 +2.288699620e-04 -5.660977113e+01 -5.660977113e+01 +2.0086e+00 +2.9405e+00
1755 +2.221605368e-04 +2.221605368e-04 -5.660977784e+01 -5.660977784e+01 +2.0079e+00 +2.9403e+00
1838 +2.174093847e-04 +2.174093847e-04 -5.660978259e+01 -5.660978259e+01 +2.0075e+00 +2.9401e+00
1946 +2.124121030e-04 +2.124121030e-04 -5.660978759e+01 -5.660978759e+01 +2.0072e+00 +2.9400e+00
2186 +2.089214612e-04 +2.089214612e-04 -5.660979108e+01 -5.660979108e+01 +2.0068e+00 +2.9399e+00
2365 +2.039925352e-04 +2.039925352e-04 -5.660979601e+01 -5.660979601e+01 +2.0063e+00 +2.9398e+00
2406 +1.992674339e-04 +1.992674339e-04 -5.660980073e+01 -5.660980073e+01 +2.0053e+00 +2.9395e+00
2438 +1.946350869e-04 +1.946350869e-04 -5.660980536e+01 -5.660980536e+01 +2.0055e+00 +2.9395e+00
2457 +1.829925199e-04 +1.829925199e-04 -5.660981701e+01 -5.660981701e+01 +2.0042e+00 +2.9391e+00
2737 +1.807653140e-04 +1.807653140e-04 -5.660981923e+01 -5.660981923e+01 +2.0041e+00 +2.9390e+00
2757 +1.762287434e-04 +1.762287434e-04 -5.660982377e+01 -5.660982377e+01 +2.0037e+00 +2.9389e+00
2777 +1.731844894e-04 +1.731844894e-04 -5.660982682e+01 -5.660982682e+01 +2.0032e+00 +2.9387e+00
2780 +1.685962961e-04 +1.685962961e-04 -5.660983140e+01 -5.660983140e+01 +2.0029e+00 +2.9387e+00
2789 +1.645192007e-04 +1.645192007e-04 -5.660983548e+01 -5.660983548e+01 +2.0025e+00 +2.9385e+00
2794 +1.591819601e-04 +1.591819601e-04 -5.660984082e+01 -5.660984082e+01 +2.0019e+00 +2.9383e+00
3618 +1.582653275e-04 +1.582653275e-04 -5.660984173e+01 -5.660984173e+01 +2.0019e+00 +2.9383e+00
3778 +1.548458902e-04 +1.548458902e-04 -5.660984515e+01 -5.660984515e+01 +2.0015e+00 +2.9382e+00
3865 +1.509870320e-04 +1.509870320e-04 -5.660984901e+01 -5.660984901e+01 +2.0010e+00 +2.9380e+00
3928 +1.472360275e-04 +1.472360275e-04 -5.660985276e+01 -5.660985276e+01 +2.0006e+00 +2.9379e+00
4032 +1.438876299e-04 +1.438876299e-04 -5.660985611e+01 -5.660985611e+01 +2.0002e+00 +2.9378e+00
4377 +1.412408770e-04 +1.412408770e-04 -5.660985876e+01 -5.660985876e+01 +1.9999e+00 +2.9377e+00
4574 +1.375982098e-04 +1.375982098e-04 -5.660986240e+01 -5.660986240e+01 +1.9995e+00 +2.9375e+00
4687 +1.346406018e-04 +1.346406018e-04 -5.660986536e+01 -5.660986536e+01 +1.9991e+00 +2.9374e+00
4775 +1.317310183e-04 +1.317310183e-04 -5.660986827e+01 -5.660986827e+01 +1.9988e+00 +2.9373e+00
% function evaluation | noise-free fitness - Fopt (-3.745400000000e+02) | best noise-free fitness - Fopt | measured fitness | best measured fitness | x1 | x2...
1 +2.617512575e+01 +2.617512575e+01 -3.483648742e+02 -3.483648742e+02 +0.0000e+00 +0.0000e+00
4 +1.666843361e+01 +1.666843361e+01 -3.578715664e+02 -3.578715664e+02 +8.4948e-02 +4.8920e-01
11 +1.194626243e+01 +1.194626243e+01 -3.625937376e+02 -3.625937376e+02 -4.1943e-01 +5.8805e-01
15 +8.782672415e+00 +8.782672415e+00 -3.657573276e+02 -3.657573276e+02 -3.7719e-01 +8.6603e-01
18 +7.139299962e+00 +7.139299962e+00 -3.674007000e+02 -3.674007000e+02 -2.3092e-01 +1.1040e+00
22 +4.325180815e+00 +4.325180815e+00 -3.702148192e+02 -3.702148192e+02 -3.7714e-01 +1.5263e+00
27 +2.882444071e+00 +2.882444071e+00 -3.716575559e+02 -3.716575559e+02 -1.0812e+00 +1.7364e+00
30 +2.694505524e+00 +2.694505524e+00 -3.718454945e+02 -3.718454945e+02 -1.3806e+00 +1.4816e+00
37 +1.719439356e+00 +1.719439356e+00 -3.728205606e+02 -3.728205606e+02 -2.2597e+00 +1.2789e+00
40 +9.327191387e-02 +9.327191387e-02 -3.744467281e+02 -3.744467281e+02 -4.0625e+00 +1.5605e+00
111 +8.182392142e-02 +8.182392142e-02 -3.744581761e+02 -3.744581761e+02 -4.1764e+00 +2.0038e+00
146 +5.498748345e-02 +5.498748345e-02 -3.744850125e+02 -3.744850125e+02 -4.0842e+00 +1.7223e+00
150 +2.385494027e-02 +2.385494027e-02 -3.745161451e+02 -3.745161451e+02 -3.8793e+00 +1.3781e+00
180 +1.848232451e-02 +1.848232451e-02 -3.745215177e+02 -3.745215177e+02 -3.9713e+00 +1.5322e+00
184 +9.082458000e-03 +9.082458000e-03 -3.745309175e+02 -3.745309175e+02 -3.9760e+00 +1.6205e+00
203 +3.478606632e-03 +3.478606632e-03 -3.745365214e+02 -3.745365214e+02 -3.9433e+00 +1.5192e+00
230 +1.706741900e-03 +1.706741900e-03 -3.745382933e+02 -3.745382933e+02 -3.9675e+00 +1.5782e+00
235 +1.640781329e-03 +1.640781329e-03 -3.745383592e+02 -3.745383592e+02 -3.9787e+00 +1.6069e+00
252 +9.843403576e-04 +9.843403576e-04 -3.745390157e+02 -3.745390157e+02 -3.9656e+00 +1.5658e+00
286 +5.436750679e-04 +5.436750679e-04 -3.745394563e+02 -3.745394563e+02 -3.9640e+00 +1.5654e+00
303 +4.908317947e-04 +4.908317947e-04 -3.745395092e+02 -3.745395092e+02 -3.9613e+00 +1.5572e+00
349 +3.699185409e-04 +3.699185409e-04 -3.745396301e+02 -3.745396301e+02 -3.9645e+00 +1.5661e+00
366 +3.385791979e-04 +3.385791979e-04 -3.745396614e+02 -3.745396614e+02 -3.9646e+00 +1.5658e+00
379 +3.193178449e-04 +3.193178449e-04 -3.745396807e+02 -3.745396807e+02 -3.9656e+00 +1.5682e+00
382 +3.135051660e-04 +3.135051660e-04 -3.745396865e+02 -3.745396865e+02 -3.9652e+00 +1.5674e+00
444 +3.035162854e-04 +3.035162854e-04 -3.745396965e+02 -3.745396965e+02 -3.9653e+00 +1.5678e+00
538 +3.010500059e-04 +3.010500059e-04 -3.745396989e+02 -3.745396989e+02 -3.9654e+00 +1.5679e+00
756 +2.942025479e-04 +2.942025479e-04 -3.745397058e+02 -3.745397058e+02 -3.9656e+00 +1.5684e+00
911 +2.880931418e-04 +2.880931418e-04 -3.745397119e+02 -3.745397119e+02 -3.9657e+00 +1.5688e+00
1043 +2.809902097e-04 +2.809902097e-04 -3.745397190e+02 -3.745397190e+02 -3.9659e+00 +1.5693e+00
1106 +2.743613356e-04 +2.743613356e-04 -3.745397256e+02 -3.745397256e+02 -3.9661e+00 +1.5699e+00
1148 +2.677877919e-04 +2.677877919e-04 -3.745397322e+02 -3.745397322e+02 -3.9664e+00 +1.5706e+00
1157 +2.611325702e-04 +2.611325702e-04 -3.745397389e+02 -3.745397389e+02 -3.9665e+00 +1.5708e+00
1320 +2.546541685e-04 +2.546541685e-04 -3.745397453e+02 -3.745397453e+02 -3.9667e+00 +1.5713e+00
1375 +2.502426547e-04 +2.502426547e-04 -3.745397498e+02 -3.745397498e+02 -3.9668e+00 +1.5717e+00
1502 +2.451109745e-04 +2.451109745e-04 -3.745397549e+02 -3.745397549e+02 -3.9670e+00 +1.5720e+00
1645 +2.391738215e-04 +2.391738215e-04 -3.745397608e+02 -3.745397608e+02 -3.9672e+00 +1.5725e+00
1678 +2.282515926e-04 +2.282515926e-04 -3.745397717e+02 -3.745397717e+02 -3.9676e+00 +1.5735e+00
1752 +2.230782179e-04 +2.230782179e-04 -3.745397769e+02 -3.745397769e+02 -3.9677e+00 +1.5739e+00
2513 +2.184190221e-04 +2.184190221e-04 -3.745397816e+02 -3.745397816e+02 -3.9679e+00 +1.5744e+00
2515 +2.126472515e-04 +2.126472515e-04 -3.745397874e+02 -3.745397874e+02 -3.9681e+00 +1.5749e+00
2559 +2.073721498e-04 +2.073721498e-04 -3.745397926e+02 -3.745397926e+02 -3.9682e+00 +1.5753e+00
2586 +2.035207249e-04 +2.035207249e-04 -3.745397965e+02 -3.745397965e+02 -3.9683e+00 +1.5756e+00
2649 +1.991712600e-04 +1.991712600e-04 -3.745398008e+02 -3.745398008e+02 -3.9685e+00 +1.5760e+00
2763 +1.931431523e-04 +1.931431523e-04 -3.745398069e+02 -3.745398069e+02 -3.9687e+00 +1.5765e+00
2778 +1.895098998e-04 +1.895098998e-04 -3.745398105e+02 -3.745398105e+02 -3.9689e+00 +1.5769e+00
3506 +1.860354424e-04 +1.860354424e-04 -3.745398140e+02 -3.745398140e+02 -3.9690e+00 +1.5772e+00
3822 +1.817466446e-04 +1.817466446e-04 -3.745398183e+02 -3.745398183e+02 -3.9691e+00 +1.5776e+00
3940 +1.770540852e-04 +1.770540852e-04 -3.745398229e+02 -3.745398229e+02 -3.9693e+00 +1.5780e+00
3972 +1.731109954e-04 +1.731109954e-04 -3.745398269e+02 -3.745398269e+02 -3.9695e+00 +1.5784e+00
4185 +1.693350712e-04 +1.693350712e-04 -3.745398307e+02 -3.745398307e+02 -3.9696e+00 +1.5788e+00
4226 +1.648314494e-04 +1.648314494e-04 -3.745398352e+02 -3.745398352e+02 -3.9698e+00 +1.5793e+00
4253 +1.616845777e-04 +1.616845777e-04 -3.745398383e+02 -3.745398383e+02 -3.9701e+00 +1.5800e+00
4262 +1.561626199e-04 +1.561626199e-04 -3.745398438e+02 -3.745398438e+02 -3.9701e+00 +1.5802e+00
4272 +1.531435417e-04 +1.531435417e-04 -3.745398469e+02 -3.745398469e+02 -3.9704e+00 +1.5809e+00
4349 +1.506564013e-04 +1.506564013e-04 -3.745398493e+02 -3.745398493e+02 -3.9704e+00 +1.5809e+00
4660 +1.477389272e-04 +1.477389272e-04 -3.745398523e+02 -3.745398523e+02 -3.9705e+00 +1.5811e+00
% function evaluation | noise-free fitness - Fopt (6.596500000000e+02) | best noise-free fitness - Fopt | measured fitness | best measured fitness | x1 | x2...
1 +3.508954502e+01 +3.508954502e+01 +6.947395450e+02 +6.947395450e+02 +0.0000e+00 +0.0000e+00
2 +2.883616552e+01 +2.883616552e+01 +6.884861655e+02 +6.884861655e+02 -1.2741e-01 +2.7232e-01
3 +2.728564604e+01 +2.728564604e+01 +6.869356460e+02 +6.869356460e+02 -2.0490e-01 +2.1736e-01
11 +2.668402804e+01 +2.668402804e+01 +6.863340280e+02 +6.863340280e+02 -1.5862e-01 +4.2568e-01
12 +1.484362476e+01 +1.484362476e+01 +6.744936248e+02 +6.744936248e+02 -7.3336e-01 +3.8218e-01
20 +9.438757353e+00 +9.438757353e+00 +6.690887574e+02 +6.690887574e+02 -1.2148e+00 +2.8442e-02
21 +2.865706801e+00 +2.865706801e+00 +6.625157068e+02 +6.625157068e+02 -1.7909e+00 +5.0670e-01
28 +1.283179717e+00 +1.283179717e+00 +6.609331797e+02 +6.609331797e+02 -3.1823e+00 -8.3465e-01
31 +5.484828495e-01 +5.484828495e-01 +6.601984828e+02 +6.601984828e+02 -2.4456e+00 +5.3514e-01
43 +4.236636388e-01 +4.236636388e-01 +6.600736636e+02 +6.600736636e+02 -2.5467e+00 +3.4622e-01
51 +3.345753057e-01 +3.345753057e-01 +6.599845753e+02 +6.599845753e+02 -3.4395e+00 +9.4917e-01
58 +1.136162755e-01 +1.136162755e-01 +6.597636163e+02 +6.597636163e+02 -3.6612e+00 +5.6595e-01
62 +4.970049664e-02 +4.970049664e-02 +6.596997005e+02 +6.596997005e+02 -3.5074e+00 +6.6868e-01
85 +1.245506585e-02 +1.245506585e-02 +6.596624551e+02 +6.596624551e+02 -3.1157e+00 +4.7611e-01
96 +3.627442825e-03 +3.627442825e-03 +6.596536274e+02 +6.596536274e+02 -3.1931e+00 +5.1050e-01
115 +1.714018662e-03 +1.714018662e-03 +6.596517140e+02 +6.596517140e+02 -3.2775e+00 +5.4084e-01
176 +1.255596162e-03 +1.255596162e-03 +6.596512556e+02 +6.596512556e+02 -3.2845e+00 +5.4634e-01
189 +5.648505706e-04 +5.648505706e-04 +6.596505649e+02 +6.596505649e+02 -3.2345e+00 +5.2761e-01
1558 +5.622215169e-04 +5.622215169e-04 +6.596505622e+02 +6.596505622e+02 -3.3502e+00 +5.6712e-01
1579 +5.493930777e-04 +5.493930777e-04 +6.596505494e+02 +6.596505494e+02 -3.3496e+00 +5.6685e-01
1599 +5.349960221e-04 +5.349960221e-04 +6.596505350e+02 +6.596505350e+02 -3.3487e+00 +5.6649e-01
1690 +5.228045405e-04 +5.228045405e-04 +6.596505228e+02 +6.596505228e+02 -3.3483e+00 +5.6643e-01
1698 +5.114451784e-04 +5.114451784e-04 +6.596505114e+02 +6.596505114e+02 -3.3477e+00 +5.6630e-01
1770 +4.973191589e-04 +4.973191589e-04 +6.596504973e+02 +6.596504973e+02 -3.3470e+00 +5.6606e-01
1836 +4.890598966e-04 +4.890598966e-04 +6.596504891e+02 +6.596504891e+02 -3.3467e+00 +5.6588e-01
1986 +4.782437099e-04 +4.782437099e-04 +6.596504782e+02 +6.596504782e+02 -3.3461e+00 +5.6574e-01
2038 +4.671564288e-04 +4.671564288e-04 +6.596504672e+02 +6.596504672e+02 -3.3454e+00 +5.6552e-01
2094 +4.538798441e-04 +4.538798441e-04 +6.596504539e+02 +6.596504539e+02 -3.3446e+00 +5.6529e-01
2109 +4.457057314e-04 +4.457057314e-04 +6.596504457e+02 +6.596504457e+02 -3.3439e+00 +5.6507e-01
2130 +4.169335001e-04 +4.169335001e-04 +6.596504169e+02 +6.596504169e+02 -3.3428e+00 +5.6461e-01
2140 +4.130334262e-04 +4.130334262e-04 +6.596504130e+02 +6.596504130e+02 -3.3420e+00 +5.6442e-01
2206 +4.055899759e-04 +4.055899759e-04 +6.596504056e+02 +6.596504056e+02 -3.3421e+00 +5.6433e-01
2234 +3.919339024e-04 +3.919339024e-04 +6.596503919e+02 +6.596503919e+02 -3.3410e+00 +5.6408e-01
2247 +3.883694171e-04 +3.883694171e-04 +6.596503884e+02 +6.596503884e+02 -3.3411e+00 +5.6406e-01
2303 +3.788970496e-04 +3.788970496e-04 +6.596503789e+02 +6.596503789e+02 -3.3405e+00 +5.6386e-01
2340 +3.688920701e-04 +3.688920701e-04 +6.596503689e+02 +6.596503689e+02 -3.3399e+00 +5.6359e-01
2429 +3.617745277e-04 +3.617745277e-04 +6.596503618e+02 +6.596503618e+02 -3.3393e+00 +5.6349e-01
2453 +3.512608372e-04 +3.512608372e-04 +6.596503513e+02 +6.596503513e+02 -3.3388e+00 +5.6329e-01
2524 +3.394340540e-04 +3.394340540e-04 +6.596503394e+02 +6.596503394e+02 -3.3381e+00 +5.6304e-01
2530 +3.384694055e-04 +3.384694055e-04 +6.596503385e+02 +6.596503385e+02 -3.3379e+00 +5.6290e-01
2573 +3.309081162e-04 +3.309081162e-04 +6.596503309e+02 +6.596503309e+02 -3.3375e+00 +5.6282e-01
2612 +3.233119330e-04 +3.233119330e-04 +6.596503233e+02 +6.596503233e+02 -3.3369e+00 +5.6265e-01
2619 +3.154982337e-04 +3.154982337e-04 +6.596503155e+02 +6.596503155e+02 -3.3365e+00 +5.6246e-01
2632 +3.069010611e-04 +3.069010611e-04 +6.596503069e+02 +6.596503069e+02 -3.3355e+00 +5.6222e-01
2642 +2.968828175e-04 +2.968828175e-04 +6.596502969e+02 +6.596502969e+02 -3.3324e+00 +5.6126e-01
2675 +2.813473627e-04 +2.813473627e-04 +6.596502813e+02 +6.596502813e+02 -3.3333e+00 +5.6150e-01
2869 +2.754225485e-04 +2.754225485e-04 +6.596502754e+02 +6.596502754e+02 -3.3336e+00 +5.6154e-01
2914 +2.673784938e-04 +2.673784938e-04 +6.596502674e+02 +6.596502674e+02 -3.3330e+00 +5.6130e-01
2973 +2.598184744e-04 +2.598184744e-04 +6.596502598e+02 +6.596502598e+02 -3.3324e+00 +5.6107e-01
3059 +2.569395440e-04 +2.569395440e-04 +6.596502569e+02 +6.596502569e+02 -3.3323e+00 +5.6107e-01
3138 +2.509578924e-04 +2.509578924e-04 +6.596502510e+02 +6.596502510e+02 -3.3318e+00 +5.6090e-01
3216 +2.452781547e-04 +2.452781547e-04 +6.596502453e+02 +6.596502453e+02 -3.3313e+00 +5.6074e-01
3304 +2.398242841e-04 +2.398242841e-04 +6.596502398e+02 +6.596502398e+02 -3.3309e+00 +5.6061e-01
3483 +2.340828473e-04 +2.340828473e-04 +6.596502341e+02 +6.596502341e+02 -3.3304e+00 +5.6042e-01
3554 +2.290030333e-04 +2.290030333e-04 +6.596502290e+02 +6.596502290e+02 -3.3299e+00 +5.6030e-01
3667 +2.237999356e-04 +2.237999356e-04 +6.596502238e+02 +6.596502238e+02 -3.3295e+00 +5.6013e-01
3830 +2.159943053e-04 +2.159943053e-04 +6.596502160e+02 +6.596502160e+02 -3.3288e+00 +5.5992e-01
3964 +2.137621631e-04 +2.137621631e-04 +6.596502138e+02 +6.596502138e+02 -3.3284e+00 +5.5981e-01
4144 +2.087923956e-04 +2.087923956e-04 +6.596502088e+02 +6.596502088e+02 -3.3282e+00 +5.5971e-01
4340 +2.033897925e-04 +2.033897925e-04 +6.596502034e+02 +6.596502034e+02 -3.3277e+00 +5.5955e-01
4441 +1.984651087e-04 +1.984651087e-04 +6.596501985e+02 +6.596501985e+02 -3.3273e+00 +5.5937e-01
4446 +1.937892890e-04 +1.937892890e-04 +6.596501938e+02 +6.596501938e+02 -3.3268e+00 +5.5925e-01
4507 +1.876070523e-04 +1.876070523e-04 +6.596501876e+02 +6.596501876e+02 -3.3261e+00 +5.5898e-01
4525 +1.859281759e-04 +1.859281759e-04 +6.596501859e+02 +6.596501859e+02 -3.3260e+00 +5.5897e-01
4554 +1.819091767e-04 +1.819091767e-04 +6.596501819e+02 +6.596501819e+02 -3.3257e+00 +5.5884e-01
4699 +1.769427803e-04 +1.769427803e-04 +6.596501769e+02 +6.596501769e+02 -3.3252e+00 +5.5869e-01
4731 +1.732257443e-04 +1.732257443e-04 +6.596501732e+02 +6.596501732e+02 -3.3248e+00 +5.5856e-01
% function evaluation | noise-free fitness - Fopt (-1.340000000000e+00) | best noise-free fitness - Fopt | measured fitness | best measured fitness | x1 | x2...
1 +1.399859233e+01 +1.399859233e+01 +1.265859233e+01 +1.265859233e+01 +0.0000e+00 +0.0000e+00
2 +1.277775820e+01 +1.277775820e+01 +1.143775820e+01 +1.143775820e+01 -4.7836e-02 +2.4947e-01
6 +1.080186442e+01 +1.080186442e+01 +9.461864419e+00 +9.461864419e+00 +2.9769e-01 -9.7807e-02
8 +9.447030407e+00 +9.447030407e+00 +8.107030407e+00 +8.107030407e+00 +2.5541e-01 +2.1218e-01
10 +7.570909766e+00 +7.570909766e+00 +6.230909766e+00 +6.230909766e+00 +6.1340e-01 -9.5364e-02
12 +6.983722024e+00 +6.983722024e+00 +5.643722024e+00 +5.643722024e+00 +4.8122e-01 +3.1474e-01
18 +6.681014131e+00 +6.681014131e+00 +5.341014131e+00 +5.341014131e+00 +5.4630e-01 +2.6595e-01
20 +5.591190943e+00 +5.591190943e+00 +4.251190943e+00 +4.251190943e+00 +8.0403e-01 +7.1601e-02
25 +5.004176867e+00 +5.004176867e+00 +3.664176867e+00 +3.664176867e+00 +6.7115e-01 +7.0778e-01
26 +3.605979433e+00 +3.605979433e+00 +2.265979433e+00 +2.265979433e+00 +1.2922e+00 +3.9563e-01
34 +3.544105290e+00 +3.544105290e+00 +2.204105290e+00 +2.204105290e+00 +1.9726e+00 +9.4820e-01
41 +1.889162269e+00 +1.889162269e+00 +5.491622688e-01 +5.491622688e-01 +2.9333e+00 -4.0918e-01
58 +1.706198198e+00 +1.706198198e+00 +3.661981982e-01 +3.661981982e-01 +3.5959e+00 -2.6063e-01
67 +1.030088820e+00 +1.030088820e+00 -3.099111802e-01 -3.099111802e-01 +2.7526e+00 -1.7053e+00
70 +9.641190916e-01 +9.641190916e-01 -3.758809084e-01 -3.758809084e-01 +4.7078e+00 -1.4620e+00
80 +5.955413024e-01 +5.955413024e-01 -7.444586976e-01 -7.444586976e-01 +3.6094e+00 -2.8150e+00
89 +8.808132650e-02 +8.808132650e-02 -1.251918673e+00 -1.251918673e+00 +4.0518e+00 -1.8457e+00
125 +5.463846755e-02 +5.463846755e-02 -1.285361532e+00 -1.285361532e+00 +4.0138e+00 -1.9052e+00
137 +2.533137765e-02 +2.533137765e-02 -1.314668622e+00 -1.314668622e+00 +4.0013e+00 -2.0041e+00
149 +5.406903008e-03 +5.406903008e-03 -1.334593097e+00 -1.334593097e+00 +3.7464e+00 -2.1208e+00
210 +2.109703913e-03 +2.109703913e-03 -1.337890296e+00 -1.337890296e+00 +3.9082e+00 -2.0305e+00
250 +1.616201003e-03 +1.616201003e-03 -1.338383799e+00 -1.338383799e+00 +3.8631e+00 -2.0518e+00
276 +3.621584562e-04 +3.621584562e-04 -1.339637842e+00 -1.339637842e+00 +3.8398e+00 -2.0667e+00
416 +2.806675672e-04 +2.806675672e-04 -1.339719332e+00 -1.339719332e+00 +3.8426e+00 -2.0653e+00
1697 +2.734259488e-04 +2.734259488e-04 -1.339726574e+00 -1.339726574e+00 +3.8420e+00 -2.0657e+00
1819 +2.684068897e-04 +2.684068897e-04 -1.339731593e+00 -1.339731593e+00 +3.8424e+00 -2.0655e+00
1830 +2.625405298e-04 +2.625405298e-04 -1.339737459e+00 -1.339737459e+00 +3.8431e+00 -2.0651e+00
1858 +2.556652698e-04 +2.556652698e-04 -1.339744335e+00 -1.339744335e+00 +3.8437e+00 -2.0647e+00
1862 +2.504316826e-04 +2.504316826e-04 -1.339749568e+00 -1.339749568e+00 +3.8439e+00 -2.0647e+00
1872 +2.425302699e-04 +2.425302699e-04 -1.339757470e+00 -1.339757470e+00 +3.8442e+00 -2.0644e+00
2057 +2.393674640e-04 +2.393674640e-04 -1.339760633e+00 -1.339760633e+00 +3.8446e+00 -2.0642e+00
2107 +2.329075779e-04 +2.329075779e-04 -1.339767092e+00 -1.339767092e+00 +3.8449e+00 -2.0640e+00
2200 +2.283822277e-04 +2.283822277e-04 -1.339771618e+00 -1.339771618e+00 +3.8453e+00 -2.0638e+00
2515 +2.236945174e-04 +2.236945174e-04 -1.339776305e+00 -1.339776305e+00 +3.8457e+00 -2.0636e+00
2725 +2.169812145e-04 +2.169812145e-04 -1.339783019e+00 -1.339783019e+00 +3.8462e+00 -2.0633e+00
2767 +2.121976842e-04 +2.121976842e-04 -1.339787802e+00 -1.339787802e+00 +3.8467e+00 -2.0630e+00
3326 +2.088836507e-04 +2.088836507e-04 -1.339791116e+00 -1.339791116e+00 +3.8468e+00 -2.0630e+00
3695 +2.039359121e-04 +2.039359121e-04 -1.339796064e+00 -1.339796064e+00 +3.8473e+00 -2.0627e+00
3836 +1.990377712e-04 +1.990377712e-04 -1.339800962e+00 -1.339800962e+00 +3.8477e+00 -2.0625e+00
3948 +1.939066199e-04 +1.939066199e-04 -1.339806093e+00 -1.339806093e+00 +3.8481e+00 -2.0622e+00
4361 +1.905209111e-04 +1.905209111e-04 -1.339809479e+00 -1.339809479e+00 +3.8484e+00 -2.0621e+00
4426 +1.859721870e-04 +1.859721870e-04 -1.339814028e+00 -1.339814028e+00 +3.8488e+00 -2.0618e+00
4498 +1.791470477e-04 +1.791470477e-04 -1.339820853e+00 -1.339820853e+00 +3.8495e+00 -2.0615e+00
4515 +1.750025857e-04 +1.750025857e-04 -1.339824997e+00 -1.339824997e+00 +3.8498e+00 -2.0613e+00
4653 +1.727098872e-04 +1.727098872e-04 -1.339827290e+00 -1.339827290e+00 +3.8501e+00 -2.0611e+00
4668 +1.689674330e-04 +1.689674330e-04 -1.339831033e+00 -1.339831033e+00 +3.8505e+00 -2.0609e+00
% function evaluation | noise-free fitness - Fopt (-2.745800000000e+02) | best noise-free fitness - Fopt | measured fitness | best measured fitness | x1 | x2...
1 +2.372824004e+00 +2.372824004e+00 -2.722071760e+02 -2.722071760e+02 +0.0000e+00 +0.0000e+00
10 +2.172675119e+00 +2.172675119e+00 -2.724073249e+02 -2.724073249e+02 +1.4231e-01 +2.0886e-01
27 +1.999251726e+00 +1.999251726e+00 -2.725807483e+02 -2.725807483e+02 +1.2878e-01 +3.8182e-01
30 +1.850285906e+00 +1.850285906e+00 -2.727297141e+02 -2.727297141e+02 +2.9717e-01 +5.4756e-01
35 +1.734379834e+00 +1.734379834e+00 -2.728456202e+02 -2.728456202e+02 +1.8152e-01 +6.5151e-01
39 +1.538196459e+00 +1.538196459e+00 -2.730418035e+02 -2.730418035e+02 +3.3541e-01 +8.7152e-01
42 +1.430856803e+00 +1.430856803e+00 -2.731491432e+02 -2.731491432e+02 +2.8127e-01 +9.7000e-01
47 +1.316373637e+00 +1.316373637e+00 -2.732636264e+02 -2.732636264e+02 -1.9460e-01 +1.0474e+00
49 +1.058740635e+00 +1.058740635e+00 -2.735212594e+02 -2.735212594e+02 -1.6777e-02 +1.3153e+00
50 +9.422565129e-01 +9.422565129e-01 -2.736377435e+02 -2.736377435e+02 -3.7305e-01 +1.4125e+00
52 +3.216463530e-01 +3.216463530e-01 -2.742583536e+02 -2.742583536e+02 -8.4065e-01 +2.0332e+00
70 +9.408123512e-02 +9.408123512e-02 -2.744859188e+02 -2.744859188e+02 -5.1068e-01 +2.2545e+00
109 +8.773481949e-02 +8.773481949e-02 -2.744922652e+02 -2.744922652e+02 -2.4201e-01 +2.4510e+00
143 +5.681432097e-02 +5.681432097e-02 -2.745231857e+02 -2.745231857e+02 -1.8190e-01 +2.4230e+00
150 +7.007466323e-03 +7.007466323e-03 -2.745729925e+02 -2.745729925e+02 -2.8986e-01 +2.3676e+00
161 +1.765685363e-03 +1.765685363e-03 -2.745782343e+02 -2.745782343e+02 -2.8746e-01 +2.3624e+00
176 +1.256895816e-03 +1.256895816e-03 -2.745787431e+02 -2.745787431e+02 -2.5748e-01 +2.3630e+00
211 +5.757766083e-04 +5.757766083e-04 -2.745794242e+02 -2.745794242e+02 -2.8129e-01 +2.3614e+00
234 +4.976200967e-04 +4.976200967e-04 -2.745795024e+02 -2.745795024e+02 -3.0424e-01 +2.3603e+00
237 +1.438547550e-04 +1.438547550e-04 -2.745798561e+02 -2.745798561e+02 -3.0768e-01 +2.3596e+00
329 +1.343321358e-04 +1.343321358e-04 -2.745798657e+02 -2.745798657e+02 -3.0892e-01 +2.3595e+00
353 +1.309238565e-04 +1.309238565e-04 -2.745798691e+02 -2.745798691e+02 -3.0984e-01 +2.3595e+00
356 +1.244109371e-04 +1.244109371e-04 -2.745798756e+02 -2.745798756e+02 -3.1020e-01 +2.3595e+00
402 +1.226205104e-04 +1.226205104e-04 -2.745798774e+02 -2.745798774e+02 -3.1040e-01 +2.3595e+00
425 +1.200174216e-04 +1.200174216e-04 -2.745798800e+02 -2.745798800e+02 -3.1076e-01 +2.3595e+00
426 +1.141834252e-04 +1.141834252e-04 -2.745798858e+02 -2.745798858e+02 -3.1164e-01 +2.3594e+00
434 +1.094101030e-04 +1.094101030e-04 -2.745798906e+02 -2.745798906e+02 -3.1227e-01 +2.3594e+00
513 +1.056831564e-04 +1.056831564e-04 -2.745798943e+02 -2.745798943e+02 -3.1289e-01 +2.3594e+00
549 +1.041873958e-04 +1.041873958e-04 -2.745798958e+02 -2.745798958e+02 -3.1305e-01 +2.3593e+00
562 +9.815601817e-05 +9.815601817e-05 -2.745799018e+02 -2.745799018e+02 -3.1422e-01 +2.3593e+00
571 +9.596527440e-05 +9.596527440e-05 -2.745799040e+02 -2.745799040e+02 -3.1480e-01 +2.3593e+00
597 +8.938515481e-05 +8.938515481e-05 -2.745799106e+02 -2.745799106e+02 -3.1593e-01 +2.3592e+00
607 +8.693965231e-05 +8.693965231e-05 -2.745799131e+02 -2.745799131e+02 -3.1587e-01 +2.3592e+00
644 +8.331971623e-05 +8.331971623e-05 -2.745799167e+02 -2.745799167e+02 -3.1639e-01 +2.3592e+00
652 +7.366437529e-05 +7.366437529e-05 -2.745799263e+02 -2.745799263e+02 -3.1827e-01 +2.3591e+00
681 +7.191881701e-05 +7.191881701e-05 -2.745799281e+02 -2.745799281e+02 -3.1869e-01 +2.3590e+00
693 +6.955114844e-05 +6.955114844e-05 -2.745799304e+02 -2.745799304e+02 -3.2004e-01 +2.3590e+00
697 +6.853011905e-05 +6.853011905e-05 -2.745799315e+02 -2.745799315e+02 -3.1914e-01 +2.3590e+00
716 +6.167262751e-05 +6.167262751e-05 -2.745799383e+02 -2.745799383e+02 -3.2092e-01 +2.3589e+00
755 +6.165050428e-05 +6.165050428e-05 -2.745799383e+02 -2.745799383e+02 -3.2072e-01 +2.3589e+00
773 +6.011933300e-05 +6.011933300e-05 -2.745799399e+02 -2.745799399e+02 -3.2090e-01 +2.3589e+00
781 +5.877396063e-05 +5.877396063e-05 -2.745799412e+02 -2.745799412e+02 -3.2118e-01 +2.3589e+00
783 +5.696313167e-05 +5.696313167e-05 -2.745799430e+02 -2.745799430e+02 -3.2158e-01 +2.3589e+00
824 +5.511662653e-05 +5.511662653e-05 -2.745799449e+02 -2.745799449e+02 -3.2209e-01 +2.3588e+00
827 +5.313966784e-05 +5.313966784e-05 -2.745799469e+02 -2.745799469e+02 -3.2295e-01 +2.3588e+00
840 +5.121467325e-05 +5.121467325e-05 -2.745799488e+02 -2.745799488e+02 -3.2322e-01 +2.3588e+00
845 +4.836829629e-05 +4.836829629e-05 -2.745799516e+02 -2.745799516e+02 -3.2400e-01 +2.3587e+00
850 +4.616451906e-05 +4.616451906e-05 -2.745799538e+02 -2.745799538e+02 -3.2566e-01 +2.3586e+00
893 +4.084366446e-05 +4.084366446e-05 -2.745799592e+02 -2.745799592e+02 -3.2565e-01 +2.3587e+00
920 +3.586751103e-05 +3.586751103e-05 -2.745799641e+02 -2.745799641e+02 -3.2712e-01 +2.3586e+00
936 +3.408434412e-05 +3.408434412e-05 -2.745799659e+02 -2.745799659e+02 -3.2777e-01 +2.3585e+00
946 +3.369486501e-05 +3.369486501e-05 -2.745799663e+02 -2.745799663e+02 -3.2912e-01 +2.3585e+00
949 +3.251972151e-05 +3.251972151e-05 -2.745799675e+02 -2.745799675e+02 -3.2818e-01 +2.3585e+00
1771 +3.227691565e-05 +3.227691565e-05 -2.745799677e+02 -2.745799677e+02 -3.2831e-01 +2.3585e+00
1811 +3.146416844e-05 +3.146416844e-05 -2.745799685e+02 -2.745799685e+02 -3.2848e-01 +2.3585e+00
1860 +3.070969728e-05 +3.070969728e-05 -2.745799693e+02 -2.745799693e+02 -3.2876e-01 +2.3585e+00
1876 +3.002240322e-05 +3.002240322e-05 -2.745799700e+02 -2.745799700e+02 -3.2897e-01 +2.3585e+00
1910 +2.938397762e-05 +2.938397762e-05 -2.745799706e+02 -2.745799706e+02 -3.2930e-01 +2.3585e+00
1938 +2.872108024e-05 +2.872108024e-05 -2.745799713e+02 -2.745799713e+02 -3.2954e-01 +2.3585e+00
2097 +2.805266888e-05 +2.805266888e-05 -2.745799719e+02 -2.745799719e+02 -3.2966e-01 +2.3584e+00
2158 +2.751176055e-05 +2.751176055e-05 -2.745799725e+02 -2.745799725e+02 -3.2988e-01 +2.3584e+00
2230 +2.683806127e-05 +2.683806127e-05 -2.745799732e+02 -2.745799732e+02 -3.3012e-01 +2.3584e+00
2297 +2.606403024e-05 +2.606403024e-05 -2.745799739e+02 -2.745799739e+02 -3.3043e-01 +2.3584e+00
2335 +2.553975781e-05 +2.553975781e-05 -2.745799745e+02 -2.745799745e+02 -3.3062e-01 +2.3584e+00
2402 +2.507347290e-05 +2.507347290e-05 -2.745799749e+02 -2.745799749e+02 -3.3077e-01 +2.3584e+00
2499 +2.449462511e-05 +2.449462511e-05 -2.745799755e+02 -2.745799755e+02 -3.3100e-01 +2.3584e+00
2559 +2.360220947e-05 +2.360220947e-05 -2.745799764e+02 -2.745799764e+02 -3.3136e-01 +2.3583e+00
2661 +2.337744962e-05 +2.337744962e-05 -2.745799766e+02 -2.745799766e+02 -3.3148e-01 +2.3583e+00
2740 +2.288223340e-05 +2.288223340e-05 -2.745799771e+02 -2.745799771e+02 -3.3172e-01 +2.3583e+00
2927 +2.237320280e-05 +2.237320280e-05 -2.745799776e+02 -2.745799776e+02 -3.3186e-01 +2.3583e+00
3010 +2.170793920e-05 +2.170793920e-05 -2.745799783e+02 -2.745799783e+02 -3.3224e-01 +2.3583e+00
3023 +2.091450625e-05 +2.091450625e-05 -2.745799791e+02 -2.745799791e+02 -3.3251e-01 +2.3583e+00
3028 +2.074370815e-05 +2.074370815e-05 -2.745799793e+02 -2.745799793e+02 -3.3276e-01 +2.3583e+00
3037 +1.991419100e-05 +1.991419100e-05 -2.745799801e+02 -2.745799801e+02 -3.3294e-01 +2.3583e+00
3097 +1.915980613e-05 +1.915980613e-05 -2.745799808e+02 -2.745799808e+02 -3.3332e-01 +2.3582e+00
3116 +1.888539538e-05 +1.888539538e-05 -2.745799811e+02 -2.745799811e+02 -3.3378e-01 +2.3582e+00
4051 +1.857759082e-05 +1.857759082e-05 -2.745799814e+02 -2.745799814e+02 -3.3357e-01 +2.3582e+00
4106 +1.804765412e-05 +1.804765412e-05 -2.745799820e+02 -2.745799820e+02 -3.3384e-01 +2.3582e+00
4122 +1.764483665e-05 +1.764483665e-05 -2.745799824e+02 -2.745799824e+02 -3.3401e-01 +2.3582e+00
4212 +1.712905345e-05 +1.712905345e-05 -2.745799829e+02 -2.745799829e+02 -3.3426e-01 +2.3582e+00
4247 +1.687120874e-05 +1.687120874e-05 -2.745799831e+02 -2.745799831e+02 -3.3439e-01 +2.3582e+00
4253 +1.652944371e-05 +1.652944371e-05 -2.745799835e+02 -2.745799835e+02 -3.3456e-01 +2.3582e+00
4478 +1.616235380e-05 +1.616235380e-05 -2.745799838e+02 -2.745799838e+02 -3.3476e-01 +2.3582e+00
4545 +1.584820802e-05 +1.584820802e-05 -2.745799842e+02 -2.745799842e+02 -3.3492e-01 +2.3582e+00
4691 +1.546916661e-05 +1.546916661e-05 -2.745799845e+02 -2.745799845e+02 -3.3512e-01 +2.3581e+00
4778 +1.510745818e-05 +1.510745818e-05 -2.745799849e+02 -2.745799849e+02 -3.3532e-01 +2.3581e+00
% function evaluation | noise-free fitness - Fopt (-1.435600000000e+02) | best noise-free fitness - Fopt | measured fitness | best measured fitness | x1 | x2...
1 +7.034404962e-01 +7.034404962e-01 -1.428565595e+02 -1.428565595e+02 +0.0000e+00 +0.0000e+00
2 +5.429980724e-01 +5.429980724e-01 -1.430170019e+02 -1.430170019e+02 -7.1350e-02 -1.8199e-01
10 +3.665681201e-01 +3.665681201e-01 -1.431934319e+02 -1.431934319e+02 -2.7973e-01 -1.9519e-01
16 +3.231152451e-01 +3.231152451e-01 -1.432368848e+02 -1.432368848e+02 -3.9925e-01 -1.2896e-01
21 +1.481947396e-01 +1.481947396e-01 -1.434118053e+02 -1.434118053e+02 -4.3251e-01 -5.0419e-01
27 +1.043273599e-02 +1.043273599e-02 -1.435495673e+02 -1.435495673e+02 -8.8957e-01 -1.1120e-01
74 +9.587637730e-03 +9.587637730e-03 -1.435504124e+02 -1.435504124e+02 -8.2852e-01 -1.4357e-01
84 +5.463336136e-03 +5.463336136e-03 -1.435545367e+02 -1.435545367e+02 -9.2034e-01 -7.3178e-02
144 +4.446277726e-03 +4.446277726e-03 -1.435555537e+02 -1.435555537e+02 -9.3621e-01 -5.4372e-02
146 +3.816628399e-03 +3.816628399e-03 -1.435561834e+02 -1.435561834e+02 -9.3898e-01 -4.7579e-02
190 +3.207168931e-03 +3.207168931e-03 -1.435567928e+02 -1.435567928e+02 -9.3011e-01 -5.8258e-02
211 +2.776305568e-03 +2.776305568e-03 -1.435572237e+02 -1.435572237e+02 -9.2557e-01 -5.9610e-02
227 +1.699619731e-03 +1.699619731e-03 -1.435583004e+02 -1.435583004e+02 -9.1208e-01 -7.4790e-02
286 +1.548768709e-03 +1.548768709e-03 -1.435584512e+02 -1.435584512e+02 -9.1009e-01 -7.6094e-02
324 +1.371734822e-03 +1.371734822e-03 -1.435586283e+02 -1.435586283e+02 -9.0665e-01 -7.9911e-02
930 +1.339994426e-03 +1.339994426e-03 -1.435586600e+02 -1.435586600e+02 -9.0600e-01 -8.0006e-02
1029 +1.317869471e-03 +1.317869471e-03 -1.435586821e+02 -1.435586821e+02 -9.0585e-01 -8.0428e-02
1067 +1.233303023e-03 +1.233303023e-03 -1.435587667e+02 -1.435587667e+02 -9.0370e-01 -8.2232e-02
1078 +1.224391481e-03 +1.224391481e-03 -1.435587756e+02 -1.435587756e+02 -9.0387e-01 -8.2243e-02
1098 +1.200440088e-03 +1.200440088e-03 -1.435587996e+02 -1.435587996e+02 -9.0341e-01 -8.2734e-02
1104 +1.174137667e-03 +1.174137667e-03 -1.435588259e+02 -1.435588259e+02 -9.0284e-01 -8.3286e-02
1157 +1.146765071e-03 +1.146765071e-03 -1.435588532e+02 -1.435588532e+02 -9.0232e-01 -8.3903e-02
1166 +1.114647390e-03 +1.114647390e-03 -1.435588854e+02 -1.435588854e+02 -9.0134e-01 -8.5122e-02
1181 +1.076342118e-03 +1.076342118e-03 -1.435589237e+02 -1.435589237e+02 -9.0067e-01 -8.5418e-02
1290 +1.068657889e-03 +1.068657889e-03 -1.435589313e+02 -1.435589313e+02 -9.0050e-01 -8.5589e-02
1326 +1.044099279e-03 +1.044099279e-03 -1.435589559e+02 -1.435589559e+02 -8.9984e-01 -8.6189e-02
1482 +1.019469499e-03 +1.019469499e-03 -1.435589805e+02 -1.435589805e+02 -8.9941e-01 -8.6884e-02
1512 +9.873568608e-04 +9.873568608e-04 -1.435590126e+02 -1.435590126e+02 -8.9863e-01 -8.7677e-02
1553 +9.770632345e-04 +9.770632345e-04 -1.435590229e+02 -1.435590229e+02 -8.9828e-01 -8.7747e-02
1556 +9.539801192e-04 +9.539801192e-04 -1.435590460e+02 -1.435590460e+02 -8.9788e-01 -8.8262e-02
1604 +9.252018272e-04 +9.252018272e-04 -1.435590748e+02 -1.435590748e+02 -8.9707e-01 -8.8983e-02
1626 +9.035699933e-04 +9.035699933e-04 -1.435590964e+02 -1.435590964e+02 -8.9647e-01 -8.9865e-02
1635 +8.729318316e-04 +8.729318316e-04 -1.435591271e+02 -1.435591271e+02 -8.9510e-01 -9.0751e-02
1636 +8.483514453e-04 +8.483514453e-04 -1.435591516e+02 -1.435591516e+02 -8.9504e-01 -9.0976e-02
1655 +7.959520078e-04 +7.959520078e-04 -1.435592040e+02 -1.435592040e+02 -8.9368e-01 -9.2584e-02
1667 +7.869856784e-04 +7.869856784e-04 -1.435592130e+02 -1.435592130e+02 -8.9216e-01 -9.3587e-02
1694 +7.693527624e-04 +7.693527624e-04 -1.435592306e+02 -1.435592306e+02 -8.9262e-01 -9.3732e-02
1701 +7.233902066e-04 +7.233902066e-04 -1.435592766e+02 -1.435592766e+02 -8.9169e-01 -9.4511e-02
1717 +6.939409485e-04 +6.939409485e-04 -1.435593061e+02 -1.435593061e+02 -8.9024e-01 -9.6103e-02
1738 +6.774698168e-04 +6.774698168e-04 -1.435593225e+02 -1.435593225e+02 -8.9009e-01 -9.6172e-02
1741 +6.611740012e-04 +6.611740012e-04 -1.435593388e+02 -1.435593388e+02 -8.8981e-01 -9.6240e-02
1777 +6.571282969e-04 +6.571282969e-04 -1.435593429e+02 -1.435593429e+02 -8.8970e-01 -9.6447e-02
1861 +6.444702585e-04 +6.444702585e-04 -1.435593555e+02 -1.435593555e+02 -8.8930e-01 -9.6760e-02
1952 +6.285277008e-04 +6.285277008e-04 -1.435593715e+02 -1.435593715e+02 -8.8869e-01 -9.7507e-02
1961 +6.115198123e-04 +6.115198123e-04 -1.435593885e+02 -1.435593885e+02 -8.8820e-01 -9.7827e-02
2070 +6.022265779e-04 +6.022265779e-04 -1.435593978e+02 -1.435593978e+02 -8.8793e-01 -9.8120e-02
2078 +5.885095805e-04 +5.885095805e-04 -1.435594115e+02 -1.435594115e+02 -8.8749e-01 -9.8608e-02
2142 +5.743573792e-04 +5.743573792e-04 -1.435594256e+02 -1.435594256e+02 -8.8691e-01 -9.9087e-02
2210 +5.618783765e-04 +5.618783765e-04 -1.435594381e+02 -1.435594381e+02 -8.8657e-01 -9.9479e-02
2333 +5.444353513e-04 +5.444353513e-04 -1.435594556e+02 -1.435594556e+02 -8.8571e-01 -1.0024e-01
2378 +5.343282373e-04 +5.343282373e-04 -1.435594657e+02 -1.435594657e+02 -8.8561e-01 -1.0046e-01
2427 +5.219685674e-04 +5.219685674e-04 -1.435594780e+02 -1.435594780e+02 -8.8516e-01 -1.0090e-01
2638 +5.127239969e-04 +5.127239969e-04 -1.435594873e+02 -1.435594873e+02 -8.8478e-01 -1.0133e-01
2708 +5.006581146e-04 +5.006581146e-04 -1.435594993e+02 -1.435594993e+02 -8.8435e-01 -1.0167e-01
2904 +4.895735345e-04 +4.895735345e-04 -1.435595104e+02 -1.435595104e+02 -8.8395e-01 -1.0209e-01
3073 +4.765203063e-04 +4.765203063e-04 -1.435595235e+02 -1.435595235e+02 -8.8344e-01 -1.0259e-01
3101 +4.640080501e-04 +4.640080501e-04 -1.435595360e+02 -1.435595360e+02 -8.8296e-01 -1.0307e-01
3228 +4.561663970e-04 +4.561663970e-04 -1.435595438e+02 -1.435595438e+02 -8.8260e-01 -1.0340e-01
3528 +4.438217498e-04 +4.438217498e-04 -1.435595562e+02 -1.435595562e+02 -8.8213e-01 -1.0388e-01
3641 +4.340732672e-04 +4.340732672e-04 -1.435595659e+02 -1.435595659e+02 -8.8174e-01 -1.0433e-01
3854 +4.262311922e-04 +4.262311922e-04 -1.435595738e+02 -1.435595738e+02 -8.8142e-01 -1.0459e-01
4026 +4.147844415e-04 +4.147844415e-04 -1.435595852e+02 -1.435595852e+02 -8.8093e-01 -1.0512e-01
4112 +4.064790152e-04 +4.064790152e-04 -1.435595935e+02 -1.435595935e+02 -8.8054e-01 -1.0544e-01
4318 +3.979920878e-04 +3.979920878e-04 -1.435596020e+02 -1.435596020e+02 -8.8018e-01 -1.0580e-01
4365 +3.783463477e-04 +3.783463477e-04 -1.435596217e+02 -1.435596217e+02 -8.7933e-01 -1.0666e-01
4391 +3.568067561e-04 +3.568067561e-04 -1.435596432e+02 -1.435596432e+02 -8.7835e-01 -1.0765e-01
4418 +3.225912519e-04 +3.225912519e-04 -1.435596774e+02 -1.435596774e+02 -8.7625e-01 -1.0963e-01
4467 +3.069188187e-04 +3.069188187e-04 -1.435596931e+02 -1.435596931e+02 -8.7588e-01 -1.1009e-01
4489 +2.962821437e-04 +2.962821437e-04 -1.435597037e+02 -1.435597037e+02 -8.7523e-01 -1.1080e-01
4496 +2.921581795e-04 +2.921581795e-04 -1.435597078e+02 -1.435597078e+02 -8.7500e-01 -1.1093e-01
4514 +2.830784009e-04 +2.830784009e-04 -1.435597169e+02 -1.435597169e+02 -8.7461e-01 -1.1136e-01
4527 +2.653677201e-04 +2.653677201e-04 -1.435597346e+02 -1.435597346e+02 -8.7357e-01 -1.1243e-01
4565 +2.557232790e-04 +2.557232790e-04 -1.435597443e+02 -1.435597443e+02 -8.7293e-01 -1.1298e-01
4585 +2.499826545e-04 +2.499826545e-04 -1.435597500e+02 -1.435597500e+02 -8.7268e-01 -1.1330e-01
4599 +2.352835700e-04 +2.352835700e-04 -1.435597647e+02 -1.435597647e+02 -8.7182e-01 -1.1414e-01
4648 +2.264555587e-04 +2.264555587e-04 -1.435597735e+02 -1.435597735e+02 -8.7126e-01 -1.1470e-01
% function evaluation | noise-free fitness - Fopt (-2.426000000000e+01) | best noise-free fitness - Fopt | measured fitness | best measured fitness | x1 | x2...
1 +4.464159111e+01 +4.464159111e+01 +2.038159111e+01 +2.038159111e+01 +0.0000e+00 +0.0000e+00
2 +4.211545516e+01 +4.211545516e+01 +1.785545516e+01 +1.785545516e+01 +9.1856e-02 -6.2183e-02
3 +3.474319718e+01 +3.474319718e+01 +1.048319718e+01 +1.048319718e+01 -1.4485e-01 -2.9598e-01
11 +3.406533347e+01 +3.406533347e+01 +9.805333474e+00 +9.805333474e+00 -3.7065e-01 -3.3330e-01
12 +2.791431838e+01 +2.791431838e+01 +3.654318385e+00 +3.654318385e+00 +1.8364e-01 -5.0408e-01
14 +2.591703338e+01 +2.591703338e+01 +1.657033381e+00 +1.657033381e+00 +7.0225e-02 -5.8684e-01
16 +2.186686727e+01 +2.186686727e+01 -2.393132730e+00 -2.393132730e+00 +7.9892e-02 -7.5074e-01
18 +1.793691319e+01 +1.793691319e+01 -6.323086812e+00 -6.323086812e+00 -8.8653e-02 -9.4436e-01
19 +1.467462903e+01 +1.467462903e+01 -9.585370972e+00 -9.585370972e+00 +2.4051e-01 -1.0923e+00
27 +1.373096810e+01 +1.373096810e+01 -1.052903190e+01 -1.052903190e+01 +6.6588e-01 -1.1149e+00
29 +8.883205666e+00 +8.883205666e+00 -1.537679433e+01 -1.537679433e+01 -3.5678e-01 -1.5363e+00
31 +7.029950371e+00 +7.029950371e+00 -1.723004963e+01 -1.723004963e+01 +1.7923e-01 -1.6545e+00
34 +3.610194287e+00 +3.610194287e+00 -2.064980571e+01 -2.064980571e+01 +2.6824e-02 -2.1547e+00
35 +2.928595414e+00 +2.928595414e+00 -2.133140459e+01 -2.133140459e+01 -9.1584e-02 -2.4150e+00
37 +2.350520798e+00 +2.350520798e+00 -2.190947920e+01 -2.190947920e+01 +1.0433e+00 -2.2408e+00
45 +1.406604216e+00 +1.406604216e+00 -2.285339578e+01 -2.285339578e+01 +1.1407e+00 -2.6722e+00
66 +8.996337225e-01 +8.996337225e-01 -2.336036628e+01 -2.336036628e+01 +1.6233e+00 -3.7474e+00
79 +5.003444567e-01 +5.003444567e-01 -2.375965554e+01 -2.375965554e+01 +2.7260e+00 -4.1483e+00
89 +8.383927534e-02 +8.383927534e-02 -2.417616072e+01 -2.417616072e+01 +2.5193e+00 -3.8211e+00
101 +3.371618273e-02 +3.371618273e-02 -2.422628382e+01 -2.422628382e+01 +2.5391e+00 -3.4639e+00
151 +2.837573790e-02 +2.837573790e-02 -2.423162426e+01 -2.423162426e+01 +2.5297e+00 -3.4037e+00
168 +2.027166617e-02 +2.027166617e-02 -2.423972833e+01 -2.423972833e+01 +2.5106e+00 -3.2446e+00
191 +4.133870349e-03 +4.133870349e-03 -2.425586613e+01 -2.425586613e+01 +2.5071e+00 -3.4292e+00
200 +2.924545322e-03 +2.924545322e-03 -2.425707545e+01 -2.425707545e+01 +2.5075e+00 -3.5194e+00
240 +2.486607370e-03 +2.486607370e-03 -2.425751339e+01 -2.425751339e+01 +2.5005e+00 -3.3554e+00
247 +3.357173547e-04 +3.357173547e-04 -2.425966428e+01 -2.425966428e+01 +2.5014e+00 -3.4103e+00
282 +1.921484737e-04 +1.921484737e-04 -2.425980785e+01 -2.425980785e+01 +2.4989e+00 -3.3656e+00
287 +1.483557288e-04 +1.483557288e-04 -2.425985164e+01 -2.425985164e+01 +2.4964e+00 -3.3320e+00
333 +8.399306017e-05 +8.399306017e-05 -2.425991601e+01 -2.425991601e+01 +2.4972e+00 -3.3439e+00
367 +4.735965348e-05 +4.735965348e-05 -2.425995264e+01 -2.425995264e+01 +2.4977e+00 -3.3504e+00
427 +4.394047895e-05 +4.394047895e-05 -2.425995606e+01 -2.425995606e+01 +2.4980e+00 -3.3554e+00
433 +4.053900393e-05 +4.053900393e-05 -2.425995946e+01 -2.425995946e+01 +2.4979e+00 -3.3532e+00
435 +3.873519346e-05 +3.873519346e-05 -2.425996126e+01 -2.425996126e+01 +2.4980e+00 -3.3560e+00
447 +2.641786023e-05 +2.641786023e-05 -2.425997358e+01 -2.425997358e+01 +2.4982e+00 -3.3574e+00
457 +2.533615550e-05 +2.533615550e-05 -2.425997466e+01 -2.425997466e+01 +2.4980e+00 -3.3556e+00
461 +2.416087942e-05 +2.416087942e-05 -2.425997584e+01 -2.425997584e+01 +2.4981e+00 -3.3565e+00
475 +2.392635293e-05 +2.392635293e-05 -2.425997607e+01 -2.425997607e+01 +2.4981e+00 -3.3562e+00
521 +2.318038626e-05 +2.318038626e-05 -2.425997682e+01 -2.425997682e+01 +2.4981e+00 -3.3566e+00
533 +2.275630320e-05 +2.275630320e-05 -2.425997724e+01 -2.425997724e+01 +2.4981e+00 -3.3565e+00
787 +2.232437011e-05 +2.232437011e-05 -2.425997768e+01 -2.425997768e+01 +2.4981e+00 -3.3568e+00
804 +2.184800618e-05 +2.184800618e-05 -2.425997815e+01 -2.425997815e+01 +2.4981e+00 -3.3570e+00
884 +2.131454999e-05 +2.131454999e-05 -2.425997869e+01 -2.425997869e+01 +2.4981e+00 -3.3573e+00
903 +2.053735236e-05 +2.053735236e-05 -2.425997946e+01 -2.425997946e+01 +2.4982e+00 -3.3575e+00
1039 +2.041686648e-05 +2.041686648e-05 -2.425997958e+01 -2.425997958e+01 +2.4982e+00 -3.3575e+00
1093 +1.994129265e-05 +1.994129265e-05 -2.425998006e+01 -2.425998006e+01 +2.4982e+00 -3.3577e+00
1296 +1.935636235e-05 +1.935636235e-05 -2.425998064e+01 -2.425998064e+01 +2.4982e+00 -3.3580e+00
1409 +1.903172787e-05 +1.903172787e-05 -2.425998097e+01 -2.425998097e+01 +2.4982e+00 -3.3582e+00
1454 +1.858946592e-05 +1.858946592e-05 -2.425998141e+01 -2.425998141e+01 +2.4982e+00 -3.3584e+00
1534 +1.813328627e-05 +1.813328627e-05 -2.425998187e+01 -2.425998187e+01 +2.4982e+00 -3.3586e+00
1932 +1.778038096e-05 +1.778038096e-05 -2.425998222e+01 -2.425998222e+01 +2.4982e+00 -3.3588e+00
2129 +1.737504773e-05 +1.737504773e-05 -2.425998262e+01 -2.425998262e+01 +2.4983e+00 -3.3590e+00
2337 +1.696549031e-05 +1.696549031e-05 -2.425998303e+01 -2.425998303e+01 +2.4983e+00 -3.3592e+00
2399 +1.641866251e-05 +1.641866251e-05 -2.425998358e+01 -2.425998358e+01 +2.4983e+00 -3.3594e+00
2417 +1.606952668e-05 +1.606952668e-05 -2.425998393e+01 -2.425998393e+01 +2.4983e+00 -3.3596e+00
2610 +1.582537173e-05 +1.582537173e-05 -2.425998417e+01 -2.425998417e+01 +2.4983e+00 -3.3598e+00
2770 +1.548217745e-05 +1.548217745e-05 -2.425998452e+01 -2.425998452e+01 +2.4983e+00 -3.3599e+00
2914 +1.511433575e-05 +1.511433575e-05 -2.425998489e+01 -2.425998489e+01 +2.4983e+00 -3.3601e+00
3125 +1.478415400e-05 +1.478415400e-05 -2.425998522e+01 -2.425998522e+01 +2.4983e+00 -3.3603e+00
3148 +1.434954299e-05 +1.434954299e-05 -2.425998565e+01 -2.425998565e+01 +2.4984e+00 -3.3606e+00
3163 +1.407462189e-05 +1.407462189e-05 -2.425998593e+01 -2.425998593e+01 +2.4984e+00 -3.3607e+00
3200 +1.365677342e-05 +1.365677342e-05 -2.425998634e+01 -2.425998634e+01 +2.4984e+00 -3.3610e+00
3276 +1.340488499e-05 +1.340488499e-05 -2.425998660e+01 -2.425998660e+01 +2.4984e+00 -3.3611e+00
3351 +1.309327539e-05 +1.309327539e-05 -2.425998691e+01 -2.425998691e+01 +2.4984e+00 -3.3615e+00
3426 +1.287041068e-05 +1.287041068e-05 -2.425998713e+01 -2.425998713e+01 +2.4984e+00 -3.3614e+00
3626 +1.258402046e-05 +1.258402046e-05 -2.425998742e+01 -2.425998742e+01 +2.4984e+00 -3.3616e+00
3819 +1.228454039e-05 +1.228454039e-05 -2.425998772e+01 -2.425998772e+01 +2.4984e+00 -3.3618e+00
4024 +1.201793109e-05 +1.201793109e-05 -2.425998798e+01 -2.425998798e+01 +2.4985e+00 -3.3620e+00
4154 +1.174620451e-05 +1.174620451e-05 -2.425998825e+01 -2.425998825e+01 +2.4985e+00 -3.3621e+00
4317 +1.145362968e-05 +1.145362968e-05 -2.425998855e+01 -2.425998855e+01 +2.4985e+00 -3.3623e+00
4703 +1.121066445e-05 +1.121066445e-05 -2.425998879e+01 -2.425998879e+01 +2.4985e+00 -3.3625e+00
% function evaluation | noise-free fitness - Fopt (2.814500000000e+02) | best noise-free fitness - Fopt | measured fitness | best measured fitness | x1 | x2...
1 +3.880185755e+01 +3.880185755e+01 +3.202518575e+02 +3.202518575e+02 +0.0000e+00 +0.0000e+00
3 +3.653401568e+01 +3.653401568e+01 +3.179840157e+02 +3.179840157e+02 +5.6454e-02 +2.4412e-01
4 +3.173067777e+01 +3.173067777e+01 +3.131806778e+02 +3.131806778e+02 -2.8125e-01 -5.6059e-02
7 +2.948485760e+01 +2.948485760e+01 +3.109348576e+02 +3.109348576e+02 -2.5599e-01 +1.5047e-01
12 +2.255969216e+01 +2.255969216e+01 +3.040096922e+02 +3.040096922e+02 -5.2099e-01 +2.1735e-01
16 +2.178707214e+01 +2.178707214e+01 +3.032370721e+02 +3.032370721e+02 -6.0242e-01 +1.3624e-01
18 +1.805460675e+01 +1.805460675e+01 +2.995046068e+02 +2.995046068e+02 -8.8861e-01 -3.3624e-02
22 +1.302206607e+01 +1.302206607e+01 +2.944720661e+02 +2.944720661e+02 -1.0344e+00 +2.6974e-01
23 +5.910119123e+00 +5.910119123e+00 +2.873601191e+02 +2.873601191e+02 -1.8055e+00 -9.3786e-04
26 +1.885781736e-01 +1.885781736e-01 +2.816385782e+02 +2.816385782e+02 -3.7736e+00 +2.9104e-01
48 +1.309991906e-01 +1.309991906e-01 +2.815809992e+02 +2.815809992e+02 -3.3646e+00 -4.3950e-02
68 +4.119290103e-02 +4.119290103e-02 +2.814911929e+02 +2.814911929e+02 -3.5568e+00 -9.5950e-04
115 +1.599981261e-02 +1.599981261e-02 +2.814659998e+02 +2.814659998e+02 -4.0257e+00 +2.0740e-01
145 +7.386450536e-03 +7.386450536e-03 +2.814573865e+02 +2.814573865e+02 -3.7711e+00 +6.6220e-02
160 +6.826088913e-03 +6.826088913e-03 +2.814568261e+02 +2.814568261e+02 -3.8292e+00 +9.8668e-02
197 +5.845519972e-03 +5.845519972e-03 +2.814558455e+02 +2.814558455e+02 -3.7252e+00 +4.2879e-02
200 +2.914668141e-03 +2.914668141e-03 +2.814529147e+02 +2.814529147e+02 -3.7097e+00 +3.8093e-02
229 +2.847055596e-03 +2.847055596e-03 +2.814528471e+02 +2.814528471e+02 -3.7188e+00 +4.9013e-02
230 +6.658227981e-04 +6.658227981e-04 +2.814506658e+02 +2.814506658e+02 -3.7417e+00 +5.7933e-02
274 +4.767361777e-04 +4.767361777e-04 +2.814504767e+02 +2.814504767e+02 -3.7389e+00 +5.6902e-02
295 +4.358795961e-04 +4.358795961e-04 +2.814504359e+02 +2.814504359e+02 -3.7475e+00 +6.1366e-02
303 +3.431479772e-04 +3.431479772e-04 +2.814503431e+02 +2.814503431e+02 -3.7459e+00 +6.0791e-02
1421 +3.380354163e-04 +3.380354163e-04 +2.814503380e+02 +2.814503380e+02 -3.7463e+00 +6.0984e-02
1581 +3.301604460e-04 +3.301604460e-04 +2.814503302e+02 +2.814503302e+02 -3.7466e+00 +6.1230e-02
1815 +3.235100362e-04 +3.235100362e-04 +2.814503235e+02 +2.814503235e+02 -3.7470e+00 +6.1413e-02
2090 +3.160744787e-04 +3.160744787e-04 +2.814503161e+02 +2.814503161e+02 -3.7475e+00 +6.1670e-02
2227 +3.083244933e-04 +3.083244933e-04 +2.814503083e+02 +2.814503083e+02 -3.7480e+00 +6.1997e-02
2308 +3.019255906e-04 +3.019255906e-04 +2.814503019e+02 +2.814503019e+02 -3.7485e+00 +6.2199e-02
2351 +2.823957028e-04 +2.823957028e-04 +2.814502824e+02 +2.814502824e+02 -3.7497e+00 +6.2880e-02
2683 +2.816997198e-04 +2.816997198e-04 +2.814502817e+02 +2.814502817e+02 -3.7497e+00 +6.2907e-02
2895 +2.739740549e-04 +2.739740549e-04 +2.814502740e+02 +2.814502740e+02 -3.7502e+00 +6.3202e-02
3052 +2.690132910e-04 +2.690132910e-04 +2.814502690e+02 +2.814502690e+02 -3.7506e+00 +6.3381e-02
3267 +2.622568055e-04 +2.622568055e-04 +2.814502623e+02 +2.814502623e+02 -3.7511e+00 +6.3661e-02
3415 +2.568559950e-04 +2.568559950e-04 +2.814502569e+02 +2.814502569e+02 -3.7515e+00 +6.3868e-02
3762 +2.511545538e-04 +2.511545538e-04 +2.814502512e+02 +2.814502512e+02 -3.7519e+00 +6.4097e-02
4044 +2.454703610e-04 +2.454703610e-04 +2.814502455e+02 +2.814502455e+02 -3.7523e+00 +6.4318e-02
4155 +2.390534263e-04 +2.390534263e-04 +2.814502391e+02 +2.814502391e+02 -3.7528e+00 +6.4588e-02
4299 +2.336692375e-04 +2.336692375e-04 +2.814502337e+02 +2.814502337e+02 -3.7532e+00 +6.4805e-02
4693 +2.290864592e-04 +2.290864592e-04 +2.814502291e+02 +2.814502291e+02 -3.7535e+00 +6.4999e-02
% function evaluation | noise-free fitness - Fopt (-4.818000000000e+01) | best noise-free fitness - Fopt | measured fitness | best measured fitness | x1 | x2...
1 +3.050192294e+01 +3.050192294e+01 -1.767807706e+01 -1.767807706e+01 +0.0000e+00 +0.0000e+00
3 +2.930323391e+01 +2.930323391e+01 -1.887676609e+01 -1.887676609e+01 +3.0891e-02 +3.8756e-02
4 +2.080394578e+01 +2.080394578e+01 -2.737605422e+01 -2.737605422e+01 -1.2238e-01 +3.8792e-01
12 +1.316975798e+01 +1.316975798e+01 -3.501024202e+01 -3.501024202e+01 -1.0616e-01 +7.7773e-01
22 +1.127021897e+01 +1.127021897e+01 -3.690978103e+01 -3.690978103e+01 -6.7810e-01 +9.5169e-01
25 +7.714017956e+00 +7.714017956e+00 -4.046598204e+01 -4.046598204e+01 -2.9532e-01 +1.1839e+00
26 +1.083147714e+00 +1.083147714e+00 -4.709685229e+01 -4.709685229e+01 -1.6350e+00 +2.4230e+00
59 +9.811614292e-02 +9.811614292e-02 -4.808188386e+01 -4.808188386e+01 -8.0246e-01 +3.1074e+00
125 +5.485475581e-02 +5.485475581e-02 -4.812514524e+01 -4.812514524e+01 -6.9612e-01 +2.8505e+00
145 +2.427996931e-02 +2.427996931e-02 -4.815572003e+01 -4.815572003e+01 -7.0187e-01 +3.3757e+00
155 +1.270662715e-02 +1.270662715e-02 -4.816729337e+01 -4.816729337e+01 -6.9153e-01 +3.1037e+00
161 +2.291265975e-03 +2.291265975e-03 -4.817770873e+01 -4.817770873e+01 -6.8932e-01 +3.2343e+00
179 +7.782696442e-04 +7.782696442e-04 -4.817922173e+01 -4.817922173e+01 -6.9291e-01 +3.2129e+00
251 +3.608423619e-04 +3.608423619e-04 -4.817963916e+01 -4.817963916e+01 -6.9830e-01 +3.1616e+00
258 +1.672337946e-04 +1.672337946e-04 -4.817983277e+01 -4.817983277e+01 -6.9933e-01 +3.1557e+00
353 +1.137136816e-04 +1.137136816e-04 -4.817988629e+01 -4.817988629e+01 -6.9905e-01 +3.1577e+00
360 +7.090276572e-05 +7.090276572e-05 -4.817992910e+01 -4.817992910e+01 -6.9834e-01 +3.1647e+00
701 +7.053251126e-05 +7.053251126e-05 -4.817992947e+01 -4.817992947e+01 -6.9838e-01 +3.1645e+00
740 +6.818895806e-05 +6.818895806e-05 -4.817993181e+01 -4.817993181e+01 -6.9832e-01 +3.1652e+00
748 +6.747669540e-05 +6.747669540e-05 -4.817993252e+01 -4.817993252e+01 -6.9829e-01 +3.1653e+00
841 +6.574487277e-05 +6.574487277e-05 -4.817993426e+01 -4.817993426e+01 -6.9828e-01 +3.1654e+00
848 +6.433251541e-05 +6.433251541e-05 -4.817993567e+01 -4.817993567e+01 -6.9825e-01 +3.1658e+00
872 +6.292232685e-05 +6.292232685e-05 -4.817993708e+01 -4.817993708e+01 -6.9822e-01 +3.1661e+00
1005 +6.161981005e-05 +6.161981005e-05 -4.817993838e+01 -4.817993838e+01 -6.9820e-01 +3.1663e+00
1128 +6.010109800e-05 +6.010109800e-05 -4.817993990e+01 -4.817993990e+01 -6.9817e-01 +3.1666e+00
1147 +5.858139409e-05 +5.858139409e-05 -4.817994142e+01 -4.817994142e+01 -6.9814e-01 +3.1669e+00
1202 +5.728486077e-05 +5.728486077e-05 -4.817994272e+01 -4.817994272e+01 -6.9811e-01 +3.1672e+00
1322 +5.612779030e-05 +5.612779030e-05 -4.817994387e+01 -4.817994387e+01 -6.9809e-01 +3.1675e+00
1385 +5.492819801e-05 +5.492819801e-05 -4.817994507e+01 -4.817994507e+01 -6.9805e-01 +3.1678e+00
1468 +5.350462519e-05 +5.350462519e-05 -4.817994650e+01 -4.817994650e+01 -6.9802e-01 +3.1681e+00
1609 +5.242215639e-05 +5.242215639e-05 -4.817994758e+01 -4.817994758e+01 -6.9800e-01 +3.1684e+00
1653 +5.116977186e-05 +5.116977186e-05 -4.817994883e+01 -4.817994883e+01 -6.9797e-01 +3.1687e+00
1713 +5.004091398e-05 +5.004091398e-05 -4.817994996e+01 -4.817994996e+01 -6.9795e-01 +3.1689e+00
1954 +4.884358118e-05 +4.884358118e-05 -4.817995116e+01 -4.817995116e+01 -6.9792e-01 +3.1692e+00
2017 +4.767904413e-05 +4.767904413e-05 -4.817995232e+01 -4.817995232e+01 -6.9788e-01 +3.1697e+00
2182 +4.667383629e-05 +4.667383629e-05 -4.817995333e+01 -4.817995333e+01 -6.9787e-01 +3.1698e+00
2310 +4.561342773e-05 +4.561342773e-05 -4.817995439e+01 -4.817995439e+01 -6.9784e-01 +3.1700e+00
2413 +4.448610551e-05 +4.448610551e-05 -4.817995551e+01 -4.817995551e+01 -6.9780e-01 +3.1704e+00
2462 +4.345165902e-05 +4.345165902e-05 -4.817995655e+01 -4.817995655e+01 -6.9778e-01 +3.1706e+00
2583 +4.238483939e-05 +4.238483939e-05 -4.817995762e+01 -4.817995762e+01 -6.9776e-01 +3.1709e+00
2734 +4.167843443e-05 +4.167843443e-05 -4.817995832e+01 -4.817995832e+01 -6.9774e-01 +3.1711e+00
2816 +4.070932227e-05 +4.070932227e-05 -4.817995929e+01 -4.817995929e+01 -6.9771e-01 +3.1714e+00
3030 +3.976177369e-05 +3.976177369e-05 -4.817996024e+01 -4.817996024e+01 -6.9768e-01 +3.1716e+00
3197 +3.890072326e-05 +3.890072326e-05 -4.817996110e+01 -4.817996110e+01 -6.9766e-01 +3.1719e+00
3237 +3.761208242e-05 +3.761208242e-05 -4.817996239e+01 -4.817996239e+01 -6.9762e-01 +3.1723e+00
3375 +3.705968076e-05 +3.705968076e-05 -4.817996294e+01 -4.817996294e+01 -6.9761e-01 +3.1724e+00
3679 +3.627996471e-05 +3.627996471e-05 -4.817996372e+01 -4.817996372e+01 -6.9759e-01 +3.1727e+00
3889 +3.547005147e-05 +3.547005147e-05 -4.817996453e+01 -4.817996453e+01 -6.9756e-01 +3.1729e+00
4058 +3.464142934e-05 +3.464142934e-05 -4.817996536e+01 -4.817996536e+01 -6.9754e-01 +3.1732e+00
4161 +3.359677189e-05 +3.359677189e-05 -4.817996640e+01 -4.817996640e+01 -6.9750e-01 +3.1736e+00
4200 +3.211088774e-05 +3.211088774e-05 -4.817996789e+01 -4.817996789e+01 -6.9745e-01 +3.1740e+00
4335 +3.123147302e-05 +3.123147302e-05 -4.817996877e+01 -4.817996877e+01 -6.9743e-01 +3.1743e+00
4450 +3.089150916e-05 +3.089150916e-05 -4.817996911e+01 -4.817996911e+01 -6.9742e-01 +3.1744e+00
4499 +3.004769998e-05 +3.004769998e-05 -4.817996995e+01 -4.817996995e+01 -6.9739e-01 +3.1747e+00
4515 +2.946706982e-05 +2.946706982e-05 -4.817997053e+01 -4.817997053e+01 -6.9736e-01 +3.1749e+00
4744 +2.877027942e-05 +2.877027942e-05 -4.817997123e+01 -4.817997123e+01 -6.9735e-01 +3.1751e+00
% function evaluation | noise-free fitness - Fopt (3.030600000000e+02) | best noise-free fitness - Fopt | measured fitness | best measured fitness | x1 | x2...
1 +8.251236895e+00 +8.251236895e+00 +3.113112369e+02 +3.113112369e+02 +0.0000e+00 +0.0000e+00
2 +7.901714605e+00 +7.901714605e+00 +3.109617146e+02 +3.109617146e+02 +1.3156e-02 -3.7280e-02
3 +5.812261148e+00 +5.812261148e+00 +3.088722611e+02 +3.088722611e+02 +1.9888e-01 -3.3260e-01
6 +4.424292749e+00 +4.424292749e+00 +3.074842927e+02 +3.074842927e+02 -4.2540e-01 -2.4162e-01
11 +2.276399255e+00 +2.276399255e+00 +3.053363993e+02 +3.053363993e+02 -1.0269e-01 -8.0579e-01
16 +1.893703755e+00 +1.893703755e+00 +3.049537038e+02 +3.049537038e+02 -3.1334e-01 -8.0558e-01
20 +1.478919350e+00 +1.478919350e+00 +3.045389194e+02 +3.045389194e+02 -4.0943e-01 -9.2638e-01
21 +1.036099476e+00 +1.036099476e+00 +3.040960995e+02 +3.040960995e+02 -6.3662e-01 -1.3367e+00
26 +2.375122819e-01 +2.375122819e-01 +3.032975123e+02 +3.032975123e+02 -1.6466e+00 -8.6140e-01
37 +1.544659216e-01 +1.544659216e-01 +3.032144659e+02 +3.032144659e+02 -2.0127e+00 -1.6044e+00
74 +1.469062158e-01 +1.469062158e-01 +3.032069062e+02 +3.032069062e+02 -1.8973e+00 -1.9469e+00
81 +1.088475465e-01 +1.088475465e-01 +3.031688475e+02 +3.031688475e+02 -1.7364e+00 -1.6214e+00
101 +6.633560284e-02 +6.633560284e-02 +3.031263356e+02 +3.031263356e+02 -1.7062e+00 -1.4313e+00
107 +5.133629691e-02 +5.133629691e-02 +3.031113363e+02 +3.031113363e+02 -1.9290e+00 -1.6805e+00
116 +4.314677910e-02 +4.314677910e-02 +3.031031468e+02 +3.031031468e+02 -1.8527e+00 -1.7219e+00
117 +4.176395902e-02 +4.176395902e-02 +3.031017640e+02 +3.031017640e+02 -1.8267e+00 -1.6640e+00
121 +2.965902464e-02 +2.965902464e-02 +3.030896590e+02 +3.030896590e+02 -1.8997e+00 -1.7432e+00
204 +1.949546115e-02 +1.949546115e-02 +3.030794955e+02 +3.030794955e+02 -1.8536e+00 -1.6653e+00
216 +1.365914289e-02 +1.365914289e-02 +3.030736591e+02 +3.030736591e+02 -1.8576e+00 -1.5960e+00
221 +4.840279010e-03 +4.840279010e-03 +3.030648403e+02 +3.030648403e+02 -1.8311e+00 -1.5524e+00
228 +3.227304365e-03 +3.227304365e-03 +3.030632273e+02 +3.030632273e+02 -1.7620e+00 -1.4009e+00
240 +1.104265732e-03 +1.104265732e-03 +3.030611043e+02 +3.030611043e+02 -1.7897e+00 -1.4584e+00
289 +4.548631750e-05 +4.548631750e-05 +3.030600455e+02 +3.030600455e+02 -1.7803e+00 -1.4378e+00
% function evaluation | noise-free fitness - Fopt (-7.989000000000e+01) | best noise-free fitness - Fopt | measured fitness | best measured fitness | x1 | x2...
1 +1.528514333e+01 +1.528514333e+01 -6.460485667e+01 -6.460485667e+01 +0.0000e+00 +0.0000e+00
3 +1.238186579e+01 +1.238186579e+01 -6.750813421e+01 -6.750813421e+01 -2.1938e-01 -5.9704e-02
11 +9.927600230e+00 +9.927600230e+00 -6.996239977e+01 -6.996239977e+01 -8.5047e-02 -3.6834e-01
23 +7.416612301e+00 +7.416612301e+00 -7.247338770e+01 -7.247338770e+01 -2.1736e-01 -5.4472e-01
26 +3.532534820e+00 +3.532534820e+00 -7.635746518e+01 -7.635746518e+01 -4.0195e-01 -1.1292e+00
43 +3.305547561e+00 +3.305547561e+00 -7.658445244e+01 -7.658445244e+01 -9.4951e-01 -1.1148e+00
48 +3.106514810e+00 +3.106514810e+00 -7.678348519e+01 -7.678348519e+01 -3.5243e-01 -1.2993e+00
51 +2.118476682e+00 +2.118476682e+00 -7.777152332e+01 -7.777152332e+01 -5.9649e-01 -2.3717e+00
54 +1.895310889e+00 +1.895310889e+00 -7.799468911e+01 -7.799468911e+01 +3.3260e-02 -2.0451e+00
59 +7.333860200e-01 +7.333860200e-01 -7.915661398e+01 -7.915661398e+01 +5.9178e-02 -3.9883e+00
75 +5.992896289e-01 +5.992896289e-01 -7.929071037e+01 -7.929071037e+01 +4.5914e-01 -3.5013e+00
90 +2.815257259e-01 +2.815257259e-01 -7.960847427e+01 -7.960847427e+01 +1.1593e+00 -4.0360e+00
108 +1.311972874e-01 +1.311972874e-01 -7.975880271e+01 -7.975880271e+01 +1.2491e+00 -3.3563e+00
115 +1.139362105e-01 +1.139362105e-01 -7.977606379e+01 -7.977606379e+01 +1.0663e+00 -3.8794e+00
118 +2.271266724e-02 +2.271266724e-02 -7.986728733e+01 -7.986728733e+01 +1.1602e+00 -3.5824e+00
123 +3.805435901e-03 +3.805435901e-03 -7.988619456e+01 -7.988619456e+01 +9.2535e-01 -3.8847e+00
149 +1.694509934e-03 +1.694509934e-03 -7.988830549e+01 -7.988830549e+01 +9.6777e-01 -3.8183e+00
162 +1.167626635e-03 +1.167626635e-03 -7.988883237e+01 -7.988883237e+01 +1.0540e+00 -3.7025e+00
623 +1.147433408e-03 +1.147433408e-03 -7.988885257e+01 -7.988885257e+01 +1.0563e+00 -3.7004e+00
662 +1.027903139e-03 +1.027903139e-03 -7.988897210e+01 -7.988897210e+01 +1.0536e+00 -3.7037e+00
671 +9.188960839e-04 +9.188960839e-04 -7.988908110e+01 -7.988908110e+01 +1.0517e+00 -3.7065e+00
789 +9.112091416e-04 +9.112091416e-04 -7.988908879e+01 -7.988908879e+01 +1.0517e+00 -3.7066e+00
818 +8.909080944e-04 +8.909080944e-04 -7.988910909e+01 -7.988910909e+01 +1.0513e+00 -3.7072e+00
821 +8.677632472e-04 +8.677632472e-04 -7.988913224e+01 -7.988913224e+01 +1.0508e+00 -3.7080e+00
870 +8.292796765e-04 +8.292796765e-04 -7.988917072e+01 -7.988917072e+01 +1.0499e+00 -3.7090e+00
927 +7.888639550e-04 +7.888639550e-04 -7.988921114e+01 -7.988921114e+01 +1.0490e+00 -3.7103e+00
931 +7.703864611e-04 +7.703864611e-04 -7.988922961e+01 -7.988922961e+01 +1.0486e+00 -3.7109e+00
965 +7.578875938e-04 +7.578875938e-04 -7.988924211e+01 -7.988924211e+01 +1.0482e+00 -3.7113e+00
989 +7.367379429e-04 +7.367379429e-04 -7.988926326e+01 -7.988926326e+01 +1.0477e+00 -3.7122e+00
1150 +7.242181327e-04 +7.242181327e-04 -7.988927578e+01 -7.988927578e+01 +1.0475e+00 -3.7124e+00
1225 +7.069773639e-04 +7.069773639e-04 -7.988929302e+01 -7.988929302e+01 +1.0471e+00 -3.7129e+00
1270 +6.843733478e-04 +6.843733478e-04 -7.988931563e+01 -7.988931563e+01 +1.0464e+00 -3.7139e+00
1320 +6.729285985e-04 +6.729285985e-04 -7.988932707e+01 -7.988932707e+01 +1.0462e+00 -3.7141e+00
1430 +6.588154336e-04 +6.588154336e-04 -7.988934118e+01 -7.988934118e+01 +1.0458e+00 -3.7148e+00
1476 +6.454867558e-04 +6.454867558e-04 -7.988935451e+01 -7.988935451e+01 +1.0454e+00 -3.7151e+00
1493 +6.254459627e-04 +6.254459627e-04 -7.988937455e+01 -7.988937455e+01 +1.0450e+00 -3.7158e+00
1564 +6.153791952e-04 +6.153791952e-04 -7.988938462e+01 -7.988938462e+01 +1.0447e+00 -3.7162e+00
1591 +5.999356019e-04 +5.999356019e-04 -7.988940006e+01 -7.988940006e+01 +1.0442e+00 -3.7168e+00
1669 +5.837667553e-04 +5.837667553e-04 -7.988941623e+01 -7.988941623e+01 +1.0437e+00 -3.7174e+00
1694 +5.638907599e-04 +5.638907599e-04 -7.988943611e+01 -7.988943611e+01 +1.0432e+00 -3.7182e+00
1695 +5.610405182e-04 +5.610405182e-04 -7.988943896e+01 -7.988943896e+01 +1.0431e+00 -3.7185e+00
1708 +5.480442999e-04 +5.480442999e-04 -7.988945196e+01 -7.988945196e+01 +1.0422e+00 -3.7193e+00
1726 +5.215009375e-04 +5.215009375e-04 -7.988947850e+01 -7.988947850e+01 +1.0418e+00 -3.7200e+00
1777 +5.120798487e-04 +5.120798487e-04 -7.988948792e+01 -7.988948792e+01 +1.0415e+00 -3.7204e+00
1989 +4.986640500e-04 +4.986640500e-04 -7.988950134e+01 -7.988950134e+01 +1.0413e+00 -3.7209e+00
2005 +4.797291559e-04 +4.797291559e-04 -7.988952027e+01 -7.988952027e+01 +1.0407e+00 -3.7217e+00
2088 +4.757697718e-04 +4.757697718e-04 -7.988952423e+01 -7.988952423e+01 +1.0405e+00 -3.7219e+00
2111 +4.654970930e-04 +4.654970930e-04 -7.988953450e+01 -7.988953450e+01 +1.0402e+00 -3.7223e+00
2235 +4.566508726e-04 +4.566508726e-04 -7.988954335e+01 -7.988954335e+01 +1.0399e+00 -3.7227e+00
2474 +4.440543324e-04 +4.440543324e-04 -7.988955595e+01 -7.988955595e+01 +1.0395e+00 -3.7233e+00
2571 +4.354838648e-04 +4.354838648e-04 -7.988956452e+01 -7.988956452e+01 +1.0392e+00 -3.7237e+00
2686 +4.264134155e-04 +4.264134155e-04 -7.988957359e+01 -7.988957359e+01 +1.0388e+00 -3.7242e+00
2963 +4.166420685e-04 +4.166420685e-04 -7.988958336e+01 -7.988958336e+01 +1.0385e+00 -3.7247e+00
3077 +4.057677908e-04 +4.057677908e-04 -7.988959423e+01 -7.988959423e+01 +1.0382e+00 -3.7251e+00
3156 +3.955091865e-04 +3.955091865e-04 -7.988960449e+01 -7.988960449e+01 +1.0378e+00 -3.7256e+00
3211 +3.866001447e-04 +3.866001447e-04 -7.988961340e+01 -7.988961340e+01 +1.0375e+00 -3.7261e+00
3357 +3.796848087e-04 +3.796848087e-04 -7.988962032e+01 -7.988962032e+01 +1.0372e+00 -3.7264e+00
3394 +3.704760058e-04 +3.704760058e-04 -7.988962952e+01 -7.988962952e+01 +1.0369e+00 -3.7269e+00
3412 +3.586030025e-04 +3.586030025e-04 -7.988964140e+01 -7.988964140e+01 +1.0361e+00 -3.7278e+00
3452 +3.528023847e-04 +3.528023847e-04 -7.988964720e+01 -7.988964720e+01 +1.0362e+00 -3.7279e+00
3761 +3.463972106e-04 +3.463972106e-04 -7.988965360e+01 -7.988965360e+01 +1.0359e+00 -3.7282e+00
3990 +3.371920987e-04 +3.371920987e-04 -7.988966281e+01 -7.988966281e+01 +1.0355e+00 -3.7287e+00
4173 +3.310908115e-04 +3.310908115e-04 -7.988966891e+01 -7.988966891e+01 +1.0353e+00 -3.7290e+00
4218 +3.231103966e-04 +3.231103966e-04 -7.988967689e+01 -7.988967689e+01 +1.0350e+00 -3.7295e+00
4251 +3.155857459e-04 +3.155857459e-04 -7.988968441e+01 -7.988968441e+01 +1.0346e+00 -3.7301e+00
4290 +3.071614581e-04 +3.071614581e-04 -7.988969284e+01 -7.988969284e+01 +1.0342e+00 -3.7306e+00
4333 +2.987551387e-04 +2.987551387e-04 -7.988970124e+01 -7.988970124e+01 +1.0339e+00 -3.7309e+00
4646 +2.947516184e-04 +2.947516184e-04 -7.988970525e+01 -7.988970525e+01 +1.0337e+00 -3.7311e+00
