% function evaluation | noise-free fitness - Fopt (7.135000000000e+01) | best noise-free fitness - Fopt | measured fitness | best measured fitness | x1 | x2...
1 +5.650476606e+01 +5.650476606e+01 +1.278547661e+02 +1.278547661e+02 +0.0000e+00 +0.0000e+00 +0.0000e+00
3 +3.230195142e+01 +3.230195142e+01 +1.036519514e+02 +1.036519514e+02 +6.4083e-02 +1.3508e-01 -8.5005e-02
18 +2.995297468e+01 +2.995297468e+01 +1.013029747e+02 +1.013029747e+02 -2.6936e-01 +2.9323e-01 -2.4459e-01
31 +1.671242426e+01 +1.671242426e+01 +8.806242426e+01 +8.806242426e+01 -1.3690e-01 -1.2145e-01 -5.7037e-01
57 +1.393924098e+01 +1.393924098e+01 +8.528924098e+01 +8.528924098e+01 +5.8448e-03 -7.8076e-02 -5.9082e-01
75 +1.332026244e+01 +1.332026244e+01 +8.467026244e+01 +8.467026244e+01 -2.5369e-02 -2.4391e-01 -5.6002e-01
94 +1.311965453e+01 +1.311965453e+01 +8.446965453e+01 +8.446965453e+01 -2.2351e-02 -1.7477e-01 -5.1750e-01
102 +5.035457280e+00 +5.035457280e+00 +7.638545728e+01 +7.638545728e+01 +4.9167e-02 -1.9596e-01 -7.3085e-01
186 +3.255080553e+00 +3.255080553e+00 +7.460508055e+01 +7.460508055e+01 +1.4147e-01 -2.8148e-01 -7.2668e-01
221 +3.167691661e+00 +3.167691661e+00 +7.451769166e+01 +7.451769166e+01 +8.0449e-02 -2.4843e-01 -7.4126e-01
246 +2.737615143e+00 +2.737615143e+00 +7.408761514e+01 +7.408761514e+01 +8.7348e-02 -2.4112e-01 -7.7638e-01
260 +1.986237638e+00 +1.986237638e+00 +7.333623764e+01 +7.333623764e+01 +9.7163e-02 -2.4958e-01 -7.5501e-01
283 +1.769342884e+00 +1.769342884e+00 +7.311934288e+01 +7.311934288e+01 +9.6952e-02 -2.5064e-01 -7.5860e-01
485 +1.716472201e+00 +1.716472201e+00 +7.306647220e+01 +7.306647220e+01 +9.7010e-02 -2.5013e-01 -7.5939e-01
519 +1.689940052e+00 +1.689940052e+00 +7.303994005e+01 +7.303994005e+01 +9.6539e-02 -2.4943e-01 -7.5841e-01
521 +1.555852403e+00 +1.555852403e+00 +7.290585240e+01 +7.290585240e+01 +9.6217e-02 -2.5033e-01 -7.6111e-01
532 +1.534831883e+00 +1.534831883e+00 +7.288483188e+01 +7.288483188e+01 +9.5930e-02 -2.5007e-01 -7.6146e-01
601 +1.507204027e+00 +1.507204027e+00 +7.285720403e+01 +7.285720403e+01 +9.5939e-02 -2.5012e-01 -7.6093e-01
% function evaluation | noise-free fitness - Fopt (-3.552200000000e+02) | best noise-free fitness - Fopt | measured fitness | best measured fitness | x1 | x2...
1 +1.157138576e+02 +1.157138576e+02 -2.395061424e+02 -2.395061424e+02 +0.0000e+00 +0.0000e+00 +0.0000e+00
2 +9.045977219e+01 +9.045977219e+01 -2.647602278e+02 -2.647602278e+02 +8.9790e-03 -1.0384e-01 +7.5749e-02
3 +7.185774456e+01 +7.185774456e+01 -2.833622554e+02 -2.833622554e+02 -1.4521e-01 +1.8038e-01 +3.0863e-01
11 +6.320877673e+01 +6.320877673e+01 -2.920112233e+02 -2.920112233e+02 -6.1431e-02 +1.8586e-01 +1.3351e-01
23 +6.288206841e+01 +6.288206841e+01 -2.923379316e+02 -2.923379316e+02 -1.0041e-01 +2.0635e-01 +7.0071e-02
24 +5.225125159e+01 +5.225125159e+01 -3.029687484e+02 -3.029687484e+02 -6.9448e-02 +1.2502e-01 +6.3964e-02
46 +5.086226835e+01 +5.086226835e+01 -3.043577316e+02 -3.043577316e+02 -8.6898e-02 +1.5931e-01 +2.0024e-01
55 +3.966240761e+01 +3.966240761e+01 -3.155575924e+02 -3.155575924e+02 -5.5569e-02 +2.4187e-01 +2.6551e-01
63 +3.437472828e+01 +3.437472828e+01 -3.208452717e+02 -3.208452717e+02 -6.7843e-02 +1.8633e-01 +2.4603e-01
324 +3.384861278e+01 +3.384861278e+01 -3.213713872e+02 -3.213713872e+02 -6.9625e-02 +1.6876e-01 +1.8779e-01
476 +3.305808817e+01 +3.305808817e+01 -3.221619118e+02 -3.221619118e+02 -6.9436e-02 +1.7017e-01 +1.9034e-01
% function evaluation | noise-free fitness - Fopt (9.917000000000e+01) | best noise-free fitness - Fopt | measured fitness | best measured fitness | x1 | x2...
1 +1.430728932e+02 +1.430728932e+02 +2.422428932e+02 +2.422428932e+02 +0.0000e+00 +0.0000e+00 +0.0000e+00
2 +7.090524871e+01 +7.090524871e+01 +1.700752487e+02 +1.700752487e+02 +6.1960e-02 +4.3465e-01 -1.1480e-01
7 +6.063456703e+01 +6.063456703e+01 +1.598045670e+02 +1.598045670e+02 +1.0949e-01 +2.6334e-03 +2.6358e-02
11 +3.057273330e+01 +3.057273330e+01 +1.297427333e+02 +1.297427333e+02 +4.3832e-01 +2.3723e-01 +2.2754e-01
20 +1.577395618e+01 +1.577395618e+01 +1.149439562e+02 +1.149439562e+02 +5.8371e-01 +4.6187e-01 +1.2506e-01
28 +4.800648996e+00 +4.800648996e+00 +1.039706490e+02 +1.039706490e+02 +5.4372e-01 +5.0029e-01 +4.0028e-01
47 +2.654813827e+00 +2.654813827e+00 +1.018248138e+02 +1.018248138e+02 +5.5691e-01 +1.0274e+00 +6.4458e-01
174 +1.506829554e+00 +1.506829554e+00 +1.006768296e+02 +1.006768296e+02 +2.1358e-01 +9.4471e-01 +1.0227e+00
330 +5.411350484e-01 +5.411350484e-01 +9.971113505e+01 +9.971113505e+01 +4.0213e-01 +1.1763e+00 +9.0151e-01
389 +4.064271535e-01 +4.064271535e-01 +9.957642715e+01 +9.957642715e+01 +3.8593e-01 +1.1137e+00 +9.1436e-01
400 +2.923769527e-01 +2.923769527e-01 +9.946237695e+01 +9.946237695e+01 +3.5060e-01 +1.1078e+00 +9.5463e-01
404 +2.260677144e-01 +2.260677144e-01 +9.939606771e+01 +9.939606771e+01 +3.9881e-01 +1.1178e+00 +8.9153e-01
532 +1.919146588e-01 +1.919146588e-01 +9.936191466e+01 +9.936191466e+01 +3.7047e-01 +1.1151e+00 +9.2844e-01
574 +1.833707879e-01 +1.833707879e-01 +9.935337079e+01 +9.935337079e+01 +3.6967e-01 +1.1151e+00 +9.2994e-01
695 +1.805243450e-01 +1.805243450e-01 +9.935052435e+01 +9.935052435e+01 +3.6880e-01 +1.1145e+00 +9.3025e-01
713 +1.761589152e-01 +1.761589152e-01 +9.934615892e+01 +9.934615892e+01 +3.6874e-01 +1.1145e+00 +9.3036e-01
852 +1.725360245e-01 +1.725360245e-01 +9.934253602e+01 +9.934253602e+01 +3.6890e-01 +1.1146e+00 +9.3025e-01
879 +1.691208051e-01 +1.691208051e-01 +9.933912081e+01 +9.933912081e+01 +3.6887e-01 +1.1146e+00 +9.3024e-01
% function evaluation | noise-free fitness - Fopt (-5.179100000000e+02) | best noise-free fitness - Fopt | measured fitness | best measured fitness | x1 | x2...
1 +2.600132960e+01 +2.600132960e+01 -4.919086704e+02 -4.919086704e+02 +0.0000e+00 +0.0000e+00 +0.0000e+00
2 +2.400072096e+01 +2.400072096e+01 -4.939092790e+02 -4.939092790e+02 -2.6632e-01 +3.2241e-01 -1.2082e-01
4 +1.373875277e+01 +1.373875277e+01 -5.041712472e+02 -5.041712472e+02 -2.2487e-01 +1.6716e-01 -1.0023e-01
9 +1.281851465e+01 +1.281851465e+01 -5.050914854e+02 -5.050914854e+02 -1.0499e-01 +1.9190e-01 +1.6689e-01
16 +9.583557856e+00 +9.583557856e+00 -5.083264421e+02 -5.083264421e+02 -1.5553e-01 +2.7717e-01 +2.0763e-01
53 +8.167371132e+00 +8.167371132e+00 -5.097426289e+02 -5.097426289e+02 -3.8493e-01 +6.8361e-01 -7.3506e-02
92 +5.760079192e+00 +5.760079192e+00 -5.121499208e+02 -5.121499208e+02 -3.4884e-01 +2.1082e-01 +7.3067e-02
142 +5.236451364e+00 +5.236451364e+00 -5.126735486e+02 -5.126735486e+02 -3.7762e-01 +2.3152e-01 +3.0809e-02
255 +4.867677037e+00 +4.867677037e+00 -5.130423230e+02 -5.130423230e+02 -4.2881e-01 +2.7703e-01 -5.8512e-02
% function evaluation | noise-free fitness - Fopt (-5.721000000000e+01) | best noise-free fitness - Fopt | measured fitness | best measured fitness | x1 | x2...
1 +8.758449571e+01 +8.758449571e+01 +3.037449571e+01 +3.037449571e+01 +0.0000e+00 +0.0000e+00 +0.0000e+00
3 +5.886358725e+01 +5.886358725e+01 +1.653587250e+00 +1.653587250e+00 -3.5870e-01 +6.9888e-02 +1.9112e-01
4 +3.756755302e+01 +3.756755302e+01 -1.964244698e+01 -1.964244698e+01 -1.7449e-01 -2.8357e-02 -3.2874e-01
12 +3.578930352e+01 +3.578930352e+01 -2.142069648e+01 -2.142069648e+01 -2.0904e-01 +1.0906e-02 -7.2174e-01
44 +2.198491090e+01 +2.198491090e+01 -3.522508910e+01 -3.522508910e+01 -2.6147e-01 +1.4245e-02 -4.4495e-01
101 +1.351005814e+01 +1.351005814e+01 -4.369994186e+01 -4.369994186e+01 -1.1561e+00 -7.3565e-01 +1.2571e-01
122 +7.567097891e+00 +7.567097891e+00 -4.964290211e+01 -4.964290211e+01 -1.6385e+00 -1.1274e+00 +3.5312e-01
132 +5.296440667e+00 +5.296440667e+00 -5.191355933e+01 -5.191355933e+01 -2.1276e+00 -1.5205e+00 +8.2066e-01
193 +4.906634029e+00 +4.906634029e+00 -5.230336597e+01 -5.230336597e+01 -2.7586e+00 -1.9215e+00 +8.9761e-01
206 +8.537447883e-01 +8.537447883e-01 -5.635625521e+01 -5.635625521e+01 -2.3762e+00 -1.5467e+00 +4.3120e-01
344 +7.938587607e-01 +7.938587607e-01 -5.641614124e+01 -5.641614124e+01 -2.6045e+00 -1.7789e+00 +6.3236e-01
378 +7.164811643e-01 +7.164811643e-01 -5.649351884e+01 -5.649351884e+01 -2.6331e+00 -1.7879e+00 +6.3171e-01
384 +6.857819898e-01 +6.857819898e-01 -5.652421801e+01 -5.652421801e+01 -2.6261e+00 -1.7865e+00 +6.3943e-01
401 +6.387720249e-01 +6.387720249e-01 -5.657122798e+01 -5.657122798e+01 -2.6377e+00 -1.7932e+00 +6.3383e-01
403 +6.270962882e-01 +6.270962882e-01 -5.658290371e+01 -5.658290371e+01 -2.6296e+00 -1.7772e+00 +6.1850e-01
411 +5.812352079e-01 +5.812352079e-01 -5.662876479e+01 -5.662876479e+01 -2.6217e+00 -1.7714e+00 +6.1885e-01
413 +4.328252914e-01 +4.328252914e-01 -5.677717471e+01 -5.677717471e+01 -2.6201e+00 -1.7743e+00 +6.2285e-01
455 +4.154306658e-01 +4.154306658e-01 -5.679456933e+01 -5.679456933e+01 -2.6151e+00 -1.7688e+00 +6.1481e-01
465 +3.337559408e-01 +3.337559408e-01 -5.687624406e+01 -5.687624406e+01 -2.6170e+00 -1.7707e+00 +6.1410e-01
684 +3.218877239e-01 +3.218877239e-01 -5.688811228e+01 -5.688811228e+01 -2.6187e+00 -1.7736e+00 +6.1580e-01
792 +3.131817609e-01 +3.131817609e-01 -5.689681824e+01 -5.689681824e+01 -2.6185e+00 -1.7733e+00 +6.1563e-01
964 +3.090116683e-01 +3.090116683e-01 -5.690098833e+01 -5.690098833e+01 -2.6185e+00 -1.7733e+00 +6.1558e-01
% function evaluation | noise-free fitness - Fopt (-1.237300000000e+02) | best noise-free fitness - Fopt | measured fitness | best measured fitness | x1 | x2...
1 +7.380787708e+01 +7.380787708e+01 -4.992212292e+01 -4.992212292e+01 +0.0000e+00 +0.0000e+00 +0.0000e+00
6 +6.028713977e+01 +6.028713977e+01 -6.344286023e+01 -6.344286023e+01 -3.4492e-02 -1.0522e-01 +2.7778e-02
7 +5.978900019e+01 +5.978900019e+01 -6.394099981e+01 -6.394099981e+01 -2.0541e-01 -3.1373e-01 -2.6087e-01
10 +3.895587708e+01 +3.895587708e+01 -8.477412292e+01 -8.477412292e+01 -3.0980e-01 +2.5404e-01 -2.7970e-01
19 +2.466883333e+01 +2.466883333e+01 -9.906116667e+01 -9.906116667e+01 -6.7046e-02 -3.9704e-01 -7.1436e-01
25 +2.337880315e+01 +2.337880315e+01 -1.003511968e+02 -1.003511968e+02 -2.0403e-01 -4.4007e-01 -3.4819e-01
30 +9.158176759e+00 +9.158176759e+00 -1.145718232e+02 -1.145718232e+02 +1.5399e-01 -6.9764e-01 -4.1313e-01
39 +3.296746462e+00 +3.296746462e+00 -1.204332535e+02 -1.204332535e+02 +3.2003e-01 -7.2868e-01 -4.1616e-01
632 +2.464614004e+00 +2.464614004e+00 -1.212653860e+02 -1.212653860e+02 +2.7611e+00 -9.1274e-01 +1.0531e+00
669 +2.002422101e+00 +2.002422101e+00 -1.217275779e+02 -1.217275779e+02 +3.0719e+00 -9.2644e-01 -9.7289e-01
787 +1.302099363e+00 +1.302099363e+00 -1.224279006e+02 -1.224279006e+02 +3.0591e+00 -1.3731e+00 -6.7363e-01
906 +1.259078876e+00 +1.259078876e+00 -1.224709211e+02 -1.224709211e+02 +3.1009e+00 -1.0284e+00 -9.8649e-01
915 +1.060458085e+00 +1.060458085e+00 -1.226695419e+02 -1.226695419e+02 +3.1347e+00 -1.0822e+00 -9.5132e-01
936 +7.071352628e-01 +7.071352628e-01 -1.230228647e+02 -1.230228647e+02 +3.1319e+00 -1.0689e+00 -1.0270e+00
943 +5.482551066e-01 +5.482551066e-01 -1.231817449e+02 -1.231817449e+02 +3.1203e+00 -1.0433e+00 -1.0416e+00
1162 +4.973623547e-01 +4.973623547e-01 -1.232326376e+02 -1.232326376e+02 +3.1297e+00 -1.1202e+00 -9.2559e-01
1276 +4.618966610e-01 +4.618966610e-01 -1.232681033e+02 -1.232681033e+02 +3.1321e+00 -1.1308e+00 -9.1514e-01
1573 +4.443050655e-01 +4.443050655e-01 -1.232856949e+02 -1.232856949e+02 +3.1282e+00 -1.1357e+00 -8.9658e-01
1986 +4.364687012e-01 +4.364687012e-01 -1.232935313e+02 -1.232935313e+02 +3.1284e+00 -1.1356e+00 -8.9674e-01
2226 +4.264878415e-01 +4.264878415e-01 -1.233035122e+02 -1.233035122e+02 +3.1285e+00 -1.1358e+00 -8.9667e-01
% function evaluation | noise-free fitness - Fopt (-1.322100000000e+02) | best noise-free fitness - Fopt | measured fitness | best measured fitness | x1 | x2...
1 +1.838057565e+02 +1.838057565e+02 +5.159575648e+01 +5.159575648e+01 +0.0000e+00 +0.0000e+00 +0.0000e+00
2 +9.949526883e+01 +9.949526883e+01 -3.271473117e+01 -3.271473117e+01 -3.7561e-02 +2.0720e-01 +4.0224e-02
12 +8.561644324e+01 +8.561644324e+01 -4.659355676e+01 -4.659355676e+01 +4.9024e-02 -7.0268e-02 -2.5952e-01
36 +7.612867581e+01 +7.612867581e+01 -5.608132419e+01 -5.608132419e+01 +3.9377e-02 -2.9204e-01 +6.2479e-02
45 +7.533432948e+01 +7.533432948e+01 -5.687567052e+01 -5.687567052e+01 +9.7659e-02 -2.0559e-01 +4.5650e-02
47 +5.823812976e+01 +5.823812976e+01 -7.397187024e+01 -7.397187024e+01 +1.2407e-01 -2.2837e-01 +5.4772e-02
188 +5.673995750e+01 +5.673995750e+01 -7.547004250e+01 -7.547004250e+01 +1.4912e-01 -1.9646e-01 +6.1688e-02
192 +5.609862227e+01 +5.609862227e+01 -7.611137773e+01 -7.611137773e+01 +1.5248e-01 -1.9370e-01 +2.0723e-02
249 +5.284085518e+01 +5.284085518e+01 -7.936914482e+01 -7.936914482e+01 +1.3963e-01 -2.1791e-01 +3.7252e-02
272 +5.152048365e+01 +5.152048365e+01 -8.068951635e+01 -8.068951635e+01 +1.4761e-01 -2.0680e-01 +4.9239e-02
286 +4.998101551e+01 +4.998101551e+01 -8.222898449e+01 -8.222898449e+01 +1.5522e-01 -2.0386e-01 +4.9988e-02
310 +4.888906343e+01 +4.888906343e+01 -8.332093657e+01 -8.332093657e+01 +1.5314e-01 -2.0389e-01 +4.8923e-02
488 +4.784126514e+01 +4.784126514e+01 -8.436873486e+01 -8.436873486e+01 +1.5491e-01 -2.0111e-01 +4.8899e-02
542 +4.650811369e+01 +4.650811369e+01 -8.570188631e+01 -8.570188631e+01 +1.5676e-01 -2.0034e-01 +4.8773e-02
587 +4.520254335e+01 +4.520254335e+01 -8.700745665e+01 -8.700745665e+01 +1.5872e-01 -1.9813e-01 +4.9298e-02
975 +4.466687022e+01 +4.466687022e+01 -8.754312978e+01 -8.754312978e+01 +1.5827e-01 -1.9870e-01 +4.9157e-02
% function evaluation | noise-free fitness - Fopt (9.533000000000e+01) | best noise-free fitness - Fopt | measured fitness | best measured fitness | x1 | x2...
1 +4.418281657e+01 +4.418281657e+01 +1.395128166e+02 +1.395128166e+02 +0.0000e+00 +0.0000e+00 +0.0000e+00
7 +2.262251249e+01 +2.262251249e+01 +1.179525125e+02 +1.179525125e+02 +8.2796e-02 -1.9090e-01 -5.8566e-02
22 +1.983078891e+01 +1.983078891e+01 +1.151607889e+02 +1.151607889e+02 -2.7929e-02 +1.2215e-02 -1.8852e-01
146 +1.529483304e+01 +1.529483304e+01 +1.106248330e+02 +1.106248330e+02 -9.4387e-02 +1.3219e-01 -5.7615e-01
164 +1.208751496e+01 +1.208751496e+01 +1.074175150e+02 +1.074175150e+02 -9.4757e-03 +6.0457e-02 -5.9390e-01
193 +1.184787805e+01 +1.184787805e+01 +1.071778781e+02 +1.071778781e+02 -9.3837e-02 +1.2046e-01 -6.0482e-01
223 +1.034137125e+01 +1.034137125e+01 +1.056713712e+02 +1.056713712e+02 -5.6728e-02 +1.1804e-01 -6.4730e-01
233 +1.004767332e+01 +1.004767332e+01 +1.053776733e+02 +1.053776733e+02 -6.1060e-02 +1.1217e-01 -6.5111e-01
340 +9.877985999e+00 +9.877985999e+00 +1.052079860e+02 +1.052079860e+02 -5.9102e-02 +1.0917e-01 -6.7240e-01
366 +9.445953024e+00 +9.445953024e+00 +1.047759530e+02 +1.047759530e+02 -6.1872e-02 +1.1190e-01 -6.7260e-01
418 +8.740538912e+00 +8.740538912e+00 +1.040705389e+02 +1.040705389e+02 -6.1083e-02 +1.1197e-01 -6.7662e-01
% function evaluation | noise-free fitness - Fopt (6.870000000000e+01) | best noise-free fitness - Fopt | measured fitness | best measured fitness | x1 | x2...
1 +8.391024612e+01 +8.391024612e+01 +1.526102461e+02 +1.526102461e+02 +0.0000e+00 +0.0000e+00 +0.0000e+00
2 +7.736673860e+01 +7.736673860e+01 +1.460667386e+02 +1.460667386e+02 +3.1217e-01 -8.4715e-02 +1.7643e-01
4 +7.356132580e+01 +7.356132580e+01 +1.422613258e+02 +1.422613258e+02 -9.1989e-02 -4.8165e-01 -1.4208e-01
6 +5.119478954e+01 +5.119478954e+01 +1.198947895e+02 +1.198947895e+02 +2.3400e-01 -1.4930e-02 +2.9995e-02
17 +4.870537774e+01 +4.870537774e+01 +1.174053777e+02 +1.174053777e+02 +1.3408e-01 -9.3809e-02 -1.8466e-01
34 +4.527976152e+01 +4.527976152e+01 +1.139797615e+02 +1.139797615e+02 +1.2510e-01 -9.4120e-02 -7.9257e-02
44 +3.897068432e+01 +3.897068432e+01 +1.076706843e+02 +1.076706843e+02 +2.4174e-01 -7.7166e-02 -1.1233e-01
48 +3.360096372e+01 +3.360096372e+01 +1.023009637e+02 +1.023009637e+02 +1.9676e-01 -1.4022e-01 -1.3995e-01
65 +3.227205543e+01 +3.227205543e+01 +1.009720554e+02 +1.009720554e+02 +1.0195e-01 -1.7509e-01 -1.6822e-01
77 +2.494495748e+01 +2.494495748e+01 +9.364495748e+01 +9.364495748e+01 +5.9505e-02 -1.5385e-01 -1.7306e-01
149 +2.365445307e+01 +2.365445307e+01 +9.235445307e+01 +9.235445307e+01 -6.2473e-03 -2.1165e-01 -2.8216e-01
171 +2.189931930e+01 +2.189931930e+01 +9.059931930e+01 +9.059931930e+01 -7.7893e-02 -2.7303e-01 -3.6724e-01
260 +1.761951459e+01 +1.761951459e+01 +8.631951459e+01 +8.631951459e+01 -8.5787e-02 -2.4077e-01 -3.1091e-01
333 +1.637160659e+01 +1.637160659e+01 +8.507160659e+01 +8.507160659e+01 -1.0954e-01 -2.5854e-01 -3.3237e-01
345 +1.619352015e+01 +1.619352015e+01 +8.489352015e+01 +8.489352015e+01 -1.1675e-01 -2.6070e-01 -3.3787e-01
382 +1.572352707e+01 +1.572352707e+01 +8.442352707e+01 +8.442352707e+01 -1.3155e-01 -2.5998e-01 -3.3520e-01
420 +1.517455987e+01 +1.517455987e+01 +8.387455987e+01 +8.387455987e+01 -1.2438e-01 -2.5917e-01 -3.3690e-01
431 +1.504457302e+01 +1.504457302e+01 +8.374457302e+01 +8.374457302e+01 -1.2328e-01 -2.5994e-01 -3.4174e-01
437 +1.473956244e+01 +1.473956244e+01 +8.343956244e+01 +8.343956244e+01 -1.2790e-01 -2.6146e-01 -3.4190e-01
506 +1.434072151e+01 +1.434072151e+01 +8.304072151e+01 +8.304072151e+01 -1.2177e-01 -2.5933e-01 -3.4002e-01
% function evaluation | noise-free fitness - Fopt (-7.740000000000e+00) | best noise-free fitness - Fopt | measured fitness | best measured fitness | x1 | x2...
1 +1.057544618e+01 +1.057544618e+01 +2.835446184e+00 +2.835446184e+00 +0.0000e+00 +0.0000e+00 +0.0000e+00
2 +4.688731097e+00 +4.688731097e+00 -3.051268903e+00 -3.051268903e+00 -6.9541e-02 -4.8266e-02 +3.0640e-02
49 +1.394673841e+00 +1.394673841e+00 -6.345326159e+00 -6.345326159e+00 -6.1745e-01 -3.2766e-01 +2.3000e-01
79 +6.556416367e-01 +6.556416367e-01 -7.084358363e+00 -7.084358363e+00 -4.7099e-01 -3.9436e-01 +4.7731e-01
103 +3.530123214e-01 +3.530123214e-01 -7.386987679e+00 -7.386987679e+00 -5.1919e-01 -3.6252e-01 +2.8440e-01
138 +3.323198440e-01 +3.323198440e-01 -7.407680156e+00 -7.407680156e+00 -5.0681e-01 -3.5921e-01 +3.0532e-01
154 +2.953610700e-01 +2.953610700e-01 -7.444638930e+00 -7.444638930e+00 -4.5198e-01 -3.6791e-01 +2.9458e-01
161 +2.086892310e-01 +2.086892310e-01 -7.531310769e+00 -7.531310769e+00 -4.8989e-01 -3.6742e-01 +2.9377e-01
190 +1.238786520e-01 +1.238786520e-01 -7.616121348e+00 -7.616121348e+00 -4.0854e-01 -3.9162e-01 +3.6130e-01
214 +1.061591804e-01 +1.061591804e-01 -7.633840820e+00 -7.633840820e+00 -4.0442e-01 -3.9610e-01 +3.6866e-01
228 +9.420295897e-02 +9.420295897e-02 -7.645797041e+00 -7.645797041e+00 -4.1976e-01 -3.9924e-01 +3.6999e-01
238 +5.546738994e-02 +5.546738994e-02 -7.684532610e+00 -7.684532610e+00 -4.0153e-01 -4.0396e-01 +3.9771e-01
245 +4.736408562e-02 +4.736408562e-02 -7.692635914e+00 -7.692635914e+00 -3.8398e-01 -4.1009e-01 +3.9759e-01
285 +3.794230903e-02 +3.794230903e-02 -7.702057691e+00 -7.702057691e+00 -3.9753e-01 -4.0755e-01 +4.0175e-01
290 +2.424002717e-02 +2.424002717e-02 -7.715759973e+00 -7.715759973e+00 -3.9808e-01 -4.0426e-01 +3.9020e-01
360 +1.473064708e-02 +1.473064708e-02 -7.725269353e+00 -7.725269353e+00 -3.9778e-01 -4.0689e-01 +3.9335e-01
396 +1.294913737e-02 +1.294913737e-02 -7.727050863e+00 -7.727050863e+00 -4.0015e-01 -4.0543e-01 +3.9077e-01
478 +1.266115725e-02 +1.266115725e-02 -7.727338843e+00 -7.727338843e+00 -4.0015e-01 -4.0543e-01 +3.9051e-01
484 +1.031843059e-02 +1.031843059e-02 -7.729681569e+00 -7.729681569e+00 -3.9903e-01 -4.0574e-01 +3.9031e-01
530 +8.924643395e-03 +8.924643395e-03 -7.731075357e+00 -7.731075357e+00 -3.9899e-01 -4.0560e-01 +3.9038e-01
559 +8.615440660e-03 +8.615440660e-03 -7.731384559e+00 -7.731384559e+00 -3.9922e-01 -4.0575e-01 +3.9076e-01
580 +8.101583540e-03 +8.101583540e-03 -7.731898416e+00 -7.731898416e+00 -3.9918e-01 -4.0564e-01 +3.9069e-01
599 +7.501328026e-03 +7.501328026e-03 -7.732498672e+00 -7.732498672e+00 -3.9914e-01 -4.0565e-01 +3.9062e-01
620 +7.334832284e-03 +7.334832284e-03 -7.732665168e+00 -7.732665168e+00 -3.9926e-01 -4.0560e-01 +3.9047e-01
690 +7.188943820e-03 +7.188943820e-03 -7.732811056e+00 -7.732811056e+00 -3.9923e-01 -4.0558e-01 +3.9043e-01
699 +7.015517092e-03 +7.015517092e-03 -7.732984483e+00 -7.732984483e+00 -3.9921e-01 -4.0559e-01 +3.9045e-01
743 +6.821117692e-03 +6.821117692e-03 -7.733178882e+00 -7.733178882e+00 -3.9923e-01 -4.0560e-01 +3.9045e-01
755 +6.750824585e-03 +6.750824585e-03 -7.733249175e+00 -7.733249175e+00 -3.9924e-01 -4.0558e-01 +3.9042e-01
% function evaluation | noise-free fitness - Fopt (-2.193300000000e+02) | best noise-free fitness - Fopt | measured fitness | best measured fitness | x1 | x2...
1 +1.308301771e+02 +1.308301771e+02 -8.849982291e+01 -8.849982291e+01 +0.0000e+00 +0.0000e+00 +0.0000e+00
2 +1.184525185e+02 +1.184525185e+02 -1.008774815e+02 -1.008774815e+02 -3.2515e-01 +1.2659e-01 -5.8097e-02
4 +1.162799003e+02 +1.162799003e+02 -1.030500997e+02 -1.030500997e+02 -1.0551e-01 -1.7305e-01 +2.8365e-01
8 +1.025658862e+02 +1.025658862e+02 -1.167641138e+02 -1.167641138e+02 +3.2066e-01 -2.9160e-01 +2.1693e-01
11 +8.908157257e+01 +8.908157257e+01 -1.302484274e+02 -1.302484274e+02 -9.5432e-03 +3.5857e-01 +2.1195e-02
12 +8.593108174e+01 +8.593108174e+01 -1.333989183e+02 -1.333989183e+02 +8.9275e-02 +1.1738e-01 +1.7190e-01
13 +6.455163074e+01 +6.455163074e+01 -1.547783693e+02 -1.547783693e+02 +3.1329e-01 +1.2656e-01 +9.4767e-02
30 +6.064456516e+01 +6.064456516e+01 -1.586854348e+02 -1.586854348e+02 +9.1582e-02 -4.1860e-02 +1.7133e-01
32 +5.994211837e+01 +5.994211837e+01 -1.593878816e+02 -1.593878816e+02 +2.6075e-01 +2.0248e-01 +1.1733e-01
73 +5.077733995e+01 +5.077733995e+01 -1.685526601e+02 -1.685526601e+02 +2.2064e-01 +5.8200e-02 +1.6714e-01
78 +4.633756583e+01 +4.633756583e+01 -1.729924342e+02 -1.729924342e+02 +2.4037e-01 +4.3965e-02 +1.3339e-01
91 +4.088267722e+01 +4.088267722e+01 -1.784473228e+02 -1.784473228e+02 +2.4203e-01 +7.1721e-02 +1.4272e-01
324 +4.065342113e+01 +4.065342113e+01 -1.786765789e+02 -1.786765789e+02 +2.3876e-01 +9.7289e-02 +1.3013e-01
% function evaluation | noise-free fitness - Fopt (6.513000000000e+01) | best noise-free fitness - Fopt | measured fitness | best measured fitness | x1 | x2...
1 +1.723958142e+02 +1.723958142e+02 +2.375258142e+02 +2.375258142e+02 +0.0000e+00 +0.0000e+00 +0.0000e+00
4 +1.436114574e+02 +1.436114574e+02 +2.087414574e+02 +2.087414574e+02 -1.1818e-02 -7.2305e-03 +7.4678e-02
6 +9.207347747e+01 +9.207347747e+01 +1.572034775e+02 +1.572034775e+02 -1.2064e-01 -1.2798e-01 -8.3166e-02
28 +7.048565356e+01 +7.048565356e+01 +1.356156536e+02 +1.356156536e+02 -2.0359e-01 -2.1318e-01 +2.7956e-02
34 +3.194565000e+01 +3.194565000e+01 +9.707565000e+01 +9.707565000e+01 +7.7122e-02 -3.2585e-01 +1.1295e-01
65 +2.505620237e+01 +2.505620237e+01 +9.018620237e+01 +9.018620237e+01 +1.1792e-01 -4.0978e-01 +1.0606e-01
103 +1.506744874e+01 +1.506744874e+01 +8.019744874e+01 +8.019744874e+01 -7.8796e-01 -3.2137e-01 -6.5112e-04
118 +1.145244506e+01 +1.145244506e+01 +7.658244506e+01 +7.658244506e+01 -9.8018e-01 -3.0580e-01 +9.1384e-02
150 +1.084911161e+01 +1.084911161e+01 +7.597911161e+01 +7.597911161e+01 -1.2859e+00 -5.1377e-01 +4.3668e-01
271 +7.830576528e+00 +7.830576528e+00 +7.296057653e+01 +7.296057653e+01 -1.0831e+00 -4.3328e-01 -3.3954e-01
314 +4.496406680e+00 +4.496406680e+00 +6.962640668e+01 +6.962640668e+01 -1.2959e+00 -3.5852e-01 -2.7889e-01
319 +3.830106779e+00 +3.830106779e+00 +6.896010678e+01 +6.896010678e+01 -1.2024e+00 -4.2245e-01 -3.6273e-01
367 +3.192778735e+00 +3.192778735e+00 +6.832277874e+01 +6.832277874e+01 -1.2168e+00 -3.9682e-01 -3.7123e-01
368 +3.080015757e+00 +3.080015757e+00 +6.821001576e+01 +6.821001576e+01 -1.1989e+00 -4.1029e-01 -3.9353e-01
373 +2.751040789e+00 +2.751040789e+00 +6.788104079e+01 +6.788104079e+01 -1.2299e+00 -3.9221e-01 -3.6889e-01
376 +2.642746746e+00 +2.642746746e+00 +6.777274675e+01 +6.777274675e+01 -1.2155e+00 -4.0425e-01 -3.7197e-01
387 +2.465263685e+00 +2.465263685e+00 +6.759526368e+01 +6.759526368e+01 -1.2182e+00 -4.0381e-01 -3.5110e-01
447 +2.255977570e+00 +2.255977570e+00 +6.738597757e+01 +6.738597757e+01 -1.2166e+00 -4.0658e-01 -3.5634e-01
476 +2.179098715e+00 +2.179098715e+00 +6.730909871e+01 +6.730909871e+01 -1.2169e+00 -4.0516e-01 -3.5700e-01
489 +2.134847916e+00 +2.134847916e+00 +6.726484792e+01 +6.726484792e+01 -1.2180e+00 -4.0528e-01 -3.5611e-01
502 +2.041478523e+00 +2.041478523e+00 +6.717147852e+01 +6.717147852e+01 -1.2174e+00 -4.0467e-01 -3.5539e-01
509 +1.988766779e+00 +1.988766779e+00 +6.711876678e+01 +6.711876678e+01 -1.2190e+00 -4.0436e-01 -3.5422e-01
547 +1.941729102e+00 +1.941729102e+00 +6.707172910e+01 +6.707172910e+01 -1.2197e+00 -4.0415e-01 -3.5362e-01
% function evaluation | noise-free fitness - Fopt (-5.469000000000e+01) | best noise-free fitness - Fopt | measured fitness | best measured fitness | x1 | x2...
1 +2.357850119e+02 +2.357850119e+02 +1.810950119e+02 +1.810950119e+02 +0.0000e+00 +0.0000e+00 +0.0000e+00
6 +6.856918914e+01 +6.856918914e+01 +1.387918914e+01 +1.387918914e+01 +9.2672e-02 -4.4072e-01 -1.3300e-02
34 +4.708259849e+01 +4.708259849e+01 -7.607401509e+00 -7.607401509e+00 -2.7420e-01 -5.0724e-01 +1.6755e-01
49 +3.380060773e+01 +3.380060773e+01 -2.088939227e+01 -2.088939227e+01 -8.9588e-02 -5.3701e-01 +4.1922e-02
66 +2.815694778e+01 +2.815694778e+01 -2.653305222e+01 -2.653305222e+01 -6.7679e-01 -7.6168e-01 -2.6959e-01
85 +1.182833201e+01 +1.182833201e+01 -4.286166799e+01 -4.286166799e+01 -5.1837e-01 -6.1337e-01 -8.0069e-01
94 +1.097081086e+01 +1.097081086e+01 -4.371918914e+01 -4.371918914e+01 -5.1738e-01 -5.2648e-01 -7.4123e-01
108 +1.049435129e+01 +1.049435129e+01 -4.419564871e+01 -4.419564871e+01 -5.1874e-01 -6.3925e-01 -6.5688e-01
129 +9.153268909e+00 +9.153268909e+00 -4.553673109e+01 -4.553673109e+01 -2.8420e-01 -6.9371e-01 -7.8066e-01
133 +4.419366082e+00 +4.419366082e+00 -5.027063392e+01 -5.027063392e+01 -3.0906e-01 -6.4837e-01 -7.8372e-01
233 +4.074058911e+00 +4.074058911e+00 -5.061594109e+01 -5.061594109e+01 -4.0026e-01 -6.2970e-01 -7.4774e-01
235 +3.219145850e+00 +3.219145850e+00 -5.147085415e+01 -5.147085415e+01 -3.6633e-01 -6.2694e-01 -7.6730e-01
295 +1.911724132e+00 +1.911724132e+00 -5.277827587e+01 -5.277827587e+01 -3.7174e-01 -6.2902e-01 -7.6361e-01
354 +1.893083064e+00 +1.893083064e+00 -5.279691694e+01 -5.279691694e+01 -3.5649e-01 -6.3720e-01 -7.5556e-01
394 +1.731587918e+00 +1.731587918e+00 -5.295841208e+01 -5.295841208e+01 -3.4658e-01 -6.3830e-01 -7.5272e-01
415 +1.623909987e+00 +1.623909987e+00 -5.306609001e+01 -5.306609001e+01 -3.4892e-01 -6.3752e-01 -7.5923e-01
430 +1.426135805e+00 +1.426135805e+00 -5.326386420e+01 -5.326386420e+01 -3.4513e-01 -6.3907e-01 -7.5624e-01
467 +1.347382872e+00 +1.347382872e+00 -5.334261713e+01 -5.334261713e+01 -3.4902e-01 -6.3759e-01 -7.5739e-01
477 +1.308424095e+00 +1.308424095e+00 -5.338157591e+01 -5.338157591e+01 -3.4869e-01 -6.3764e-01 -7.5712e-01
600 +1.274216999e+00 +1.274216999e+00 -5.341578300e+01 -5.341578300e+01 -3.4810e-01 -6.3786e-01 -7.5691e-01
621 +1.258411701e+00 +1.258411701e+00 -5.343158830e+01 -5.343158830e+01 -3.4808e-01 -6.3788e-01 -7.5696e-01
% function evaluation | noise-free fitness - Fopt (-1.796700000000e+02) | best noise-free fitness - Fopt | measured fitness | best measured fitness | x1 | x2...
1 +5.167155014e+01 +5.167155014e+01 -1.279984499e+02 -1.279984499e+02 +0.0000e+00 +0.0000e+00 +0.0000e+00
5 +3.740825056e+01 +3.740825056e+01 -1.422617494e+02 -1.422617494e+02 -3.7182e-02 +6.6921e-02 +1.5605e-01
13 +3.280013715e+01 +3.280013715e+01 -1.468698628e+02 -1.468698628e+02 +5.6512e-02 +2.7660e-01 +3.2319e-01
21 +3.030276815e+01 +3.030276815e+01 -1.493672319e+02 -1.493672319e+02 +1.1950e-01 +4.5685e-02 +1.2981e-01
41 +2.536603843e+01 +2.536603843e+01 -1.543039616e+02 -1.543039616e+02 +1.5764e-01 +3.2378e-01 +2.8343e-01
56 +2.336156369e+01 +2.336156369e+01 -1.563084363e+02 -1.563084363e+02 -3.8359e-01 -2.0919e-01 +2.5453e-01
89 +2.217786131e+01 +2.217786131e+01 -1.574921387e+02 -1.574921387e+02 -3.9749e-01 -1.6748e-01 +2.5204e-01
95 +1.965040704e+01 +1.965040704e+01 -1.600195930e+02 -1.600195930e+02 -5.5613e-01 -1.6595e-01 +3.2594e-01
101 +1.743424084e+01 +1.743424084e+01 -1.622357592e+02 -1.622357592e+02 -4.0627e-01 -2.1496e-01 +2.1668e-01
164 +1.731245049e+01 +1.731245049e+01 -1.623575495e+02 -1.623575495e+02 -3.5877e-01 -1.5815e-01 +2.1749e-01
185 +1.684147158e+01 +1.684147158e+01 -1.628285284e+02 -1.628285284e+02 -3.0187e-01 -1.7418e-01 +2.0053e-01
199 +1.643590075e+01 +1.643590075e+01 -1.632340993e+02 -1.632340993e+02 -3.0224e-01 -1.5607e-01 +1.9673e-01
266 +1.546705710e+01 +1.546705710e+01 -1.642029429e+02 -1.642029429e+02 -2.7420e-01 -1.5256e-01 +1.8555e-01
275 +1.493884801e+01 +1.493884801e+01 -1.647311520e+02 -1.647311520e+02 -2.7366e-01 -1.5474e-01 +1.8391e-01
459 +1.466216774e+01 +1.466216774e+01 -1.650078323e+02 -1.650078323e+02 -2.5511e-01 -1.5098e-01 +1.7860e-01
489 +1.387159905e+01 +1.387159905e+01 -1.657984009e+02 -1.657984009e+02 -2.4872e-01 -1.5236e-01 +1.7533e-01
656 +1.363208190e+01 +1.363208190e+01 -1.660379181e+02 -1.660379181e+02 -2.6003e-01 -1.5691e-01 +1.7761e-01
736 +1.345931929e+01 +1.345931929e+01 -1.662106807e+02 -1.662106807e+02 -2.6073e-01 -1.5647e-01 +1.7792e-01
917 +1.316940328e+01 +1.316940328e+01 -1.665005967e+02 -1.665005967e+02 -2.6036e-01 -1.5647e-01 +1.7791e-01
% function evaluation | noise-free fitness - Fopt (-8.410000000000e+01) | best noise-free fitness - Fopt | measured fitness | best measured fitness | x1 | x2...
1 +4.221172126e+01 +4.221172126e+01 -4.188827874e+01 -4.188827874e+01 +0.0000e+00 +0.0000e+00 +0.0000e+00
4 +3.443081919e+01 +3.443081919e+01 -4.966918081e+01 -4.966918081e+01 +2.0645e-01 +1.7816e-01 -8.9404e-02
17 +2.755597576e+01 +2.755597576e+01 -5.654402424e+01 -5.654402424e+01 +1.3810e-01 +6.7173e-02 -1.2055e-01
37 +2.463328012e+01 +2.463328012e+01 -5.946671988e+01 -5.946671988e+01 +2.5541e-01 +3.7874e-01 -1.8126e-01
62 +1.701770681e+01 +1.701770681e+01 -6.708229319e+01 -6.708229319e+01 +1.7019e-01 +2.4515e-01 -1.8835e-01
118 +1.507765721e+01 +1.507765721e+01 -6.902234279e+01 -6.902234279e+01 +2.0220e-01 +3.8448e-01 -1.3603e-01
201 +1.476195013e+01 +1.476195013e+01 -6.933804987e+01 -6.933804987e+01 +2.0144e-01 +4.0311e-01 -1.2295e-01
255 +1.388096294e+01 +1.388096294e+01 -7.021903706e+01 -7.021903706e+01 +2.0084e-01 +3.9197e-01 -1.2976e-01
331 +1.347666461e+01 +1.347666461e+01 -7.062333539e+01 -7.062333539e+01 +2.0337e-01 +4.0639e-01 -1.2190e-01
350 +1.306196436e+01 +1.306196436e+01 -7.103803564e+01 -7.103803564e+01 +2.0419e-01 +4.0747e-01 -1.2173e-01
487 +1.273254992e+01 +1.273254992e+01 -7.136745008e+01 -7.136745008e+01 +2.0375e-01 +4.0908e-01 -1.2006e-01
526 +1.235731468e+01 +1.235731468e+01 -7.174268532e+01 -7.174268532e+01 +2.0541e-01 +4.1116e-01 -1.2022e-01
625 +1.229617996e+01 +1.229617996e+01 -7.180382004e+01 -7.180382004e+01 +2.0546e-01 +4.1164e-01 -1.1988e-01
