% function evaluation | noise-free fitness - Fopt (7.135000000000e+01) | best noise-free fitness - Fopt | measured fitness | best measured fitness | x1 | x2...
1 +6.740687613e+01 +6.740687613e+01 +1.387568761e+02 +1.387568761e+02
10 +6.358977179e+01 +6.358977179e+01 +1.349397718e+02 +1.349397718e+02
11 +5.405940030e+01 +5.405940030e+01 +1.254094003e+02 +1.254094003e+02
22 +4.963679660e+01 +4.963679660e+01 +1.209867966e+02 +1.209867966e+02
34 +4.852978639e+01 +4.852978639e+01 +1.198797864e+02 +1.198797864e+02
39 +4.182966543e+01 +4.182966543e+01 +1.131796654e+02 +1.131796654e+02
48 +3.864397767e+01 +3.864397767e+01 +1.099939777e+02 +1.099939777e+02
74 +3.343811899e+01 +3.343811899e+01 +1.047881190e+02 +1.047881190e+02
81 +2.837717395e+01 +2.837717395e+01 +9.972717395e+01 +9.972717395e+01
229 +2.775014276e+01 +2.775014276e+01 +9.910014276e+01 +9.910014276e+01
247 +2.668392645e+01 +2.668392645e+01 +9.803392645e+01 +9.803392645e+01
251 +2.580704922e+01 +2.580704922e+01 +9.715704922e+01 +9.715704922e+01
350 +2.353836164e+01 +2.353836164e+01 +9.488836164e+01 +9.488836164e+01
357 +2.060479447e+01 +2.060479447e+01 +9.195479447e+01 +9.195479447e+01
391 +1.968803668e+01 +1.968803668e+01 +9.103803668e+01 +9.103803668e+01
401 +1.711327821e+01 +1.711327821e+01 +8.846327821e+01 +8.846327821e+01
415 +1.681784149e+01 +1.681784149e+01 +8.816784149e+01 +8.816784149e+01
690 +1.626522811e+01 +1.626522811e+01 +8.761522811e+01 +8.761522811e+01
844 +1.579105172e+01 +1.579105172e+01 +8.714105172e+01 +8.714105172e+01
858 +1.505023557e+01 +1.505023557e+01 +8.640023557e+01 +8.640023557e+01
870 +1.388385600e+01 +1.388385600e+01 +8.523385600e+01 +8.523385600e+01
872 +1.350092524e+01 +1.350092524e+01 +8.485092524e+01 +8.485092524e+01
885 +1.286832194e+01 +1.286832194e+01 +8.421832194e+01 +8.421832194e+01
887 +1.119162189e+01 +1.119162189e+01 +8.254162189e+01 +8.254162189e+01
939 +1.013975500e+01 +1.013975500e+01 +8.148975500e+01 +8.148975500e+01
1004 +8.443645386e+00 +8.443645386e+00 +7.979364539e+01 +7.979364539e+01
1155 +8.295088830e+00 +8.295088830e+00 +7.964508883e+01 +7.964508883e+01
1203 +7.648932365e+00 +7.648932365e+00 +7.899893236e+01 +7.899893236e+01
1239 +6.972682325e+00 +6.972682325e+00 +7.832268233e+01 +7.832268233e+01
1376 +6.666793224e+00 +6.666793224e+00 +7.801679322e+01 +7.801679322e+01
1401 +6.603054447e+00 +6.603054447e+00 +7.795305445e+01 +7.795305445e+01
1406 +6.282987765e+00 +6.282987765e+00 +7.763298777e+01 +7.763298777e+01
1424 +6.057995104e+00 +6.057995104e+00 +7.740799510e+01 +7.740799510e+01
1430 +5.824078023e+00 +5.824078023e+00 +7.717407802e+01 +7.717407802e+01
1438 +5.636393496e+00 +5.636393496e+00 +7.698639350e+01 +7.698639350e+01
1454 +5.607199246e+00 +5.607199246e+00 +7.695719925e+01 +7.695719925e+01
1488 +4.931436224e+00 +4.931436224e+00 +7.628143622e+01 +7.628143622e+01
1546 +4.804196507e+00 +4.804196507e+00 +7.615419651e+01 +7.615419651e+01
1589 +4.533304291e+00 +4.533304291e+00 +7.588330429e+01 +7.588330429e+01
1604 +4.304911677e+00 +4.304911677e+00 +7.565491168e+01 +7.565491168e+01
1669 +4.181775941e+00 +4.181775941e+00 +7.553177594e+01 +7.553177594e+01
1711 +3.940281782e+00 +3.940281782e+00 +7.529028178e+01 +7.529028178e+01
1742 +3.572097045e+00 +3.572097045e+00 +7.492209705e+01 +7.492209705e+01
1763 +3.524399415e+00 +3.524399415e+00 +7.487439942e+01 +7.487439942e+01
1797 +3.460422614e+00 +3.460422614e+00 +7.481042261e+01 +7.481042261e+01
1809 +3.351314319e+00 +3.351314319e+00 +7.470131432e+01 +7.470131432e+01
1810 +3.258758965e+00 +3.258758965e+00 +7.460875896e+01 +7.460875896e+01
1812 +2.892692602e+00 +2.892692602e+00 +7.424269260e+01 +7.424269260e+01
1856 +2.859954060e+00 +2.859954060e+00 +7.420995406e+01 +7.420995406e+01
1859 +2.750516334e+00 +2.750516334e+00 +7.410051633e+01 +7.410051633e+01
2041 +2.658975670e+00 +2.658975670e+00 +7.400897567e+01 +7.400897567e+01
2186 +2.610399152e+00 +2.610399152e+00 +7.396039915e+01 +7.396039915e+01
2268 +2.544762782e+00 +2.544762782e+00 +7.389476278e+01 +7.389476278e+01
2355 +2.449089243e+00 +2.449089243e+00 +7.379908924e+01 +7.379908924e+01
2404 +2.380242234e+00 +2.380242234e+00 +7.373024223e+01 +7.373024223e+01
2444 +2.303402714e+00 +2.303402714e+00 +7.365340271e+01 +7.365340271e+01
2485 +2.254800873e+00 +2.254800873e+00 +7.360480087e+01 +7.360480087e+01
2537 +2.237714654e+00 +2.237714654e+00 +7.358771465e+01 +7.358771465e+01
2559 +2.171480260e+00 +2.171480260e+00 +7.352148026e+01 +7.352148026e+01
2570 +2.137728668e+00 +2.137728668e+00 +7.348772867e+01 +7.348772867e+01
2625 +2.020860472e+00 +2.020860472e+00 +7.337086047e+01 +7.337086047e+01
3035 +1.986209234e+00 +1.986209234e+00 +7.333620923e+01 +7.333620923e+01
3214 +1.945881036e+00 +1.945881036e+00 +7.329588104e+01 +7.329588104e+01
3371 +1.898454636e+00 +1.898454636e+00 +7.324845464e+01 +7.324845464e+01
3591 +1.861057275e+00 +1.861057275e+00 +7.321105727e+01 +7.321105727e+01
3740 +1.817527959e+00 +1.817527959e+00 +7.316752796e+01 +7.316752796e+01
3998 +1.776031112e+00 +1.776031112e+00 +7.312603111e+01 +7.312603111e+01
4511 +1.729778728e+00 +1.729778728e+00 +7.307977873e+01 +7.307977873e+01
6143 +1.698107302e+00 +1.698107302e+00 +7.304810730e+01 +7.304810730e+01
% function evaluation | noise-free fitness - Fopt (-3.552200000000e+02) | best noise-free fitness - Fopt | measured fitness | best measured fitness | x1 | x2...
1 +9.594726272e+01 +9.594726272e+01 -2.592727373e+02 -2.592727373e+02
2 +8.646186520e+01 +8.646186520e+01 -2.687581348e+02 -2.687581348e+02
14 +8.462875605e+01 +8.462875605e+01 -2.705912439e+02 -2.705912439e+02
15 +8.045679263e+01 +8.045679263e+01 -2.747632074e+02 -2.747632074e+02
18 +7.296636970e+01 +7.296636970e+01 -2.822536303e+02 -2.822536303e+02
30 +7.027513178e+01 +7.027513178e+01 -2.849448682e+02 -2.849448682e+02
31 +6.881473745e+01 +6.881473745e+01 -2.864052626e+02 -2.864052626e+02
37 +6.583241676e+01 +6.583241676e+01 -2.893875832e+02 -2.893875832e+02
39 +6.244694330e+01 +6.244694330e+01 -2.927730567e+02 -2.927730567e+02
43 +5.831786619e+01 +5.831786619e+01 -2.969021338e+02 -2.969021338e+02
51 +5.255524457e+01 +5.255524457e+01 -3.026647554e+02 -3.026647554e+02
76 +4.926535138e+01 +4.926535138e+01 -3.059546486e+02 -3.059546486e+02
93 +4.483245124e+01 +4.483245124e+01 -3.103875488e+02 -3.103875488e+02
104 +4.410617068e+01 +4.410617068e+01 -3.111138293e+02 -3.111138293e+02
113 +4.263017384e+01 +4.263017384e+01 -3.125898262e+02 -3.125898262e+02
124 +4.038789874e+01 +4.038789874e+01 -3.148321013e+02 -3.148321013e+02
218 +3.884965538e+01 +3.884965538e+01 -3.163703446e+02 -3.163703446e+02
238 +3.740537322e+01 +3.740537322e+01 -3.178146268e+02 -3.178146268e+02
241 +3.604083753e+01 +3.604083753e+01 -3.191791625e+02 -3.191791625e+02
259 +3.340434370e+01 +3.340434370e+01 -3.218156563e+02 -3.218156563e+02
285 +3.236959480e+01 +3.236959480e+01 -3.228504052e+02 -3.228504052e+02
410 +3.065142120e+01 +3.065142120e+01 -3.245685788e+02 -3.245685788e+02
452 +2.846573426e+01 +2.846573426e+01 -3.267542657e+02 -3.267542657e+02
496 +2.664063515e+01 +2.664063515e+01 -3.285793649e+02 -3.285793649e+02
663 +2.397939151e+01 +2.397939151e+01 -3.312406085e+02 -3.312406085e+02
678 +1.974769505e+01 +1.974769505e+01 -3.354723050e+02 -3.354723050e+02
749 +1.930423154e+01 +1.930423154e+01 -3.359157685e+02 -3.359157685e+02
770 +1.742158474e+01 +1.742158474e+01 -3.377984153e+02 -3.377984153e+02
797 +1.670591491e+01 +1.670591491e+01 -3.385140851e+02 -3.385140851e+02
1248 +1.589618323e+01 +1.589618323e+01 -3.393238168e+02 -3.393238168e+02
1252 +1.548918329e+01 +1.548918329e+01 -3.397308167e+02 -3.397308167e+02
1255 +1.515711585e+01 +1.515711585e+01 -3.400628842e+02 -3.400628842e+02
1284 +1.426038677e+01 +1.426038677e+01 -3.409596132e+02 -3.409596132e+02
1291 +1.394007853e+01 +1.394007853e+01 -3.412799215e+02 -3.412799215e+02
1362 +1.376277704e+01 +1.376277704e+01 -3.414572230e+02 -3.414572230e+02
1395 +1.347717089e+01 +1.347717089e+01 -3.417428291e+02 -3.417428291e+02
1458 +1.288042115e+01 +1.288042115e+01 -3.423395789e+02 -3.423395789e+02
1531 +1.230109802e+01 +1.230109802e+01 -3.429189020e+02 -3.429189020e+02
1532 +1.187814372e+01 +1.187814372e+01 -3.433418563e+02 -3.433418563e+02
1630 +1.167124025e+01 +1.167124025e+01 -3.435487597e+02 -3.435487597e+02
1652 +1.106440910e+01 +1.106440910e+01 -3.441555909e+02 -3.441555909e+02
1663 +1.046506684e+01 +1.046506684e+01 -3.447549332e+02 -3.447549332e+02
1672 +1.012135196e+01 +1.012135196e+01 -3.450986480e+02 -3.450986480e+02
1681 +9.846605510e+00 +9.846605510e+00 -3.453733945e+02 -3.453733945e+02
1687 +9.423880598e+00 +9.423880598e+00 -3.457961194e+02 -3.457961194e+02
1691 +8.490312201e+00 +8.490312201e+00 -3.467296878e+02 -3.467296878e+02
2070 +8.297940345e+00 +8.297940345e+00 -3.469220597e+02 -3.469220597e+02
2079 +8.099120785e+00 +8.099120785e+00 -3.471208792e+02 -3.471208792e+02
2132 +7.896817415e+00 +7.896817415e+00 -3.473231826e+02 -3.473231826e+02
2186 +7.756512756e+00 +7.756512756e+00 -3.474634872e+02 -3.474634872e+02
2263 +7.383849458e+00 +7.383849458e+00 -3.478361505e+02 -3.478361505e+02
2325 +7.134296931e+00 +7.134296931e+00 -3.480857031e+02 -3.480857031e+02
2434 +7.074808296e+00 +7.074808296e+00 -3.481451917e+02 -3.481451917e+02
2492 +6.822151916e+00 +6.822151916e+00 -3.483978481e+02 -3.483978481e+02
2527 +6.738587306e+00 +6.738587306e+00 -3.484814127e+02 -3.484814127e+02
2547 +6.555885151e+00 +6.555885151e+00 -3.486641148e+02 -3.486641148e+02
2749 +6.379648380e+00 +6.379648380e+00 -3.488403516e+02 -3.488403516e+02
2778 +6.284114204e+00 +6.284114204e+00 -3.489358858e+02 -3.489358858e+02
2852 +6.131739591e+00 +6.131739591e+00 -3.490882604e+02 -3.490882604e+02
2939 +5.995058733e+00 +5.995058733e+00 -3.492249413e+02 -3.492249413e+02
3250 +5.794696736e+00 +5.794696736e+00 -3.494253033e+02 -3.494253033e+02
3285 +5.697005793e+00 +5.697005793e+00 -3.495229942e+02 -3.495229942e+02
3492 +5.598430578e+00 +5.598430578e+00 -3.496215694e+02 -3.496215694e+02
3716 +5.480137017e+00 +5.480137017e+00 -3.497398630e+02 -3.497398630e+02
3985 +5.337595815e+00 +5.337595815e+00 -3.498824042e+02 -3.498824042e+02
4131 +5.242829954e+00 +5.242829954e+00 -3.499771700e+02 -3.499771700e+02
5042 +5.127923177e+00 +5.127923177e+00 -3.500920768e+02 -3.500920768e+02
6224 +5.011119136e+00 +5.011119136e+00 -3.502088809e+02 -3.502088809e+02
% function evaluation | noise-free fitness - Fopt (9.917000000000e+01) | best noise-free fitness - Fopt | measured fitness | best measured fitness | x1 | x2...
1 +1.139354996e+02 +1.139354996e+02 +2.131054996e+02 +2.131054996e+02
2 +1.047926382e+02 +1.047926382e+02 +2.039626382e+02 +2.039626382e+02
4 +1.002022893e+02 +1.002022893e+02 +1.993722893e+02 +1.993722893e+02
5 +9.798920943e+01 +9.798920943e+01 +1.971592094e+02 +1.971592094e+02
8 +8.842387184e+01 +8.842387184e+01 +1.875938718e+02 +1.875938718e+02
11 +7.134772913e+01 +7.134772913e+01 +1.705177291e+02 +1.705177291e+02
33 +6.611549655e+01 +6.611549655e+01 +1.652854965e+02 +1.652854965e+02
36 +6.044223171e+01 +6.044223171e+01 +1.596122317e+02 +1.596122317e+02
62 +5.798043946e+01 +5.798043946e+01 +1.571504395e+02 +1.571504395e+02
87 +5.384603549e+01 +5.384603549e+01 +1.530160355e+02 +1.530160355e+02
93 +5.253747805e+01 +5.253747805e+01 +1.517074781e+02 +1.517074781e+02
100 +5.014820127e+01 +5.014820127e+01 +1.493182013e+02 +1.493182013e+02
119 +4.990143414e+01 +4.990143414e+01 +1.490714341e+02 +1.490714341e+02
128 +4.277242327e+01 +4.277242327e+01 +1.419424233e+02 +1.419424233e+02
136 +4.158983902e+01 +4.158983902e+01 +1.407598390e+02 +1.407598390e+02
189 +3.745082137e+01 +3.745082137e+01 +1.366208214e+02 +1.366208214e+02
252 +3.639166265e+01 +3.639166265e+01 +1.355616626e+02 +1.355616626e+02
338 +3.567151734e+01 +3.567151734e+01 +1.348415173e+02 +1.348415173e+02
358 +2.685234586e+01 +2.685234586e+01 +1.260223459e+02 +1.260223459e+02
461 +2.374472479e+01 +2.374472479e+01 +1.229147248e+02 +1.229147248e+02
466 +2.316777508e+01 +2.316777508e+01 +1.223377751e+02 +1.223377751e+02
489 +1.750708086e+01 +1.750708086e+01 +1.166770809e+02 +1.166770809e+02
825 +1.721502806e+01 +1.721502806e+01 +1.163850281e+02 +1.163850281e+02
895 +1.548938490e+01 +1.548938490e+01 +1.146593849e+02 +1.146593849e+02
930 +1.489189241e+01 +1.489189241e+01 +1.140618924e+02 +1.140618924e+02
982 +1.359949011e+01 +1.359949011e+01 +1.127694901e+02 +1.127694901e+02
1187 +1.236226397e+01 +1.236226397e+01 +1.115322640e+02 +1.115322640e+02
1355 +1.218133765e+01 +1.218133765e+01 +1.113513377e+02 +1.113513377e+02
1369 +1.154944599e+01 +1.154944599e+01 +1.107194460e+02 +1.107194460e+02
1380 +1.075264613e+01 +1.075264613e+01 +1.099226461e+02 +1.099226461e+02
1390 +1.037233432e+01 +1.037233432e+01 +1.095423343e+02 +1.095423343e+02
1463 +9.757267503e+00 +9.757267503e+00 +1.089272675e+02 +1.089272675e+02
1470 +8.636714930e+00 +8.636714930e+00 +1.078067149e+02 +1.078067149e+02
1532 +8.233083984e+00 +8.233083984e+00 +1.074030840e+02 +1.074030840e+02
1613 +7.387421851e+00 +7.387421851e+00 +1.065574219e+02 +1.065574219e+02
1682 +7.078329246e+00 +7.078329246e+00 +1.062483292e+02 +1.062483292e+02
1702 +6.698464258e+00 +6.698464258e+00 +1.058684643e+02 +1.058684643e+02
1764 +6.440028112e+00 +6.440028112e+00 +1.056100281e+02 +1.056100281e+02
1793 +6.031909096e+00 +6.031909096e+00 +1.052019091e+02 +1.052019091e+02
1803 +5.990391991e+00 +5.990391991e+00 +1.051603920e+02 +1.051603920e+02
1832 +5.763655179e+00 +5.763655179e+00 +1.049336552e+02 +1.049336552e+02
1878 +5.239885237e+00 +5.239885237e+00 +1.044098852e+02 +1.044098852e+02
2239 +5.123065493e+00 +5.123065493e+00 +1.042930655e+02 +1.042930655e+02
2276 +4.899705378e+00 +4.899705378e+00 +1.040697054e+02 +1.040697054e+02
2316 +4.855218046e+00 +4.855218046e+00 +1.040252180e+02 +1.040252180e+02
2323 +4.630077896e+00 +4.630077896e+00 +1.038000779e+02 +1.038000779e+02
2420 +4.489617078e+00 +4.489617078e+00 +1.036596171e+02 +1.036596171e+02
2426 +4.430443647e+00 +4.430443647e+00 +1.036004436e+02 +1.036004436e+02
2432 +4.316531117e+00 +4.316531117e+00 +1.034865311e+02 +1.034865311e+02
2504 +4.119432622e+00 +4.119432622e+00 +1.032894326e+02 +1.032894326e+02
2883 +4.049383795e+00 +4.049383795e+00 +1.032193838e+02 +1.032193838e+02
2891 +3.961355904e+00 +3.961355904e+00 +1.031313559e+02 +1.031313559e+02
3157 +3.886824201e+00 +3.886824201e+00 +1.030568242e+02 +1.030568242e+02
3308 +3.772953306e+00 +3.772953306e+00 +1.029429533e+02 +1.029429533e+02
3370 +3.641386059e+00 +3.641386059e+00 +1.028113861e+02 +1.028113861e+02
3573 +3.618212499e+00 +3.618212499e+00 +1.027882125e+02 +1.027882125e+02
3584 +3.518677867e+00 +3.518677867e+00 +1.026886779e+02 +1.026886779e+02
3908 +3.421677979e+00 +3.421677979e+00 +1.025916780e+02 +1.025916780e+02
4227 +3.387733323e+00 +3.387733323e+00 +1.025577333e+02 +1.025577333e+02
4446 +3.303035109e+00 +3.303035109e+00 +1.024730351e+02 +1.024730351e+02
4683 +3.229120286e+00 +3.229120286e+00 +1.023991203e+02 +1.023991203e+02
6196 +3.159988858e+00 +3.159988858e+00 +1.023299889e+02 +1.023299889e+02
8226 +3.089054420e+00 +3.089054420e+00 +1.022590544e+02 +1.022590544e+02
% function evaluation | noise-free fitness - Fopt (-5.179100000000e+02) | best noise-free fitness - Fopt | measured fitness | best measured fitness | x1 | x2...
1 +4.652870512e+01 +4.652870512e+01 -4.713812949e+02 -4.713812949e+02
7 +3.922016956e+01 +3.922016956e+01 -4.786898304e+02 -4.786898304e+02
56 +3.517442799e+01 +3.517442799e+01 -4.827355720e+02 -4.827355720e+02
58 +3.459313441e+01 +3.459313441e+01 -4.833168656e+02 -4.833168656e+02
107 +3.329814997e+01 +3.329814997e+01 -4.846118500e+02 -4.846118500e+02
127 +3.189425582e+01 +3.189425582e+01 -4.860157442e+02 -4.860157442e+02
159 +2.719755856e+01 +2.719755856e+01 -4.907124414e+02 -4.907124414e+02
181 +2.204435131e+01 +2.204435131e+01 -4.958656487e+02 -4.958656487e+02
209 +2.057281759e+01 +2.057281759e+01 -4.973371824e+02 -4.973371824e+02
236 +1.953518688e+01 +1.953518688e+01 -4.983748131e+02 -4.983748131e+02
591 +1.938239162e+01 +1.938239162e+01 -4.985276084e+02 -4.985276084e+02
629 +1.823867253e+01 +1.823867253e+01 -4.996713275e+02 -4.996713275e+02
643 +1.536544997e+01 +1.536544997e+01 -5.025445500e+02 -5.025445500e+02
674 +1.431063920e+01 +1.431063920e+01 -5.035993608e+02 -5.035993608e+02
711 +1.362441706e+01 +1.362441706e+01 -5.042855829e+02 -5.042855829e+02
959 +1.291970564e+01 +1.291970564e+01 -5.049902944e+02 -5.049902944e+02
1082 +1.247648576e+01 +1.247648576e+01 -5.054335142e+02 -5.054335142e+02
1177 +1.167384576e+01 +1.167384576e+01 -5.062361542e+02 -5.062361542e+02
1199 +1.136841034e+01 +1.136841034e+01 -5.065415897e+02 -5.065415897e+02
1293 +1.120485657e+01 +1.120485657e+01 -5.067051434e+02 -5.067051434e+02
1317 +1.082371116e+01 +1.082371116e+01 -5.070862888e+02 -5.070862888e+02
1319 +1.051571104e+01 +1.051571104e+01 -5.073942890e+02 -5.073942890e+02
1344 +1.023096344e+01 +1.023096344e+01 -5.076790366e+02 -5.076790366e+02
1358 +9.886498116e+00 +9.886498116e+00 -5.080235019e+02 -5.080235019e+02
1367 +9.446198589e+00 +9.446198589e+00 -5.084638014e+02 -5.084638014e+02
1382 +9.195377747e+00 +9.195377747e+00 -5.087146223e+02 -5.087146223e+02
1563 +9.088100265e+00 +9.088100265e+00 -5.088218997e+02 -5.088218997e+02
1565 +8.691592826e+00 +8.691592826e+00 -5.092184072e+02 -5.092184072e+02
1715 +8.457970683e+00 +8.457970683e+00 -5.094520293e+02 -5.094520293e+02
1750 +7.997226467e+00 +7.997226467e+00 -5.099127735e+02 -5.099127735e+02
1757 +7.805580442e+00 +7.805580442e+00 -5.101044196e+02 -5.101044196e+02
1840 +7.507466509e+00 +7.507466509e+00 -5.104025335e+02 -5.104025335e+02
1924 +7.266966132e+00 +7.266966132e+00 -5.106430339e+02 -5.106430339e+02
1934 +6.999669620e+00 +6.999669620e+00 -5.109103304e+02 -5.109103304e+02
2031 +6.763025082e+00 +6.763025082e+00 -5.111469749e+02 -5.111469749e+02
2084 +6.756946747e+00 +6.756946747e+00 -5.111530533e+02 -5.111530533e+02
2087 +6.573741308e+00 +6.573741308e+00 -5.113362587e+02 -5.113362587e+02
2261 +6.432319130e+00 +6.432319130e+00 -5.114776809e+02 -5.114776809e+02
2310 +6.295363182e+00 +6.295363182e+00 -5.116146368e+02 -5.116146368e+02
2428 +6.159115123e+00 +6.159115123e+00 -5.117508849e+02 -5.117508849e+02
2456 +5.983698876e+00 +5.983698876e+00 -5.119263011e+02 -5.119263011e+02
2604 +5.860620648e+00 +5.860620648e+00 -5.120493794e+02 -5.120493794e+02
2624 +5.682666358e+00 +5.682666358e+00 -5.122273336e+02 -5.122273336e+02
2638 +5.606073429e+00 +5.606073429e+00 -5.123039266e+02 -5.123039266e+02
2874 +5.472885638e+00 +5.472885638e+00 -5.124371144e+02 -5.124371144e+02
2956 +5.357313268e+00 +5.357313268e+00 -5.125526867e+02 -5.125526867e+02
3254 +5.212377691e+00 +5.212377691e+00 -5.126976223e+02 -5.126976223e+02
3276 +5.118484234e+00 +5.118484234e+00 -5.127915158e+02 -5.127915158e+02
3697 +4.955760259e+00 +4.955760259e+00 -5.129542397e+02 -5.129542397e+02
3944 +4.877873278e+00 +4.877873278e+00 -5.130321267e+02 -5.130321267e+02
4367 +4.779916728e+00 +4.779916728e+00 -5.131300833e+02 -5.131300833e+02
4955 +4.664317824e+00 +4.664317824e+00 -5.132456822e+02 -5.132456822e+02
% function evaluation | noise-free fitness - Fopt (-5.721000000000e+01) | best noise-free fitness - Fopt | measured fitness | best measured fitness | x1 | x2...
1 +7.463475363e+01 +7.463475363e+01 +1.742475363e+01 +1.742475363e+01
3 +6.745213994e+01 +6.745213994e+01 +1.024213994e+01 +1.024213994e+01
10 +6.459025542e+01 +6.459025542e+01 +7.380255421e+00 +7.380255421e+00
12 +6.119082901e+01 +6.119082901e+01 +3.980829005e+00 +3.980829005e+00
18 +5.987883022e+01 +5.987883022e+01 +2.668830220e+00 +2.668830220e+00
19 +5.802216995e+01 +5.802216995e+01 +8.121699489e-01 +8.121699489e-01
22 +3.584570045e+01 +3.584570045e+01 -2.136429955e+01 -2.136429955e+01
49 +3.455618647e+01 +3.455618647e+01 -2.265381353e+01 -2.265381353e+01
60 +2.729830644e+01 +2.729830644e+01 -2.991169356e+01 -2.991169356e+01
171 +2.593390313e+01 +2.593390313e+01 -3.127609687e+01 -3.127609687e+01
175 +2.255753252e+01 +2.255753252e+01 -3.465246748e+01 -3.465246748e+01
186 +2.156304634e+01 +2.156304634e+01 -3.564695366e+01 -3.564695366e+01
228 +1.803522517e+01 +1.803522517e+01 -3.917477483e+01 -3.917477483e+01
311 +1.733660965e+01 +1.733660965e+01 -3.987339035e+01 -3.987339035e+01
318 +1.630602839e+01 +1.630602839e+01 -4.090397161e+01 -4.090397161e+01
319 +1.588374028e+01 +1.588374028e+01 -4.132625972e+01 -4.132625972e+01
351 +1.427270028e+01 +1.427270028e+01 -4.293729972e+01 -4.293729972e+01
608 +1.355586492e+01 +1.355586492e+01 -4.365413508e+01 -4.365413508e+01
617 +1.247842377e+01 +1.247842377e+01 -4.473157623e+01 -4.473157623e+01
774 +1.185057746e+01 +1.185057746e+01 -4.535942254e+01 -4.535942254e+01
835 +1.132128166e+01 +1.132128166e+01 -4.588871834e+01 -4.588871834e+01
864 +1.094162045e+01 +1.094162045e+01 -4.626837955e+01 -4.626837955e+01
880 +1.012423586e+01 +1.012423586e+01 -4.708576414e+01 -4.708576414e+01
887 +9.482644118e+00 +9.482644118e+00 -4.772735588e+01 -4.772735588e+01
894 +8.493010899e+00 +8.493010899e+00 -4.871698910e+01 -4.871698910e+01
1126 +8.202988193e+00 +8.202988193e+00 -4.900701181e+01 -4.900701181e+01
1155 +7.089920679e+00 +7.089920679e+00 -5.012007932e+01 -5.012007932e+01
1290 +7.030888954e+00 +7.030888954e+00 -5.017911105e+01 -5.017911105e+01
1305 +6.865316497e+00 +6.865316497e+00 -5.034468350e+01 -5.034468350e+01
1374 +6.547167674e+00 +6.547167674e+00 -5.066283233e+01 -5.066283233e+01
1393 +6.419425135e+00 +6.419425135e+00 -5.079057487e+01 -5.079057487e+01
1395 +6.160807841e+00 +6.160807841e+00 -5.104919216e+01 -5.104919216e+01
1410 +5.931416373e+00 +5.931416373e+00 -5.127858363e+01 -5.127858363e+01
1454 +5.741081130e+00 +5.741081130e+00 -5.146891887e+01 -5.146891887e+01
1479 +5.608765139e+00 +5.608765139e+00 -5.160123486e+01 -5.160123486e+01
1563 +5.325687180e+00 +5.325687180e+00 -5.188431282e+01 -5.188431282e+01
1696 +5.180216381e+00 +5.180216381e+00 -5.202978362e+01 -5.202978362e+01
1705 +4.673519514e+00 +4.673519514e+00 -5.253648049e+01 -5.253648049e+01
1821 +4.524534422e+00 +4.524534422e+00 -5.268546558e+01 -5.268546558e+01
1894 +4.276967178e+00 +4.276967178e+00 -5.293303282e+01 -5.293303282e+01
2102 +4.050206961e+00 +4.050206961e+00 -5.315979304e+01 -5.315979304e+01
2154 +3.930189999e+00 +3.930189999e+00 -5.327981000e+01 -5.327981000e+01
2163 +3.761398505e+00 +3.761398505e+00 -5.344860149e+01 -5.344860149e+01
2167 +3.540920918e+00 +3.540920918e+00 -5.366907908e+01 -5.366907908e+01
2335 +3.429741305e+00 +3.429741305e+00 -5.378025869e+01 -5.378025869e+01
2565 +3.151167137e+00 +3.151167137e+00 -5.405883286e+01 -5.405883286e+01
2594 +3.061886997e+00 +3.061886997e+00 -5.414811300e+01 -5.414811300e+01
2725 +2.875216281e+00 +2.875216281e+00 -5.433478372e+01 -5.433478372e+01
2897 +2.789752250e+00 +2.789752250e+00 -5.442024775e+01 -5.442024775e+01
3039 +2.730969174e+00 +2.730969174e+00 -5.447903083e+01 -5.447903083e+01
3124 +2.684546609e+00 +2.684546609e+00 -5.452545339e+01 -5.452545339e+01
3136 +2.606486338e+00 +2.606486338e+00 -5.460351366e+01 -5.460351366e+01
3392 +2.521209671e+00 +2.521209671e+00 -5.468879033e+01 -5.468879033e+01
3410 +2.458935373e+00 +2.458935373e+00 -5.475106463e+01 -5.475106463e+01
3420 +2.442276490e+00 +2.442276490e+00 -5.476772351e+01 -5.476772351e+01
3491 +2.391465578e+00 +2.391465578e+00 -5.481853442e+01 -5.481853442e+01
3666 +2.312864162e+00 +2.312864162e+00 -5.489713584e+01 -5.489713584e+01
3670 +2.287389609e+00 +2.287389609e+00 -5.492261039e+01 -5.492261039e+01
3801 +2.187817224e+00 +2.187817224e+00 -5.502218278e+01 -5.502218278e+01
3823 +2.172388850e+00 +2.172388850e+00 -5.503761115e+01 -5.503761115e+01
3865 +2.083530655e+00 +2.083530655e+00 -5.512646934e+01 -5.512646934e+01
4461 +2.035843772e+00 +2.035843772e+00 -5.517415623e+01 -5.517415623e+01
4629 +1.993467409e+00 +1.993467409e+00 -5.521653259e+01 -5.521653259e+01
4883 +1.947235760e+00 +1.947235760e+00 -5.526276424e+01 -5.526276424e+01
6581 +1.904830068e+00 +1.904830068e+00 -5.530516993e+01 -5.530516993e+01
% function evaluation | noise-free fitness - Fopt (-1.237300000000e+02) | best noise-free fitness - Fopt | measured fitness | best measured fitness | x1 | x2...
1 +9.029685285e+01 +9.029685285e+01 -3.343314715e+01 -3.343314715e+01
3 +8.319493321e+01 +8.319493321e+01 -4.053506679e+01 -4.053506679e+01
4 +7.361998949e+01 +7.361998949e+01 -5.011001051e+01 -5.011001051e+01
12 +6.255391383e+01 +6.255391383e+01 -6.117608617e+01 -6.117608617e+01
34 +5.248094653e+01 +5.248094653e+01 -7.124905347e+01 -7.124905347e+01
48 +4.998168066e+01 +4.998168066e+01 -7.374831934e+01 -7.374831934e+01
52 +4.794805860e+01 +4.794805860e+01 -7.578194140e+01 -7.578194140e+01
55 +4.726923117e+01 +4.726923117e+01 -7.646076883e+01 -7.646076883e+01
64 +4.665039532e+01 +4.665039532e+01 -7.707960468e+01 -7.707960468e+01
102 +4.383216951e+01 +4.383216951e+01 -7.989783049e+01 -7.989783049e+01
127 +3.820753026e+01 +3.820753026e+01 -8.552246974e+01 -8.552246974e+01
139 +3.472382568e+01 +3.472382568e+01 -8.900617432e+01 -8.900617432e+01
158 +2.977937915e+01 +2.977937915e+01 -9.395062085e+01 -9.395062085e+01
227 +2.675159563e+01 +2.675159563e+01 -9.697840437e+01 -9.697840437e+01
246 +2.572191853e+01 +2.572191853e+01 -9.800808147e+01 -9.800808147e+01
326 +2.472469169e+01 +2.472469169e+01 -9.900530831e+01 -9.900530831e+01
355 +2.038615428e+01 +2.038615428e+01 -1.033438457e+02 -1.033438457e+02
609 +1.989986823e+01 +1.989986823e+01 -1.038301318e+02 -1.038301318e+02
624 +1.885635702e+01 +1.885635702e+01 -1.048736430e+02 -1.048736430e+02
626 +1.811897857e+01 +1.811897857e+01 -1.056110214e+02 -1.056110214e+02
629 +1.746427702e+01 +1.746427702e+01 -1.062657230e+02 -1.062657230e+02
664 +1.687315445e+01 +1.687315445e+01 -1.068568456e+02 -1.068568456e+02
703 +1.609382565e+01 +1.609382565e+01 -1.076361744e+02 -1.076361744e+02
707 +1.425964309e+01 +1.425964309e+01 -1.094703569e+02 -1.094703569e+02
714 +1.344588461e+01 +1.344588461e+01 -1.102841154e+02 -1.102841154e+02
849 +1.261753644e+01 +1.261753644e+01 -1.111124636e+02 -1.111124636e+02
1023 +1.171190563e+01 +1.171190563e+01 -1.120180944e+02 -1.120180944e+02
1092 +1.103486878e+01 +1.103486878e+01 -1.126951312e+02 -1.126951312e+02
1105 +1.027989374e+01 +1.027989374e+01 -1.134501063e+02 -1.134501063e+02
1185 +9.962836382e+00 +9.962836382e+00 -1.137671636e+02 -1.137671636e+02
1228 +9.665509097e+00 +9.665509097e+00 -1.140644909e+02 -1.140644909e+02
1322 +9.483079148e+00 +9.483079148e+00 -1.142469209e+02 -1.142469209e+02
1482 +9.210460737e+00 +9.210460737e+00 -1.145195393e+02 -1.145195393e+02
1494 +8.831120333e+00 +8.831120333e+00 -1.148988797e+02 -1.148988797e+02
1654 +8.671504117e+00 +8.671504117e+00 -1.150584959e+02 -1.150584959e+02
1669 +8.208032524e+00 +8.208032524e+00 -1.155219675e+02 -1.155219675e+02
1732 +8.009810250e+00 +8.009810250e+00 -1.157201898e+02 -1.157201898e+02
1737 +7.925867800e+00 +7.925867800e+00 -1.158041322e+02 -1.158041322e+02
1786 +7.622708425e+00 +7.622708425e+00 -1.161072916e+02 -1.161072916e+02
1804 +7.511027929e+00 +7.511027929e+00 -1.162189721e+02 -1.162189721e+02
1869 +7.193241365e+00 +7.193241365e+00 -1.165367586e+02 -1.165367586e+02
1928 +6.809905355e+00 +6.809905355e+00 -1.169200946e+02 -1.169200946e+02
1952 +6.571544918e+00 +6.571544918e+00 -1.171584551e+02 -1.171584551e+02
2006 +6.249566694e+00 +6.249566694e+00 -1.174804333e+02 -1.174804333e+02
2038 +6.115855536e+00 +6.115855536e+00 -1.176141445e+02 -1.176141445e+02
2091 +5.982665557e+00 +5.982665557e+00 -1.177473344e+02 -1.177473344e+02
2099 +5.860384569e+00 +5.860384569e+00 -1.178696154e+02 -1.178696154e+02
2148 +5.743850382e+00 +5.743850382e+00 -1.179861496e+02 -1.179861496e+02
2195 +5.606196070e+00 +5.606196070e+00 -1.181238039e+02 -1.181238039e+02
2239 +5.333737677e+00 +5.333737677e+00 -1.183962623e+02 -1.183962623e+02
2241 +5.198681597e+00 +5.198681597e+00 -1.185313184e+02 -1.185313184e+02
3010 +5.096452510e+00 +5.096452510e+00 -1.186335475e+02 -1.186335475e+02
3399 +4.981569750e+00 +4.981569750e+00 -1.187484302e+02 -1.187484302e+02
3648 +4.886616670e+00 +4.886616670e+00 -1.188433833e+02 -1.188433833e+02
3806 +4.782630291e+00 +4.782630291e+00 -1.189473697e+02 -1.189473697e+02
3981 +4.667223896e+00 +4.667223896e+00 -1.190627761e+02 -1.190627761e+02
4206 +4.564701645e+00 +4.564701645e+00 -1.191652984e+02 -1.191652984e+02
4460 +4.464675241e+00 +4.464675241e+00 -1.192653248e+02 -1.192653248e+02
4716 +4.357849490e+00 +4.357849490e+00 -1.193721505e+02 -1.193721505e+02
5294 +4.263415021e+00 +4.263415021e+00 -1.194665850e+02 -1.194665850e+02
7678 +4.167647363e+00 +4.167647363e+00 -1.195623526e+02 -1.195623526e+02
% function evaluation | noise-free fitness - Fopt (-1.322100000000e+02) | best noise-free fitness - Fopt | measured fitness | best measured fitness | x1 | x2...
1 +9.853303868e+01 +9.853303868e+01 -3.367696132e+01 -3.367696132e+01
2 +8.176058764e+01 +8.176058764e+01 -5.044941236e+01 -5.044941236e+01
6 +7.556474915e+01 +7.556474915e+01 -5.664525085e+01 -5.664525085e+01
17 +7.143594393e+01 +7.143594393e+01 -6.077405607e+01 -6.077405607e+01
29 +7.053816010e+01 +7.053816010e+01 -6.167183990e+01 -6.167183990e+01
33 +6.772166669e+01 +6.772166669e+01 -6.448833331e+01 -6.448833331e+01
43 +6.722217367e+01 +6.722217367e+01 -6.498782633e+01 -6.498782633e+01
46 +6.409960105e+01 +6.409960105e+01 -6.811039895e+01 -6.811039895e+01
61 +6.103522441e+01 +6.103522441e+01 -7.117477559e+01 -7.117477559e+01
71 +6.007664170e+01 +6.007664170e+01 -7.213335830e+01 -7.213335830e+01
90 +5.325062206e+01 +5.325062206e+01 -7.895937794e+01 -7.895937794e+01
125 +5.061147519e+01 +5.061147519e+01 -8.159852481e+01 -8.159852481e+01
130 +4.706379184e+01 +4.706379184e+01 -8.514620816e+01 -8.514620816e+01
141 +4.654970592e+01 +4.654970592e+01 -8.566029408e+01 -8.566029408e+01
146 +3.922072134e+01 +3.922072134e+01 -9.298927866e+01 -9.298927866e+01
210 +3.838575174e+01 +3.838575174e+01 -9.382424826e+01 -9.382424826e+01
237 +3.474608029e+01 +3.474608029e+01 -9.746391971e+01 -9.746391971e+01
283 +3.367688210e+01 +3.367688210e+01 -9.853311790e+01 -9.853311790e+01
327 +3.164026804e+01 +3.164026804e+01 -1.005697320e+02 -1.005697320e+02
415 +3.140599813e+01 +3.140599813e+01 -1.008040019e+02 -1.008040019e+02
513 +3.055774092e+01 +3.055774092e+01 -1.016522591e+02 -1.016522591e+02
531 +2.576377077e+01 +2.576377077e+01 -1.064462292e+02 -1.064462292e+02
588 +2.563246117e+01 +2.563246117e+01 -1.065775388e+02 -1.065775388e+02
603 +2.438121430e+01 +2.438121430e+01 -1.078287857e+02 -1.078287857e+02
612 +2.305461751e+01 +2.305461751e+01 -1.091553825e+02 -1.091553825e+02
633 +2.241965597e+01 +2.241965597e+01 -1.097903440e+02 -1.097903440e+02
654 +2.178922898e+01 +2.178922898e+01 -1.104207710e+02 -1.104207710e+02
665 +2.065597532e+01 +2.065597532e+01 -1.115540247e+02 -1.115540247e+02
720 +1.900641087e+01 +1.900641087e+01 -1.132035891e+02 -1.132035891e+02
732 +1.831519081e+01 +1.831519081e+01 -1.138948092e+02 -1.138948092e+02
891 +1.799768484e+01 +1.799768484e+01 -1.142123152e+02 -1.142123152e+02
932 +1.748606190e+01 +1.748606190e+01 -1.147239381e+02 -1.147239381e+02
938 +1.727905567e+01 +1.727905567e+01 -1.149309443e+02 -1.149309443e+02
940 +1.655516632e+01 +1.655516632e+01 -1.156548337e+02 -1.156548337e+02
989 +1.607455709e+01 +1.607455709e+01 -1.161354429e+02 -1.161354429e+02
1058 +1.582019295e+01 +1.582019295e+01 -1.163898071e+02 -1.163898071e+02
1076 +1.530621087e+01 +1.530621087e+01 -1.169037891e+02 -1.169037891e+02
1152 +1.512105407e+01 +1.512105407e+01 -1.170889459e+02 -1.170889459e+02
1165 +1.423537431e+01 +1.423537431e+01 -1.179746257e+02 -1.179746257e+02
1208 +1.406624677e+01 +1.406624677e+01 -1.181437532e+02 -1.181437532e+02
1362 +1.297799925e+01 +1.297799925e+01 -1.192320008e+02 -1.192320008e+02
1506 +1.287640071e+01 +1.287640071e+01 -1.193335993e+02 -1.193335993e+02
1543 +1.251490960e+01 +1.251490960e+01 -1.196950904e+02 -1.196950904e+02
1574 +1.214961359e+01 +1.214961359e+01 -1.200603864e+02 -1.200603864e+02
1651 +1.185150118e+01 +1.185150118e+01 -1.203584988e+02 -1.203584988e+02
1661 +1.173020385e+01 +1.173020385e+01 -1.204797962e+02 -1.204797962e+02
2020 +1.129167646e+01 +1.129167646e+01 -1.209183235e+02 -1.209183235e+02
2619 +1.115563592e+01 +1.115563592e+01 -1.210543641e+02 -1.210543641e+02
2904 +1.094310840e+01 +1.094310840e+01 -1.212668916e+02 -1.212668916e+02
3185 +1.066807149e+01 +1.066807149e+01 -1.215419285e+02 -1.215419285e+02
3662 +1.046266275e+01 +1.046266275e+01 -1.217473372e+02 -1.217473372e+02
4379 +1.023214111e+01 +1.023214111e+01 -1.219778589e+02 -1.219778589e+02
% function evaluation | noise-free fitness - Fopt (9.533000000000e+01) | best noise-free fitness - Fopt | measured fitness | best measured fitness | x1 | x2...
1 +7.970362074e+01 +7.970362074e+01 +1.750336207e+02 +1.750336207e+02
3 +6.521059309e+01 +6.521059309e+01 +1.605405931e+02 +1.605405931e+02
6 +6.311743105e+01 +6.311743105e+01 +1.584474310e+02 +1.584474310e+02
12 +5.455433228e+01 +5.455433228e+01 +1.498843323e+02 +1.498843323e+02
18 +5.330664764e+01 +5.330664764e+01 +1.486366476e+02 +1.486366476e+02
20 +4.930100016e+01 +4.930100016e+01 +1.446310002e+02 +1.446310002e+02
36 +4.587911779e+01 +4.587911779e+01 +1.412091178e+02 +1.412091178e+02
41 +4.190763499e+01 +4.190763499e+01 +1.372376350e+02 +1.372376350e+02
42 +4.018497378e+01 +4.018497378e+01 +1.355149738e+02 +1.355149738e+02
58 +3.072667562e+01 +3.072667562e+01 +1.260566756e+02 +1.260566756e+02
113 +2.473894289e+01 +2.473894289e+01 +1.200689429e+02 +1.200689429e+02
265 +2.452538220e+01 +2.452538220e+01 +1.198553822e+02 +1.198553822e+02
461 +2.397751963e+01 +2.397751963e+01 +1.193075196e+02 +1.193075196e+02
480 +1.990004625e+01 +1.990004625e+01 +1.152300463e+02 +1.152300463e+02
510 +1.798153706e+01 +1.798153706e+01 +1.133115371e+02 +1.133115371e+02
552 +1.571492602e+01 +1.571492602e+01 +1.110449260e+02 +1.110449260e+02
588 +1.370488088e+01 +1.370488088e+01 +1.090348809e+02 +1.090348809e+02
682 +1.338658939e+01 +1.338658939e+01 +1.087165894e+02 +1.087165894e+02
687 +1.174994177e+01 +1.174994177e+01 +1.070799418e+02 +1.070799418e+02
755 +1.140950896e+01 +1.140950896e+01 +1.067395090e+02 +1.067395090e+02
769 +1.052068453e+01 +1.052068453e+01 +1.058506845e+02 +1.058506845e+02
817 +1.042653042e+01 +1.042653042e+01 +1.057565304e+02 +1.057565304e+02
876 +9.540848572e+00 +9.540848572e+00 +1.048708486e+02 +1.048708486e+02
1061 +9.251055900e+00 +9.251055900e+00 +1.045810559e+02 +1.045810559e+02
1085 +8.609637275e+00 +8.609637275e+00 +1.039396373e+02 +1.039396373e+02
1122 +7.692747421e+00 +7.692747421e+00 +1.030227474e+02 +1.030227474e+02
1139 +7.513705107e+00 +7.513705107e+00 +1.028437051e+02 +1.028437051e+02
1182 +6.193325850e+00 +6.193325850e+00 +1.015233258e+02 +1.015233258e+02
1758 +6.133565175e+00 +6.133565175e+00 +1.014635652e+02 +1.014635652e+02
1789 +5.916290171e+00 +5.916290171e+00 +1.012462902e+02 +1.012462902e+02
1892 +5.857572370e+00 +5.857572370e+00 +1.011875724e+02 +1.011875724e+02
1938 +5.370590098e+00 +5.370590098e+00 +1.007005901e+02 +1.007005901e+02
1947 +5.347679545e+00 +5.347679545e+00 +1.006776795e+02 +1.006776795e+02
2060 +5.053108188e+00 +5.053108188e+00 +1.003831082e+02 +1.003831082e+02
2105 +4.904658277e+00 +4.904658277e+00 +1.002346583e+02 +1.002346583e+02
2277 +4.772561904e+00 +4.772561904e+00 +1.001025619e+02 +1.001025619e+02
2323 +4.566905440e+00 +4.566905440e+00 +9.989690544e+01 +9.989690544e+01
2362 +4.465332086e+00 +4.465332086e+00 +9.979533209e+01 +9.979533209e+01
2428 +4.359809913e+00 +4.359809913e+00 +9.968980991e+01 +9.968980991e+01
2593 +4.179704715e+00 +4.179704715e+00 +9.950970472e+01 +9.950970472e+01
2622 +4.104362278e+00 +4.104362278e+00 +9.943436228e+01 +9.943436228e+01
2664 +4.043565648e+00 +4.043565648e+00 +9.937356565e+01 +9.937356565e+01
2776 +3.967151919e+00 +3.967151919e+00 +9.929715192e+01 +9.929715192e+01
2809 +3.874978955e+00 +3.874978955e+00 +9.920497896e+01 +9.920497896e+01
2813 +3.799222502e+00 +3.799222502e+00 +9.912922250e+01 +9.912922250e+01
3065 +3.667044177e+00 +3.667044177e+00 +9.899704418e+01 +9.899704418e+01
3272 +3.573775824e+00 +3.573775824e+00 +9.890377582e+01 +9.890377582e+01
3303 +3.506829153e+00 +3.506829153e+00 +9.883682915e+01 +9.883682915e+01
3326 +3.418178239e+00 +3.418178239e+00 +9.874817824e+01 +9.874817824e+01
3418 +3.336762209e+00 +3.336762209e+00 +9.866676221e+01 +9.866676221e+01
3612 +3.225274096e+00 +3.225274096e+00 +9.855527410e+01 +9.855527410e+01
3994 +3.142627697e+00 +3.142627697e+00 +9.847262770e+01 +9.847262770e+01
4213 +3.059733696e+00 +3.059733696e+00 +9.838973370e+01 +9.838973370e+01
4667 +3.015509403e+00 +3.015509403e+00 +9.834550940e+01 +9.834550940e+01
5731 +2.948128538e+00 +2.948128538e+00 +9.827812854e+01 +9.827812854e+01
6235 +2.882361582e+00 +2.882361582e+00 +9.821236158e+01 +9.821236158e+01
% function evaluation | noise-free fitness - Fopt (6.870000000000e+01) | best noise-free fitness - Fopt | measured fitness | best measured fitness | x1 | x2...
1 +6.647986268e+01 +6.647986268e+01 +1.351798627e+02 +1.351798627e+02
2 +5.136842323e+01 +5.136842323e+01 +1.200684232e+02 +1.200684232e+02
11 +4.748882942e+01 +4.748882942e+01 +1.161888294e+02 +1.161888294e+02
22 +4.571528619e+01 +4.571528619e+01 +1.144152862e+02 +1.144152862e+02
23 +4.322733872e+01 +4.322733872e+01 +1.119273387e+02 +1.119273387e+02
35 +3.858216010e+01 +3.858216010e+01 +1.072821601e+02 +1.072821601e+02
68 +3.668798795e+01 +3.668798795e+01 +1.053879879e+02 +1.053879879e+02
79 +3.258936393e+01 +3.258936393e+01 +1.012893639e+02 +1.012893639e+02
83 +3.180131864e+01 +3.180131864e+01 +1.005013186e+02 +1.005013186e+02
115 +2.797536096e+01 +2.797536096e+01 +9.667536096e+01 +9.667536096e+01
135 +2.730124589e+01 +2.730124589e+01 +9.600124589e+01 +9.600124589e+01
142 +2.636055578e+01 +2.636055578e+01 +9.506055578e+01 +9.506055578e+01
155 +2.624553757e+01 +2.624553757e+01 +9.494553757e+01 +9.494553757e+01
157 +2.491905665e+01 +2.491905665e+01 +9.361905665e+01 +9.361905665e+01
167 +2.413077468e+01 +2.413077468e+01 +9.283077468e+01 +9.283077468e+01
246 +2.369470849e+01 +2.369470849e+01 +9.239470849e+01 +9.239470849e+01
323 +2.251596013e+01 +2.251596013e+01 +9.121596013e+01 +9.121596013e+01
351 +2.087947377e+01 +2.087947377e+01 +8.957947377e+01 +8.957947377e+01
407 +1.944114691e+01 +1.944114691e+01 +8.814114691e+01 +8.814114691e+01
435 +1.768031608e+01 +1.768031608e+01 +8.638031608e+01 +8.638031608e+01
633 +1.732865835e+01 +1.732865835e+01 +8.602865835e+01 +8.602865835e+01
725 +1.520105250e+01 +1.520105250e+01 +8.390105250e+01 +8.390105250e+01
739 +1.492516855e+01 +1.492516855e+01 +8.362516855e+01 +8.362516855e+01
862 +1.461137025e+01 +1.461137025e+01 +8.331137025e+01 +8.331137025e+01
882 +1.395795532e+01 +1.395795532e+01 +8.265795532e+01 +8.265795532e+01
891 +1.370088424e+01 +1.370088424e+01 +8.240088424e+01 +8.240088424e+01
901 +1.315873293e+01 +1.315873293e+01 +8.185873293e+01 +8.185873293e+01
945 +1.238154503e+01 +1.238154503e+01 +8.108154503e+01 +8.108154503e+01
964 +1.229656485e+01 +1.229656485e+01 +8.099656485e+01 +8.099656485e+01
968 +1.189469741e+01 +1.189469741e+01 +8.059469741e+01 +8.059469741e+01
1069 +1.157785847e+01 +1.157785847e+01 +8.027785847e+01 +8.027785847e+01
1094 +1.120609380e+01 +1.120609380e+01 +7.990609380e+01 +7.990609380e+01
1095 +1.056823129e+01 +1.056823129e+01 +7.926823129e+01 +7.926823129e+01
1348 +1.029252476e+01 +1.029252476e+01 +7.899252476e+01 +7.899252476e+01
1463 +9.970930633e+00 +9.970930633e+00 +7.867093063e+01 +7.867093063e+01
1577 +9.703712971e+00 +9.703712971e+00 +7.840371297e+01 +7.840371297e+01
1610 +9.452243595e+00 +9.452243595e+00 +7.815224359e+01 +7.815224359e+01
1645 +9.262474035e+00 +9.262474035e+00 +7.796247404e+01 +7.796247404e+01
1667 +9.012849588e+00 +9.012849588e+00 +7.771284959e+01 +7.771284959e+01
1675 +8.870273705e+00 +8.870273705e+00 +7.757027371e+01 +7.757027371e+01
1750 +8.708075964e+00 +8.708075964e+00 +7.740807596e+01 +7.740807596e+01
1757 +8.340772957e+00 +8.340772957e+00 +7.704077296e+01 +7.704077296e+01
2175 +8.268692316e+00 +8.268692316e+00 +7.696869232e+01 +7.696869232e+01
2189 +7.998964699e+00 +7.998964699e+00 +7.669896470e+01 +7.669896470e+01
2209 +7.918450230e+00 +7.918450230e+00 +7.661845023e+01 +7.661845023e+01
2304 +7.747631742e+00 +7.747631742e+00 +7.644763174e+01 +7.644763174e+01
2339 +7.487271035e+00 +7.487271035e+00 +7.618727103e+01 +7.618727103e+01
2357 +7.377295548e+00 +7.377295548e+00 +7.607729555e+01 +7.607729555e+01
2451 +7.144310576e+00 +7.144310576e+00 +7.584431058e+01 +7.584431058e+01
2516 +6.919222271e+00 +6.919222271e+00 +7.561922227e+01 +7.561922227e+01
2570 +6.749110786e+00 +6.749110786e+00 +7.544911079e+01 +7.544911079e+01
2753 +6.575037933e+00 +6.575037933e+00 +7.527503793e+01 +7.527503793e+01
3015 +6.376409052e+00 +6.376409052e+00 +7.507640905e+01 +7.507640905e+01
3259 +6.255626023e+00 +6.255626023e+00 +7.495562602e+01 +7.495562602e+01
3682 +6.162384644e+00 +6.162384644e+00 +7.486238464e+01 +7.486238464e+01
3962 +6.023967036e+00 +6.023967036e+00 +7.472396704e+01 +7.472396704e+01
4640 +5.887086210e+00 +5.887086210e+00 +7.458708621e+01 +7.458708621e+01
% function evaluation | noise-free fitness - Fopt (-7.740000000000e+00) | best noise-free fitness - Fopt | measured fitness | best measured fitness | x1 | x2...
1 +8.053858267e+01 +8.053858267e+01 +7.279858267e+01 +7.279858267e+01
7 +7.108385872e+01 +7.108385872e+01 +6.334385872e+01 +6.334385872e+01
11 +6.978438048e+01 +6.978438048e+01 +6.204438048e+01 +6.204438048e+01
17 +6.873494567e+01 +6.873494567e+01 +6.099494567e+01 +6.099494567e+01
24 +6.704584620e+01 +6.704584620e+01 +5.930584620e+01 +5.930584620e+01
28 +6.365330935e+01 +6.365330935e+01 +5.591330935e+01 +5.591330935e+01
45 +6.121039566e+01 +6.121039566e+01 +5.347039566e+01 +5.347039566e+01
49 +6.007616422e+01 +6.007616422e+01 +5.233616422e+01 +5.233616422e+01
51 +5.755838658e+01 +5.755838658e+01 +4.981838658e+01 +4.981838658e+01
75 +5.230533138e+01 +5.230533138e+01 +4.456533138e+01 +4.456533138e+01
87 +4.981460549e+01 +4.981460549e+01 +4.207460549e+01 +4.207460549e+01
137 +4.396826171e+01 +4.396826171e+01 +3.622826171e+01 +3.622826171e+01
150 +4.111663593e+01 +4.111663593e+01 +3.337663593e+01 +3.337663593e+01
178 +3.696105820e+01 +3.696105820e+01 +2.922105820e+01 +2.922105820e+01
193 +3.436257881e+01 +3.436257881e+01 +2.662257881e+01 +2.662257881e+01
238 +3.137484796e+01 +3.137484796e+01 +2.363484796e+01 +2.363484796e+01
288 +3.027072048e+01 +3.027072048e+01 +2.253072048e+01 +2.253072048e+01
307 +2.747268884e+01 +2.747268884e+01 +1.973268884e+01 +1.973268884e+01
402 +2.648979172e+01 +2.648979172e+01 +1.874979172e+01 +1.874979172e+01
431 +2.502683087e+01 +2.502683087e+01 +1.728683087e+01 +1.728683087e+01
517 +2.424199148e+01 +2.424199148e+01 +1.650199148e+01 +1.650199148e+01
525 +2.339879321e+01 +2.339879321e+01 +1.565879321e+01 +1.565879321e+01
559 +2.233289956e+01 +2.233289956e+01 +1.459289956e+01 +1.459289956e+01
569 +2.070038726e+01 +2.070038726e+01 +1.296038726e+01 +1.296038726e+01
624 +1.992351355e+01 +1.992351355e+01 +1.218351355e+01 +1.218351355e+01
629 +1.841390071e+01 +1.841390071e+01 +1.067390071e+01 +1.067390071e+01
669 +1.730316246e+01 +1.730316246e+01 +9.563162457e+00 +9.563162457e+00
675 +1.671208250e+01 +1.671208250e+01 +8.972082500e+00 +8.972082500e+00
727 +1.575833201e+01 +1.575833201e+01 +8.018332012e+00 +8.018332012e+00
787 +1.497030702e+01 +1.497030702e+01 +7.230307018e+00 +7.230307018e+00
811 +1.461954131e+01 +1.461954131e+01 +6.879541312e+00 +6.879541312e+00
831 +1.424224201e+01 +1.424224201e+01 +6.502242014e+00 +6.502242014e+00
883 +1.347564850e+01 +1.347564850e+01 +5.735648500e+00 +5.735648500e+00
918 +1.311797691e+01 +1.311797691e+01 +5.377976915e+00 +5.377976915e+00
979 +1.260133553e+01 +1.260133553e+01 +4.861335527e+00 +4.861335527e+00
1004 +1.200833792e+01 +1.200833792e+01 +4.268337921e+00 +4.268337921e+00
1032 +1.154293567e+01 +1.154293567e+01 +3.802935670e+00 +3.802935670e+00
1088 +1.093987200e+01 +1.093987200e+01 +3.199872001e+00 +3.199872001e+00
1115 +1.040405018e+01 +1.040405018e+01 +2.664050184e+00 +2.664050184e+00
1155 +1.003197537e+01 +1.003197537e+01 +2.291975369e+00 +2.291975369e+00
1189 +9.936881800e+00 +9.936881800e+00 +2.196881800e+00 +2.196881800e+00
1241 +9.604069871e+00 +9.604069871e+00 +1.864069871e+00 +1.864069871e+00
1331 +9.395217167e+00 +9.395217167e+00 +1.655217167e+00 +1.655217167e+00
1364 +9.098095103e+00 +9.098095103e+00 +1.358095103e+00 +1.358095103e+00
1411 +8.564049129e+00 +8.564049129e+00 +8.240491286e-01 +8.240491286e-01
1419 +8.416595351e+00 +8.416595351e+00 +6.765953509e-01 +6.765953509e-01
1448 +8.102869673e+00 +8.102869673e+00 +3.628696729e-01 +3.628696729e-01
1500 +7.697465783e+00 +7.697465783e+00 -4.253421679e-02 -4.253421679e-02
1518 +7.537720625e+00 +7.537720625e+00 -2.022793752e-01 -2.022793752e-01
1645 +7.395277832e+00 +7.395277832e+00 -3.447221684e-01 -3.447221684e-01
1679 +7.205086806e+00 +7.205086806e+00 -5.349131939e-01 -5.349131939e-01
1697 +7.065997057e+00 +7.065997057e+00 -6.740029430e-01 -6.740029430e-01
1789 +6.806089510e+00 +6.806089510e+00 -9.339104899e-01 -9.339104899e-01
1790 +6.590128078e+00 +6.590128078e+00 -1.149871922e+00 -1.149871922e+00
2041 +6.455611828e+00 +6.455611828e+00 -1.284388172e+00 -1.284388172e+00
2045 +6.151187714e+00 +6.151187714e+00 -1.588812286e+00 -1.588812286e+00
2246 +5.771287661e+00 +5.771287661e+00 -1.968712339e+00 -1.968712339e+00
2293 +5.717200127e+00 +5.717200127e+00 -2.022799873e+00 -2.022799873e+00
2458 +5.563126260e+00 +5.563126260e+00 -2.176873740e+00 -2.176873740e+00
2473 +5.429224428e+00 +5.429224428e+00 -2.310775572e+00 -2.310775572e+00
2526 +5.322663840e+00 +5.322663840e+00 -2.417336160e+00 -2.417336160e+00
2623 +5.215178994e+00 +5.215178994e+00 -2.524821006e+00 -2.524821006e+00
2752 +5.093677289e+00 +5.093677289e+00 -2.646322711e+00 -2.646322711e+00
2810 +4.930178949e+00 +4.930178949e+00 -2.809821051e+00 -2.809821051e+00
3132 +4.859874872e+00 +4.859874872e+00 -2.880125128e+00 -2.880125128e+00
3148 +4.719633162e+00 +4.719633162e+00 -3.020366838e+00 -3.020366838e+00
3364 +4.667266775e+00 +4.667266775e+00 -3.072733225e+00 -3.072733225e+00
3426 +4.559619567e+00 +4.559619567e+00 -3.180380433e+00 -3.180380433e+00
3469 +4.457588337e+00 +4.457588337e+00 -3.282411663e+00 -3.282411663e+00
3533 +4.349388251e+00 +4.349388251e+00 -3.390611749e+00 -3.390611749e+00
3917 +4.263960863e+00 +4.263960863e+00 -3.476039137e+00 -3.476039137e+00
4474 +4.150242597e+00 +4.150242597e+00 -3.589757403e+00 -3.589757403e+00
5584 +4.073120449e+00 +4.073120449e+00 -3.666879551e+00 -3.666879551e+00
% function evaluation | noise-free fitness - Fopt (-2.193300000000e+02) | best noise-free fitness - Fopt | measured fitness | best measured fitness | x1 | x2...
1 +8.771360205e+01 +8.771360205e+01 -1.316163979e+02 -1.316163979e+02
8 +8.664364773e+01 +8.664364773e+01 -1.326863523e+02 -1.326863523e+02
10 +7.830211732e+01 +7.830211732e+01 -1.410278827e+02 -1.410278827e+02
19 +7.706686664e+01 +7.706686664e+01 -1.422631334e+02 -1.422631334e+02
25 +7.090671621e+01 +7.090671621e+01 -1.484232838e+02 -1.484232838e+02
40 +6.426130145e+01 +6.426130145e+01 -1.550686986e+02 -1.550686986e+02
58 +6.024168889e+01 +6.024168889e+01 -1.590883111e+02 -1.590883111e+02
60 +5.748097728e+01 +5.748097728e+01 -1.618490227e+02 -1.618490227e+02
95 +4.935840126e+01 +4.935840126e+01 -1.699715987e+02 -1.699715987e+02
118 +4.495519706e+01 +4.495519706e+01 -1.743748029e+02 -1.743748029e+02
158 +3.758052205e+01 +3.758052205e+01 -1.817494779e+02 -1.817494779e+02
185 +3.472774249e+01 +3.472774249e+01 -1.846022575e+02 -1.846022575e+02
187 +3.281120966e+01 +3.281120966e+01 -1.865187903e+02 -1.865187903e+02
294 +2.967479182e+01 +2.967479182e+01 -1.896552082e+02 -1.896552082e+02
330 +2.744745082e+01 +2.744745082e+01 -1.918825492e+02 -1.918825492e+02
348 +2.424422062e+01 +2.424422062e+01 -1.950857794e+02 -1.950857794e+02
440 +2.327820675e+01 +2.327820675e+01 -1.960517932e+02 -1.960517932e+02
446 +2.082775437e+01 +2.082775437e+01 -1.985022456e+02 -1.985022456e+02
542 +1.876787220e+01 +1.876787220e+01 -2.005621278e+02 -2.005621278e+02
546 +1.599974767e+01 +1.599974767e+01 -2.033302523e+02 -2.033302523e+02
690 +1.543735053e+01 +1.543735053e+01 -2.038926495e+02 -2.038926495e+02
741 +1.481811452e+01 +1.481811452e+01 -2.045118855e+02 -2.045118855e+02
748 +1.312648026e+01 +1.312648026e+01 -2.062035197e+02 -2.062035197e+02
862 +1.281924847e+01 +1.281924847e+01 -2.065107515e+02 -2.065107515e+02
916 +1.210064951e+01 +1.210064951e+01 -2.072293505e+02 -2.072293505e+02
958 +1.146949395e+01 +1.146949395e+01 -2.078605060e+02 -2.078605060e+02
962 +1.116302372e+01 +1.116302372e+01 -2.081669763e+02 -2.081669763e+02
968 +1.024290973e+01 +1.024290973e+01 -2.090870903e+02 -2.090870903e+02
992 +1.011331175e+01 +1.011331175e+01 -2.092166883e+02 -2.092166883e+02
1120 +9.818374750e+00 +9.818374750e+00 -2.095116252e+02 -2.095116252e+02
1135 +9.766803945e+00 +9.766803945e+00 -2.095631961e+02 -2.095631961e+02
1154 +9.445917813e+00 +9.445917813e+00 -2.098840822e+02 -2.098840822e+02
1173 +8.487745110e+00 +8.487745110e+00 -2.108422549e+02 -2.108422549e+02
1318 +8.261995398e+00 +8.261995398e+00 -2.110680046e+02 -2.110680046e+02
1322 +7.846868614e+00 +7.846868614e+00 -2.114831314e+02 -2.114831314e+02
1337 +7.568009868e+00 +7.568009868e+00 -2.117619901e+02 -2.117619901e+02
1345 +6.433567033e+00 +6.433567033e+00 -2.128964330e+02 -2.128964330e+02
1387 +5.889361742e+00 +5.889361742e+00 -2.134406383e+02 -2.134406383e+02
1465 +5.838614592e+00 +5.838614592e+00 -2.134913854e+02 -2.134913854e+02
1468 +5.726656876e+00 +5.726656876e+00 -2.136033431e+02 -2.136033431e+02
1509 +5.578847999e+00 +5.578847999e+00 -2.137511520e+02 -2.137511520e+02
1535 +5.219805979e+00 +5.219805979e+00 -2.141101940e+02 -2.141101940e+02
1584 +5.014709573e+00 +5.014709573e+00 -2.143152904e+02 -2.143152904e+02
1593 +4.940254298e+00 +4.940254298e+00 -2.143897457e+02 -2.143897457e+02
1604 +4.888082105e+00 +4.888082105e+00 -2.144419179e+02 -2.144419179e+02
1605 +4.692289136e+00 +4.692289136e+00 -2.146377109e+02 -2.146377109e+02
1610 +4.602851210e+00 +4.602851210e+00 -2.147271488e+02 -2.147271488e+02
1774 +4.345551341e+00 +4.345551341e+00 -2.149844487e+02 -2.149844487e+02
1795 +4.110601164e+00 +4.110601164e+00 -2.152193988e+02 -2.152193988e+02
1860 +4.057620360e+00 +4.057620360e+00 -2.152723796e+02 -2.152723796e+02
1866 +3.962084005e+00 +3.962084005e+00 -2.153679160e+02 -2.153679160e+02
2104 +3.819959562e+00 +3.819959562e+00 -2.155100404e+02 -2.155100404e+02
2124 +3.706900821e+00 +3.706900821e+00 -2.156230992e+02 -2.156230992e+02
2210 +3.556665828e+00 +3.556665828e+00 -2.157733342e+02 -2.157733342e+02
2212 +3.523443791e+00 +3.523443791e+00 -2.158065562e+02 -2.158065562e+02
2252 +3.453545481e+00 +3.453545481e+00 -2.158764545e+02 -2.158764545e+02
2345 +3.322372190e+00 +3.322372190e+00 -2.160076278e+02 -2.160076278e+02
2607 +3.288563350e+00 +3.288563350e+00 -2.160414366e+02 -2.160414366e+02
2744 +3.177153627e+00 +3.177153627e+00 -2.161528464e+02 -2.161528464e+02
2746 +3.156211494e+00 +3.156211494e+00 -2.161737885e+02 -2.161737885e+02
2824 +3.068922314e+00 +3.068922314e+00 -2.162610777e+02 -2.162610777e+02
3057 +3.015742321e+00 +3.015742321e+00 -2.163142577e+02 -2.163142577e+02
3601 +2.939504622e+00 +2.939504622e+00 -2.163904954e+02 -2.163904954e+02
4148 +2.882760889e+00 +2.882760889e+00 -2.164472391e+02 -2.164472391e+02
4706 +2.813358159e+00 +2.813358159e+00 -2.165166418e+02 -2.165166418e+02
6487 +2.752724255e+00 +2.752724255e+00 -2.165772757e+02 -2.165772757e+02
% function evaluation | noise-free fitness - Fopt (6.513000000000e+01) | best noise-free fitness - Fopt | measured fitness | best measured fitness | x1 | x2...
1 +9.440061923e+01 +9.440061923e+01 +1.595306192e+02 +1.595306192e+02
3 +7.424584305e+01 +7.424584305e+01 +1.393758430e+02 +1.393758430e+02
20 +7.176618067e+01 +7.176618067e+01 +1.368961807e+02 +1.368961807e+02
26 +6.563141246e+01 +6.563141246e+01 +1.307614125e+02 +1.307614125e+02
36 +6.255087766e+01 +6.255087766e+01 +1.276808777e+02 +1.276808777e+02
38 +5.636552296e+01 +5.636552296e+01 +1.214955230e+02 +1.214955230e+02
42 +5.332302117e+01 +5.332302117e+01 +1.184530212e+02 +1.184530212e+02
50 +4.721445113e+01 +4.721445113e+01 +1.123444511e+02 +1.123444511e+02
68 +4.421616271e+01 +4.421616271e+01 +1.093461627e+02 +1.093461627e+02
104 +4.157441777e+01 +4.157441777e+01 +1.067044178e+02 +1.067044178e+02
107 +3.946552736e+01 +3.946552736e+01 +1.045955274e+02 +1.045955274e+02
152 +3.867858891e+01 +3.867858891e+01 +1.038085889e+02 +1.038085889e+02
155 +3.583961056e+01 +3.583961056e+01 +1.009696106e+02 +1.009696106e+02
161 +2.865823305e+01 +2.865823305e+01 +9.378823305e+01 +9.378823305e+01
184 +2.409358384e+01 +2.409358384e+01 +8.922358384e+01 +8.922358384e+01
209 +2.257041824e+01 +2.257041824e+01 +8.770041824e+01 +8.770041824e+01
252 +2.099566617e+01 +2.099566617e+01 +8.612566617e+01 +8.612566617e+01
525 +2.064040879e+01 +2.064040879e+01 +8.577040879e+01 +8.577040879e+01
955 +2.009668111e+01 +2.009668111e+01 +8.522668111e+01 +8.522668111e+01
1060 +1.908296343e+01 +1.908296343e+01 +8.421296343e+01 +8.421296343e+01
1114 +1.808926262e+01 +1.808926262e+01 +8.321926262e+01 +8.321926262e+01
1189 +1.774166660e+01 +1.774166660e+01 +8.287166660e+01 +8.287166660e+01
1190 +1.686341474e+01 +1.686341474e+01 +8.199341474e+01 +8.199341474e+01
1192 +1.652975530e+01 +1.652975530e+01 +8.165975530e+01 +8.165975530e+01
1214 +1.602354556e+01 +1.602354556e+01 +8.115354556e+01 +8.115354556e+01
1289 +1.564546072e+01 +1.564546072e+01 +8.077546072e+01 +8.077546072e+01
1294 +1.455936670e+01 +1.455936670e+01 +7.968936670e+01 +7.968936670e+01
1418 +1.424043980e+01 +1.424043980e+01 +7.937043980e+01 +7.937043980e+01
1446 +1.303299801e+01 +1.303299801e+01 +7.816299801e+01 +7.816299801e+01
1451 +1.191234244e+01 +1.191234244e+01 +7.704234244e+01 +7.704234244e+01
1468 +1.148086865e+01 +1.148086865e+01 +7.661086865e+01 +7.661086865e+01
1591 +1.100806018e+01 +1.100806018e+01 +7.613806018e+01 +7.613806018e+01
1609 +1.084957306e+01 +1.084957306e+01 +7.597957306e+01 +7.597957306e+01
1882 +1.025673741e+01 +1.025673741e+01 +7.538673741e+01 +7.538673741e+01
1901 +9.445696480e+00 +9.445696480e+00 +7.457569648e+01 +7.457569648e+01
2398 +9.309779055e+00 +9.309779055e+00 +7.443977906e+01 +7.443977906e+01
2441 +9.097632738e+00 +9.097632738e+00 +7.422763274e+01 +7.422763274e+01
2466 +8.782511835e+00 +8.782511835e+00 +7.391251183e+01 +7.391251183e+01
2483 +8.688645867e+00 +8.688645867e+00 +7.381864587e+01 +7.381864587e+01
2498 +8.367083758e+00 +8.367083758e+00 +7.349708376e+01 +7.349708376e+01
2536 +8.247128437e+00 +8.247128437e+00 +7.337712844e+01 +7.337712844e+01
2594 +8.113411899e+00 +8.113411899e+00 +7.324341190e+01 +7.324341190e+01
2615 +7.726105523e+00 +7.726105523e+00 +7.285610552e+01 +7.285610552e+01
2801 +7.314474572e+00 +7.314474572e+00 +7.244447457e+01 +7.244447457e+01
2969 +7.084461033e+00 +7.084461033e+00 +7.221446103e+01 +7.221446103e+01
3011 +6.869740739e+00 +6.869740739e+00 +7.199974074e+01 +7.199974074e+01
3233 +6.758943185e+00 +6.758943185e+00 +7.188894318e+01 +7.188894318e+01
3289 +6.590281908e+00 +6.590281908e+00 +7.172028191e+01 +7.172028191e+01
3371 +6.456127685e+00 +6.456127685e+00 +7.158612769e+01 +7.158612769e+01
3789 +6.278424336e+00 +6.278424336e+00 +7.140842434e+01 +7.140842434e+01
3833 +6.155746904e+00 +6.155746904e+00 +7.128574690e+01 +7.128574690e+01
4034 +6.006285996e+00 +6.006285996e+00 +7.113628600e+01 +7.113628600e+01
4401 +5.886526854e+00 +5.886526854e+00 +7.101652685e+01 +7.101652685e+01
5013 +5.749951517e+00 +5.749951517e+00 +7.087995152e+01 +7.087995152e+01
5983 +5.617763556e+00 +5.617763556e+00 +7.074776356e+01 +7.074776356e+01
% function evaluation | noise-free fitness - Fopt (-5.469000000000e+01) | best noise-free fitness - Fopt | measured fitness | best measured fitness | x1 | x2...
1 +7.224418455e+01 +7.224418455e+01 +1.755418455e+01 +1.755418455e+01
5 +6.775273704e+01 +6.775273704e+01 +1.306273704e+01 +1.306273704e+01
10 +6.490636527e+01 +6.490636527e+01 +1.021636527e+01 +1.021636527e+01
16 +6.375006790e+01 +6.375006790e+01 +9.060067902e+00 +9.060067902e+00
18 +5.652553409e+01 +5.652553409e+01 +1.835534093e+00 +1.835534093e+00
26 +4.953270466e+01 +4.953270466e+01 -5.157295336e+00 -5.157295336e+00
36 +4.361830326e+01 +4.361830326e+01 -1.107169674e+01 -1.107169674e+01
60 +4.256355407e+01 +4.256355407e+01 -1.212644593e+01 -1.212644593e+01
61 +3.968797140e+01 +3.968797140e+01 -1.500202860e+01 -1.500202860e+01
65 +3.807188861e+01 +3.807188861e+01 -1.661811139e+01 -1.661811139e+01
72 +3.451820627e+01 +3.451820627e+01 -2.017179373e+01 -2.017179373e+01
155 +3.128023099e+01 +3.128023099e+01 -2.340976901e+01 -2.340976901e+01
172 +2.890759966e+01 +2.890759966e+01 -2.578240034e+01 -2.578240034e+01
209 +2.793060743e+01 +2.793060743e+01 -2.675939257e+01 -2.675939257e+01
283 +2.576017512e+01 +2.576017512e+01 -2.892982488e+01 -2.892982488e+01
301 +2.548026348e+01 +2.548026348e+01 -2.920973652e+01 -2.920973652e+01
350 +2.408667331e+01 +2.408667331e+01 -3.060332669e+01 -3.060332669e+01
469 +2.038106170e+01 +2.038106170e+01 -3.430893830e+01 -3.430893830e+01
853 +1.954893712e+01 +1.954893712e+01 -3.514106288e+01 -3.514106288e+01
902 +1.847741241e+01 +1.847741241e+01 -3.621258759e+01 -3.621258759e+01
949 +1.818942582e+01 +1.818942582e+01 -3.650057418e+01 -3.650057418e+01
960 +1.533495159e+01 +1.533495159e+01 -3.935504841e+01 -3.935504841e+01
978 +1.496712893e+01 +1.496712893e+01 -3.972287107e+01 -3.972287107e+01
1133 +1.462603102e+01 +1.462603102e+01 -4.006396898e+01 -4.006396898e+01
1139 +1.363067369e+01 +1.363067369e+01 -4.105932631e+01 -4.105932631e+01
1322 +1.312039915e+01 +1.312039915e+01 -4.156960085e+01 -4.156960085e+01
1333 +1.287763900e+01 +1.287763900e+01 -4.181236100e+01 -4.181236100e+01
1339 +1.252405300e+01 +1.252405300e+01 -4.216594700e+01 -4.216594700e+01
1340 +1.215817181e+01 +1.215817181e+01 -4.253182819e+01 -4.253182819e+01
1354 +1.052923511e+01 +1.052923511e+01 -4.416076489e+01 -4.416076489e+01
1544 +1.015770264e+01 +1.015770264e+01 -4.453229736e+01 -4.453229736e+01
1609 +9.710057696e+00 +9.710057696e+00 -4.497994230e+01 -4.497994230e+01
1610 +9.170811419e+00 +9.170811419e+00 -4.551918858e+01 -4.551918858e+01
1618 +8.920967595e+00 +8.920967595e+00 -4.576903241e+01 -4.576903241e+01
1684 +8.876882423e+00 +8.876882423e+00 -4.581311758e+01 -4.581311758e+01
1691 +8.309493082e+00 +8.309493082e+00 -4.638050692e+01 -4.638050692e+01
1706 +8.064745007e+00 +8.064745007e+00 -4.662525499e+01 -4.662525499e+01
1767 +7.879673294e+00 +7.879673294e+00 -4.681032671e+01 -4.681032671e+01
1936 +7.663668173e+00 +7.663668173e+00 -4.702633183e+01 -4.702633183e+01
2001 +7.367170707e+00 +7.367170707e+00 -4.732282929e+01 -4.732282929e+01
2135 +6.810416705e+00 +6.810416705e+00 -4.787958330e+01 -4.787958330e+01
2689 +6.604257185e+00 +6.604257185e+00 -4.808574282e+01 -4.808574282e+01
2803 +6.430279608e+00 +6.430279608e+00 -4.825972039e+01 -4.825972039e+01
2804 +6.309038398e+00 +6.309038398e+00 -4.838096160e+01 -4.838096160e+01
3070 +6.056395472e+00 +6.056395472e+00 -4.863360453e+01 -4.863360453e+01
3172 +6.022158857e+00 +6.022158857e+00 -4.866784114e+01 -4.866784114e+01
3276 +5.878919660e+00 +5.878919660e+00 -4.881108034e+01 -4.881108034e+01
3601 +5.713698390e+00 +5.713698390e+00 -4.897630161e+01 -4.897630161e+01
3801 +5.622038005e+00 +5.622038005e+00 -4.906796199e+01 -4.906796199e+01
4108 +5.482663304e+00 +5.482663304e+00 -4.920733670e+01 -4.920733670e+01
4787 +5.355245081e+00 +5.355245081e+00 -4.933475492e+01 -4.933475492e+01
6341 +5.244724011e+00 +5.244724011e+00 -4.944527599e+01 -4.944527599e+01
% function evaluation | noise-free fitness - Fopt (-1.796700000000e+02) | best noise-free fitness - Fopt | measured fitness | best measured fitness | x1 | x2...
1 +5.545066862e+01 +5.545066862e+01 -1.242193314e+02 -1.242193314e+02
3 +5.326555840e+01 +5.326555840e+01 -1.264044416e+02 -1.264044416e+02
18 +5.082011836e+01 +5.082011836e+01 -1.288498816e+02 -1.288498816e+02
28 +4.625786502e+01 +4.625786502e+01 -1.334121350e+02 -1.334121350e+02
54 +4.063090515e+01 +4.063090515e+01 -1.390390948e+02 -1.390390948e+02
113 +3.836982744e+01 +3.836982744e+01 -1.413001726e+02 -1.413001726e+02
142 +3.614476798e+01 +3.614476798e+01 -1.435252320e+02 -1.435252320e+02
170 +3.384972784e+01 +3.384972784e+01 -1.458202722e+02 -1.458202722e+02
193 +3.078501347e+01 +3.078501347e+01 -1.488849865e+02 -1.488849865e+02
213 +2.519424246e+01 +2.519424246e+01 -1.544757575e+02 -1.544757575e+02
372 +2.281544747e+01 +2.281544747e+01 -1.568545525e+02 -1.568545525e+02
379 +1.903146609e+01 +1.903146609e+01 -1.606385339e+02 -1.606385339e+02
467 +1.859339867e+01 +1.859339867e+01 -1.610766013e+02 -1.610766013e+02
529 +1.626542829e+01 +1.626542829e+01 -1.634045717e+02 -1.634045717e+02
701 +1.608191235e+01 +1.608191235e+01 -1.635880877e+02 -1.635880877e+02
706 +1.434598961e+01 +1.434598961e+01 -1.653240104e+02 -1.653240104e+02
779 +1.392745708e+01 +1.392745708e+01 -1.657425429e+02 -1.657425429e+02
820 +1.253519150e+01 +1.253519150e+01 -1.671348085e+02 -1.671348085e+02
1090 +1.227587279e+01 +1.227587279e+01 -1.673941272e+02 -1.673941272e+02
1173 +1.184356421e+01 +1.184356421e+01 -1.678264358e+02 -1.678264358e+02
1181 +1.136875000e+01 +1.136875000e+01 -1.683012500e+02 -1.683012500e+02
1183 +1.091581540e+01 +1.091581540e+01 -1.687541846e+02 -1.687541846e+02
1481 +1.069091293e+01 +1.069091293e+01 -1.689790871e+02 -1.689790871e+02
1661 +1.046487874e+01 +1.046487874e+01 -1.692051213e+02 -1.692051213e+02
1741 +1.009189113e+01 +1.009189113e+01 -1.695781089e+02 -1.695781089e+02
1742 +9.491122521e+00 +9.491122521e+00 -1.701788775e+02 -1.701788775e+02
1766 +9.010833467e+00 +9.010833467e+00 -1.706591665e+02 -1.706591665e+02
1946 +8.827326981e+00 +8.827326981e+00 -1.708426730e+02 -1.708426730e+02
1965 +8.438939444e+00 +8.438939444e+00 -1.712310606e+02 -1.712310606e+02
2098 +8.280794110e+00 +8.280794110e+00 -1.713892059e+02 -1.713892059e+02
2232 +8.067379099e+00 +8.067379099e+00 -1.716026209e+02 -1.716026209e+02
2289 +7.874655343e+00 +7.874655343e+00 -1.717953447e+02 -1.717953447e+02
2326 +7.640543635e+00 +7.640543635e+00 -1.720294564e+02 -1.720294564e+02
2418 +7.550611576e+00 +7.550611576e+00 -1.721193884e+02 -1.721193884e+02
2497 +7.327911494e+00 +7.327911494e+00 -1.723420885e+02 -1.723420885e+02
2529 +7.221287179e+00 +7.221287179e+00 -1.724487128e+02 -1.724487128e+02
2631 +7.076425293e+00 +7.076425293e+00 -1.725935747e+02 -1.725935747e+02
2665 +6.897030341e+00 +6.897030341e+00 -1.727729697e+02 -1.727729697e+02
2924 +6.758189685e+00 +6.758189685e+00 -1.729118103e+02 -1.729118103e+02
3056 +6.594503284e+00 +6.594503284e+00 -1.730754967e+02 -1.730754967e+02
3173 +6.385989095e+00 +6.385989095e+00 -1.732840109e+02 -1.732840109e+02
3516 +6.299276880e+00 +6.299276880e+00 -1.733707231e+02 -1.733707231e+02
4161 +6.151154029e+00 +6.151154029e+00 -1.735188460e+02 -1.735188460e+02
4669 +6.024505400e+00 +6.024505400e+00 -1.736454946e+02 -1.736454946e+02
7180 +5.887995867e+00 +5.887995867e+00 -1.737820041e+02 -1.737820041e+02
% function evaluation | noise-free fitness - Fopt (-8.410000000000e+01) | best noise-free fitness - Fopt | measured fitness | best measured fitness | x1 | x2...
1 +9.658966288e+01 +9.658966288e+01 +1.248966288e+01 +1.248966288e+01
2 +9.287462871e+01 +9.287462871e+01 +8.774628707e+00 +8.774628707e+00
3 +7.807014993e+01 +7.807014993e+01 -6.029850067e+00 -6.029850067e+00
4 +7.660664987e+01 +7.660664987e+01 -7.493350132e+00 -7.493350132e+00
13 +6.822599239e+01 +6.822599239e+01 -1.587400761e+01 -1.587400761e+01
17 +6.388798532e+01 +6.388798532e+01 -2.021201468e+01 -2.021201468e+01
19 +6.094272738e+01 +6.094272738e+01 -2.315727262e+01 -2.315727262e+01
22 +5.476865816e+01 +5.476865816e+01 -2.933134184e+01 -2.933134184e+01
34 +4.648774933e+01 +4.648774933e+01 -3.761225067e+01 -3.761225067e+01
67 +3.578258604e+01 +3.578258604e+01 -4.831741396e+01 -4.831741396e+01
101 +3.404310835e+01 +3.404310835e+01 -5.005689165e+01 -5.005689165e+01
120 +3.292072986e+01 +3.292072986e+01 -5.117927014e+01 -5.117927014e+01
144 +3.013833430e+01 +3.013833430e+01 -5.396166570e+01 -5.396166570e+01
173 +2.847999807e+01 +2.847999807e+01 -5.562000193e+01 -5.562000193e+01
174 +2.597436875e+01 +2.597436875e+01 -5.812563125e+01 -5.812563125e+01
272 +2.550328238e+01 +2.550328238e+01 -5.859671762e+01 -5.859671762e+01
287 +2.406849064e+01 +2.406849064e+01 -6.003150936e+01 -6.003150936e+01
289 +2.162147846e+01 +2.162147846e+01 -6.247852154e+01 -6.247852154e+01
331 +2.128074596e+01 +2.128074596e+01 -6.281925404e+01 -6.281925404e+01
370 +2.043934009e+01 +2.043934009e+01 -6.366065991e+01 -6.366065991e+01
375 +2.024793388e+01 +2.024793388e+01 -6.385206612e+01 -6.385206612e+01
385 +1.965881590e+01 +1.965881590e+01 -6.444118410e+01 -6.444118410e+01
407 +1.624164876e+01 +1.624164876e+01 -6.785835124e+01 -6.785835124e+01
411 +1.540881919e+01 +1.540881919e+01 -6.869118081e+01 -6.869118081e+01
412 +1.500858719e+01 +1.500858719e+01 -6.909141281e+01 -6.909141281e+01
418 +1.464652854e+01 +1.464652854e+01 -6.945347146e+01 -6.945347146e+01
499 +1.406879288e+01 +1.406879288e+01 -7.003120712e+01 -7.003120712e+01
557 +1.307854194e+01 +1.307854194e+01 -7.102145806e+01 -7.102145806e+01
633 +1.263291431e+01 +1.263291431e+01 -7.146708569e+01 -7.146708569e+01
684 +1.185710791e+01 +1.185710791e+01 -7.224289209e+01 -7.224289209e+01
686 +1.057853657e+01 +1.057853657e+01 -7.352146343e+01 -7.352146343e+01
746 +9.777571080e+00 +9.777571080e+00 -7.432242892e+01 -7.432242892e+01
809 +9.609196999e+00 +9.609196999e+00 -7.449080300e+01 -7.449080300e+01
821 +9.457527019e+00 +9.457527019e+00 -7.464247298e+01 -7.464247298e+01
831 +8.406620907e+00 +8.406620907e+00 -7.569337909e+01 -7.569337909e+01
874 +8.243802420e+00 +8.243802420e+00 -7.585619758e+01 -7.585619758e+01
900 +8.100079055e+00 +8.100079055e+00 -7.599992095e+01 -7.599992095e+01
926 +7.835610615e+00 +7.835610615e+00 -7.626438939e+01 -7.626438939e+01
935 +7.205019280e+00 +7.205019280e+00 -7.689498072e+01 -7.689498072e+01
1046 +6.884984896e+00 +6.884984896e+00 -7.721501510e+01 -7.721501510e+01
1070 +6.505877112e+00 +6.505877112e+00 -7.759412289e+01 -7.759412289e+01
1148 +6.164353552e+00 +6.164353552e+00 -7.793564645e+01 -7.793564645e+01
1450 +6.021255342e+00 +6.021255342e+00 -7.807874466e+01 -7.807874466e+01
1474 +5.725062742e+00 +5.725062742e+00 -7.837493726e+01 -7.837493726e+01
1586 +5.589798738e+00 +5.589798738e+00 -7.851020126e+01 -7.851020126e+01
1634 +5.433462841e+00 +5.433462841e+00 -7.866653716e+01 -7.866653716e+01
1644 +5.307488293e+00 +5.307488293e+00 -7.879251171e+01 -7.879251171e+01
1651 +5.235797257e+00 +5.235797257e+00 -7.886420274e+01 -7.886420274e+01
1731 +4.969268949e+00 +4.969268949e+00 -7.913073105e+01 -7.913073105e+01
2020 +4.889233511e+00 +4.889233511e+00 -7.921076649e+01 -7.921076649e+01
2029 +4.771035166e+00 +4.771035166e+00 -7.932896483e+01 -7.932896483e+01
2181 +4.635439225e+00 +4.635439225e+00 -7.946456078e+01 -7.946456078e+01
2209 +4.553349318e+00 +4.553349318e+00 -7.954665068e+01 -7.954665068e+01
2477 +4.409656486e+00 +4.409656486e+00 -7.969034351e+01 -7.969034351e+01
2560 +4.343905508e+00 +4.343905508e+00 -7.975609449e+01 -7.975609449e+01
2567 +4.256860762e+00 +4.256860762e+00 -7.984313924e+01 -7.984313924e+01
2679 +4.167795950e+00 +4.167795950e+00 -7.993220405e+01 -7.993220405e+01
3016 +4.067151310e+00 +4.067151310e+00 -8.003284869e+01 -8.003284869e+01
3142 +3.936145384e+00 +3.936145384e+00 -8.016385462e+01 -8.016385462e+01
3272 +3.887418206e+00 +3.887418206e+00 -8.021258179e+01 -8.021258179e+01
3328 +3.703930192e+00 +3.703930192e+00 -8.039606981e+01 -8.039606981e+01
3524 +3.620235510e+00 +3.620235510e+00 -8.047976449e+01 -8.047976449e+01
3950 +3.541387222e+00 +3.541387222e+00 -8.055861278e+01 -8.055861278e+01
4200 +3.451175673e+00 +3.451175673e+00 -8.064882433e+01 -8.064882433e+01
4798 +3.381888056e+00 +3.381888056e+00 -8.071811194e+01 -8.071811194e+01
