% function evaluation | noise-free fitness - Fopt (7.135000000000e+01) | best noise-free fitness - Fopt | measured fitness | best measured fitness | x1 | x2...
1 +1.205674855e+02 +1.205674855e+02 +1.919174855e+02 +1.919174855e+02 +0.0000e+00 +0.0000e+00 +0.0000e+00 +0.0000e+00 +0.0000e+00
4 +1.038171394e+02 +1.038171394e+02 +1.751671394e+02 +1.751671394e+02 -3.4095e-01 -4.2829e-02 +7.6804e-03 -7.7675e-02 -1.8537e-01
5 +9.965178801e+01 +9.965178801e+01 +1.710017880e+02 +1.710017880e+02 +4.5254e-02 +1.2384e-01 -3.3128e-01 +2.3077e-02 -3.0344e-01
9 +9.585417340e+01 +9.585417340e+01 +1.672041734e+02 +1.672041734e+02 +8.1748e-03 +1.1917e-01 -5.6766e-03 +1.9023e-02 -2.9823e-01
10 +5.609956159e+01 +5.609956159e+01 +1.274495616e+02 +1.274495616e+02 -1.3279e-01 +2.8327e-01 -3.8344e-01 -8.6141e-02 -7.6995e-01
11 +5.328476029e+01 +5.328476029e+01 +1.246347603e+02 +1.246347603e+02 -1.3149e-01 +1.0620e-01 +4.8096e-01 +1.1431e-01 -2.7569e-01
12 +2.885347144e+01 +2.885347144e+01 +1.002034714e+02 +1.002034714e+02 -2.8116e-01 -9.1228e-02 -2.7965e-01 -2.1982e-01 -5.7597e-01
16 +2.776915139e+01 +2.776915139e+01 +9.911915139e+01 +9.911915139e+01 -3.1106e-01 -1.3663e-01 -2.1353e-01 -8.6342e-02 -4.5770e-01
43 +1.962896239e+01 +1.962896239e+01 +9.097896239e+01 +9.097896239e+01 +7.4541e-02 +2.1778e-01 -6.2437e-02 -5.5460e-02 -1.3217e+00
58 +1.715689656e+01 +1.715689656e+01 +8.850689656e+01 +8.850689656e+01 +2.7405e-01 +1.4083e-01 -8.5950e-01 -1.5934e-01 -2.1971e+00
64 +1.653631044e+01 +1.653631044e+01 +8.788631044e+01 +8.788631044e+01 -4.6214e-02 +5.9269e-01 -6.4787e-01 -1.9471e-01 -2.1947e+00
82 +9.847259483e+00 +9.847259483e+00 +8.119725948e+01 +8.119725948e+01 -3.9621e-02 +2.3468e-01 -8.3055e-01 +1.2267e+00 -1.4893e+00
89 +5.718587631e+00 +5.718587631e+00 +7.706858763e+01 +7.706858763e+01 -8.3257e-02 +1.6836e-01 -6.6536e-01 +8.8903e-01 -2.0321e+00
103 +2.828580133e+00 +2.828580133e+00 +7.417858013e+01 +7.417858013e+01 +1.4368e-01 +6.5950e-02 -9.6916e-01 +6.0596e-01 -1.7265e+00
308 +1.532504412e+00 +1.532504412e+00 +7.288250441e+01 +7.288250441e+01 -3.7658e-02 +3.2335e-01 -9.8866e-01 +7.7043e-01 -1.6328e+00
361 +9.645014868e-01 +9.645014868e-01 +7.231450149e+01 +7.231450149e+01 -1.1434e-01 +1.9946e-01 -8.5600e-01 +1.1443e+00 -1.5936e+00
561 +9.546326787e-01 +9.546326787e-01 +7.230463268e+01 +7.230463268e+01 -1.7908e-01 +1.7004e-01 -6.7756e-01 +9.8260e-01 -1.7805e+00
570 +8.755313809e-01 +8.755313809e-01 +7.222553138e+01 +7.222553138e+01 -1.9676e-01 +1.6191e-01 -7.0190e-01 +9.8947e-01 -1.7733e+00
573 +8.247478600e-01 +8.247478600e-01 +7.217474786e+01 +7.217474786e+01 -1.7213e-01 +1.7236e-01 -6.9348e-01 +9.6241e-01 -1.7925e+00
607 +7.862922325e-01 +7.862922325e-01 +7.213629223e+01 +7.213629223e+01 -1.6722e-01 +1.6241e-01 -6.8356e-01 +9.6406e-01 -1.7869e+00
649 +7.490431172e-01 +7.490431172e-01 +7.209904312e+01 +7.209904312e+01 -1.7065e-01 +1.6433e-01 -6.8036e-01 +9.6566e-01 -1.7910e+00
697 +7.325383317e-01 +7.325383317e-01 +7.208253833e+01 +7.208253833e+01 -1.7210e-01 +1.6415e-01 -6.7630e-01 +9.6063e-01 -1.7983e+00
784 +7.240113311e-01 +7.240113311e-01 +7.207401133e+01 +7.207401133e+01 -1.7553e-01 +1.6543e-01 -6.7161e-01 +9.5310e-01 -1.7939e+00
941 +6.519376131e-01 +6.519376131e-01 +7.200193761e+01 +7.200193761e+01 -1.6932e-01 +1.6665e-01 -7.2232e-01 +9.4992e-01 -1.7926e+00
956 +6.360180224e-01 +6.360180224e-01 +7.198601802e+01 +7.198601802e+01 -1.6900e-01 +1.6831e-01 -7.2075e-01 +9.4799e-01 -1.7918e+00
961 +6.300605495e-01 +6.300605495e-01 +7.198006055e+01 +7.198006055e+01 -1.6705e-01 +1.6672e-01 -7.2274e-01 +9.4853e-01 -1.7923e+00
970 +6.116093940e-01 +6.116093940e-01 +7.196160939e+01 +7.196160939e+01 -1.6756e-01 +1.6803e-01 -7.1819e-01 +9.4785e-01 -1.7967e+00
975 +6.010004482e-01 +6.010004482e-01 +7.195100045e+01 +7.195100045e+01 -1.7160e-01 +1.6825e-01 -7.1473e-01 +9.4905e-01 -1.7982e+00
976 +5.868538340e-01 +5.868538340e-01 +7.193685383e+01 +7.193685383e+01 -1.6636e-01 +1.6919e-01 -7.2747e-01 +9.4911e-01 -1.7946e+00
984 +5.617360466e-01 +5.617360466e-01 +7.191173605e+01 +7.191173605e+01 -1.6801e-01 +1.6857e-01 -7.1733e-01 +9.5111e-01 -1.7983e+00
990 +5.451341925e-01 +5.451341925e-01 +7.189513419e+01 +7.189513419e+01 -1.6599e-01 +1.6998e-01 -7.2667e-01 +9.5330e-01 -1.7972e+00
1132 +5.346662058e-01 +5.346662058e-01 +7.188466621e+01 +7.188466621e+01 -1.6434e-01 +1.6740e-01 -7.2327e-01 +9.5223e-01 -1.7963e+00
1142 +5.220638742e-01 +5.220638742e-01 +7.187206387e+01 +7.187206387e+01 -1.6341e-01 +1.6783e-01 -7.2613e-01 +9.5218e-01 -1.7971e+00
1148 +5.023374216e-01 +5.023374216e-01 +7.185233742e+01 +7.185233742e+01 -1.6359e-01 +1.6759e-01 -7.2608e-01 +9.5215e-01 -1.7960e+00
1204 +4.959823205e-01 +4.959823205e-01 +7.184598232e+01 +7.184598232e+01 -1.6314e-01 +1.6737e-01 -7.2709e-01 +9.5237e-01 -1.7957e+00
1239 +4.872953175e-01 +4.872953175e-01 +7.183729532e+01 +7.183729532e+01 -1.6350e-01 +1.6714e-01 -7.2651e-01 +9.5276e-01 -1.7959e+00
1368 +4.772415782e-01 +4.772415782e-01 +7.182724158e+01 +7.182724158e+01 -1.6272e-01 +1.6725e-01 -7.2749e-01 +9.5251e-01 -1.7957e+00
1570 +4.673557256e-01 +4.673557256e-01 +7.181735573e+01 +7.181735573e+01 -1.6262e-01 +1.6719e-01 -7.2754e-01 +9.5239e-01 -1.7958e+00
% function evaluation | noise-free fitness - Fopt (-3.552200000000e+02) | best noise-free fitness - Fopt | measured fitness | best measured fitness | x1 | x2...
1 +1.380502722e+02 +1.380502722e+02 -2.171697278e+02 -2.171697278e+02 +0.0000e+00 +0.0000e+00 +0.0000e+00 +0.0000e+00 +0.0000e+00
5 +6.981596425e+01 +6.981596425e+01 -2.854040357e+02 -2.854040357e+02 +3.4820e-01 +4.6544e-02 -2.8283e-02 -2.2555e-01 -2.0939e-01
39 +6.411190902e+01 +6.411190902e+01 -2.911080910e+02 -2.911080910e+02 +7.0173e-01 +5.1312e-01 +1.2115e-01 -2.7316e-01 -3.2718e-01
40 +6.172166156e+01 +6.172166156e+01 -2.934983384e+02 -2.934983384e+02 +7.6960e-01 -6.0827e-02 +3.8302e-01 -1.6133e-01 +6.6697e-02
45 +4.829321003e+01 +4.829321003e+01 -3.069267900e+02 -3.069267900e+02 +4.6743e-01 +4.1191e-01 +1.0621e-01 -6.1913e-01 +9.2783e-02
54 +3.313483337e+01 +3.313483337e+01 -3.220851666e+02 -3.220851666e+02 +5.3651e-01 +3.9932e-01 +1.0394e-01 -6.8158e-01 +1.7110e-01
57 +2.069184914e+01 +2.069184914e+01 -3.345281509e+02 -3.345281509e+02 +6.7674e-01 +8.4627e-01 -1.3905e-01 -6.1950e-01 +8.2490e-02
148 +1.013199080e+01 +1.013199080e+01 -3.450880092e+02 -3.450880092e+02 +5.6902e-01 +4.6674e-01 -3.0284e-02 -1.0538e+00 +3.2625e-01
289 +9.094479531e+00 +9.094479531e+00 -3.461255205e+02 -3.461255205e+02 +7.5698e-01 +5.5993e-01 -5.0461e-02 -1.4986e+00 +7.0562e-01
299 +7.128860895e+00 +7.128860895e+00 -3.480911391e+02 -3.480911391e+02 +7.7986e-01 +4.4150e-01 -5.3697e-02 -1.5038e+00 +7.3019e-01
318 +7.069596311e+00 +7.069596311e+00 -3.481504037e+02 -3.481504037e+02 +7.8838e-01 +4.0703e-01 -6.4759e-02 -1.5837e+00 +7.5903e-01
336 +6.084502270e+00 +6.084502270e+00 -3.491354977e+02 -3.491354977e+02 +8.0053e-01 +3.4649e-01 -7.3758e-02 -1.5182e+00 +7.0548e-01
401 +5.981476953e+00 +5.981476953e+00 -3.492385230e+02 -3.492385230e+02 +7.9432e-01 +3.7149e-01 -5.5289e-02 -1.4857e+00 +7.3070e-01
419 +5.463038623e+00 +5.463038623e+00 -3.497569614e+02 -3.497569614e+02 +8.0710e-01 +3.9062e-01 -8.7747e-02 -1.4911e+00 +7.2005e-01
444 +5.333461027e+00 +5.333461027e+00 -3.498865390e+02 -3.498865390e+02 +7.8888e-01 +4.0331e-01 -3.9054e-02 -1.4976e+00 +7.1355e-01
445 +4.916725715e+00 +4.916725715e+00 -3.503032743e+02 -3.503032743e+02 +8.0316e-01 +3.9308e-01 -6.4268e-02 -1.4870e+00 +7.0228e-01
488 +4.691050393e+00 +4.691050393e+00 -3.505289496e+02 -3.505289496e+02 +7.8103e-01 +3.9441e-01 -3.8110e-02 -1.5234e+00 +7.3844e-01
490 +4.205968445e+00 +4.205968445e+00 -3.510140316e+02 -3.510140316e+02 +7.8719e-01 +3.9718e-01 -3.7168e-02 -1.5244e+00 +7.3553e-01
547 +4.141538826e+00 +4.141538826e+00 -3.510784612e+02 -3.510784612e+02 +7.9130e-01 +4.0693e-01 -4.2906e-02 -1.5447e+00 +7.3648e-01
553 +3.895079415e+00 +3.895079415e+00 -3.513249206e+02 -3.513249206e+02 +7.8882e-01 +4.0401e-01 -3.4898e-02 -1.5327e+00 +7.3212e-01
554 +3.886658496e+00 +3.886658496e+00 -3.513333415e+02 -3.513333415e+02 +7.8811e-01 +3.9359e-01 -3.7179e-02 -1.5402e+00 +7.3348e-01
555 +3.737344198e+00 +3.737344198e+00 -3.514826558e+02 -3.514826558e+02 +7.9042e-01 +4.0253e-01 -3.7671e-02 -1.5473e+00 +7.3776e-01
580 +3.516634667e+00 +3.516634667e+00 -3.517033653e+02 -3.517033653e+02 +7.8246e-01 +4.1623e-01 -2.4756e-02 -1.5368e+00 +7.3153e-01
677 +3.437243609e+00 +3.437243609e+00 -3.517827564e+02 -3.517827564e+02 +7.8278e-01 +4.0457e-01 -2.6488e-02 -1.5335e+00 +7.3222e-01
709 +3.300984437e+00 +3.300984437e+00 -3.519190156e+02 -3.519190156e+02 +7.8325e-01 +4.0808e-01 -2.3909e-02 -1.5351e+00 +7.3377e-01
760 +3.200224509e+00 +3.200224509e+00 -3.520197755e+02 -3.520197755e+02 +7.8322e-01 +4.0773e-01 -2.4545e-02 -1.5346e+00 +7.3447e-01
855 +3.146965146e+00 +3.146965146e+00 -3.520730349e+02 -3.520730349e+02 +7.8402e-01 +4.0791e-01 -2.6385e-02 -1.5362e+00 +7.3557e-01
878 +3.063532870e+00 +3.063532870e+00 -3.521564671e+02 -3.521564671e+02 +7.8397e-01 +4.0820e-01 -2.6176e-02 -1.5367e+00 +7.3565e-01
1014 +3.006160405e+00 +3.006160405e+00 -3.522138396e+02 -3.522138396e+02 +7.8387e-01 +4.0872e-01 -2.5534e-02 -1.5370e+00 +7.3509e-01
% function evaluation | noise-free fitness - Fopt (9.917000000000e+01) | best noise-free fitness - Fopt | measured fitness | best measured fitness | x1 | x2...
1 +1.990461148e+02 +1.990461148e+02 +2.982161148e+02 +2.982161148e+02 +0.0000e+00 +0.0000e+00 +0.0000e+00 +0.0000e+00 +0.0000e+00
2 +9.997443739e+01 +9.997443739e+01 +1.991444374e+02 +1.991444374e+02 +2.2424e-01 -1.9285e-01 -4.6159e-01 +3.2601e-02 +8.3113e-02
3 +9.406115136e+01 +9.406115136e+01 +1.932311514e+02 +1.932311514e+02 +3.0579e-01 +2.6297e-02 -9.0403e-02 +1.4483e-01 +2.9214e-01
7 +8.296874291e+01 +8.296874291e+01 +1.821387429e+02 +1.821387429e+02 +6.8127e-02 -1.7756e-01 -8.7997e-02 -3.3577e-01 +1.0196e-01
25 +5.074542233e+01 +5.074542233e+01 +1.499154223e+02 +1.499154223e+02 -1.9042e-03 -3.3672e-01 -7.0031e-01 -2.3278e-01 +1.8476e-01
51 +3.126403839e+01 +3.126403839e+01 +1.304340384e+02 +1.304340384e+02 +1.2707e-01 -5.7968e-01 -4.6524e-01 -2.9941e-01 +1.3537e-01
60 +3.037955586e+01 +3.037955586e+01 +1.295495559e+02 +1.295495559e+02 +2.5812e-01 -4.9706e-01 -1.0242e+00 -2.1921e-01 +1.3018e-01
70 +2.930347749e+01 +2.930347749e+01 +1.284734775e+02 +1.284734775e+02 +5.4013e-02 -3.5297e-01 -1.4368e+00 -3.1046e-01 +1.6206e-01
75 +2.829633771e+01 +2.829633771e+01 +1.274663377e+02 +1.274663377e+02 +1.8376e-01 -1.9299e-01 -1.3900e+00 -3.9953e-01 -2.3401e-01
84 +1.552585440e+01 +1.552585440e+01 +1.146958544e+02 +1.146958544e+02 -1.1159e-02 -2.1241e-01 -2.0392e+00 -5.3317e-01 -3.8725e-01
150 +1.470077286e+01 +1.470077286e+01 +1.138707729e+02 +1.138707729e+02 +6.3880e-01 -3.8556e-01 -3.5177e+00 -6.2482e-01 -2.0492e-01
159 +1.425970693e+01 +1.425970693e+01 +1.134297069e+02 +1.134297069e+02 +7.0730e-01 -4.4381e-01 -3.7781e+00 -5.7692e-01 -7.3368e-02
160 +1.310352260e+01 +1.310352260e+01 +1.122735226e+02 +1.122735226e+02 +6.1632e-01 -6.3399e-01 -4.2456e+00 -6.4719e-01 +4.4077e-02
163 +7.429744265e+00 +7.429744265e+00 +1.065997443e+02 +1.065997443e+02 +7.1556e-01 -5.0136e-01 -3.9804e+00 -6.6240e-01 +2.7439e-01
181 +4.497223784e+00 +4.497223784e+00 +1.036672238e+02 +1.036672238e+02 +4.4191e-01 -6.2681e-01 -3.5252e+00 -4.3382e-01 +1.8288e-01
183 +4.355212609e+00 +4.355212609e+00 +1.035252126e+02 +1.035252126e+02 +3.0192e-01 -5.1247e-01 -3.6650e+00 -6.3688e-01 +4.2819e-01
190 +3.261276087e+00 +3.261276087e+00 +1.024312761e+02 +1.024312761e+02 +4.3641e-01 -4.4398e-01 -3.9406e+00 -5.0774e-01 +4.5006e-01
216 +2.459644170e+00 +2.459644170e+00 +1.016296442e+02 +1.016296442e+02 +5.1772e-01 -6.7587e-01 -4.0258e+00 -4.7494e-01 +3.7321e-01
251 +1.551529492e+00 +1.551529492e+00 +1.007215295e+02 +1.007215295e+02 +3.7683e-01 -4.4460e-01 -4.4800e+00 -3.3984e-01 +5.9508e-01
273 +1.303284358e+00 +1.303284358e+00 +1.004732844e+02 +1.004732844e+02 +3.0109e-01 -3.4104e-01 -4.2465e+00 -3.9559e-01 +5.4643e-01
278 +1.248587386e+00 +1.248587386e+00 +1.004185874e+02 +1.004185874e+02 +2.8851e-01 -2.9048e-01 -4.5773e+00 -3.2361e-01 +6.3265e-01
291 +3.563619633e-01 +3.563619633e-01 +9.952636196e+01 +9.952636196e+01 +3.1264e-01 -4.2442e-01 -4.2489e+00 -3.2545e-01 +5.6267e-01
376 +3.095571304e-01 +3.095571304e-01 +9.947955713e+01 +9.947955713e+01 +3.8265e-01 -4.0706e-01 -4.2316e+00 -4.2802e-01 +5.5309e-01
394 +2.167305897e-01 +2.167305897e-01 +9.938673059e+01 +9.938673059e+01 +3.4000e-01 -4.2451e-01 -4.2591e+00 -3.9957e-01 +5.5870e-01
637 +1.758452961e-01 +1.758452961e-01 +9.934584530e+01 +9.934584530e+01 +3.5440e-01 -4.4254e-01 -4.2497e+00 -3.7709e-01 +5.5049e-01
687 +1.721343760e-01 +1.721343760e-01 +9.934213438e+01 +9.934213438e+01 +3.5530e-01 -4.3933e-01 -4.2343e+00 -3.7972e-01 +5.4598e-01
704 +1.637343038e-01 +1.637343038e-01 +9.933373430e+01 +9.933373430e+01 +3.4940e-01 -4.3707e-01 -4.2392e+00 -3.8013e-01 +5.4894e-01
830 +1.568162540e-01 +1.568162540e-01 +9.932681625e+01 +9.932681625e+01 +3.5217e-01 -4.3192e-01 -4.2537e+00 -3.8453e-01 +5.5111e-01
906 +1.524051923e-01 +1.524051923e-01 +9.932240519e+01 +9.932240519e+01 +3.5260e-01 -4.3362e-01 -4.2487e+00 -3.8387e-01 +5.5203e-01
923 +1.499920808e-01 +1.499920808e-01 +9.931999208e+01 +9.931999208e+01 +3.5254e-01 -4.3275e-01 -4.2494e+00 -3.8432e-01 +5.5228e-01
934 +1.386862670e-01 +1.386862670e-01 +9.930868627e+01 +9.930868627e+01 +3.5112e-01 -4.3284e-01 -4.2496e+00 -3.8353e-01 +5.5243e-01
965 +1.380082265e-01 +1.380082265e-01 +9.930800823e+01 +9.930800823e+01 +3.4956e-01 -4.3211e-01 -4.2503e+00 -3.8332e-01 +5.5322e-01
1151 +1.257453549e-01 +1.257453549e-01 +9.929574535e+01 +9.929574535e+01 +3.4564e-01 -4.3476e-01 -4.2483e+00 -3.8344e-01 +5.5293e-01
1161 +1.227553749e-01 +1.227553749e-01 +9.929275537e+01 +9.929275537e+01 +3.4488e-01 -4.3562e-01 -4.2491e+00 -3.8377e-01 +5.5314e-01
1246 +1.175426636e-01 +1.175426636e-01 +9.928754266e+01 +9.928754266e+01 +3.4560e-01 -4.3494e-01 -4.2459e+00 -3.8397e-01 +5.5255e-01
1252 +1.163980500e-01 +1.163980500e-01 +9.928639805e+01 +9.928639805e+01 +3.4665e-01 -4.3470e-01 -4.2466e+00 -3.8516e-01 +5.5245e-01
1329 +1.125861934e-01 +1.125861934e-01 +9.928258619e+01 +9.928258619e+01 +3.4762e-01 -4.3456e-01 -4.2443e+00 -3.8540e-01 +5.5186e-01
1437 +1.096243517e-01 +1.096243517e-01 +9.927962435e+01 +9.927962435e+01 +3.4720e-01 -4.3418e-01 -4.2448e+00 -3.8584e-01 +5.5215e-01
1441 +1.057079438e-01 +1.057079438e-01 +9.927570794e+01 +9.927570794e+01 +3.4692e-01 -4.3411e-01 -4.2450e+00 -3.8586e-01 +5.5242e-01
1577 +1.037159085e-01 +1.037159085e-01 +9.927371591e+01 +9.927371591e+01 +3.4701e-01 -4.3422e-01 -4.2450e+00 -3.8585e-01 +5.5233e-01
1639 +1.017540296e-01 +1.017540296e-01 +9.927175403e+01 +9.927175403e+01 +3.4705e-01 -4.3423e-01 -4.2450e+00 -3.8589e-01 +5.5230e-01
1830 +9.999143504e-02 +9.999143504e-02 +9.926999144e+01 +9.926999144e+01 +3.4704e-01 -4.3421e-01 -4.2451e+00 -3.8588e-01 +5.5231e-01
% function evaluation | noise-free fitness - Fopt (-5.179100000000e+02) | best noise-free fitness - Fopt | measured fitness | best measured fitness | x1 | x2...
1 +7.971953023e+01 +7.971953023e+01 -4.381904698e+02 -4.381904698e+02 +0.0000e+00 +0.0000e+00 +0.0000e+00 +0.0000e+00 +0.0000e+00
3 +5.091107543e+01 +5.091107543e+01 -4.669989246e+02 -4.669989246e+02 +2.4530e-01 -2.9114e-01 +1.8538e-01 +1.3368e-01 -2.2488e-01
6 +4.057486553e+01 +4.057486553e+01 -4.773351345e+02 -4.773351345e+02 -8.2162e-02 -1.3716e-01 +6.1454e-02 -1.4178e-01 +2.7586e-01
8 +2.421775799e+01 +2.421775799e+01 -4.936922420e+02 -4.936922420e+02 -8.6183e-02 +1.3147e-01 +1.3846e-01 +1.0079e-01 +1.9607e-01
18 +2.171012604e+01 +2.171012604e+01 -4.961998740e+02 -4.961998740e+02 -3.3813e-02 +1.5359e-01 -1.3034e-02 +3.8338e-01 +8.3970e-02
21 +1.458124798e+01 +1.458124798e+01 -5.033287520e+02 -5.033287520e+02 -1.8277e-01 +2.6408e-01 +7.0455e-02 +1.5917e-01 -2.5427e-01
28 +1.016845090e+01 +1.016845090e+01 -5.077415491e+02 -5.077415491e+02 -1.2071e-01 +5.4020e-01 +7.9851e-03 -2.9448e-02 -1.7332e-01
40 +7.361880360e+00 +7.361880360e+00 -5.105481196e+02 -5.105481196e+02 -1.5197e-01 +5.3230e-01 -3.1067e-02 +8.9694e-02 -2.5431e-01
84 +6.116532392e+00 +6.116532392e+00 -5.117934676e+02 -5.117934676e+02 -1.2506e-01 +2.9718e-01 -1.0654e-01 +8.0791e-01 -6.2155e-01
97 +2.763451767e+00 +2.763451767e+00 -5.151465482e+02 -5.151465482e+02 -2.8532e-01 +3.7912e-01 -1.0858e-01 +8.2823e-01 -6.6963e-01
187 +2.749077038e+00 +2.749077038e+00 -5.151609230e+02 -5.151609230e+02 +2.2420e-01 +1.9310e-01 +4.8549e-03 +8.1057e-01 +5.9169e-02
% function evaluation | noise-free fitness - Fopt (-5.721000000000e+01) | best noise-free fitness - Fopt | measured fitness | best measured fitness | x1 | x2...
1 +1.005348962e+02 +1.005348962e+02 +4.332489617e+01 +4.332489617e+01 +0.0000e+00 +0.0000e+00 +0.0000e+00 +0.0000e+00 +0.0000e+00
2 +8.411051344e+01 +8.411051344e+01 +2.690051344e+01 +2.690051344e+01 -9.3728e-02 -1.0803e-01 +4.9782e-02 -1.9739e-01 -3.2725e-01
3 +7.473954280e+01 +7.473954280e+01 +1.752954280e+01 +1.752954280e+01 +1.2604e-01 -1.0938e-01 +3.1225e-01 -3.0409e-02 +2.6978e-02
6 +5.912558537e+01 +5.912558537e+01 +1.915585370e+00 +1.915585370e+00 -3.3244e-01 -3.0326e-02 -1.6359e-01 -1.4210e-01 +1.5923e-01
9 +4.584346207e+01 +4.584346207e+01 -1.136653793e+01 -1.136653793e+01 +6.7296e-03 +1.9636e-01 -5.7436e-02 -1.8076e-01 +4.7117e-01
10 +2.131730256e+01 +2.131730256e+01 -3.589269744e+01 -3.589269744e+01 -3.8912e-01 -1.3279e-01 +3.2646e-02 -3.3384e-01 +6.0087e-01
34 +1.586360863e+01 +1.586360863e+01 -4.134639137e+01 -4.134639137e+01 +1.5631e-01 -7.0080e-01 -1.1998e-01 -6.6108e-01 +1.2784e+00
48 +1.308577195e+01 +1.308577195e+01 -4.412422805e+01 -4.412422805e+01 +2.6855e-01 -7.1125e-01 -3.8927e-01 -6.0389e-01 +1.2966e+00
65 +1.132640757e+01 +1.132640757e+01 -4.588359243e+01 -4.588359243e+01 +4.1579e-02 -8.8472e-01 -3.3360e-01 -8.7024e-01 +1.2584e+00
153 +9.568870307e+00 +9.568870307e+00 -4.764112969e+01 -4.764112969e+01 -5.8360e-02 -2.5987e+00 -1.3655e-01 -1.3061e+00 +1.6671e+00
205 +8.235059773e+00 +8.235059773e+00 -4.897494023e+01 -4.897494023e+01 +7.6642e-01 -2.0222e+00 -1.7942e-01 -7.1550e-01 +1.7350e+00
214 +6.843056587e+00 +6.843056587e+00 -5.036694341e+01 -5.036694341e+01 +6.0863e-01 -1.4850e+00 -5.0643e-02 -6.2259e-01 +1.6496e+00
228 +4.975278058e+00 +4.975278058e+00 -5.223472194e+01 -5.223472194e+01 +8.3583e-01 -1.0537e+00 -7.6670e-02 -3.9635e-01 +1.6476e+00
291 +4.474589998e+00 +4.474589998e+00 -5.273541000e+01 -5.273541000e+01 +4.3497e-01 -7.7567e-01 -2.4896e-01 -5.4743e-02 +1.3766e+00
308 +3.961094241e+00 +3.961094241e+00 -5.324890576e+01 -5.324890576e+01 +5.9146e-01 -9.7316e-01 -1.1634e-02 -9.2161e-02 +1.6148e+00
314 +3.667421385e+00 +3.667421385e+00 -5.354257862e+01 -5.354257862e+01 +5.8952e-01 -1.0767e+00 -1.3033e-01 -8.5933e-02 +1.5131e+00
327 +2.780676232e+00 +2.780676232e+00 -5.442932377e+01 -5.442932377e+01 +7.2334e-01 -9.5954e-01 +7.0465e-02 -1.4410e-01 +1.7153e+00
356 +2.094466305e+00 +2.094466305e+00 -5.511553370e+01 -5.511553370e+01 +7.0826e-01 -1.0908e+00 -3.0737e-02 -1.2347e-01 +1.5810e+00
363 +1.047745807e+00 +1.047745807e+00 -5.616225419e+01 -5.616225419e+01 +7.9735e-01 -1.0463e+00 -1.2592e-01 -7.6119e-02 +1.5424e+00
459 +8.173662587e-01 +8.173662587e-01 -5.639263374e+01 -5.639263374e+01 +7.4625e-01 -9.8580e-01 -4.3608e-02 -6.7168e-02 +1.5484e+00
491 +7.665618103e-01 +7.665618103e-01 -5.644343819e+01 -5.644343819e+01 +8.0287e-01 -1.0599e+00 +5.0910e-03 -1.2059e-01 +1.5494e+00
541 +7.254726482e-01 +7.254726482e-01 -5.648452735e+01 -5.648452735e+01 +7.7322e-01 -1.0084e+00 -1.3693e-01 -5.1839e-02 +1.4987e+00
545 +4.252131856e-01 +4.252131856e-01 -5.678478681e+01 -5.678478681e+01 +8.1942e-01 -1.0546e+00 -1.4271e-01 -1.1805e-01 +1.5084e+00
643 +3.895920319e-01 +3.895920319e-01 -5.682040797e+01 -5.682040797e+01 +7.7322e-01 -1.0168e+00 -1.6409e-01 -7.1277e-02 +1.5012e+00
651 +3.309395449e-01 +3.309395449e-01 -5.687906046e+01 -5.687906046e+01 +7.7258e-01 -1.0162e+00 -1.7131e-01 -7.5935e-02 +1.4990e+00
694 +2.853555993e-01 +2.853555993e-01 -5.692464440e+01 -5.692464440e+01 +7.6781e-01 -1.0215e+00 -1.9499e-01 -8.2928e-02 +1.4927e+00
730 +2.758426614e-01 +2.758426614e-01 -5.693415734e+01 -5.693415734e+01 +7.8238e-01 -1.0239e+00 -2.0409e-01 -8.9447e-02 +1.4881e+00
733 +2.612202216e-01 +2.612202216e-01 -5.694877978e+01 -5.694877978e+01 +7.8106e-01 -1.0205e+00 -2.0483e-01 -9.3593e-02 +1.4866e+00
740 +2.083545723e-01 +2.083545723e-01 -5.700164543e+01 -5.700164543e+01 +7.8587e-01 -1.0191e+00 -2.2393e-01 -9.6169e-02 +1.4824e+00
748 +1.913339311e-01 +1.913339311e-01 -5.701866607e+01 -5.701866607e+01 +7.7533e-01 -1.0257e+00 -2.4281e-01 -9.7444e-02 +1.4837e+00
787 +1.778244076e-01 +1.778244076e-01 -5.703217559e+01 -5.703217559e+01 +7.7861e-01 -1.0316e+00 -2.3155e-01 -9.5488e-02 +1.4882e+00
815 +1.723539330e-01 +1.723539330e-01 -5.703764607e+01 -5.703764607e+01 +7.7594e-01 -1.0318e+00 -2.2170e-01 -9.9271e-02 +1.4835e+00
836 +1.504235080e-01 +1.504235080e-01 -5.705957649e+01 -5.705957649e+01 +7.7701e-01 -1.0315e+00 -2.2759e-01 -1.0049e-01 +1.4862e+00
837 +1.283493547e-01 +1.283493547e-01 -5.708165065e+01 -5.708165065e+01 +7.8118e-01 -1.0357e+00 -2.2197e-01 -1.0162e-01 +1.4868e+00
935 +1.253731920e-01 +1.253731920e-01 -5.708462681e+01 -5.708462681e+01 +7.7953e-01 -1.0340e+00 -2.2190e-01 -1.0294e-01 +1.4864e+00
954 +1.077506691e-01 +1.077506691e-01 -5.710224933e+01 -5.710224933e+01 +7.7896e-01 -1.0325e+00 -2.1936e-01 -9.9809e-02 +1.4871e+00
985 +1.045733392e-01 +1.045733392e-01 -5.710542666e+01 -5.710542666e+01 +7.8012e-01 -1.0336e+00 -2.1850e-01 -1.0028e-01 +1.4872e+00
1059 +1.019242185e-01 +1.019242185e-01 -5.710807578e+01 -5.710807578e+01 +7.8098e-01 -1.0336e+00 -2.1857e-01 -1.0018e-01 +1.4877e+00
1069 +9.577473440e-02 +9.577473440e-02 -5.711422527e+01 -5.711422527e+01 +7.8010e-01 -1.0338e+00 -2.1859e-01 -1.0061e-01 +1.4874e+00
1076 +9.367227219e-02 +9.367227219e-02 -5.711632773e+01 -5.711632773e+01 +7.8012e-01 -1.0341e+00 -2.1912e-01 -1.0054e-01 +1.4875e+00
1087 +9.070944173e-02 +9.070944173e-02 -5.711929056e+01 -5.711929056e+01 +7.7989e-01 -1.0336e+00 -2.1875e-01 -1.0010e-01 +1.4874e+00
1231 +8.865936978e-02 +8.865936978e-02 -5.712134063e+01 -5.712134063e+01 +7.8014e-01 -1.0339e+00 -2.1844e-01 -1.0039e-01 +1.4874e+00
1436 +8.695400282e-02 +8.695400282e-02 -5.712304600e+01 -5.712304600e+01 +7.8016e-01 -1.0339e+00 -2.1833e-01 -1.0038e-01 +1.4875e+00
% function evaluation | noise-free fitness - Fopt (-1.237300000000e+02) | best noise-free fitness - Fopt | measured fitness | best measured fitness | x1 | x2...
1 +4.727050073e+01 +4.727050073e+01 -7.645949927e+01 -7.645949927e+01 +0.0000e+00 +0.0000e+00 +0.0000e+00 +0.0000e+00 +0.0000e+00
9 +4.375684537e+01 +4.375684537e+01 -7.997315463e+01 -7.997315463e+01 -1.5768e-01 -2.8892e-01 +9.0323e-02 +5.1183e-02 +4.0637e-01
42 +3.988680584e+01 +3.988680584e+01 -8.384319416e+01 -8.384319416e+01 -5.3205e-02 -1.4919e-01 +1.3871e-01 +1.4669e-01 +2.7988e-01
54 +3.961632401e+01 +3.961632401e+01 -8.411367599e+01 -8.411367599e+01 +1.5038e-02 -2.6162e-01 +7.5168e-02 +2.9007e-02 +3.1463e-01
61 +3.846708966e+01 +3.846708966e+01 -8.526291034e+01 -8.526291034e+01 +9.2670e-02 -2.2571e-01 -2.3141e-02 +1.6656e-02 +4.0006e-01
71 +3.576642492e+01 +3.576642492e+01 -8.796357508e+01 -8.796357508e+01 +2.7473e-02 -2.2636e-01 +1.0992e-01 +5.8872e-02 +3.8533e-01
87 +2.804947994e+01 +2.804947994e+01 -9.568052006e+01 -9.568052006e+01 +4.8571e-02 -3.1269e-01 +1.0263e-01 +7.8868e-02 +2.4174e-01
135 +2.610134731e+01 +2.610134731e+01 -9.762865269e+01 -9.762865269e+01 +8.1708e-02 -2.5090e-01 +1.4409e-01 +9.2740e-02 +1.7972e-01
177 +2.343361640e+01 +2.343361640e+01 -1.002963836e+02 -1.002963836e+02 +9.8571e-02 -2.4994e-01 +1.9687e-01 +1.3447e-01 +2.9740e-01
200 +2.265067958e+01 +2.265067958e+01 -1.010793204e+02 -1.010793204e+02 +6.1895e-02 -2.7088e-01 +2.1189e-01 +1.1184e-01 +2.2301e-01
242 +2.140491585e+01 +2.140491585e+01 -1.023250842e+02 -1.023250842e+02 +7.0307e-02 -2.5100e-01 +2.1381e-01 +1.1877e-01 +2.0296e-01
247 +2.077156297e+01 +2.077156297e+01 -1.029584370e+02 -1.029584370e+02 +6.1068e-02 -2.5782e-01 +2.0918e-01 +1.0810e-01 +2.0885e-01
388 +1.928665291e+01 +1.928665291e+01 -1.044433471e+02 -1.044433471e+02 +7.1782e-02 -2.5970e-01 +2.1363e-01 +1.1982e-01 +2.1649e-01
558 +1.754988480e+01 +1.754988480e+01 -1.061801152e+02 -1.061801152e+02 +1.0611e-01 -2.6008e-01 +2.4994e-01 +1.4304e-01 +2.8753e-01
779 +1.639955031e+01 +1.639955031e+01 -1.073304497e+02 -1.073304497e+02 +1.2883e-01 -2.5084e-01 +2.4889e-01 +1.4330e-01 +3.2873e-01
875 +1.602238199e+01 +1.602238199e+01 -1.077076180e+02 -1.077076180e+02 +1.3462e-01 -2.5499e-01 +2.5026e-01 +1.3719e-01 +3.3931e-01
886 +1.584068868e+01 +1.584068868e+01 -1.078893113e+02 -1.078893113e+02 +1.3250e-01 -2.5503e-01 +2.4788e-01 +1.3646e-01 +3.4154e-01
928 +1.546286761e+01 +1.546286761e+01 -1.082671324e+02 -1.082671324e+02 +1.3041e-01 -2.5516e-01 +2.5096e-01 +1.3980e-01 +3.3430e-01
1167 +1.512862881e+01 +1.512862881e+01 -1.086013712e+02 -1.086013712e+02 +1.3306e-01 -2.5450e-01 +2.5091e-01 +1.3905e-01 +3.3812e-01
1624 +1.476357395e+01 +1.476357395e+01 -1.089664261e+02 -1.089664261e+02 +1.3247e-01 -2.5482e-01 +2.5089e-01 +1.3909e-01 +3.3695e-01
% function evaluation | noise-free fitness - Fopt (-1.322100000000e+02) | best noise-free fitness - Fopt | measured fitness | best measured fitness | x1 | x2...
1 +6.311192672e+01 +6.311192672e+01 -6.909807328e+01 -6.909807328e+01 +0.0000e+00 +0.0000e+00 +0.0000e+00 +0.0000e+00 +0.0000e+00
2 +4.320565713e+01 +4.320565713e+01 -8.900434287e+01 -8.900434287e+01 +6.1622e-02 -3.1682e-01 +6.4843e-02 -4.2489e-01 -1.7789e-01
3 +2.924143613e+01 +2.924143613e+01 -1.029685639e+02 -1.029685639e+02 +9.8750e-02 +1.1554e-01 -2.0256e-01 -4.8647e-01 +6.1835e-02
12 +9.045892574e+00 +9.045892574e+00 -1.231641074e+02 -1.231641074e+02 +3.0750e-01 +8.8881e-02 -2.8499e-01 -2.1677e-01 -1.6694e-01
53 +6.407582452e+00 +6.407582452e+00 -1.258024175e+02 -1.258024175e+02 +3.7443e-01 -3.9350e-01 -3.1419e-02 -1.2283e-01 -5.4946e-01
76 +5.002635137e+00 +5.002635137e+00 -1.272073649e+02 -1.272073649e+02 +5.0317e-01 -9.6399e-02 -1.8925e-01 -3.0163e-03 -6.5209e-01
87 +4.834619191e+00 +4.834619191e+00 -1.273753808e+02 -1.273753808e+02 +5.1388e-01 +2.9271e-01 -3.2841e-01 +1.2308e-01 -6.4065e-01
123 +3.867723665e+00 +3.867723665e+00 -1.283422763e+02 -1.283422763e+02 +2.6498e-01 +2.4678e-01 -3.4088e-01 -2.4518e-01 -4.5955e-01
186 +3.378574599e+00 +3.378574599e+00 -1.288314254e+02 -1.288314254e+02 +3.2333e-01 +3.4715e-01 -3.9818e-01 -9.3921e-02 -5.0702e-01
194 +3.070998166e+00 +3.070998166e+00 -1.291390018e+02 -1.291390018e+02 +3.5650e-01 +3.4072e-01 -4.1061e-01 -1.3522e-01 -4.4224e-01
224 +2.867422229e+00 +2.867422229e+00 -1.293425778e+02 -1.293425778e+02 +3.5054e-01 +2.9319e-01 -3.8819e-01 -7.2649e-02 -5.7614e-01
249 +2.059430606e+00 +2.059430606e+00 -1.301505694e+02 -1.301505694e+02 +3.9144e-01 +2.9445e-01 -3.5392e-01 -9.6333e-02 -5.8143e-01
335 +1.544796911e+00 +1.544796911e+00 -1.306652031e+02 -1.306652031e+02 +4.4990e-01 +2.6984e-01 -3.1483e-01 -3.7902e-02 -6.0019e-01
354 +1.461622745e+00 +1.461622745e+00 -1.307483773e+02 -1.307483773e+02 +4.5675e-01 +2.1071e-01 -2.8450e-01 -3.8570e-02 -5.8687e-01
372 +1.198956845e+00 +1.198956845e+00 -1.310110432e+02 -1.310110432e+02 +4.7215e-01 +1.9707e-01 -2.8764e-01 -2.1399e-02 -6.0156e-01
400 +9.845679727e-01 +9.845679727e-01 -1.312254320e+02 -1.312254320e+02 +4.9685e-01 +2.2893e-01 -2.9080e-01 -3.7561e-04 -6.1863e-01
459 +6.483895587e-01 +6.483895587e-01 -1.315616104e+02 -1.315616104e+02 +5.2083e-01 +2.2212e-01 -2.9092e-01 +4.9097e-02 -6.5396e-01
490 +6.359775773e-01 +6.359775773e-01 -1.315740224e+02 -1.315740224e+02 +5.0368e-01 +2.2449e-01 -2.9429e-01 +3.7324e-02 -6.5711e-01
504 +6.089148270e-01 +6.089148270e-01 -1.316010852e+02 -1.316010852e+02 +5.0326e-01 +2.1786e-01 -2.9323e-01 +2.8370e-02 -6.4547e-01
517 +5.070731652e-01 +5.070731652e-01 -1.317029268e+02 -1.317029268e+02 +5.0419e-01 +2.1754e-01 -2.9038e-01 +3.3818e-02 -6.5337e-01
581 +4.957193613e-01 +4.957193613e-01 -1.317142806e+02 -1.317142806e+02 +5.0327e-01 +2.2949e-01 -2.9778e-01 +3.2414e-02 -6.4967e-01
640 +4.653619990e-01 +4.653619990e-01 -1.317446380e+02 -1.317446380e+02 +5.0660e-01 +2.2869e-01 -2.9853e-01 +3.5884e-02 -6.5367e-01
649 +4.393547237e-01 +4.393547237e-01 -1.317706453e+02 -1.317706453e+02 +5.0513e-01 +2.3037e-01 -2.9812e-01 +3.5196e-02 -6.5238e-01
663 +4.091187605e-01 +4.091187605e-01 -1.318008812e+02 -1.318008812e+02 +5.0449e-01 +2.3032e-01 -2.9896e-01 +3.4041e-02 -6.4961e-01
848 +4.050911755e-01 +4.050911755e-01 -1.318049088e+02 -1.318049088e+02 +5.0648e-01 +2.3046e-01 -2.9851e-01 +3.5742e-02 -6.5127e-01
912 +3.940522554e-01 +3.940522554e-01 -1.318159477e+02 -1.318159477e+02 +5.0740e-01 +2.3152e-01 -2.9876e-01 +3.5811e-02 -6.5105e-01
956 +3.743488350e-01 +3.743488350e-01 -1.318356512e+02 -1.318356512e+02 +5.0695e-01 +2.3134e-01 -2.9910e-01 +3.6017e-02 -6.5069e-01
1020 +3.708115888e-01 +3.708115888e-01 -1.318391884e+02 -1.318391884e+02 +5.0699e-01 +2.3179e-01 -2.9931e-01 +3.6285e-02 -6.5103e-01
1594 +3.629464687e-01 +3.629464687e-01 -1.318470535e+02 -1.318470535e+02 +5.0684e-01 +2.3160e-01 -2.9933e-01 +3.6272e-02 -6.5106e-01
% function evaluation | noise-free fitness - Fopt (9.533000000000e+01) | best noise-free fitness - Fopt | measured fitness | best measured fitness | x1 | x2...
1 +4.799540057e+01 +4.799540057e+01 +1.433254006e+02 +1.433254006e+02 +0.0000e+00 +0.0000e+00 +0.0000e+00 +0.0000e+00 +0.0000e+00
5 +3.377723239e+01 +3.377723239e+01 +1.291072324e+02 +1.291072324e+02 +4.1601e-01 +1.7762e-02 +3.4726e-02 +2.5441e-02 +2.2928e-01
10 +3.200583743e+01 +3.200583743e+01 +1.273358374e+02 +1.273358374e+02 +2.6961e-01 -8.5027e-03 +3.2600e-01 +2.1520e-01 -1.1364e-01
12 +2.936033605e+01 +2.936033605e+01 +1.246903360e+02 +1.246903360e+02 +2.5927e-01 +2.6933e-01 +3.6123e-01 +4.3484e-02 +2.9882e-01
15 +1.978505953e+01 +1.978505953e+01 +1.151150595e+02 +1.151150595e+02 +9.7151e-02 +2.3144e-01 +3.9660e-01 +1.8660e-01 +1.3460e-01
41 +3.438678430e+00 +3.438678430e+00 +9.876867843e+01 +9.876867843e+01 +9.4246e-03 +2.9245e-01 +9.5368e-01 +8.9528e-01 -1.6537e-01
101 +2.072008970e+00 +2.072008970e+00 +9.740200897e+01 +9.740200897e+01 +9.1282e-01 -9.3427e-03 +1.0196e+00 +1.1919e+00 +7.1632e-02
117 +1.303924810e+00 +1.303924810e+00 +9.663392481e+01 +9.663392481e+01 +7.6894e-01 -6.4196e-02 +7.0108e-01 +1.5621e+00 +2.1037e-01
213 +4.824120790e-01 +4.824120790e-01 +9.581241208e+01 +9.581241208e+01 +7.2621e-01 +3.0569e-01 +7.0172e-01 +1.1879e+00 +3.6664e-01
222 +3.826676099e-01 +3.826676099e-01 +9.571266761e+01 +9.571266761e+01 +6.6692e-01 +2.9185e-01 +7.0987e-01 +1.2302e+00 +2.8658e-01
301 +2.810055831e-01 +2.810055831e-01 +9.561100558e+01 +9.561100558e+01 +4.9611e-01 +2.7338e-01 +7.0823e-01 +1.2948e+00 +3.2909e-01
308 +2.340253792e-01 +2.340253792e-01 +9.556402538e+01 +9.556402538e+01 +5.0811e-01 +2.8017e-01 +7.3194e-01 +1.2611e+00 +2.7828e-01
326 +2.188047574e-01 +2.188047574e-01 +9.554880476e+01 +9.554880476e+01 +5.6140e-01 +2.6007e-01 +7.1172e-01 +1.2914e+00 +3.4701e-01
347 +1.850278516e-01 +1.850278516e-01 +9.551502785e+01 +9.551502785e+01 +5.3850e-01 +2.7575e-01 +7.2046e-01 +1.2780e+00 +3.2120e-01
348 +1.062254114e-01 +1.062254114e-01 +9.543622541e+01 +9.543622541e+01 +5.1407e-01 +2.6573e-01 +7.2712e-01 +1.2645e+00 +3.1854e-01
372 +9.350104183e-02 +9.350104183e-02 +9.542350104e+01 +9.542350104e+01 +5.1683e-01 +2.8669e-01 +7.0795e-01 +1.2452e+00 +3.1869e-01
408 +5.959524756e-02 +5.959524756e-02 +9.538959525e+01 +9.538959525e+01 +4.7302e-01 +2.8545e-01 +7.2413e-01 +1.2470e+00 +3.0340e-01
455 +4.930683464e-02 +4.930683464e-02 +9.537930683e+01 +9.537930683e+01 +5.0317e-01 +2.8633e-01 +7.1553e-01 +1.2421e+00 +3.1603e-01
565 +4.416893976e-02 +4.416893976e-02 +9.537416894e+01 +9.537416894e+01 +5.0838e-01 +2.8447e-01 +7.1620e-01 +1.2379e+00 +3.1604e-01
573 +4.233431939e-02 +4.233431939e-02 +9.537233432e+01 +9.537233432e+01 +5.1305e-01 +2.8192e-01 +7.1536e-01 +1.2400e+00 +3.1609e-01
595 +3.984313393e-02 +3.984313393e-02 +9.536984313e+01 +9.536984313e+01 +5.0997e-01 +2.8390e-01 +7.1650e-01 +1.2408e+00 +3.1423e-01
612 +3.928333524e-02 +3.928333524e-02 +9.536928334e+01 +9.536928334e+01 +5.1199e-01 +2.8350e-01 +7.1670e-01 +1.2421e+00 +3.1493e-01
627 +3.878706986e-02 +3.878706986e-02 +9.536878707e+01 +9.536878707e+01 +5.1243e-01 +2.8218e-01 +7.1699e-01 +1.2406e+00 +3.1495e-01
655 +3.562331967e-02 +3.562331967e-02 +9.536562332e+01 +9.536562332e+01 +5.1226e-01 +2.8206e-01 +7.1680e-01 +1.2413e+00 +3.1462e-01
666 +3.513370882e-02 +3.513370882e-02 +9.536513371e+01 +9.536513371e+01 +5.1194e-01 +2.8256e-01 +7.1643e-01 +1.2412e+00 +3.1464e-01
720 +3.147913968e-02 +3.147913968e-02 +9.536147914e+01 +9.536147914e+01 +5.1176e-01 +2.8316e-01 +7.1603e-01 +1.2412e+00 +3.1519e-01
883 +3.056045950e-02 +3.056045950e-02 +9.536056046e+01 +9.536056046e+01 +5.1166e-01 +2.8302e-01 +7.1621e-01 +1.2412e+00 +3.1500e-01
931 +3.002343066e-02 +3.002343066e-02 +9.536002343e+01 +9.536002343e+01 +5.1164e-01 +2.8313e-01 +7.1621e-01 +1.2411e+00 +3.1497e-01
956 +2.938593819e-02 +2.938593819e-02 +9.535938594e+01 +9.535938594e+01 +5.1168e-01 +2.8312e-01 +7.1621e-01 +1.2411e+00 +3.1500e-01
% function evaluation | noise-free fitness - Fopt (6.870000000000e+01) | best noise-free fitness - Fopt | measured fitness | best measured fitness | x1 | x2...
1 +5.200873613e+01 +5.200873613e+01 +1.207087361e+02 +1.207087361e+02 +0.0000e+00 +0.0000e+00 +0.0000e+00 +0.0000e+00 +0.0000e+00
2 +5.031706667e+01 +5.031706667e+01 +1.190170667e+02 +1.190170667e+02 -8.4862e-02 +2.5076e-02 +2.0114e-01 -2.7164e-03 -1.7570e-01
3 +2.398981743e+01 +2.398981743e+01 +9.268981743e+01 +9.268981743e+01 +1.3862e-04 +1.2545e-01 +1.7736e-01 +1.1722e-01 +8.3133e-01
11 +1.299885309e+01 +1.299885309e+01 +8.169885309e+01 +8.169885309e+01 +1.1382e-01 +2.8777e-01 +3.5326e-01 -7.2697e-01 +5.9047e-01
35 +3.853030386e+00 +3.853030386e+00 +7.255303039e+01 +7.255303039e+01 -1.2451e-01 +6.0704e-01 +1.5039e+00 -9.4180e-01 +7.8903e-01
126 +2.328325578e+00 +2.328325578e+00 +7.102832558e+01 +7.102832558e+01 -1.3599e-01 +5.1932e-01 +1.4956e+00 -9.1365e-01 +1.2235e+00
133 +2.040808096e+00 +2.040808096e+00 +7.074080810e+01 +7.074080810e+01 -1.5281e-01 +7.3862e-01 +1.4337e+00 -1.0242e+00 +1.0684e+00
176 +1.634812163e+00 +1.634812163e+00 +7.033481216e+01 +7.033481216e+01 -1.7354e-01 +6.1268e-01 +1.4396e+00 -8.5047e-01 +1.1710e+00
186 +6.576962712e-01 +6.576962712e-01 +6.935769627e+01 +6.935769627e+01 -1.8443e-01 +6.2287e-01 +1.5939e+00 -9.1499e-01 +1.2650e+00
211 +4.915740844e-01 +4.915740844e-01 +6.919157408e+01 +6.919157408e+01 -1.7558e-01 +6.2681e-01 +1.5669e+00 -9.5931e-01 +1.3509e+00
227 +4.430324817e-01 +4.430324817e-01 +6.914303248e+01 +6.914303248e+01 -1.8828e-01 +7.2115e-01 +1.5629e+00 -9.2148e-01 +1.3822e+00
228 +2.184748676e-01 +2.184748676e-01 +6.891847487e+01 +6.891847487e+01 -1.7840e-01 +7.2182e-01 +1.4991e+00 -9.6796e-01 +1.3104e+00
248 +2.056018674e-01 +2.056018674e-01 +6.890560187e+01 +6.890560187e+01 -2.1762e-01 +7.4232e-01 +1.5601e+00 -9.7240e-01 +1.3790e+00
252 +9.360179353e-02 +9.360179353e-02 +6.879360179e+01 +6.879360179e+01 -2.0592e-01 +7.3075e-01 +1.5752e+00 -9.5320e-01 +1.3831e+00
359 +6.226267927e-02 +6.226267927e-02 +6.876226268e+01 +6.876226268e+01 -2.0892e-01 +7.2906e-01 +1.5806e+00 -9.7656e-01 +1.3766e+00
434 +5.485449079e-02 +5.485449079e-02 +6.875485449e+01 +6.875485449e+01 -2.2593e-01 +7.7656e-01 +1.5916e+00 -1.0122e+00 +1.5219e+00
600 +3.241825489e-02 +3.241825489e-02 +6.873241825e+01 +6.873241825e+01 -2.3105e-01 +7.5338e-01 +1.6015e+00 -1.0230e+00 +1.5611e+00
653 +2.931330859e-02 +2.931330859e-02 +6.872931331e+01 +6.872931331e+01 -2.3171e-01 +7.4054e-01 +1.6024e+00 -1.0270e+00 +1.5699e+00
657 +2.873560413e-02 +2.873560413e-02 +6.872873560e+01 +6.872873560e+01 -2.3197e-01 +7.3831e-01 +1.6049e+00 -1.0259e+00 +1.5709e+00
662 +2.617588750e-02 +2.617588750e-02 +6.872617589e+01 +6.872617589e+01 -2.3206e-01 +7.4625e-01 +1.6030e+00 -1.0265e+00 +1.5670e+00
767 +2.498474230e-02 +2.498474230e-02 +6.872498474e+01 +6.872498474e+01 -2.3203e-01 +7.4479e-01 +1.6044e+00 -1.0260e+00 +1.5688e+00
795 +2.447164842e-02 +2.447164842e-02 +6.872447165e+01 +6.872447165e+01 -2.3239e-01 +7.4545e-01 +1.6052e+00 -1.0256e+00 +1.5687e+00
819 +2.293681577e-02 +2.293681577e-02 +6.872293682e+01 +6.872293682e+01 -2.3232e-01 +7.4425e-01 +1.6040e+00 -1.0258e+00 +1.5685e+00
825 +2.200664668e-02 +2.200664668e-02 +6.872200665e+01 +6.872200665e+01 -2.3215e-01 +7.4434e-01 +1.6039e+00 -1.0258e+00 +1.5684e+00
876 +2.140974394e-02 +2.140974394e-02 +6.872140974e+01 +6.872140974e+01 -2.3183e-01 +7.4455e-01 +1.6030e+00 -1.0264e+00 +1.5694e+00
878 +2.121406832e-02 +2.121406832e-02 +6.872121407e+01 +6.872121407e+01 -2.3170e-01 +7.4141e-01 +1.6033e+00 -1.0259e+00 +1.5690e+00
892 +2.038445864e-02 +2.038445864e-02 +6.872038446e+01 +6.872038446e+01 -2.3160e-01 +7.4160e-01 +1.6034e+00 -1.0261e+00 +1.5696e+00
913 +1.894073933e-02 +1.894073933e-02 +6.871894074e+01 +6.871894074e+01 -2.3149e-01 +7.4248e-01 +1.6028e+00 -1.0266e+00 +1.5701e+00
945 +1.834721252e-02 +1.834721252e-02 +6.871834721e+01 +6.871834721e+01 -2.3161e-01 +7.4249e-01 +1.6030e+00 -1.0265e+00 +1.5701e+00
946 +1.807398347e-02 +1.807398347e-02 +6.871807398e+01 +6.871807398e+01 -2.3170e-01 +7.4269e-01 +1.6031e+00 -1.0266e+00 +1.5704e+00
1034 +1.768038164e-02 +1.768038164e-02 +6.871768038e+01 +6.871768038e+01 -2.3172e-01 +7.4288e-01 +1.6031e+00 -1.0263e+00 +1.5693e+00
1290 +1.720196318e-02 +1.720196318e-02 +6.871720196e+01 +6.871720196e+01 -2.3174e-01 +7.4301e-01 +1.6031e+00 -1.0263e+00 +1.5693e+00
1347 +1.684640098e-02 +1.684640098e-02 +6.871684640e+01 +6.871684640e+01 -2.3176e-01 +7.4311e-01 +1.6031e+00 -1.0263e+00 +1.5693e+00
1942 +1.659512594e-02 +1.659512594e-02 +6.871659513e+01 +6.871659513e+01 -2.3175e-01 +7.4312e-01 +1.6031e+00 -1.0263e+00 +1.5693e+00
% function evaluation | noise-free fitness - Fopt (-7.740000000000e+00) | best noise-free fitness - Fopt | measured fitness | best measured fitness | x1 | x2...
1 +7.369273482e+01 +7.369273482e+01 +6.595273482e+01 +6.595273482e+01 +0.0000e+00 +0.0000e+00 +0.0000e+00 +0.0000e+00 +0.0000e+00
4 +6.611098240e+01 +6.611098240e+01 +5.837098240e+01 +5.837098240e+01 -2.7951e-01 -2.1806e-03 +8.0382e-02 -2.8677e-01 -4.6712e-02
8 +6.390098595e+01 +6.390098595e+01 +5.616098595e+01 +5.616098595e+01 -7.8133e-02 -2.4666e-01 +1.7422e-01 +9.0321e-02 -1.2960e-01
11 +3.830631965e+01 +3.830631965e+01 +3.056631965e+01 +3.056631965e+01 -1.4142e-01 -3.0032e-01 +2.1500e-01 +1.2781e-02 -8.6239e-02
29 +3.470207668e+01 +3.470207668e+01 +2.696207668e+01 +2.696207668e+01 -1.7544e-01 +5.2794e-02 +2.3750e-01 -2.2690e-02 -2.0303e-01
48 +2.740527986e+01 +2.740527986e+01 +1.966527986e+01 +1.966527986e+01 -2.1832e-01 -6.5083e-02 +2.7853e-01 +1.2703e-01 -1.3484e-01
99 +2.589548068e+01 +2.589548068e+01 +1.815548068e+01 +1.815548068e+01 -2.7586e-01 -2.3157e-01 +3.0653e-01 +1.3098e-01 -1.9910e-01
133 +2.293240595e+01 +2.293240595e+01 +1.519240595e+01 +1.519240595e+01 -2.9511e-01 -2.2110e-01 +3.1123e-01 +2.5508e-01 -2.2193e-01
155 +2.098041190e+01 +2.098041190e+01 +1.324041190e+01 +1.324041190e+01 -3.4563e-01 -1.6646e-01 +2.9151e-01 +4.6626e-01 -2.0936e-01
173 +1.869106835e+01 +1.869106835e+01 +1.095106835e+01 +1.095106835e+01 -3.3111e-01 -2.0868e-01 +3.2871e-01 +4.7008e-01 -2.2766e-01
203 +1.793759209e+01 +1.793759209e+01 +1.019759209e+01 +1.019759209e+01 -4.1080e-01 -1.9921e-01 +3.2463e-01 +6.0693e-01 -3.0842e-01
233 +1.488098841e+01 +1.488098841e+01 +7.140988407e+00 +7.140988407e+00 -3.7068e-01 -2.1747e-01 +3.3141e-01 +6.5584e-01 -2.9387e-01
234 +1.435601474e+01 +1.435601474e+01 +6.616014738e+00 +6.616014738e+00 -3.5363e-01 -2.1932e-01 +2.9805e-01 +6.3487e-01 -2.9572e-01
329 +1.342518013e+01 +1.342518013e+01 +5.685180130e+00 +5.685180130e+00 -3.7706e-01 -1.9924e-01 +3.3146e-01 +6.2814e-01 -2.8698e-01
354 +1.304469732e+01 +1.304469732e+01 +5.304697323e+00 +5.304697323e+00 -3.5638e-01 -2.1604e-01 +2.7865e-01 +6.4835e-01 -3.1608e-01
357 +1.241215721e+01 +1.241215721e+01 +4.672157214e+00 +4.672157214e+00 -3.7194e-01 -1.7595e-01 +3.0058e-01 +6.4919e-01 -3.1774e-01
360 +1.223151656e+01 +1.223151656e+01 +4.491516559e+00 +4.491516559e+00 -3.6394e-01 -1.9056e-01 +3.0799e-01 +6.3848e-01 -3.0149e-01
391 +1.174879908e+01 +1.174879908e+01 +4.008799081e+00 +4.008799081e+00 -3.9360e-01 -1.6185e-01 +3.2887e-01 +6.1578e-01 -2.8579e-01
415 +1.147066531e+01 +1.147066531e+01 +3.730665315e+00 +3.730665315e+00 -3.6287e-01 -1.6631e-01 +3.2472e-01 +6.2839e-01 -2.8086e-01
427 +1.111105099e+01 +1.111105099e+01 +3.371050994e+00 +3.371050994e+00 -3.7366e-01 -1.7408e-01 +3.2863e-01 +6.2397e-01 -2.7949e-01
513 +1.072091351e+01 +1.072091351e+01 +2.980913509e+00 +2.980913509e+00 -3.5823e-01 -1.8200e-01 +3.2467e-01 +6.0082e-01 -2.7374e-01
573 +1.068697332e+01 +1.068697332e+01 +2.946973317e+00 +2.946973317e+00 -3.5666e-01 -1.8216e-01 +3.2507e-01 +5.9951e-01 -2.7181e-01
587 +1.043539578e+01 +1.043539578e+01 +2.695395781e+00 +2.695395781e+00 -3.5786e-01 -1.8166e-01 +3.2574e-01 +6.0216e-01 -2.7236e-01
645 +1.020995694e+01 +1.020995694e+01 +2.469956945e+00 +2.469956945e+00 -3.5842e-01 -1.8155e-01 +3.2667e-01 +6.0134e-01 -2.7168e-01
797 +9.993029606e+00 +9.993029606e+00 +2.253029606e+00 +2.253029606e+00 -3.5842e-01 -1.8164e-01 +3.2654e-01 +6.0197e-01 -2.7216e-01
% function evaluation | noise-free fitness - Fopt (-2.193300000000e+02) | best noise-free fitness - Fopt | measured fitness | best measured fitness | x1 | x2...
1 +1.165746758e+02 +1.165746758e+02 -1.027553242e+02 -1.027553242e+02 +0.0000e+00 +0.0000e+00 +0.0000e+00 +0.0000e+00 +0.0000e+00
2 +8.898987083e+01 +8.898987083e+01 -1.303401292e+02 -1.303401292e+02 +2.4699e-03 +2.0788e-01 +9.2726e-02 +2.8926e-01 -1.7720e-01
3 +8.248231321e+01 +8.248231321e+01 -1.368476868e+02 -1.368476868e+02 +1.6340e-01 +2.2967e-01 -3.0710e-01 -5.9498e-02 -1.1135e-01
4 +7.473632930e+01 +7.473632930e+01 -1.445936707e+02 -1.445936707e+02 -3.8005e-02 +9.3519e-02 -1.2188e-01 +1.3464e-01 +1.5977e-01
5 +7.201206475e+01 +7.201206475e+01 -1.473179353e+02 -1.473179353e+02 +1.2162e-01 +2.0356e-01 -2.9309e-01 -1.6519e-01 +1.1842e-01
9 +2.479003522e+01 +2.479003522e+01 -1.945399648e+02 -1.945399648e+02 -4.3009e-01 -9.9576e-02 -7.9926e-03 +1.1336e-01 -2.8021e-01
59 +1.877618295e+01 +1.877618295e+01 -2.005538171e+02 -2.005538171e+02 +4.4155e-01 -7.1280e-02 -1.5483e-01 +4.2251e-01 -9.6484e-01
67 +1.791682031e+01 +1.791682031e+01 -2.014131797e+02 -2.014131797e+02 +3.6677e-01 -1.0478e-01 -2.3753e-01 +3.3090e-01 -1.0645e+00
78 +1.607557117e+01 +1.607557117e+01 -2.032544288e+02 -2.032544288e+02 +4.3845e-01 -1.2489e-01 -3.5416e-01 +4.8479e-01 -1.1503e+00
116 +1.240134310e+01 +1.240134310e+01 -2.069286569e+02 -2.069286569e+02 +4.2723e-01 -1.5812e-01 -3.4131e-01 +3.3766e-01 -9.6017e-01
127 +6.558427324e+00 +6.558427324e+00 -2.127715727e+02 -2.127715727e+02 +4.3137e-01 -1.8653e-01 -1.8034e-01 +5.0061e-01 -1.0014e+00
204 +5.787948037e+00 +5.787948037e+00 -2.135420520e+02 -2.135420520e+02 +4.5359e-01 -2.2267e-01 -3.8075e-01 +4.1091e-01 -1.0377e+00
395 +5.086226358e+00 +5.086226358e+00 -2.142437736e+02 -2.142437736e+02 +4.6256e-01 -2.4361e-01 -5.0515e-01 +3.1341e-01 -9.6892e-01
504 +4.774695002e+00 +4.774695002e+00 -2.145553050e+02 -2.145553050e+02 +4.7550e-01 -2.5933e-01 -5.2328e-01 +3.1521e-01 -9.4653e-01
511 +4.288460448e+00 +4.288460448e+00 -2.150415396e+02 -2.150415396e+02 +4.6737e-01 -2.5608e-01 -5.1963e-01 +3.1364e-01 -9.5334e-01
619 +4.144367368e+00 +4.144367368e+00 -2.151856326e+02 -2.151856326e+02 +4.6232e-01 -2.6620e-01 -5.0906e-01 +2.9762e-01 -9.7643e-01
695 +3.997532974e+00 +3.997532974e+00 -2.153324670e+02 -2.153324670e+02 +4.6514e-01 -2.6818e-01 -5.1728e-01 +3.0004e-01 -9.7035e-01
739 +3.971197453e+00 +3.971197453e+00 -2.153588025e+02 -2.153588025e+02 +4.6438e-01 -2.6711e-01 -5.1178e-01 +2.9941e-01 -9.7333e-01
801 +3.843650451e+00 +3.843650451e+00 -2.154863495e+02 -2.154863495e+02 +4.6480e-01 -2.6561e-01 -5.1543e-01 +3.0120e-01 -9.6846e-01
826 +3.779435974e+00 +3.779435974e+00 -2.155505640e+02 -2.155505640e+02 +4.6494e-01 -2.6587e-01 -5.1674e-01 +3.0168e-01 -9.6852e-01
878 +3.680229556e+00 +3.680229556e+00 -2.156497704e+02 -2.156497704e+02 +4.6445e-01 -2.6560e-01 -5.1701e-01 +3.0159e-01 -9.6951e-01
939 +3.626237339e+00 +3.626237339e+00 -2.157037627e+02 -2.157037627e+02 +4.6457e-01 -2.6561e-01 -5.1703e-01 +3.0169e-01 -9.6943e-01
% function evaluation | noise-free fitness - Fopt (6.513000000000e+01) | best noise-free fitness - Fopt | measured fitness | best measured fitness | x1 | x2...
1 +1.049145577e+02 +1.049145577e+02 +1.700445577e+02 +1.700445577e+02 +0.0000e+00 +0.0000e+00 +0.0000e+00 +0.0000e+00 +0.0000e+00
2 +8.687273841e+01 +8.687273841e+01 +1.520027384e+02 +1.520027384e+02 +4.5353e-02 -8.1258e-02 -3.2213e-02 -2.3390e-01 -1.3041e-01
5 +8.154620112e+01 +8.154620112e+01 +1.466762011e+02 +1.466762011e+02 +1.0124e-01 -6.5118e-02 +1.3231e-01 +3.0865e-01 -1.0595e-01
8 +7.461131000e+01 +7.461131000e+01 +1.397413100e+02 +1.397413100e+02 +8.6039e-02 -1.0096e-01 +1.4851e-01 -9.2259e-02 -1.8939e-01
9 +6.806370986e+01 +6.806370986e+01 +1.331937099e+02 +1.331937099e+02 -1.1844e-01 +6.0766e-02 -3.5264e-01 +7.7379e-02 +1.6950e-01
16 +6.637044278e+01 +6.637044278e+01 +1.315004428e+02 +1.315004428e+02 +1.5420e-02 +4.0769e-02 -1.2767e-01 +2.1600e-01 -1.4317e-01
19 +5.576805368e+01 +5.576805368e+01 +1.208980537e+02 +1.208980537e+02 +4.1759e-01 -5.6545e-02 -2.5187e-01 +3.7252e-01 -3.9259e-01
26 +5.106059149e+01 +5.106059149e+01 +1.161905915e+02 +1.161905915e+02 +3.0328e-01 +1.8191e-01 -1.4445e-01 +2.4979e-01 -3.7723e-01
34 +4.039386689e+01 +4.039386689e+01 +1.055238669e+02 +1.055238669e+02 +1.7524e-01 +4.2401e-01 -9.9905e-02 +2.8991e-01 -5.9232e-01
46 +2.725574379e+01 +2.725574379e+01 +9.238574379e+01 +9.238574379e+01 +2.8892e-01 +5.5830e-01 +1.5070e-01 +2.9828e-01 -5.0811e-01
51 +1.712498766e+01 +1.712498766e+01 +8.225498766e+01 +8.225498766e+01 +2.1362e-02 +1.1990e+00 +8.2021e-02 +1.0020e-01 -5.1013e-01
52 +9.148946372e+00 +9.148946372e+00 +7.427894637e+01 +7.427894637e+01 +1.0270e-01 +1.0783e+00 -2.5321e-02 +5.3779e-01 -2.8998e-01
89 +7.716745702e+00 +7.716745702e+00 +7.284674570e+01 +7.284674570e+01 -3.7294e-02 +1.3764e+00 -2.3134e-01 +5.2803e-01 -2.0155e-01
122 +7.105535909e+00 +7.105535909e+00 +7.223553591e+01 +7.223553591e+01 +4.8897e-01 +1.3914e+00 -3.6960e-01 +9.5680e-01 -5.6893e-01
138 +3.108066024e+00 +3.108066024e+00 +6.823806602e+01 +6.823806602e+01 +5.0873e-01 +1.8229e+00 -2.3685e-01 +9.4062e-01 -6.8202e-02
330 +2.477009538e+00 +2.477009538e+00 +6.760700954e+01 +6.760700954e+01 +8.1361e-01 +1.9235e+00 -3.2215e-01 +1.4110e+00 -2.9551e-02
343 +1.810718662e+00 +1.810718662e+00 +6.694071866e+01 +6.694071866e+01 +7.4531e-01 +1.8423e+00 -3.0597e-01 +1.3129e+00 -3.0251e-02
415 +1.414423888e+00 +1.414423888e+00 +6.654442389e+01 +6.654442389e+01 +7.4588e-01 +1.7626e+00 -2.8483e-01 +1.4444e+00 -2.9770e-02
417 +1.141016836e+00 +1.141016836e+00 +6.627101684e+01 +6.627101684e+01 +7.5338e-01 +1.8718e+00 -3.1963e-01 +1.4461e+00 +1.1267e-02
429 +1.078784583e+00 +1.078784583e+00 +6.620878458e+01 +6.620878458e+01 +7.2797e-01 +1.8549e+00 -3.3108e-01 +1.4501e+00 +6.0981e-03
484 +1.061491937e+00 +1.061491937e+00 +6.619149194e+01 +6.619149194e+01 +8.2196e-01 +1.9008e+00 -3.2569e-01 +1.4453e+00 +8.6550e-03
495 +9.856475363e-01 +9.856475363e-01 +6.611564754e+01 +6.611564754e+01 +8.0841e-01 +1.9166e+00 -3.2052e-01 +1.4000e+00 +6.7716e-03
496 +8.167298768e-01 +8.167298768e-01 +6.594672988e+01 +6.594672988e+01 +8.0436e-01 +1.8889e+00 -3.1556e-01 +1.4185e+00 -2.9810e-03
519 +5.555068922e-01 +5.555068922e-01 +6.568550689e+01 +6.568550689e+01 +8.0883e-01 +1.8587e+00 -3.2865e-01 +1.4404e+00 -1.5735e-02
635 +4.824848923e-01 +4.824848923e-01 +6.561248489e+01 +6.561248489e+01 +7.8988e-01 +1.8604e+00 -3.3099e-01 +1.4480e+00 -1.3162e-02
770 +4.730548009e-01 +4.730548009e-01 +6.560305480e+01 +6.560305480e+01 +7.8788e-01 +1.8606e+00 -3.2951e-01 +1.4433e+00 -1.2505e-02
819 +4.548357904e-01 +4.548357904e-01 +6.558483579e+01 +6.558483579e+01 +7.9335e-01 +1.8593e+00 -3.2905e-01 +1.4440e+00 -1.2066e-02
827 +4.413790302e-01 +4.413790302e-01 +6.557137903e+01 +6.557137903e+01 +7.9490e-01 +1.8610e+00 -3.2841e-01 +1.4422e+00 -1.1188e-02
836 +4.255605470e-01 +4.255605470e-01 +6.555556055e+01 +6.555556055e+01 +7.9487e-01 +1.8623e+00 -3.2813e-01 +1.4437e+00 -1.1513e-02
900 +4.148229500e-01 +4.148229500e-01 +6.554482295e+01 +6.554482295e+01 +7.9373e-01 +1.8630e+00 -3.2712e-01 +1.4414e+00 -1.0374e-02
908 +3.924594141e-01 +3.924594141e-01 +6.552245941e+01 +6.552245941e+01 +7.9436e-01 +1.8638e+00 -3.2757e-01 +1.4418e+00 -1.0232e-02
968 +3.878984419e-01 +3.878984419e-01 +6.551789844e+01 +6.551789844e+01 +7.9515e-01 +1.8659e+00 -3.2758e-01 +1.4404e+00 -9.4873e-03
1003 +3.697815046e-01 +3.697815046e-01 +6.549978150e+01 +6.549978150e+01 +7.9505e-01 +1.8647e+00 -3.2715e-01 +1.4402e+00 -1.0023e-02
1011 +3.562166392e-01 +3.562166392e-01 +6.548621664e+01 +6.548621664e+01 +7.9511e-01 +1.8649e+00 -3.2724e-01 +1.4404e+00 -9.8083e-03
1091 +3.523871370e-01 +3.523871370e-01 +6.548238714e+01 +6.548238714e+01 +7.9541e-01 +1.8650e+00 -3.2724e-01 +1.4403e+00 -9.8252e-03
1173 +3.466650373e-01 +3.466650373e-01 +6.547666504e+01 +6.547666504e+01 +7.9559e-01 +1.8651e+00 -3.2725e-01 +1.4404e+00 -9.8533e-03
3724 +3.388311503e-01 +3.388311503e-01 +6.546883115e+01 +6.546883115e+01 +7.9549e-01 +1.8650e+00 -3.2724e-01 +1.4403e+00 -9.8614e-03
% function evaluation | noise-free fitness - Fopt (-5.469000000000e+01) | best noise-free fitness - Fopt | measured fitness | best measured fitness | x1 | x2...
1 +5.200299366e+01 +5.200299366e+01 -2.687006339e+00 -2.687006339e+00 +0.0000e+00 +0.0000e+00 +0.0000e+00 +0.0000e+00 +0.0000e+00
2 +3.109471527e+01 +3.109471527e+01 -2.359528473e+01 -2.359528473e+01 -2.6677e-01 -1.2077e-01 +1.1749e-01 +2.4844e-01 +1.8389e-01
15 +2.390687455e+01 +2.390687455e+01 -3.078312545e+01 -3.078312545e+01 -3.6198e-01 -4.8243e-01 -3.9038e-01 +1.4742e-01 -5.7430e-02
40 +2.012703090e+01 +2.012703090e+01 -3.456296910e+01 -3.456296910e+01 -3.6622e-01 -3.0742e-01 -3.1936e-01 +5.4056e-01 +4.7888e-02
58 +1.500230728e+01 +1.500230728e+01 -3.968769272e+01 -3.968769272e+01 -4.5634e-01 -3.5754e-01 -4.2041e-01 +5.4497e-01 +2.3101e-01
126 +1.196838102e+01 +1.196838102e+01 -4.272161898e+01 -4.272161898e+01 -3.6400e-01 -1.7451e-01 -2.5711e-01 +5.6735e-01 +5.0493e-02
134 +1.132039468e+01 +1.132039468e+01 -4.336960532e+01 -4.336960532e+01 -2.8780e-01 -1.9595e-01 -2.0801e-01 +6.7836e-01 +2.0015e-02
168 +9.181504834e+00 +9.181504834e+00 -4.550849517e+01 -4.550849517e+01 -3.5700e-01 -2.1907e-01 -1.9984e-01 +7.4495e-01 +4.5640e-03
173 +9.014416014e+00 +9.014416014e+00 -4.567558399e+01 -4.567558399e+01 -3.2434e-01 -2.0819e-01 -1.8947e-01 +7.3632e-01 +6.6808e-03
188 +6.683052426e+00 +6.683052426e+00 -4.800694757e+01 -4.800694757e+01 -3.2990e-01 -1.9627e-01 -1.6789e-01 +7.6503e-01 -1.9531e-02
302 +6.185173859e+00 +6.185173859e+00 -4.850482614e+01 -4.850482614e+01 -2.5074e-01 -1.5412e-01 -1.9433e-01 +7.6497e-01 -7.2550e-02
353 +5.980400913e+00 +5.980400913e+00 -4.870959909e+01 -4.870959909e+01 -2.3822e-01 -1.3751e-01 -1.9982e-01 +7.5025e-01 -5.7046e-02
424 +5.197756178e+00 +5.197756178e+00 -4.949224382e+01 -4.949224382e+01 -1.9296e-01 -1.1020e-01 -2.1702e-01 +7.2654e-01 -6.1179e-02
427 +4.953263767e+00 +4.953263767e+00 -4.973673623e+01 -4.973673623e+01 -1.9208e-01 -1.1106e-01 -2.1847e-01 +7.3157e-01 -7.0460e-02
433 +4.537090692e+00 +4.537090692e+00 -5.015290931e+01 -5.015290931e+01 -1.9066e-01 -1.0438e-01 -2.1672e-01 +7.3333e-01 -5.4860e-02
% function evaluation | noise-free fitness - Fopt (-1.796700000000e+02) | best noise-free fitness - Fopt | measured fitness | best measured fitness | x1 | x2...
1 +9.172299878e+01 +9.172299878e+01 -8.794700122e+01 -8.794700122e+01 +0.0000e+00 +0.0000e+00 +0.0000e+00 +0.0000e+00 +0.0000e+00
3 +6.287364269e+01 +6.287364269e+01 -1.167963573e+02 -1.167963573e+02 -4.1225e-01 +2.0855e-01 +3.9096e-01 +4.2369e-01 -3.5076e-02
10 +2.859680414e+01 +2.859680414e+01 -1.510731959e+02 -1.510731959e+02 -5.3554e-01 +7.2760e-03 +5.3165e-01 +4.0433e-01 -2.1038e-01
19 +1.236367913e+01 +1.236367913e+01 -1.673063209e+02 -1.673063209e+02 -1.8028e-01 -5.9992e-01 +5.8254e-01 +6.2587e-01 +3.7936e-01
28 +4.103268713e+00 +4.103268713e+00 -1.755667313e+02 -1.755667313e+02 -6.5481e-01 -4.7338e-01 +9.2791e-02 +7.7055e-01 -8.9690e-02
33 +2.554937426e+00 +2.554937426e+00 -1.771150626e+02 -1.771150626e+02 -7.8508e-01 -7.5252e-01 -1.2542e-01 +7.6978e-01 +3.8110e-01
74 +1.296120288e+00 +1.296120288e+00 -1.783738797e+02 -1.783738797e+02 -3.2996e-01 -3.6556e-01 +3.9680e-01 +2.6240e-01 +2.1619e-01
197 +1.240897917e+00 +1.240897917e+00 -1.784291021e+02 -1.784291021e+02 -3.0335e-01 -4.3460e-01 +4.1553e-01 +4.8727e-01 +1.8079e-01
211 +1.198571637e+00 +1.198571637e+00 -1.784714284e+02 -1.784714284e+02 -2.8056e-01 -4.4500e-01 +3.5723e-01 +5.7940e-01 +1.9729e-01
237 +7.625670537e-01 +7.625670537e-01 -1.789074329e+02 -1.789074329e+02 -3.3557e-01 -4.9320e-01 +3.1331e-01 +5.9813e-01 +2.1903e-01
260 +4.451223694e-01 +4.451223694e-01 -1.792248776e+02 -1.792248776e+02 -3.8813e-01 -4.9099e-01 +3.1574e-01 +5.7392e-01 +1.8065e-01
282 +4.306911507e-01 +4.306911507e-01 -1.792393088e+02 -1.792393088e+02 -4.2278e-01 -5.3042e-01 +2.8302e-01 +5.3962e-01 +1.8855e-01
326 +3.168199668e-01 +3.168199668e-01 -1.793531800e+02 -1.793531800e+02 -4.6113e-01 -5.0227e-01 +2.4115e-01 +4.9114e-01 +2.5106e-01
388 +2.839359248e-01 +2.839359248e-01 -1.793860641e+02 -1.793860641e+02 -4.2774e-01 -5.1279e-01 +2.6543e-01 +4.9364e-01 +2.4068e-01
390 +1.994605202e-01 +1.994605202e-01 -1.794705395e+02 -1.794705395e+02 -4.3166e-01 -5.0397e-01 +2.5640e-01 +5.0224e-01 +2.3758e-01
392 +1.937435031e-01 +1.937435031e-01 -1.794762565e+02 -1.794762565e+02 -4.1987e-01 -5.0751e-01 +2.6909e-01 +5.2445e-01 +2.2015e-01
616 +1.764020560e-01 +1.764020560e-01 -1.794935979e+02 -1.794935979e+02 -4.3362e-01 -5.0166e-01 +2.7078e-01 +4.6971e-01 +2.3916e-01
707 +1.715691819e-01 +1.715691819e-01 -1.794984308e+02 -1.794984308e+02 -4.3347e-01 -5.0078e-01 +2.7109e-01 +4.6899e-01 +2.4011e-01
752 +1.673125738e-01 +1.673125738e-01 -1.795026874e+02 -1.795026874e+02 -4.3331e-01 -5.0107e-01 +2.7093e-01 +4.6970e-01 +2.4004e-01
763 +1.637032303e-01 +1.637032303e-01 -1.795062968e+02 -1.795062968e+02 -4.3319e-01 -5.0094e-01 +2.7091e-01 +4.6924e-01 +2.4017e-01
773 +1.580644484e-01 +1.580644484e-01 -1.795119356e+02 -1.795119356e+02 -4.3333e-01 -5.0109e-01 +2.7109e-01 +4.6923e-01 +2.3999e-01
827 +1.540077760e-01 +1.540077760e-01 -1.795159922e+02 -1.795159922e+02 -4.3332e-01 -5.0114e-01 +2.7117e-01 +4.6947e-01 +2.3959e-01
1079 +1.513131028e-01 +1.513131028e-01 -1.795186869e+02 -1.795186869e+02 -4.3355e-01 -5.0116e-01 +2.7100e-01 +4.6921e-01 +2.3983e-01
1395 +1.478786526e-01 +1.478786526e-01 -1.795221213e+02 -1.795221213e+02 -4.3355e-01 -5.0116e-01 +2.7097e-01 +4.6924e-01 +2.3986e-01
% function evaluation | noise-free fitness - Fopt (-8.410000000000e+01) | best noise-free fitness - Fopt | measured fitness | best measured fitness | x1 | x2...
1 +6.332648691e+01 +6.332648691e+01 -2.077351309e+01 -2.077351309e+01 +0.0000e+00 +0.0000e+00 +0.0000e+00 +0.0000e+00 +0.0000e+00
58 +5.995220296e+01 +5.995220296e+01 -2.414779704e+01 -2.414779704e+01 -6.6276e-02 -2.0842e-01 -2.6924e-02 -2.1586e-01 +3.1921e-01
62 +5.653395251e+01 +5.653395251e+01 -2.756604749e+01 -2.756604749e+01 -9.3538e-02 -3.4769e-01 -1.1283e-01 -3.1592e-01 +5.9062e-01
75 +5.623226042e+01 +5.623226042e+01 -2.786773958e+01 -2.786773958e+01 -2.1739e-02 -2.1360e-01 +2.4532e-02 -3.9815e-01 +6.4960e-01
109 +5.105891315e+01 +5.105891315e+01 -3.304108685e+01 -3.304108685e+01 -9.8449e-03 -2.4666e-01 -3.3390e-02 -4.4796e-01 +6.5075e-01
149 +4.240064463e+01 +4.240064463e+01 -4.169935537e+01 -4.169935537e+01 -8.8592e-02 -3.5209e-01 -4.7710e-02 -4.9278e-01 +8.0466e-01
153 +3.879678366e+01 +3.879678366e+01 -4.530321634e+01 -4.530321634e+01 -2.3906e-02 -3.7094e-01 +3.0709e-02 -5.4500e-01 +8.1992e-01
160 +3.730031304e+01 +3.730031304e+01 -4.679968696e+01 -4.679968696e+01 -6.2279e-02 -3.4861e-01 +2.1935e-02 -5.5434e-01 +9.1138e-01
174 +3.671480078e+01 +3.671480078e+01 -4.738519922e+01 -4.738519922e+01 -4.9518e-02 -3.5252e-01 +1.3932e-01 -5.0044e-01 +8.6974e-01
184 +3.600148934e+01 +3.600148934e+01 -4.809851066e+01 -4.809851066e+01 -1.5049e-01 -4.1362e-01 +1.2799e-01 -3.8472e-01 +8.5027e-01
187 +3.546753990e+01 +3.546753990e+01 -4.863246010e+01 -4.863246010e+01 -1.4023e-01 -3.8615e-01 +5.5898e-02 -3.9419e-01 +7.6558e-01
190 +3.256080091e+01 +3.256080091e+01 -5.153919909e+01 -5.153919909e+01 -1.4389e-01 -3.8046e-01 +8.8161e-02 -4.5011e-01 +8.3252e-01
194 +3.043858930e+01 +3.043858930e+01 -5.366141070e+01 -5.366141070e+01 -1.3326e-01 -4.3249e-01 +7.7172e-02 -4.8976e-01 +8.8120e-01
198 +2.744044958e+01 +2.744044958e+01 -5.665955042e+01 -5.665955042e+01 -7.6156e-02 -3.8754e-01 +8.5828e-02 -4.9358e-01 +8.7202e-01
258 +2.656442587e+01 +2.656442587e+01 -5.753557413e+01 -5.753557413e+01 -9.3083e-02 -4.3237e-01 +9.7965e-02 -5.2089e-01 +9.0276e-01
259 +2.535523890e+01 +2.535523890e+01 -5.874476110e+01 -5.874476110e+01 -1.0073e-01 -4.1570e-01 +1.1760e-01 -4.3431e-01 +8.4841e-01
267 +2.424471969e+01 +2.424471969e+01 -5.985528031e+01 -5.985528031e+01 -1.0200e-01 -4.2860e-01 +1.0902e-01 -4.3497e-01 +8.3827e-01
374 +2.326586632e+01 +2.326586632e+01 -6.083413368e+01 -6.083413368e+01 -1.0016e-01 -4.4914e-01 +1.3849e-01 -4.2787e-01 +8.5224e-01
414 +2.229545884e+01 +2.229545884e+01 -6.180454116e+01 -6.180454116e+01 -1.1421e-01 -4.5824e-01 +1.1406e-01 -4.4291e-01 +8.6044e-01
459 +2.082331839e+01 +2.082331839e+01 -6.327668161e+01 -6.327668161e+01 -1.2109e-01 -4.6034e-01 +1.1038e-01 -4.3182e-01 +8.3984e-01
553 +2.022687974e+01 +2.022687974e+01 -6.387312026e+01 -6.387312026e+01 -1.2048e-01 -4.5156e-01 +1.1210e-01 -4.3081e-01 +8.3935e-01
562 +1.979173997e+01 +1.979173997e+01 -6.430826003e+01 -6.430826003e+01 -1.2035e-01 -4.5062e-01 +1.0951e-01 -4.2882e-01 +8.3526e-01
653 +1.949346141e+01 +1.949346141e+01 -6.460653859e+01 -6.460653859e+01 -1.2110e-01 -4.4639e-01 +1.1346e-01 -4.2469e-01 +8.3321e-01
747 +1.884166310e+01 +1.884166310e+01 -6.525833690e+01 -6.525833690e+01 -1.2211e-01 -4.4602e-01 +1.1018e-01 -4.2546e-01 +8.3308e-01
821 +1.860081516e+01 +1.860081516e+01 -6.549918484e+01 -6.549918484e+01 -1.2244e-01 -4.4474e-01 +1.1071e-01 -4.2552e-01 +8.3355e-01
993 +1.813437397e+01 +1.813437397e+01 -6.596562603e+01 -6.596562603e+01 -1.2251e-01 -4.4567e-01 +1.1150e-01 -4.2469e-01 +8.3331e-01
