% function evaluation | noise-free fitness - Fopt (7.135000000000e+01) | best noise-free fitness - Fopt | measured fitness | best measured fitness | x1 | x2...
1 +7.554021144e+01 +7.554021144e+01 +1.468902114e+02 +1.468902114e+02 +0.0000e+00 +0.0000e+00
3 +1.128317176e+01 +1.128317176e+01 +8.263317176e+01 +8.263317176e+01 +1.8482e-01 -1.9122e-01
18 +1.025538187e+01 +1.025538187e+01 +8.160538187e+01 +8.160538187e+01 -7.7957e-03 -2.1868e-01
30 +7.032686465e+00 +7.032686465e+00 +7.838268646e+01 +7.838268646e+01 +2.2678e-01 -2.2726e-01
41 +4.937562384e+00 +4.937562384e+00 +7.628756238e+01 +7.628756238e+01 +4.1541e-01 -2.2427e-01
55 +4.491364951e+00 +4.491364951e+00 +7.584136495e+01 +7.584136495e+01 +4.8218e-01 -1.9664e-01
65 +3.754143178e+00 +3.754143178e+00 +7.510414318e+01 +7.510414318e+01 +5.3421e-01 -1.9410e-01
88 +3.426438236e+00 +3.426438236e+00 +7.477643824e+01 +7.477643824e+01 +4.2239e-01 -2.0837e-01
106 +3.130282330e+00 +3.130282330e+00 +7.448028233e+01 +7.448028233e+01 +3.4064e-01 -2.1087e-01
132 +2.900336977e+00 +2.900336977e+00 +7.425033698e+01 +7.425033698e+01 +4.7052e-01 -2.1478e-01
146 +2.802404469e+00 +2.802404469e+00 +7.415240447e+01 +7.415240447e+01 +4.8214e-01 -2.0743e-01
149 +2.500740712e+00 +2.500740712e+00 +7.385074071e+01 +7.385074071e+01 +5.3313e-01 -2.0885e-01
163 +1.377638538e+00 +1.377638538e+00 +7.272763854e+01 +7.272763854e+01 +5.8681e-01 -2.1081e-01
246 +1.284748457e+00 +1.284748457e+00 +7.263474846e+01 +7.263474846e+01 +5.9052e-01 -2.1090e-01
276 +1.228475855e+00 +1.228475855e+00 +7.257847586e+01 +7.257847586e+01 +5.9099e-01 -2.1075e-01
394 +1.195656663e+00 +1.195656663e+00 +7.254565666e+01 +7.254565666e+01 +5.9083e-01 -2.1072e-01
% function evaluation | noise-free fitness - Fopt (-3.552200000000e+02) | best noise-free fitness - Fopt | measured fitness | best measured fitness | x1 | x2...
1 +2.629527895e+02 +2.629527895e+02 -9.226721048e+01 -9.226721048e+01 +0.0000e+00 +0.0000e+00
3 +6.134730941e+01 +6.134730941e+01 -2.938726906e+02 -2.938726906e+02 -3.7034e-01 -4.1255e-01
22 +4.592364515e+01 +4.592364515e+01 -3.092963548e+02 -3.092963548e+02 -8.1033e-03 -3.0916e-01
29 +4.362377046e+01 +4.362377046e+01 -3.115962295e+02 -3.115962295e+02 -3.0204e-01 -4.4019e-01
37 +3.667040695e+01 +3.667040695e+01 -3.185495930e+02 -3.185495930e+02 -6.4929e-01 -5.9384e-01
65 +2.465623774e+01 +2.465623774e+01 -3.305637623e+02 -3.305637623e+02 -1.0196e+00 -7.8819e-01
69 +1.500028978e+01 +1.500028978e+01 -3.402197102e+02 -3.402197102e+02 -5.6301e-01 -1.5377e+00
117 +1.263388693e+01 +1.263388693e+01 -3.425861131e+02 -3.425861131e+02 -1.8628e-01 -1.3875e+00
135 +1.120545444e+01 +1.120545444e+01 -3.440145456e+02 -3.440145456e+02 -1.7863e-01 -1.3800e+00
281 +1.071682685e+01 +1.071682685e+01 -3.445031732e+02 -3.445031732e+02 -6.3013e-02 -1.3289e+00
333 +1.069548996e+01 +1.069548996e+01 -3.445245100e+02 -3.445245100e+02 -6.3796e-02 -1.3289e+00
447 +1.042965789e+01 +1.042965789e+01 -3.447903421e+02 -3.447903421e+02 -6.3667e-02 -1.3290e+00
% function evaluation | noise-free fitness - Fopt (9.917000000000e+01) | best noise-free fitness - Fopt | measured fitness | best measured fitness | x1 | x2...
1 +3.418304207e+01 +3.418304207e+01 +1.333530421e+02 +1.333530421e+02 +0.0000e+00 +0.0000e+00
2 +2.130782948e+01 +2.130782948e+01 +1.204778295e+02 +1.204778295e+02 +1.2849e-01 -1.7113e-02
4 +1.855806540e+01 +1.855806540e+01 +1.177280654e+02 +1.177280654e+02 +3.4975e-01 -3.5638e-01
6 +1.771945667e+01 +1.771945667e+01 +1.168894567e+02 +1.168894567e+02 +7.1507e-02 +1.6509e-01
16 +1.361888813e+01 +1.361888813e+01 +1.127888881e+02 +1.127888881e+02 +1.5677e-01 -1.9512e-03
29 +9.692612948e+00 +9.692612948e+00 +1.088626129e+02 +1.088626129e+02 +1.8526e-01 -6.7168e-02
107 +9.249837870e+00 +9.249837870e+00 +1.084198379e+02 +1.084198379e+02 +1.8617e-01 -6.4780e-02
183 +9.007303093e+00 +9.007303093e+00 +1.081773031e+02 +1.081773031e+02 +1.9427e-01 -7.7429e-02
226 +8.666476404e+00 +8.666476404e+00 +1.078364764e+02 +1.078364764e+02 +1.9426e-01 -7.8669e-02
253 +8.283224218e+00 +8.283224218e+00 +1.074532242e+02 +1.074532242e+02 +1.9254e-01 -7.5527e-02
% function evaluation | noise-free fitness - Fopt (-5.179100000000e+02) | best noise-free fitness - Fopt | measured fitness | best measured fitness | x1 | x2...
1 +6.376199996e+01 +6.376199996e+01 -4.541480000e+02 -4.541480000e+02 +0.0000e+00 +0.0000e+00
3 +1.890153878e+01 +1.890153878e+01 -4.990084612e+02 -4.990084612e+02 -1.9120e-01 +4.5546e-02
20 +1.261067685e+01 +1.261067685e+01 -5.052993231e+02 -5.052993231e+02 -1.8019e-01 +9.6427e-02
44 +1.068366289e+01 +1.068366289e+01 -5.072263371e+02 -5.072263371e+02 -2.9137e-01 +4.8974e-03
147 +9.660393717e+00 +9.660393717e+00 -5.082496063e+02 -5.082496063e+02 -3.0979e-01 -7.0501e-03
257 +9.452294608e+00 +9.452294608e+00 -5.084577054e+02 -5.084577054e+02 -3.1242e-01 -6.9215e-03
261 +9.163711226e+00 +9.163711226e+00 -5.087462888e+02 -5.087462888e+02 -3.0822e-01 -5.0692e-03
300 +9.027289944e+00 +9.027289944e+00 -5.088827101e+02 -5.088827101e+02 -3.0697e-01 -4.7992e-03
388 +8.849631257e+00 +8.849631257e+00 -5.090603687e+02 -5.090603687e+02 -3.0606e-01 -4.3868e-03
487 +8.673495912e+00 +8.673495912e+00 -5.092365041e+02 -5.092365041e+02 -3.0539e-01 -4.1405e-03
% function evaluation | noise-free fitness - Fopt (-5.721000000000e+01) | best noise-free fitness - Fopt | measured fitness | best measured fitness | x1 | x2...
1 +7.084914332e+01 +7.084914332e+01 +1.363914332e+01 +1.363914332e+01 +0.0000e+00 +0.0000e+00
2 +3.263087102e+01 +3.263087102e+01 -2.457912898e+01 -2.457912898e+01 +4.4074e-02 +1.4030e-01
3 +2.886925267e+01 +2.886925267e+01 -2.834074733e+01 -2.834074733e+01 +9.8036e-02 -9.7959e-02
7 +2.820375865e+01 +2.820375865e+01 -2.900624135e+01 -2.900624135e+01 -1.2006e-01 -6.1912e-02
8 +2.378059453e+01 +2.378059453e+01 -3.342940547e+01 -3.342940547e+01 -2.7091e-01 -1.1981e-02
11 +1.707203771e+01 +1.707203771e+01 -4.013796229e+01 -4.013796229e+01 -1.9907e-01 -1.0692e-01
25 +1.426624361e+01 +1.426624361e+01 -4.294375639e+01 -4.294375639e+01 -9.2901e-03 -2.5723e-01
34 +1.351406643e+01 +1.351406643e+01 -4.369593357e+01 -4.369593357e+01 +3.9431e-01 -6.0591e-01
42 +1.327174187e+01 +1.327174187e+01 -4.393825813e+01 -4.393825813e+01 +1.0868e+00 +1.6315e-01
47 +3.171358591e+00 +3.171358591e+00 -5.403864141e+01 -5.403864141e+01 +3.8846e-01 -7.2732e-01
132 +2.821709274e+00 +2.821709274e+00 -5.438829073e+01 -5.438829073e+01 +1.0252e+00 +4.7720e-02
167 +2.581594511e+00 +2.581594511e+00 -5.462840549e+01 -5.462840549e+01 +1.0472e+00 +3.2201e-02
181 +2.483514160e+00 +2.483514160e+00 -5.472648584e+01 -5.472648584e+01 +1.0506e+00 +2.9625e-02
214 +2.341677088e+00 +2.341677088e+00 -5.486832291e+01 -5.486832291e+01 +1.0971e+00 -1.4576e-02
227 +2.270492667e+00 +2.270492667e+00 -5.493950733e+01 -5.493950733e+01 +1.1002e+00 -1.9226e-02
247 +2.154027634e+00 +2.154027634e+00 -5.505597237e+01 -5.505597237e+01 +1.0627e+00 +1.2019e-02
270 +1.996846436e+00 +1.996846436e+00 -5.521315356e+01 -5.521315356e+01 +1.1130e+00 -2.9560e-02
408 +1.967562306e+00 +1.967562306e+00 -5.524243769e+01 -5.524243769e+01 +1.1125e+00 -2.8934e-02
443 +1.943450282e+00 +1.943450282e+00 -5.526654972e+01 -5.526654972e+01 +1.1138e+00 -3.0039e-02
% function evaluation | noise-free fitness - Fopt (-1.237300000000e+02) | best noise-free fitness - Fopt | measured fitness | best measured fitness | x1 | x2...
1 +2.459260310e+02 +2.459260310e+02 +1.221960310e+02 +1.221960310e+02 +0.0000e+00 +0.0000e+00
2 +2.085956230e+02 +2.085956230e+02 +8.486562303e+01 +8.486562303e+01 -2.3280e-03 +4.9649e-02
3 +1.777593863e+02 +1.777593863e+02 +5.402938632e+01 +5.402938632e+01 -1.1456e-01 -1.0100e-01
4 +1.330890961e+02 +1.330890961e+02 +9.359096079e+00 +9.359096079e+00 -6.3944e-03 +1.4818e-01
6 +8.320094366e+01 +8.320094366e+01 -4.052905634e+01 -4.052905634e+01 +3.2880e-01 -3.5488e-01
9 +4.510774816e+01 +4.510774816e+01 -7.862225184e+01 -7.862225184e+01 -5.6423e-02 +2.4740e-01
22 +3.364495507e+01 +3.364495507e+01 -9.008504493e+01 -9.008504493e+01 -1.7094e-01 +1.3994e-01
26 +2.739944897e+01 +2.739944897e+01 -9.633055103e+01 -9.633055103e+01 -2.5933e-01 +1.7571e-01
29 +9.877003865e+00 +9.877003865e+00 -1.138529961e+02 -1.138529961e+02 -5.6396e-01 +1.0698e-01
30 +6.628212547e+00 +6.628212547e+00 -1.171017875e+02 -1.171017875e+02 -5.8000e-01 +1.2106e-01
35 +1.895535016e+00 +1.895535016e+00 -1.218344650e+02 -1.218344650e+02 -5.7890e-01 +2.8093e-01
45 +6.886947461e-02 +6.886947461e-02 -1.236611305e+02 -1.236611305e+02 -9.2243e-01 +1.6009e-01
155 +2.288698773e-02 +2.288698773e-02 -1.237071130e+02 -1.237071130e+02 -1.1042e+00 +1.3092e-01
186 +4.585430072e-03 +4.585430072e-03 -1.237254146e+02 -1.237254146e+02 -9.8594e-01 +1.4551e-01
238 +1.475764051e-03 +1.475764051e-03 -1.237285242e+02 -1.237285242e+02 -1.0208e+00 +1.3188e-01
265 +8.493329607e-04 +8.493329607e-04 -1.237291507e+02 -1.237291507e+02 -1.0331e+00 +1.2709e-01
266 +7.742350692e-04 +7.742350692e-04 -1.237292258e+02 -1.237292258e+02 -1.0308e+00 +1.2747e-01
289 +6.582542609e-04 +6.582542609e-04 -1.237293417e+02 -1.237293417e+02 -1.0299e+00 +1.2790e-01
298 +6.167402560e-04 +6.167402560e-04 -1.237293833e+02 -1.237293833e+02 -1.0328e+00 +1.2706e-01
318 +5.463946367e-04 +5.463946367e-04 -1.237294536e+02 -1.237294536e+02 -1.0267e+00 +1.2877e-01
362 +2.167764107e-05 +2.167764107e-05 -1.237299783e+02 -1.237299783e+02 -1.0203e+00 +1.3082e-01
407 +1.186039006e-05 +1.186039006e-05 -1.237299881e+02 -1.237299881e+02 -1.0182e+00 +1.3160e-01
418 +7.851378783e-06 +7.851378783e-06 -1.237299921e+02 -1.237299921e+02 -1.0202e+00 +1.3094e-01
441 +5.387089431e-06 +5.387089431e-06 -1.237299946e+02 -1.237299946e+02 -1.0191e+00 +1.3135e-01
446 +1.450650160e-07 +1.450650160e-07 -1.237299999e+02 -1.237299999e+02 -1.0191e+00 +1.3129e-01
481 +2.070981964e-08 +2.070981964e-08 -1.237300000e+02 -1.237300000e+02 -1.0190e+00 +1.3132e-01
554 +1.655564574e-11 +1.655564574e-11 -1.237300000e+02 -1.237300000e+02 -1.0190e+00 +1.3131e-01
618 +0.000000000e+00 +0.000000000e+00 -1.237300000e+02 -1.237300000e+02 -1.0190e+00 +1.3130e-01
% function evaluation | noise-free fitness - Fopt (-1.322100000000e+02) | best noise-free fitness - Fopt | measured fitness | best measured fitness | x1 | x2...
1 +8.776781186e+01 +8.776781186e+01 -4.444218814e+01 -4.444218814e+01 +0.0000e+00 +0.0000e+00
2 +3.053831054e+01 +3.053831054e+01 -1.016716895e+02 -1.016716895e+02 +2.1033e-01 -3.8979e-01
8 +2.579688714e+01 +2.579688714e+01 -1.064131129e+02 -1.064131129e+02 -2.7707e-01 -1.0826e-01
11 +2.514281119e+01 +2.514281119e+01 -1.070671888e+02 -1.070671888e+02 -6.9001e-02 -2.2657e-01
12 +1.865708492e+01 +1.865708492e+01 -1.135529151e+02 -1.135529151e+02 -1.7609e-01 -2.0489e-01
14 +1.172664448e+01 +1.172664448e+01 -1.204833555e+02 -1.204833555e+02 -2.8404e-01 -2.3584e-01
21 +2.331228237e+00 +2.331228237e+00 -1.298787718e+02 -1.298787718e+02 -3.4503e-01 -3.6865e-01
23 +1.261014046e+00 +1.261014046e+00 -1.309489860e+02 -1.309489860e+02 +1.0502e-01 -4.9997e-01
29 +6.609846721e-01 +6.609846721e-01 -1.315490153e+02 -1.315490153e+02 -2.5569e-01 -3.9006e-01
43 +3.718581518e-01 +3.718581518e-01 -1.318381418e+02 -1.318381418e+02 +2.7587e-02 -5.2846e-01
84 +2.580893084e-01 +2.580893084e-01 -1.319519107e+02 -1.319519107e+02 -1.6565e-01 -4.2222e-01
88 +5.581841823e-02 +5.581841823e-02 -1.321541816e+02 -1.321541816e+02 -2.2467e-01 -3.8452e-01
224 +4.836658683e-02 +4.836658683e-02 -1.321616334e+02 -1.321616334e+02 -1.1036e-01 -4.4138e-01
233 +3.421550055e-02 +3.421550055e-02 -1.321757845e+02 -1.321757845e+02 -1.3058e-01 -4.2132e-01
237 +2.612499118e-02 +2.612499118e-02 -1.321838750e+02 -1.321838750e+02 -1.3980e-01 -4.1706e-01
252 +2.357866786e-02 +2.357866786e-02 -1.321864213e+02 -1.321864213e+02 -1.2730e-01 -4.1476e-01
255 +2.215425017e-02 +2.215425017e-02 -1.321878457e+02 -1.321878457e+02 -1.4088e-01 -4.2141e-01
267 +2.174715099e-02 +2.174715099e-02 -1.321882528e+02 -1.321882528e+02 -1.3851e-01 -4.2070e-01
311 +1.939799940e-02 +1.939799940e-02 -1.321906020e+02 -1.321906020e+02 -1.4495e-01 -4.1911e-01
330 +1.752110253e-02 +1.752110253e-02 -1.321924789e+02 -1.321924789e+02 -1.4289e-01 -4.1930e-01
339 +1.435177279e-02 +1.435177279e-02 -1.321956482e+02 -1.321956482e+02 -1.4361e-01 -4.1830e-01
343 +1.302974440e-02 +1.302974440e-02 -1.321969703e+02 -1.321969703e+02 -1.4078e-01 -4.1912e-01
390 +1.154308511e-02 +1.154308511e-02 -1.321984569e+02 -1.321984569e+02 -1.4473e-01 -4.1763e-01
396 +9.868442678e-03 +9.868442678e-03 -1.322001316e+02 -1.322001316e+02 -1.4769e-01 -4.1741e-01
402 +8.279323025e-03 +8.279323025e-03 -1.322017207e+02 -1.322017207e+02 -1.4702e-01 -4.1669e-01
415 +7.035629431e-03 +7.035629431e-03 -1.322029644e+02 -1.322029644e+02 -1.4764e-01 -4.1713e-01
422 +6.776235337e-03 +6.776235337e-03 -1.322032238e+02 -1.322032238e+02 -1.4666e-01 -4.1699e-01
435 +6.380665788e-03 +6.380665788e-03 -1.322036193e+02 -1.322036193e+02 -1.4784e-01 -4.1662e-01
438 +4.950392178e-03 +4.950392178e-03 -1.322050496e+02 -1.322050496e+02 -1.4805e-01 -4.1665e-01
479 +4.433706772e-03 +4.433706772e-03 -1.322055663e+02 -1.322055663e+02 -1.4845e-01 -4.1649e-01
495 +3.914800508e-03 +3.914800508e-03 -1.322060852e+02 -1.322060852e+02 -1.4880e-01 -4.1642e-01
525 +3.427850038e-03 +3.427850038e-03 -1.322065721e+02 -1.322065721e+02 -1.4917e-01 -4.1624e-01
529 +3.311093371e-03 +3.311093371e-03 -1.322066889e+02 -1.322066889e+02 -1.4928e-01 -4.1615e-01
550 +3.235307201e-03 +3.235307201e-03 -1.322067647e+02 -1.322067647e+02 -1.4908e-01 -4.1624e-01
% function evaluation | noise-free fitness - Fopt (9.533000000000e+01) | best noise-free fitness - Fopt | measured fitness | best measured fitness | x1 | x2...
1 +7.404526512e-01 +7.404526512e-01 +9.607045265e+01 +9.607045265e+01 +0.0000e+00 +0.0000e+00
23 +4.835228886e-01 +4.835228886e-01 +9.581352289e+01 +9.581352289e+01 -1.2125e-01 +6.7995e-02
25 +4.303902653e-01 +4.303902653e-01 +9.576039027e+01 +9.576039027e+01 +1.0485e-01 -1.7382e-01
51 +3.622447489e-01 +3.622447489e-01 +9.569224475e+01 +9.569224475e+01 -3.4445e-02 -2.0822e-02
56 +2.597272249e-01 +2.597272249e-01 +9.558972722e+01 +9.558972722e+01 -2.1630e-02 -3.8851e-02
187 +2.445675682e-01 +2.445675682e-01 +9.557456757e+01 +9.557456757e+01 -3.1310e-02 -2.9496e-02
293 +2.350281178e-01 +2.350281178e-01 +9.556502812e+01 +9.556502812e+01 -2.8067e-02 -3.3700e-02
305 +2.341214996e-01 +2.341214996e-01 +9.556412150e+01 +9.556412150e+01 -2.8551e-02 -3.3136e-02
387 +2.278122491e-01 +2.278122491e-01 +9.555781225e+01 +9.555781225e+01 -2.9753e-02 -3.1694e-02
% function evaluation | noise-free fitness - Fopt (6.870000000000e+01) | best noise-free fitness - Fopt | measured fitness | best measured fitness | x1 | x2...
1 +8.192545084e+01 +8.192545084e+01 +1.506254508e+02 +1.506254508e+02 +0.0000e+00 +0.0000e+00
2 +5.786567110e+01 +5.786567110e+01 +1.265656711e+02 +1.265656711e+02 +2.2910e-02 -2.2427e-01
25 +5.227084335e+01 +5.227084335e+01 +1.209708433e+02 +1.209708433e+02 +3.3809e-01 -2.2824e-01
47 +3.910944073e+01 +3.910944073e+01 +1.078094407e+02 +1.078094407e+02 -4.4385e-01 -3.1223e-01
50 +3.210928728e+01 +3.210928728e+01 +1.008092873e+02 +1.008092873e+02 -3.8036e-01 -1.7634e-01
56 +2.560997026e+01 +2.560997026e+01 +9.430997026e+01 +9.430997026e+01 -8.4692e-01 -3.6987e-01
57 +1.301470893e+01 +1.301470893e+01 +8.171470893e+01 +8.171470893e+01 -7.8689e-01 -5.3172e-01
73 +1.078508302e+01 +1.078508302e+01 +7.948508302e+01 +7.948508302e+01 -2.4031e+00 -5.9175e-01
88 +7.045647347e+00 +7.045647347e+00 +7.574564735e+01 +7.574564735e+01 -8.3072e-01 -7.4872e-01
183 +6.916103417e+00 +6.916103417e+00 +7.561610342e+01 +7.561610342e+01 -2.4793e+00 -1.0218e+00
189 +6.554594055e+00 +6.554594055e+00 +7.525459406e+01 +7.525459406e+01 -2.4768e+00 -9.1219e-01
199 +2.955608668e+00 +2.955608668e+00 +7.165560867e+01 +7.165560867e+01 -2.5420e+00 -9.7641e-01
218 +7.979653475e-01 +7.979653475e-01 +6.949796535e+01 +6.949796535e+01 -2.6947e+00 -1.1715e+00
233 +1.084868296e-01 +1.084868296e-01 +6.880848683e+01 +6.880848683e+01 -2.7330e+00 -1.1714e+00
253 +5.930011272e-02 +5.930011272e-02 +6.875930011e+01 +6.875930011e+01 -2.7378e+00 -1.3075e+00
258 +5.840325869e-02 +5.840325869e-02 +6.875840326e+01 +6.875840326e+01 -2.7765e+00 -1.2791e+00
275 +3.248658719e-02 +3.248658719e-02 +6.873248659e+01 +6.873248659e+01 -2.7407e+00 -1.2371e+00
295 +1.680738430e-02 +1.680738430e-02 +6.871680738e+01 +6.871680738e+01 -2.7386e+00 -1.1982e+00
319 +3.542848714e-03 +3.542848714e-03 +6.870354285e+01 +6.870354285e+01 -2.7502e+00 -1.2179e+00
338 +2.141595360e-03 +2.141595360e-03 +6.870214160e+01 +6.870214160e+01 -2.7439e+00 -1.2153e+00
358 +2.051885474e-03 +2.051885474e-03 +6.870205189e+01 +6.870205189e+01 -2.7446e+00 -1.2137e+00
370 +1.249380005e-03 +1.249380005e-03 +6.870124938e+01 +6.870124938e+01 -2.7461e+00 -1.2206e+00
396 +1.118643611e-03 +1.118643611e-03 +6.870111864e+01 +6.870111864e+01 -2.7472e+00 -1.2153e+00
401 +2.413237252e-04 +2.413237252e-04 +6.870024132e+01 +6.870024132e+01 -2.7479e+00 -1.2225e+00
402 +6.512169811e-05 +6.512169811e-05 +6.870006512e+01 +6.870006512e+01 -2.7484e+00 -1.2210e+00
489 +1.527948292e-05 +1.527948292e-05 +6.870001528e+01 +6.870001528e+01 -2.7485e+00 -1.2219e+00
490 +2.693304751e-06 +2.693304751e-06 +6.870000269e+01 +6.870000269e+01 -2.7484e+00 -1.2226e+00
504 +1.733083053e-06 +1.733083053e-06 +6.870000173e+01 +6.870000173e+01 -2.7486e+00 -1.2232e+00
510 +1.301805980e-06 +1.301805980e-06 +6.870000130e+01 +6.870000130e+01 -2.7485e+00 -1.2227e+00
516 +9.285628551e-07 +9.285628551e-07 +6.870000093e+01 +6.870000093e+01 -2.7486e+00 -1.2232e+00
561 +7.239874975e-07 +7.239874975e-07 +6.870000072e+01 +6.870000072e+01 -2.7485e+00 -1.2228e+00
565 +3.580969548e-07 +3.580969548e-07 +6.870000036e+01 +6.870000036e+01 -2.7485e+00 -1.2229e+00
569 +1.246368697e-07 +1.246368697e-07 +6.870000012e+01 +6.870000012e+01 -2.7485e+00 -1.2229e+00
576 +1.122014908e-07 +1.122014908e-07 +6.870000011e+01 +6.870000011e+01 -2.7485e+00 -1.2230e+00
580 +2.837705892e-08 +2.837705892e-08 +6.870000003e+01 +6.870000003e+01 -2.7486e+00 -1.2230e+00
602 +1.405190631e-08 +1.405190631e-08 +6.870000001e+01 +6.870000001e+01 -2.7485e+00 -1.2229e+00
629 +1.659401505e-10 +1.659401505e-10 +6.870000000e+01 +6.870000000e+01 -2.7485e+00 -1.2229e+00
724 +0.000000000e+00 +0.000000000e+00 +6.870000000e+01 +6.870000000e+01 -2.7485e+00 -1.2230e+00
% function evaluation | noise-free fitness - Fopt (-7.740000000000e+00) | best noise-free fitness - Fopt | measured fitness | best measured fitness | x1 | x2...
1 +9.320858840e+01 +9.320858840e+01 +8.546858840e+01 +8.546858840e+01 +0.0000e+00 +0.0000e+00
4 +2.578010227e+01 +2.578010227e+01 +1.804010227e+01 +1.804010227e+01 +3.6807e-03 +2.8470e-01
11 +2.481426992e+01 +2.481426992e+01 +1.707426992e+01 +1.707426992e+01 +1.7863e-01 +2.0452e-01
36 +1.706289494e+01 +1.706289494e+01 +9.322894935e+00 +9.322894935e+00 +7.5367e-02 +3.5813e-01
69 +1.106655260e+01 +1.106655260e+01 +3.326552604e+00 +3.326552604e+00 -1.1226e-01 +6.7669e-01
74 +1.088985753e+01 +1.088985753e+01 +3.149857533e+00 +3.149857533e+00 -1.4611e-01 +7.0780e-01
142 +1.059934007e+01 +1.059934007e+01 +2.859340070e+00 +2.859340070e+00 -1.1189e-01 +5.9766e-01
145 +8.865976283e+00 +8.865976283e+00 +1.125976283e+00 +1.125976283e+00 -1.1590e-01 +6.5231e-01
160 +7.871018957e+00 +7.871018957e+00 +1.310189573e-01 +1.310189573e-01 -1.2407e-01 +6.3620e-01
167 +6.831765431e+00 +6.831765431e+00 -9.082345690e-01 -9.082345690e-01 -1.3437e-01 +7.0455e-01
171 +6.581067358e+00 +6.581067358e+00 -1.158932642e+00 -1.158932642e+00 -1.2407e-01 +6.9276e-01
173 +6.211957960e+00 +6.211957960e+00 -1.528042040e+00 -1.528042040e+00 -1.3793e-01 +7.3088e-01
209 +5.570951688e+00 +5.570951688e+00 -2.169048312e+00 -2.169048312e+00 -1.2752e-01 +7.0240e-01
267 +5.470530963e+00 +5.470530963e+00 -2.269469037e+00 -2.269469037e+00 -1.3180e-01 +7.0792e-01
269 +4.841689465e+00 +4.841689465e+00 -2.898310535e+00 -2.898310535e+00 -1.2901e-01 +6.9941e-01
283 +4.662459015e+00 +4.662459015e+00 -3.077540985e+00 -3.077540985e+00 -1.2986e-01 +7.0594e-01
336 +4.560410287e+00 +4.560410287e+00 -3.179589713e+00 -3.179589713e+00 -1.2823e-01 +7.0093e-01
365 +4.408818223e+00 +4.408818223e+00 -3.331181777e+00 -3.331181777e+00 -1.2917e-01 +7.0344e-01
447 +4.334785337e+00 +4.334785337e+00 -3.405214663e+00 -3.405214663e+00 -1.2914e-01 +7.0398e-01
467 +4.264811968e+00 +4.264811968e+00 -3.475188032e+00 -3.475188032e+00 -1.2919e-01 +7.0416e-01
% function evaluation | noise-free fitness - Fopt (-2.193300000000e+02) | best noise-free fitness - Fopt | measured fitness | best measured fitness | x1 | x2...
1 +5.980346989e+01 +5.980346989e+01 -1.595265301e+02 -1.595265301e+02 +0.0000e+00 +0.0000e+00
4 +5.671424463e+01 +5.671424463e+01 -1.626157554e+02 -1.626157554e+02 +8.7106e-02 -1.8591e-01
24 +5.539989323e+01 +5.539989323e+01 -1.639301068e+02 -1.639301068e+02 +6.9696e-02 -4.0022e-02
52 +5.491277511e+01 +5.491277511e+01 -1.644172249e+02 -1.644172249e+02 -4.8837e-02 +4.4835e-03
82 +5.268697714e+01 +5.268697714e+01 -1.666430229e+02 -1.666430229e+02 +1.7915e-02 +1.7318e-02
98 +5.068459458e+01 +5.068459458e+01 -1.686454054e+02 -1.686454054e+02 +2.0228e-02 +8.1946e-03
158 +4.977733531e+01 +4.977733531e+01 -1.695526647e+02 -1.695526647e+02 +1.4809e-02 +4.6674e-02
219 +4.886628535e+01 +4.886628535e+01 -1.704637147e+02 -1.704637147e+02 +1.7574e-02 +2.0378e-03
269 +4.773458814e+01 +4.773458814e+01 -1.715954119e+02 -1.715954119e+02 +1.7670e-02 +2.4488e-04
% function evaluation | noise-free fitness - Fopt (6.513000000000e+01) | best noise-free fitness - Fopt | measured fitness | best measured fitness | x1 | x2...
1 +1.055884282e+02 +1.055884282e+02 +1.707184282e+02 +1.707184282e+02 +0.0000e+00 +0.0000e+00
3 +8.482642597e+01 +8.482642597e+01 +1.499564260e+02 +1.499564260e+02 +2.1339e-01 +7.0458e-02
5 +7.029549718e+01 +7.029549718e+01 +1.354254972e+02 +1.354254972e+02 +2.6157e-01 +1.1953e-01
20 +5.661903595e+01 +5.661903595e+01 +1.217490359e+02 +1.217490359e+02 -4.1966e-01 -2.3139e-02
29 +5.192480123e+01 +5.192480123e+01 +1.170548012e+02 +1.170548012e+02 +2.5728e-01 +1.7134e-01
43 +4.988525139e+01 +4.988525139e+01 +1.150152514e+02 +1.150152514e+02 +5.2062e-01 -2.8508e-01
46 +2.831043640e+01 +2.831043640e+01 +9.344043640e+01 +9.344043640e+01 +7.6782e-01 -3.7300e-01
57 +2.352854038e+01 +2.352854038e+01 +8.865854038e+01 +8.865854038e+01 +1.0225e+00 -5.9441e-01
59 +1.262701388e+01 +1.262701388e+01 +7.775701388e+01 +7.775701388e+01 +3.3295e-01 -1.5595e+00
77 +1.183256829e+01 +1.183256829e+01 +7.696256829e+01 +7.696256829e+01 +1.9658e-01 -1.0569e+00
86 +8.808617303e+00 +8.808617303e+00 +7.393861730e+01 +7.393861730e+01 -6.0141e-02 -1.3337e+00
94 +2.139582108e+00 +2.139582108e+00 +6.726958211e+01 +6.726958211e+01 +5.5129e-01 -1.4781e+00
140 +1.187946234e+00 +1.187946234e+00 +6.631794623e+01 +6.631794623e+01 +7.0834e-01 -1.6443e+00
141 +4.619938796e-01 +4.619938796e-01 +6.559199388e+01 +6.559199388e+01 +7.5029e-01 -1.6861e+00
167 +4.193452795e-01 +4.193452795e-01 +6.554934528e+01 +6.554934528e+01 +8.8145e-01 -1.7526e+00
176 +1.172659306e-01 +1.172659306e-01 +6.524726593e+01 +6.524726593e+01 +8.7232e-01 -1.7781e+00
207 +1.014035416e-01 +1.014035416e-01 +6.523140354e+01 +6.523140354e+01 +8.7826e-01 -1.7799e+00
211 +6.837566822e-02 +6.837566822e-02 +6.519837567e+01 +6.519837567e+01 +8.6305e-01 -1.7580e+00
212 +5.838230845e-02 +5.838230845e-02 +6.518838231e+01 +6.518838231e+01 +8.3914e-01 -1.7324e+00
218 +3.701551191e-03 +3.701551191e-03 +6.513370155e+01 +6.513370155e+01 +8.4209e-01 -1.7449e+00
232 +1.002881322e-03 +1.002881322e-03 +6.513100288e+01 +6.513100288e+01 +8.3644e-01 -1.7391e+00
376 +8.612674759e-04 +8.612674759e-04 +6.513086127e+01 +6.513086127e+01 +8.4577e-01 -1.7480e+00
387 +4.954949159e-04 +4.954949159e-04 +6.513049549e+01 +6.513049549e+01 +8.4659e-01 -1.7486e+00
438 +4.596937073e-04 +4.596937073e-04 +6.513045969e+01 +6.513045969e+01 +8.4689e-01 -1.7488e+00
441 +4.138021564e-04 +4.138021564e-04 +6.513041380e+01 +6.513041380e+01 +8.4686e-01 -1.7488e+00
496 +3.970876554e-04 +3.970876554e-04 +6.513039709e+01 +6.513039709e+01 +8.4685e-01 -1.7488e+00
502 +3.703894578e-04 +3.703894578e-04 +6.513037039e+01 +6.513037039e+01 +8.4683e-01 -1.7488e+00
575 +3.595346445e-04 +3.595346445e-04 +6.513035953e+01 +6.513035953e+01 +8.4683e-01 -1.7488e+00
% function evaluation | noise-free fitness - Fopt (-5.469000000000e+01) | best noise-free fitness - Fopt | measured fitness | best measured fitness | x1 | x2...
1 +8.432596706e+01 +8.432596706e+01 +2.963596706e+01 +2.963596706e+01 +0.0000e+00 +0.0000e+00
2 +4.583658006e+01 +4.583658006e+01 -8.853419935e+00 -8.853419935e+00 -2.3858e-01 +1.7282e-01
5 +1.179924397e+01 +1.179924397e+01 -4.289075603e+01 -4.289075603e+01 +1.0585e-01 +1.2090e-01
9 +3.803121035e+00 +3.803121035e+00 -5.088687897e+01 -5.088687897e+01 -1.7687e-01 +2.3496e-01
27 +2.466745403e+00 +2.466745403e+00 -5.222325460e+01 -5.222325460e+01 -3.0603e-01 +3.6846e-01
30 +2.105402191e+00 +2.105402191e+00 -5.258459781e+01 -5.258459781e+01 -2.8355e-01 +3.5404e-01
31 +6.845457541e-01 +6.845457541e-01 -5.400545425e+01 -5.400545425e+01 -4.1354e-01 +4.3588e-01
35 +5.171179651e-01 +5.171179651e-01 -5.417288203e+01 -5.417288203e+01 -5.3612e-01 +4.4653e-01
160 +3.653557635e-01 +3.653557635e-01 -5.432464424e+01 -5.432464424e+01 -8.1095e-01 +5.3110e-01
169 +2.169933872e-01 +2.169933872e-01 -5.447300661e+01 -5.447300661e+01 -5.4401e-01 +4.7005e-01
174 +3.867498285e-02 +3.867498285e-02 -5.465132502e+01 -5.465132502e+01 -5.9889e-01 +4.7589e-01
265 +1.126386658e-02 +1.126386658e-02 -5.467873613e+01 -5.467873613e+01 -6.4402e-01 +4.9592e-01
269 +7.251696312e-03 +7.251696312e-03 -5.468274830e+01 -5.468274830e+01 -6.8249e-01 +5.0613e-01
316 +4.373270634e-03 +4.373270634e-03 -5.468562673e+01 -5.468562673e+01 -6.8415e-01 +5.0987e-01
448 +3.880159493e-03 +3.880159493e-03 -5.468611984e+01 -5.468611984e+01 -6.7602e-01 +5.0633e-01
453 +1.369097099e-03 +1.369097099e-03 -5.468863090e+01 -5.468863090e+01 -6.7154e-01 +5.0423e-01
519 +5.417749946e-06 +5.417749946e-06 -5.468999458e+01 -5.468999458e+01 -6.6408e-01 +5.0149e-01
761 +9.488826507e-07 +9.488826507e-07 -5.468999905e+01 -5.468999905e+01 -6.6464e-01 +5.0166e-01
780 +9.132480443e-07 +9.132480443e-07 -5.468999909e+01 -5.468999909e+01 -6.6426e-01 +5.0156e-01
791 +1.350988654e-07 +1.350988654e-07 -5.468999986e+01 -5.468999986e+01 -6.6433e-01 +5.0157e-01
797 +5.274168302e-08 +5.274168302e-08 -5.468999995e+01 -5.468999995e+01 -6.6441e-01 +5.0159e-01
837 +5.135103009e-08 +5.135103009e-08 -5.468999995e+01 -5.468999995e+01 -6.6440e-01 +5.0158e-01
838 +4.227641170e-08 +4.227641170e-08 -5.468999996e+01 -5.468999996e+01 -6.6435e-01 +5.0157e-01
864 +3.216996447e-09 +3.216996447e-09 -5.469000000e+01 -5.469000000e+01 -6.6438e-01 +5.0158e-01
1023 +0.000000000e+00 +0.000000000e+00 -5.469000000e+01 -5.469000000e+01 -6.6440e-01 +5.0159e-01
% function evaluation | noise-free fitness - Fopt (-1.796700000000e+02) | best noise-free fitness - Fopt | measured fitness | best measured fitness | x1 | x2...
1 +8.550100806e+01 +8.550100806e+01 -9.416899194e+01 -9.416899194e+01 +0.0000e+00 +0.0000e+00
2 +4.964517440e+01 +4.964517440e+01 -1.300248256e+02 -1.300248256e+02 -6.1562e-03 -2.0750e-01
4 +1.771531410e+01 +1.771531410e+01 -1.619546859e+02 -1.619546859e+02 -2.8488e-01 -4.0402e-01
8 +1.729662125e+01 +1.729662125e+01 -1.623733788e+02 -1.623733788e+02 -2.0079e-01 -2.5896e-01
17 +1.371154512e+01 +1.371154512e+01 -1.659584549e+02 -1.659584549e+02 -5.4512e-01 -3.3075e-01
18 +1.265676808e+01 +1.265676808e+01 -1.670132319e+02 -1.670132319e+02 -4.1284e-01 -9.8865e-01
19 +8.141458508e+00 +8.141458508e+00 -1.715285415e+02 -1.715285415e+02 -6.1767e-01 -5.5721e-01
30 +5.440419892e+00 +5.440419892e+00 -1.742295801e+02 -1.742295801e+02 -1.7457e-01 -1.0077e+00
58 +1.038130596e+00 +1.038130596e+00 -1.786318694e+02 -1.786318694e+02 -1.4762e-01 -1.1595e+00
70 +2.028130769e-01 +2.028130769e-01 -1.794671869e+02 -1.794671869e+02 -1.1400e-01 -1.2500e+00
101 +7.176581323e-02 +7.176581323e-02 -1.795982342e+02 -1.795982342e+02 -1.1132e-01 -1.2723e+00
132 +2.493307585e-02 +2.493307585e-02 -1.796450669e+02 -1.796450669e+02 -8.0751e-02 -1.3270e+00
148 +3.994744065e-03 +3.994744065e-03 -1.796660053e+02 -1.796660053e+02 -9.3687e-02 -1.3052e+00
161 +9.257077652e-04 +9.257077652e-04 -1.796690743e+02 -1.796690743e+02 -8.9969e-02 -1.3136e+00
% function evaluation | noise-free fitness - Fopt (-8.410000000000e+01) | best noise-free fitness - Fopt | measured fitness | best measured fitness | x1 | x2...
1 +1.852945837e+02 +1.852945837e+02 +1.011945837e+02 +1.011945837e+02 +0.0000e+00 +0.0000e+00
2 +1.312606911e+01 +1.312606911e+01 -7.097393089e+01 -7.097393089e+01 +4.4181e-01 -4.3087e-02
16 +6.349527746e+00 +6.349527746e+00 -7.775047225e+01 -7.775047225e+01 +4.9706e-01 -2.1930e-01
36 +3.590107101e+00 +3.590107101e+00 -8.050989290e+01 -8.050989290e+01 +7.3444e-01 -3.6191e-01
62 +1.898235678e+00 +1.898235678e+00 -8.220176432e+01 -8.220176432e+01 +6.4884e-01 -2.5126e-01
83 +1.149450082e+00 +1.149450082e+00 -8.295054992e+01 -8.295054992e+01 +7.4505e-01 -5.7514e-01
197 +3.870400222e-01 +3.870400222e-01 -8.371295998e+01 -8.371295998e+01 +8.9646e-01 -6.4307e-01
203 +3.688523649e-01 +3.688523649e-01 -8.373114764e+01 -8.373114764e+01 +9.5674e-01 -7.4276e-01
301 +2.982687391e-01 +2.982687391e-01 -8.380173126e+01 -8.380173126e+01 +8.7949e-01 -6.1726e-01
320 +2.765203569e-01 +2.765203569e-01 -8.382347964e+01 -8.382347964e+01 +8.7828e-01 -6.1745e-01
344 +2.655757485e-01 +2.655757485e-01 -8.383442425e+01 -8.383442425e+01 +8.7576e-01 -6.1343e-01
