% function evaluation | noise-free fitness - Fopt (1.026100000000e+02) | best noise-free fitness - Fopt | measured fitness | best measured fitness | x1 | x2...
1 +1.386956331e+02 +1.386956331e+02 +2.413056331e+02 +2.413056331e+02 +0.0000e+00 +0.0000e+00 +0.0000e+00 +0.0000e+00 +0.0000e+00 +0.0000e+00 +0.0000e+00 +0.0000e+00 +0.0000e+00 +0.0000e+00
3 +1.378698141e+02 +1.378698141e+02 +2.404798141e+02 +2.404798141e+02 -4.7679e-01 +9.4758e-02 -3.0865e-01 +1.5185e-01 -1.1409e-01 -1.3743e-01 -2.7269e-01 -2.6128e-01 +1.5001e-01 +1.8337e-01
7 +1.157851685e+02 +1.157851685e+02 +2.183951685e+02 +2.183951685e+02 -2.7676e-01 +1.7784e-01 -1.0523e-01 +2.5687e-01 -3.0659e-01 -1.5393e-01 -4.8130e-02 -1.2019e-01 +3.8850e-01 -1.2914e-01
10 +7.168220418e+01 +7.168220418e+01 +1.742922042e+02 +1.742922042e+02 -9.3480e-02 -6.2801e-02 -5.0641e-01 +3.8571e-01 +1.2968e-01 -3.9237e-01 -4.0283e-01 -3.1560e-01 +4.0394e-01 +2.6485e-01
879 +6.847103527e+01 +6.847103527e+01 +1.710810353e+02 +1.710810353e+02 -2.6308e-01 +2.9868e-01 -1.4738e-01 +1.0544e+00 -1.2822e-01 +6.1535e-01 +2.3985e-01 -5.7522e-01 +9.1729e-02 +1.0831e+00
883 +5.822970534e+01 +5.822970534e+01 +1.608397053e+02 +1.608397053e+02 -2.6608e-01 +2.9393e-01 -1.3575e-01 +1.0735e+00 -1.2241e-01 +6.0728e-01 +2.3320e-01 -5.7312e-01 +1.0569e-01 +1.0657e+00
923 +5.262688290e+01 +5.262688290e+01 +1.552368829e+02 +1.552368829e+02 -2.6864e-01 +2.8888e-01 -1.3706e-01 +1.0986e+00 -1.1835e-01 +5.8633e-01 +2.4980e-01 -5.7974e-01 +1.2367e-01 +1.0930e+00
1019 +5.044481009e+01 +5.044481009e+01 +1.530548101e+02 +1.530548101e+02 -2.5547e-01 +2.8200e-01 -1.4281e-01 +1.0979e+00 -1.2195e-01 +5.9637e-01 +2.4352e-01 -5.8624e-01 +1.1501e-01 +1.0751e+00
1061 +4.907483415e+01 +4.907483415e+01 +1.516848341e+02 +1.516848341e+02 -2.5668e-01 +2.8022e-01 -1.4072e-01 +1.1044e+00 -1.1976e-01 +6.0526e-01 +2.5001e-01 -5.7977e-01 +1.1191e-01 +1.0878e+00
1065 +4.889979689e+01 +4.889979689e+01 +1.515097969e+02 +1.515097969e+02 -2.5601e-01 +2.8424e-01 -1.3755e-01 +1.0972e+00 -1.2577e-01 +6.0164e-01 +2.4914e-01 -5.7908e-01 +1.1077e-01 +1.0883e+00
1123 +4.735781916e+01 +4.735781916e+01 +1.499678192e+02 +1.499678192e+02 -2.6820e-01 +2.7651e-01 -1.4114e-01 +1.1060e+00 -1.2052e-01 +5.9029e-01 +2.6203e-01 -5.7525e-01 +1.1796e-01 +1.0920e+00
1158 +4.638141395e+01 +4.638141395e+01 +1.489914140e+02 +1.489914140e+02 -2.6696e-01 +2.7227e-01 -1.3607e-01 +1.1045e+00 -1.2490e-01 +5.8413e-01 +2.5703e-01 -5.8137e-01 +1.1519e-01 +1.0866e+00
1215 +4.549655510e+01 +4.549655510e+01 +1.481065551e+02 +1.481065551e+02 -2.6837e-01 +2.6788e-01 -1.3729e-01 +1.1099e+00 -1.2410e-01 +5.8562e-01 +2.5934e-01 -5.8550e-01 +1.1575e-01 +1.0876e+00
1293 +4.445014009e+01 +4.445014009e+01 +1.470601401e+02 +1.470601401e+02 -2.6865e-01 +2.6779e-01 -1.3520e-01 +1.1072e+00 -1.2594e-01 +5.8843e-01 +2.6134e-01 -5.9026e-01 +1.1402e-01 +1.0915e+00
1362 +4.360143110e+01 +4.360143110e+01 +1.462114311e+02 +1.462114311e+02 -2.6702e-01 +2.6431e-01 -1.3439e-01 +1.1124e+00 -1.2699e-01 +5.8829e-01 +2.6458e-01 -5.9517e-01 +1.1573e-01 +1.0976e+00
1470 +4.260286061e+01 +4.260286061e+01 +1.452128606e+02 +1.452128606e+02 -2.6249e-01 +2.6122e-01 -1.3266e-01 +1.1135e+00 -1.2821e-01 +5.8860e-01 +2.6459e-01 -6.0876e-01 +1.1766e-01 +1.0969e+00
1755 +4.166447026e+01 +4.166447026e+01 +1.442744703e+02 +1.442744703e+02 -2.6286e-01 +2.5578e-01 -1.3273e-01 +1.1173e+00 -1.3087e-01 +5.8283e-01 +2.7186e-01 -6.1857e-01 +1.2044e-01 +1.1028e+00
% function evaluation | noise-free fitness - Fopt (9.330000000000e+01) | best noise-free fitness - Fopt | measured fitness | best measured fitness | x1 | x2...
1 +1.432620636e+02 +1.432620636e+02 +2.365620636e+02 +2.365620636e+02 +0.0000e+00 +0.0000e+00 +0.0000e+00 +0.0000e+00 +0.0000e+00 +0.0000e+00 +0.0000e+00 +0.0000e+00 +0.0000e+00 +0.0000e+00
15 +1.358075505e+02 +1.358075505e+02 +2.291075505e+02 +2.291075505e+02 +3.2520e-01 -1.8891e-01 +4.3550e-01 -1.3211e-02 -8.5460e-02 -3.9369e-02 +7.3826e-03 +1.0209e-01 +4.2113e-02 -2.3239e-01
18 +1.326881755e+02 +1.326881755e+02 +2.259881755e+02 +2.259881755e+02 +1.6876e-01 -3.7542e-01 +2.3459e-01 -1.1718e-01 -2.7227e-01 -4.0597e-01 +4.0921e-01 +4.6876e-01 -2.8496e-01 +9.8398e-02
22 +1.264919784e+02 +1.264919784e+02 +2.197919784e+02 +2.197919784e+02 -7.7817e-02 -1.3672e-01 +2.3814e-02 -3.4966e-01 -2.2909e-01 -2.2715e-01 +1.0785e-01 +2.1392e-01 -7.4506e-02 -1.4440e-01
24 +1.243470086e+02 +1.243470086e+02 +2.176470086e+02 +2.176470086e+02 +4.0743e-01 +5.3038e-02 +1.1856e-01 +5.3313e-02 -3.3719e-01 -1.2201e-01 -2.5398e-01 +8.2473e-03 -6.1945e-01 -1.4683e-01
35 +1.037044718e+02 +1.037044718e+02 +1.970044718e+02 +1.970044718e+02 +1.8726e-01 -1.2404e-01 +2.0461e-02 -1.0487e-01 -2.1724e-01 -1.3493e-01 +4.8858e-04 -1.2212e-01 -2.3403e-01 -9.4161e-02
67 +9.370057997e+01 +9.370057997e+01 +1.870005800e+02 +1.870005800e+02 +5.1735e-01 -3.6165e-01 +8.1003e-02 +6.4623e-02 -1.2154e-01 -2.2315e-01 +2.0758e-01 +2.4488e-01 -2.6853e-01 -4.7141e-01
1097 +7.835013480e+01 +7.835013480e+01 +1.716501348e+02 +1.716501348e+02 +8.3406e-01 -1.4560e+00 +4.7888e-01 +3.4659e-01 +1.4538e-01 +9.4019e-01 -7.8019e-02 -4.3132e-01 -2.1743e-02 -9.7243e-01
1638 +6.665130534e+01 +6.665130534e+01 +1.599513053e+02 +1.599513053e+02 +5.2124e-01 -1.4618e+00 +1.1704e+00 +1.4459e-01 -4.0870e-01 +1.4984e+00 +4.8014e-01 -4.2092e-01 -2.2680e-01 -7.7288e-01
1739 +6.113759180e+01 +6.113759180e+01 +1.544375918e+02 +1.544375918e+02 +5.7791e-01 -1.3755e+00 +1.2671e+00 +1.8959e-01 -4.1595e-01 +1.5285e+00 +5.2974e-01 -4.9207e-01 -2.4935e-01 -7.0102e-01
1778 +5.102351661e+01 +5.102351661e+01 +1.443235166e+02 +1.443235166e+02 +5.9209e-01 -1.4016e+00 +1.2729e+00 +1.2968e-01 -4.3798e-01 +1.5626e+00 +5.3525e-01 -4.5818e-01 -2.4153e-01 -6.9900e-01
1820 +4.800581458e+01 +4.800581458e+01 +1.413058146e+02 +1.413058146e+02 +6.0107e-01 -1.3817e+00 +1.2739e+00 +1.2608e-01 -4.1962e-01 +1.5524e+00 +5.2732e-01 -4.6654e-01 -2.4166e-01 -7.0425e-01
1862 +4.429887275e+01 +4.429887275e+01 +1.375988728e+02 +1.375988728e+02 +5.8328e-01 -1.4156e+00 +1.2894e+00 +1.3833e-01 -4.2769e-01 +1.5567e+00 +5.4846e-01 -4.8329e-01 -2.3654e-01 -7.0713e-01
1882 +4.027108308e+01 +4.027108308e+01 +1.335710831e+02 +1.335710831e+02 +5.8180e-01 -1.4124e+00 +1.2845e+00 +1.2971e-01 -4.3666e-01 +1.5446e+00 +5.3971e-01 -4.7664e-01 -2.3146e-01 -7.0593e-01
2066 +3.905559810e+01 +3.905559810e+01 +1.323555981e+02 +1.323555981e+02 +5.8149e-01 -1.3956e+00 +1.2901e+00 +1.2836e-01 -4.2620e-01 +1.5578e+00 +5.3406e-01 -4.7796e-01 -2.3665e-01 -7.2067e-01
2079 +3.681270983e+01 +3.681270983e+01 +1.301127098e+02 +1.301127098e+02 +5.7988e-01 -1.3980e+00 +1.2833e+00 +1.3184e-01 -4.2547e-01 +1.5568e+00 +5.3965e-01 -4.6739e-01 -2.3878e-01 -7.3030e-01
2196 +3.630381925e+01 +3.630381925e+01 +1.296038192e+02 +1.296038192e+02 +5.8157e-01 -1.4095e+00 +1.2988e+00 +1.2790e-01 -4.3027e-01 +1.5529e+00 +5.5115e-01 -4.7636e-01 -2.3476e-01 -7.2881e-01
2226 +3.445469671e+01 +3.445469671e+01 +1.277546967e+02 +1.277546967e+02 +5.8550e-01 -1.4053e+00 +1.2884e+00 +1.2608e-01 -4.3018e-01 +1.5502e+00 +5.4526e-01 -4.7694e-01 -2.3889e-01 -7.3429e-01
2269 +3.359717086e+01 +3.359717086e+01 +1.268971709e+02 +1.268971709e+02 +5.8265e-01 -1.4068e+00 +1.2895e+00 +1.2287e-01 -4.3266e-01 +1.5495e+00 +5.4358e-01 -4.7634e-01 -2.3510e-01 -7.3418e-01
2323 +3.301529157e+01 +3.301529157e+01 +1.263152916e+02 +1.263152916e+02 +5.8130e-01 -1.4066e+00 +1.2850e+00 +1.1984e-01 -4.3404e-01 +1.5537e+00 +5.4290e-01 -4.7591e-01 -2.3820e-01 -7.3474e-01
2402 +3.221200060e+01 +3.221200060e+01 +1.255120006e+02 +1.255120006e+02 +5.8322e-01 -1.4064e+00 +1.2812e+00 +1.1344e-01 -4.3512e-01 +1.5500e+00 +5.4021e-01 -4.7634e-01 -2.3522e-01 -7.4016e-01
2494 +3.153616461e+01 +3.153616461e+01 +1.248361646e+02 +1.248361646e+02 +5.8228e-01 -1.4095e+00 +1.2836e+00 +1.1345e-01 -4.3582e-01 +1.5492e+00 +5.4027e-01 -4.7893e-01 -2.4036e-01 -7.4486e-01
2662 +3.086510878e+01 +3.086510878e+01 +1.241651088e+02 +1.241651088e+02 +5.8291e-01 -1.4123e+00 +1.2804e+00 +1.0716e-01 -4.3822e-01 +1.5467e+00 +5.3668e-01 -4.8326e-01 -2.4191e-01 -7.4794e-01
3082 +3.019321141e+01 +3.019321141e+01 +1.234932114e+02 +1.234932114e+02 +5.8346e-01 -1.4156e+00 +1.2802e+00 +1.0292e-01 -4.3953e-01 +1.5483e+00 +5.2564e-01 -4.9045e-01 -2.5025e-01 -7.5080e-01
% function evaluation | noise-free fitness - Fopt (1.364000000000e+01) | best noise-free fitness - Fopt | measured fitness | best measured fitness | x1 | x2...
1 +1.533351914e+02 +1.533351914e+02 +1.669751914e+02 +1.669751914e+02 +0.0000e+00 +0.0000e+00 +0.0000e+00 +0.0000e+00 +0.0000e+00 +0.0000e+00 +0.0000e+00 +0.0000e+00 +0.0000e+00 +0.0000e+00
6 +1.213928757e+02 +1.213928757e+02 +1.350328757e+02 +1.350328757e+02 +1.3800e-01 -2.1589e-01 +5.7768e-02 +2.7865e-01 +3.4445e-02 -2.1025e-01 -1.6164e-01 +6.9810e-02 -3.7412e-01 +1.4897e-01
27 +1.181304495e+02 +1.181304495e+02 +1.317704495e+02 +1.317704495e+02 -2.4728e-01 -2.2053e-01 +3.4501e-01 +3.6226e-01 -1.3975e-01 -2.3220e-01 -1.9922e-01 -2.7367e-04 -1.5165e-01 +2.3292e-01
31 +9.694637329e+01 +9.694637329e+01 +1.105863733e+02 +1.105863733e+02 -6.0134e-01 -1.8900e-01 +6.0786e-02 +3.5619e-01 -3.7298e-02 -4.2313e-01 -1.2851e-01 -1.2924e-01 -1.1350e-01 +1.9043e-01
162 +8.248717577e+01 +8.248717577e+01 +9.612717577e+01 +9.612717577e+01 -7.5551e-01 -2.0788e-01 +1.6867e+00 +7.4815e-01 +7.0811e-01 -3.2186e-01 -4.9805e-01 +3.3392e-01 +1.5086e+00 +6.0365e-01
180 +7.703810226e+01 +7.703810226e+01 +9.067810226e+01 +9.067810226e+01 -9.8009e-01 -1.1913e-01 +1.4171e+00 +1.2137e+00 +1.2958e+00 -2.7354e-01 -1.7386e-01 +6.6298e-01 +1.0125e+00 +7.9467e-01
639 +7.489454641e+01 +7.489454641e+01 +8.853454641e+01 +8.853454641e+01 -3.3007e+00 -1.1811e+00 +1.7712e+00 +4.0307e-01 +5.2220e-01 -1.2101e+00 +3.9317e-01 +2.1436e+00 +2.0963e+00 +1.7885e-01
683 +6.713824652e+01 +6.713824652e+01 +8.077824652e+01 +8.077824652e+01 -3.2213e+00 -9.4877e-01 +1.7485e+00 +6.4661e-01 +5.2293e-01 -1.0098e+00 +8.4426e-02 +8.2063e-01 +2.3850e+00 +6.1298e-01
773 +5.121727157e+01 +5.121727157e+01 +6.485727157e+01 +6.485727157e+01 -2.8238e+00 -1.3904e+00 +1.5834e+00 +6.1609e-01 +6.3840e-01 -1.1014e+00 -3.2865e-01 +1.0656e+00 +2.4863e+00 -2.3862e-03
1854 +4.703508951e+01 +4.703508951e+01 +6.067508951e+01 +6.067508951e+01 -1.8542e+00 -1.1521e+00 +1.0873e+00 +6.4900e-01 +2.8288e-01 -4.0941e-01 -8.6265e-01 -5.8513e-01 +2.4903e+00 -9.4019e-02
1863 +4.609141958e+01 +4.609141958e+01 +5.973141958e+01 +5.973141958e+01 -1.8563e+00 -1.1582e+00 +1.0900e+00 +6.4914e-01 +2.8616e-01 -4.0533e-01 -8.6559e-01 -5.8946e-01 +2.4907e+00 -9.6600e-02
1888 +4.490184884e+01 +4.490184884e+01 +5.854184884e+01 +5.854184884e+01 -1.8734e+00 -1.1604e+00 +1.0865e+00 +6.5498e-01 +2.8732e-01 -3.9967e-01 -8.6782e-01 -5.8278e-01 +2.4860e+00 -1.0517e-01
1937 +4.451793673e+01 +4.451793673e+01 +5.815793673e+01 +5.815793673e+01 -1.8646e+00 -1.1708e+00 +1.0958e+00 +6.6262e-01 +2.8486e-01 -3.9618e-01 -8.7551e-01 -5.7638e-01 +2.4734e+00 -9.4342e-02
1955 +4.327789371e+01 +4.327789371e+01 +5.691789371e+01 +5.691789371e+01 -1.8700e+00 -1.1678e+00 +1.0899e+00 +6.6071e-01 +2.8357e-01 -4.0594e-01 -8.6291e-01 -5.7354e-01 +2.4805e+00 -9.4538e-02
1973 +4.195753060e+01 +4.195753060e+01 +5.559753060e+01 +5.559753060e+01 -1.8719e+00 -1.1832e+00 +1.0853e+00 +6.6511e-01 +2.8486e-01 -3.9565e-01 -8.6454e-01 -5.6884e-01 +2.4795e+00 -8.8244e-02
1993 +4.138310326e+01 +4.138310326e+01 +5.502310326e+01 +5.502310326e+01 -1.8645e+00 -1.1825e+00 +1.0808e+00 +6.6163e-01 +2.7681e-01 -3.9830e-01 -8.5640e-01 -5.7105e-01 +2.4744e+00 -9.2114e-02
2083 +4.066804879e+01 +4.066804879e+01 +5.430804879e+01 +5.430804879e+01 -1.8729e+00 -1.1839e+00 +1.0789e+00 +6.6462e-01 +2.7839e-01 -3.9670e-01 -8.5827e-01 -5.7709e-01 +2.4738e+00 -8.3423e-02
2120 +3.970561687e+01 +3.970561687e+01 +5.334561687e+01 +5.334561687e+01 -1.8630e+00 -1.1788e+00 +1.0834e+00 +6.6348e-01 +2.7969e-01 -3.9866e-01 -8.6033e-01 -5.8462e-01 +2.4712e+00 -8.3964e-02
2301 +3.888220606e+01 +3.888220606e+01 +5.252220606e+01 +5.252220606e+01 -1.8581e+00 -1.1758e+00 +1.0858e+00 +6.6579e-01 +2.8624e-01 -3.9887e-01 -8.6224e-01 -5.8301e-01 +2.4689e+00 -8.3845e-02
% function evaluation | noise-free fitness - Fopt (1.948000000000e+02) | best noise-free fitness - Fopt | measured fitness | best measured fitness | x1 | x2...
1 +1.947008140e+02 +1.947008140e+02 +3.895008140e+02 +3.895008140e+02 +0.0000e+00 +0.0000e+00 +0.0000e+00 +0.0000e+00 +0.0000e+00 +0.0000e+00 +0.0000e+00 +0.0000e+00 +0.0000e+00 +0.0000e+00
2 +1.248043922e+02 +1.248043922e+02 +3.196043922e+02 +3.196043922e+02 -2.2071e-01 -1.0282e-01 -2.1764e-01 +1.9673e-01 +5.6657e-02 -1.8252e-01 +1.3097e-01 -2.9785e-01 -3.5191e-01 +8.7823e-02
6 +1.123665970e+02 +1.123665970e+02 +3.071665970e+02 +3.071665970e+02 +1.2983e-01 +4.6209e-02 -2.1044e-01 -4.3110e-01 -1.4570e-01 -4.3638e-01 -2.0091e-01 +2.3094e-01 -2.3966e-01 -3.1778e-03
20 +1.015107907e+02 +1.015107907e+02 +2.963107907e+02 +2.963107907e+02 -2.6488e-02 +3.3411e-01 -6.5560e-01 -5.5267e-02 -1.8907e-01 +1.5243e-01 -3.6378e-01 -3.7333e-01 -6.9975e-01 +3.6293e-01
256 +8.927155433e+01 +8.927155433e+01 +2.840715543e+02 +2.840715543e+02 -7.1740e-01 -8.4567e-01 +2.5056e-02 +2.1682e-01 -8.0266e-01 +3.3915e-01 -2.4330e-02 +2.2648e-01 -9.3933e-01 +2.9589e-01
272 +8.472644140e+01 +8.472644140e+01 +2.795264414e+02 +2.795264414e+02 -6.4033e-01 -7.8399e-01 -4.4884e-02 +1.2725e-01 -6.4438e-01 -4.6740e-02 +3.6487e-01 +8.4223e-01 -4.8375e-01 +3.0419e-01
576 +8.097398264e+01 +8.097398264e+01 +2.757739826e+02 +2.757739826e+02 -2.6778e+00 -2.1620e+00 +9.9118e-01 -5.4454e-01 +4.9738e-01 +6.7225e-01 +9.3620e-01 +1.5500e-01 -5.7407e-01 +6.5340e-01
1058 +7.932501893e+01 +7.932501893e+01 +2.741250189e+02 +2.741250189e+02 -2.4618e+00 -2.0246e+00 +1.0079e+00 +2.3023e-01 +6.9075e-01 +6.8193e-01 +9.8654e-01 +1.2959e-01 -3.6007e-01 +1.8578e-01
1715 +7.582605329e+01 +7.582605329e+01 +2.706260533e+02 +2.706260533e+02 -2.8695e+00 -2.6977e+00 +1.8015e+00 -1.6248e-01 -1.3856e-01 +8.6998e-01 +1.3106e+00 -1.6722e-01 +3.8503e-01 -6.8914e-01
2357 +5.987746020e+01 +5.987746020e+01 +2.546774602e+02 +2.546774602e+02 -3.0514e+00 -2.7912e+00 +1.7199e+00 -1.6649e-02 +1.6578e-01 +8.9827e-01 +1.3781e+00 -2.1942e-01 +1.7221e-01 -5.3307e-01
3006 +5.862604585e+01 +5.862604585e+01 +2.534260458e+02 +2.534260458e+02 -2.8088e+00 -3.0818e+00 +1.7241e+00 -5.7104e-02 +8.3705e-02 +9.5145e-01 +1.4479e+00 -6.0769e-02 +3.1696e-01 -4.7281e-02
3023 +5.714458149e+01 +5.714458149e+01 +2.519445815e+02 +2.519445815e+02 -2.8085e+00 -3.0890e+00 +1.7238e+00 -5.3068e-02 +8.5481e-02 +9.4633e-01 +1.4441e+00 -5.8475e-02 +3.1068e-01 -6.0170e-02
3059 +5.620197165e+01 +5.620197165e+01 +2.510019716e+02 +2.510019716e+02 -2.8210e+00 -3.0862e+00 +1.7281e+00 -5.9755e-02 +6.8339e-02 +9.4589e-01 +1.4552e+00 -6.4528e-02 +3.1384e-01 -5.0240e-02
3092 +5.494397751e+01 +5.494397751e+01 +2.497439775e+02 +2.497439775e+02 -2.8167e+00 -3.0886e+00 +1.7316e+00 -5.9841e-02 +6.7383e-02 +9.5688e-01 +1.4551e+00 -5.6918e-02 +3.0741e-01 -5.7729e-02
3149 +5.363946952e+01 +5.363946952e+01 +2.484394695e+02 +2.484394695e+02 -2.8156e+00 -3.0945e+00 +1.7265e+00 -6.1248e-02 +6.2543e-02 +9.5438e-01 +1.4507e+00 -5.6420e-02 +3.0776e-01 -6.2887e-02
3271 +5.242951764e+01 +5.242951764e+01 +2.472295176e+02 +2.472295176e+02 -2.8135e+00 -3.1021e+00 +1.7268e+00 -6.1011e-02 +5.2099e-02 +9.4754e-01 +1.4450e+00 -4.8556e-02 +3.1156e-01 -6.1483e-02
% function evaluation | noise-free fitness - Fopt (-1.335900000000e+02) | best noise-free fitness - Fopt | measured fitness | best measured fitness | x1 | x2...
1 +1.778421450e+02 +1.778421450e+02 +4.425214496e+01 +4.425214496e+01 +0.0000e+00 +0.0000e+00 +0.0000e+00 +0.0000e+00 +0.0000e+00 +0.0000e+00 +0.0000e+00 +0.0000e+00 +0.0000e+00 +0.0000e+00
2 +1.525373736e+02 +1.525373736e+02 +1.894737355e+01 +1.894737355e+01 +2.1109e-02 +3.6331e-01 -1.3133e-02 +1.8116e-01 +2.5671e-01 -1.3698e-01 +5.8321e-02 -3.0241e-01 +1.1685e-01 -3.3867e-01
3 +1.502561234e+02 +1.502561234e+02 +1.666612343e+01 +1.666612343e+01 -8.8606e-02 -1.6768e-01 -3.6716e-01 +1.2662e-01 +1.9124e-01 +2.7687e-01 -1.6323e-01 +3.2446e-02 -5.6145e-02 -1.6096e-01
8 +1.244958562e+02 +1.244958562e+02 -9.094143826e+00 -9.094143826e+00 -7.4909e-02 -3.5205e-01 -1.7637e-01 +8.7857e-02 +1.7370e-01 -3.5783e-01 -2.8389e-01 +7.6116e-02 +1.2443e-01 -2.2173e-01
15 +1.224620349e+02 +1.224620349e+02 -1.112796510e+01 -1.112796510e+01 +9.9976e-02 -5.3847e-01 -2.6027e-01 +5.5664e-01 +5.8477e-01 +1.6756e-01 -3.8842e-01 -6.0505e-02 +1.6730e-01 -6.3591e-01
22 +1.048373967e+02 +1.048373967e+02 -2.875260333e+01 -2.875260333e+01 +1.2312e-01 -2.5729e-01 -2.0785e-01 +7.3355e-01 +3.5374e-01 +6.7346e-02 -2.4471e-01 -2.2623e-01 +2.6612e-01 +8.3311e-02
166 +1.011327861e+02 +1.011327861e+02 -3.245721392e+01 -3.245721392e+01 -3.5287e-01 -5.5854e-01 -3.5360e-01 +5.7999e-02 +1.3913e+00 -4.7650e-01 -1.1595e+00 +8.1342e-02 +6.3126e-01 +3.0505e-01
180 +9.767301997e+01 +9.767301997e+01 -3.591698003e+01 -3.591698003e+01 -3.9035e-01 -2.6497e-01 -4.4885e-01 +1.8400e-02 +1.9040e+00 -9.0165e-01 -1.4492e+00 +3.2169e-01 +3.7764e-01 -4.9655e-01
230 +9.302913901e+01 +9.302913901e+01 -4.056086099e+01 -4.056086099e+01 +4.2783e-01 -8.7338e-01 -4.7435e-01 +6.9506e-02 +1.7513e+00 -5.8323e-01 -1.5519e+00 +1.2687e-01 +6.8689e-01 -9.9772e-01
247 +8.638251671e+01 +8.638251671e+01 -4.720748329e+01 -4.720748329e+01 +3.9575e-01 -1.2950e+00 -3.8455e-01 +9.5274e-03 +1.6605e+00 -8.5175e-02 -1.6415e+00 -3.7107e-02 +1.0647e+00 -1.9502e-01
310 +7.937088658e+01 +7.937088658e+01 -5.421911342e+01 -5.421911342e+01 +1.1760e+00 -1.7398e+00 -1.5988e+00 +1.7228e+00 +1.7301e+00 +5.2797e-01 -7.4520e-01 +5.6751e-02 +3.3998e-01 -7.9274e-01
1055 +7.747941668e+01 +7.747941668e+01 -5.611058332e+01 -5.611058332e+01 +1.4953e+00 -2.5562e+00 -1.1050e+00 +1.7497e+00 +2.0427e+00 -2.3977e+00 -1.4976e-01 +1.1799e+00 +1.9201e+00 -4.6004e-01
1114 +4.945965218e+01 +4.945965218e+01 -8.413034782e+01 -8.413034782e+01 +1.2465e+00 -2.2876e+00 -8.4303e-01 +1.9216e+00 +1.6846e+00 -1.9807e+00 +6.6515e-02 +1.1023e+00 +1.7707e+00 -2.4247e-01
1799 +3.895545655e+01 +3.895545655e+01 -9.463454345e+01 -9.463454345e+01 +1.3176e+00 -1.2331e+00 -1.4137e+00 +6.8940e-01 +1.5613e+00 -1.2876e+00 -4.8143e-01 +1.2081e+00 +1.3753e+00 -7.9596e-01
% function evaluation | noise-free fitness - Fopt (1.198100000000e+02) | best noise-free fitness - Fopt | measured fitness | best measured fitness | x1 | x2...
1 +1.805157789e+02 +1.805157789e+02 +3.003257789e+02 +3.003257789e+02 +0.0000e+00 +0.0000e+00 +0.0000e+00 +0.0000e+00 +0.0000e+00 +0.0000e+00 +0.0000e+00 +0.0000e+00 +0.0000e+00 +0.0000e+00
2 +1.312028542e+02 +1.312028542e+02 +2.510128542e+02 +2.510128542e+02 +2.6289e-01 -4.9573e-02 +3.9497e-01 -1.0179e-01 +5.1254e-02 -1.3858e-01 +3.3656e-02 +9.6710e-02 +6.0290e-02 +1.2821e-01
21 +1.227555827e+02 +1.227555827e+02 +2.425655827e+02 +2.425655827e+02 +3.7418e-02 -1.2350e-01 +9.5091e-02 -3.8687e-01 -1.9275e-01 -1.6509e-01 +4.0575e-01 -8.3547e-02 +1.9339e-01 +9.9728e-02
24 +1.055973520e+02 +1.055973520e+02 +2.254073520e+02 +2.254073520e+02 +3.7034e-01 -4.1022e-02 +9.5185e-03 -1.0929e-01 +8.0164e-02 -3.8573e-01 +2.3563e-01 +1.9544e-01 +2.8257e-01 -1.3418e-01
71 +1.023462849e+02 +1.023462849e+02 +2.221562849e+02 +2.221562849e+02 +5.7449e-01 -1.1223e-01 -2.3882e-02 -4.7485e-01 +2.6310e-01 -3.2743e-01 +6.1332e-01 +1.5313e-01 +1.5290e-01 -1.1471e-01
89 +8.159281119e+01 +8.159281119e+01 +2.014028112e+02 +2.014028112e+02 +1.8115e-01 -1.9035e-01 -1.3784e-01 -6.5194e-01 +2.0475e-01 -2.1126e-01 +1.8785e-01 +2.7186e-01 +9.6988e-02 -3.2541e-02
966 +8.024526486e+01 +8.024526486e+01 +2.000552649e+02 +2.000552649e+02 -6.8134e-01 -5.4611e-01 +2.8251e-01 -1.6106e-01 +7.8461e-01 -8.8373e-01 +8.2147e-01 +2.1741e-01 +2.2857e-01 +5.9472e-04
982 +7.757256610e+01 +7.757256610e+01 +1.973825661e+02 +1.973825661e+02 -6.7756e-01 -5.5378e-01 +2.7423e-01 -1.8113e-01 +7.7056e-01 -8.8142e-01 +8.0819e-01 +2.2634e-01 +2.5393e-01 +7.8037e-03
1059 +7.283237265e+01 +7.283237265e+01 +1.926423727e+02 +1.926423727e+02 -6.7882e-01 -5.3127e-01 +2.5065e-01 -1.5447e-01 +7.3972e-01 -8.7813e-01 +7.8023e-01 +2.7156e-01 +3.2122e-01 +2.4255e-03
1081 +7.004159802e+01 +7.004159802e+01 +1.898515980e+02 +1.898515980e+02 -6.7758e-01 -5.2411e-01 +2.7008e-01 -1.4767e-01 +7.4023e-01 -8.6216e-01 +7.8859e-01 +2.7286e-01 +3.0820e-01 +1.3365e-02
1198 +6.806746614e+01 +6.806746614e+01 +1.878774661e+02 +1.878774661e+02 -6.7010e-01 -5.3098e-01 +2.7124e-01 -1.3496e-01 +7.5680e-01 -8.5457e-01 +7.9415e-01 +2.6201e-01 +3.2169e-01 +1.9914e-02
1221 +6.562549188e+01 +6.562549188e+01 +1.854354919e+02 +1.854354919e+02 -6.7046e-01 -5.2011e-01 +2.7582e-01 -1.4364e-01 +7.5182e-01 -8.6918e-01 +7.8519e-01 +2.7155e-01 +3.2122e-01 +2.0684e-02
1256 +6.430318884e+01 +6.430318884e+01 +1.841131888e+02 +1.841131888e+02 -6.8132e-01 -5.1893e-01 +2.6335e-01 -1.3748e-01 +7.4689e-01 -8.6322e-01 +7.8311e-01 +2.6443e-01 +3.1835e-01 +1.8069e-02
1322 +6.294813194e+01 +6.294813194e+01 +1.827581319e+02 +1.827581319e+02 -6.8087e-01 -5.0286e-01 +2.6390e-01 -1.2462e-01 +7.5496e-01 -8.6726e-01 +7.9164e-01 +2.6863e-01 +3.2013e-01 +4.2849e-02
1333 +6.160124055e+01 +6.160124055e+01 +1.814112405e+02 +1.814112405e+02 -6.7010e-01 -4.9850e-01 +2.6507e-01 -1.2276e-01 +7.5564e-01 -8.6516e-01 +7.8888e-01 +2.7298e-01 +3.2384e-01 +4.7118e-02
1382 +6.016017104e+01 +6.016017104e+01 +1.799701710e+02 +1.799701710e+02 -6.7641e-01 -5.0182e-01 +2.5822e-01 -1.2756e-01 +7.5175e-01 -8.5775e-01 +7.8034e-01 +2.8261e-01 +3.3221e-01 +4.8044e-02
1518 +5.852702312e+01 +5.852702312e+01 +1.783370231e+02 +1.783370231e+02 -6.6967e-01 -4.9600e-01 +2.6053e-01 -1.3297e-01 +7.4979e-01 -8.5658e-01 +7.7711e-01 +2.9926e-01 +3.5522e-01 +5.6328e-02
1606 +5.745749831e+01 +5.745749831e+01 +1.772674983e+02 +1.772674983e+02 -6.7429e-01 -4.8762e-01 +2.6194e-01 -1.2741e-01 +7.5198e-01 -8.5295e-01 +7.8014e-01 +2.9504e-01 +3.5286e-01 +5.5475e-02
2174 +5.622762553e+01 +5.622762553e+01 +1.760376255e+02 +1.760376255e+02 -6.8819e-01 -4.9100e-01 +2.6180e-01 -1.2192e-01 +7.5278e-01 -8.3839e-01 +7.7689e-01 +2.9685e-01 +3.7129e-01 +4.8987e-02
% function evaluation | noise-free fitness - Fopt (-1.224900000000e+02) | best noise-free fitness - Fopt | measured fitness | best measured fitness | x1 | x2...
1 +1.306338727e+02 +1.306338727e+02 +8.143872662e+00 +8.143872662e+00 +0.0000e+00 +0.0000e+00 +0.0000e+00 +0.0000e+00 +0.0000e+00 +0.0000e+00 +0.0000e+00 +0.0000e+00 +0.0000e+00 +0.0000e+00
17 +1.174520506e+02 +1.174520506e+02 -5.037949385e+00 -5.037949385e+00 +3.0029e-01 -1.3815e-01 -1.1024e-02 -9.2022e-02 -1.6692e-01 +6.0555e-03 +1.0718e-01 -6.2976e-03 -1.3658e-01 +3.4313e-01
94 +1.017572053e+02 +1.017572053e+02 -2.073279467e+01 -2.073279467e+01 +3.9699e-01 -1.0564e-01 -2.5296e-02 +3.2946e-02 +2.4642e-01 +9.3606e-02 +1.0583e-01 +9.2084e-02 +8.7600e-02 +3.2075e-01
203 +9.865058617e+01 +9.865058617e+01 -2.383941383e+01 -2.383941383e+01 +4.0033e-01 -8.1258e-01 -2.8613e-01 +1.8040e-01 +9.7178e-02 +4.5080e-01 -1.4018e-01 -2.1967e-01 -6.4474e-01 -1.0568e-01
341 +9.261681749e+01 +9.261681749e+01 -2.987318251e+01 -2.987318251e+01 +7.1397e-01 -9.4968e-01 -3.4780e-01 -1.1604e-01 +1.0107e-01 +6.5700e-01 -8.1773e-01 +8.1661e-02 +4.3792e-01 +1.0131e+00
361 +8.594029892e+01 +8.594029892e+01 -3.654970108e+01 -3.654970108e+01 +1.0295e+00 -4.4709e-01 -3.6619e-01 +5.4818e-02 +1.6388e-01 +8.3168e-01 -7.1550e-01 +1.8537e-01 +8.9983e-02 +1.1426e+00
538 +7.956711472e+01 +7.956711472e+01 -4.292288528e+01 -4.292288528e+01 +2.3978e+00 -9.7293e-01 +1.1223e+00 -1.8950e-01 +2.6187e-01 +1.7780e+00 -1.1918e+00 +8.5887e-01 +3.7525e-01 +4.1933e-01
1443 +7.550847139e+01 +7.550847139e+01 -4.698152861e+01 -4.698152861e+01 +2.2011e+00 -2.8391e+00 +1.0093e+00 -1.7876e+00 +2.4896e+00 +2.0841e-01 -1.7783e-01 -1.7873e+00 +8.3073e-01 +1.8358e-01
1629 +7.355313560e+01 +7.355313560e+01 -4.893686440e+01 -4.893686440e+01 +8.1054e-01 -2.9108e+00 +3.8127e-01 -2.2669e+00 +1.3263e+00 +1.4766e+00 -1.2740e+00 -9.2199e-01 +1.8979e+00 +8.8243e-01
2443 +7.043489283e+01 +7.043489283e+01 -5.205510717e+01 -5.205510717e+01 +6.2760e-01 -2.9025e+00 +1.6498e+00 -7.4141e-02 +1.5309e+00 -1.2711e-01 -2.1009e+00 -1.9176e+00 +2.4679e+00 +9.4161e-01
4157 +6.740404650e+01 +6.740404650e+01 -5.508595350e+01 -5.508595350e+01 +8.7234e-01 -3.4245e-01 +1.3894e+00 -2.4377e+00 +1.0625e+00 -9.7348e-02 -2.1818e+00 -2.2571e+00 +7.7802e-01 +1.7636e+00
5035 +5.927925892e+01 +5.927925892e+01 -6.321074108e+01 -6.321074108e+01 +1.3026e+00 -1.6691e-01 +1.5607e+00 -2.2823e+00 +1.1175e+00 +3.5341e-01 -2.8686e+00 -3.3866e+00 +4.2077e-01 +2.0349e+00
5601 +5.254811187e+01 +5.254811187e+01 -6.994188813e+01 -6.994188813e+01 +1.4548e+00 -2.2187e-01 +1.5444e+00 -2.2699e+00 +1.1137e+00 +4.0663e-01 -2.8014e+00 -3.3544e+00 +6.9333e-01 +1.8982e+00
5679 +5.213607527e+01 +5.213607527e+01 -7.035392473e+01 -7.035392473e+01 +1.4632e+00 -2.2219e-01 +1.5433e+00 -2.2811e+00 +1.1131e+00 +4.0668e-01 -2.8293e+00 -3.3621e+00 +6.5997e-01 +1.9029e+00
5806 +5.115096860e+01 +5.115096860e+01 -7.133903140e+01 -7.133903140e+01 +1.4463e+00 -2.3778e-01 +1.5364e+00 -2.2712e+00 +1.1092e+00 +3.9533e-01 -2.8310e+00 -3.3481e+00 +6.6433e-01 +1.8974e+00
5970 +5.009830204e+01 +5.009830204e+01 -7.239169796e+01 -7.239169796e+01 +1.4477e+00 -2.3072e-01 +1.5348e+00 -2.2692e+00 +1.1046e+00 +4.1039e-01 -2.8172e+00 -3.3535e+00 +6.7799e-01 +1.9008e+00
6018 +4.877473539e+01 +4.877473539e+01 -7.371526461e+01 -7.371526461e+01 +1.4533e+00 -2.3181e-01 +1.5382e+00 -2.2707e+00 +1.1089e+00 +4.1381e-01 -2.8157e+00 -3.3547e+00 +6.7698e-01 +1.9034e+00
6051 +4.757900653e+01 +4.757900653e+01 -7.491099347e+01 -7.491099347e+01 +1.4548e+00 -2.2778e-01 +1.5384e+00 -2.2676e+00 +1.1122e+00 +4.0896e-01 -2.8181e+00 -3.3533e+00 +6.8071e-01 +1.9046e+00
6066 +4.638019344e+01 +4.638019344e+01 -7.610980656e+01 -7.610980656e+01 +1.4573e+00 -2.2964e-01 +1.5388e+00 -2.2624e+00 +1.1163e+00 +4.0438e-01 -2.8168e+00 -3.3502e+00 +6.8148e-01 +1.9050e+00
6109 +4.530931174e+01 +4.530931174e+01 -7.718068826e+01 -7.718068826e+01 +1.4678e+00 -2.3321e-01 +1.5378e+00 -2.2585e+00 +1.1230e+00 +4.0525e-01 -2.8122e+00 -3.3445e+00 +6.8470e-01 +1.9060e+00
6147 +4.449819139e+01 +4.449819139e+01 -7.799180861e+01 -7.799180861e+01 +1.4601e+00 -2.3415e-01 +1.5389e+00 -2.2572e+00 +1.1263e+00 +4.0288e-01 -2.8195e+00 -3.3460e+00 +6.8751e-01 +1.9056e+00
6169 +4.273195502e+01 +4.273195502e+01 -7.975804498e+01 -7.975804498e+01 +1.4650e+00 -2.3323e-01 +1.5409e+00 -2.2602e+00 +1.1383e+00 +4.1116e-01 -2.8156e+00 -3.3513e+00 +6.8827e-01 +1.9056e+00
6206 +4.241845583e+01 +4.241845583e+01 -8.007154417e+01 -8.007154417e+01 +1.4597e+00 -2.4441e-01 +1.5426e+00 -2.2566e+00 +1.1344e+00 +4.0164e-01 -2.8197e+00 -3.3472e+00 +6.8459e-01 +1.9027e+00
6235 +4.152969282e+01 +4.152969282e+01 -8.096030718e+01 -8.096030718e+01 +1.4619e+00 -2.4175e-01 +1.5434e+00 -2.2557e+00 +1.1418e+00 +4.0363e-01 -2.8235e+00 -3.3513e+00 +6.8668e-01 +1.9009e+00
6279 +4.072653182e+01 +4.072653182e+01 -8.176346818e+01 -8.176346818e+01 +1.4526e+00 -2.4341e-01 +1.5447e+00 -2.2531e+00 +1.1490e+00 +4.0701e-01 -2.8217e+00 -3.3556e+00 +6.9463e-01 +1.9082e+00
6398 +3.979710046e+01 +3.979710046e+01 -8.269289954e+01 -8.269289954e+01 +1.4551e+00 -2.4637e-01 +1.5451e+00 -2.2559e+00 +1.1543e+00 +4.0948e-01 -2.8273e+00 -3.3566e+00 +6.8498e-01 +1.9037e+00
6569 +3.890085711e+01 +3.890085711e+01 -8.358914289e+01 -8.358914289e+01 +1.4530e+00 -2.5020e-01 +1.5469e+00 -2.2546e+00 +1.1625e+00 +4.1084e-01 -2.8308e+00 -3.3620e+00 +6.8514e-01 +1.9052e+00
6637 +3.787874611e+01 +3.787874611e+01 -8.461125389e+01 -8.461125389e+01 +1.4528e+00 -2.5055e-01 +1.5526e+00 -2.2555e+00 +1.1612e+00 +4.1337e-01 -2.8267e+00 -3.3645e+00 +6.8579e-01 +1.9028e+00
6696 +3.664751023e+01 +3.664751023e+01 -8.584248977e+01 -8.584248977e+01 +1.4494e+00 -2.5400e-01 +1.5639e+00 -2.2556e+00 +1.1653e+00 +4.1133e-01 -2.8261e+00 -3.3662e+00 +6.8503e-01 +1.9008e+00
6746 +3.624460988e+01 +3.624460988e+01 -8.624539012e+01 -8.624539012e+01 +1.4483e+00 -2.5411e-01 +1.5652e+00 -2.2540e+00 +1.1698e+00 +4.1119e-01 -2.8284e+00 -3.3686e+00 +6.8640e-01 +1.9027e+00
6861 +3.544006765e+01 +3.544006765e+01 -8.704993235e+01 -8.704993235e+01 +1.4488e+00 -2.5906e-01 +1.5717e+00 -2.2526e+00 +1.1777e+00 +4.1508e-01 -2.8276e+00 -3.3736e+00 +6.9106e-01 +1.9020e+00
% function evaluation | noise-free fitness - Fopt (1.829000000000e+01) | best noise-free fitness - Fopt | measured fitness | best measured fitness | x1 | x2...
1 +1.525511169e+02 +1.525511169e+02 +1.708411169e+02 +1.708411169e+02 +0.0000e+00 +0.0000e+00 +0.0000e+00 +0.0000e+00 +0.0000e+00 +0.0000e+00 +0.0000e+00 +0.0000e+00 +0.0000e+00 +0.0000e+00
5 +1.479106239e+02 +1.479106239e+02 +1.662006239e+02 +1.662006239e+02 -2.3316e-01 -4.0454e-01 +9.3702e-03 -2.0343e-01 +2.6378e-01 -9.8649e-02 -2.0379e-01 +8.8144e-02 +1.6385e-01 -2.1105e-01
7 +1.240851877e+02 +1.240851877e+02 +1.423751877e+02 +1.423751877e+02 +6.8858e-02 +2.1416e-01 -2.9730e-01 -6.6465e-02 +1.4289e-02 -1.4199e-01 -1.4530e-01 +1.3940e-01 +6.3830e-02 +5.6876e-03
21 +1.065730821e+02 +1.065730821e+02 +1.248630821e+02 +1.248630821e+02 +4.4716e-02 -5.8081e-01 +5.5864e-02 +8.5135e-02 +2.2294e-01 -1.2241e-01 +2.5152e-01 +1.9251e-01 +3.7405e-01 -6.0777e-02
98 +1.011698757e+02 +1.011698757e+02 +1.194598757e+02 +1.194598757e+02 +9.8158e-01 -3.3568e-01 +9.7891e-01 -5.4114e-01 -3.2019e-01 -4.1042e-01 +7.2573e-01 -1.0105e-01 -8.4286e-02 -1.2950e-01
129 +9.972766799e+01 +9.972766799e+01 +1.180176680e+02 +1.180176680e+02 +6.2978e-01 +4.1299e-02 +1.2012e+00 -4.2048e-01 -3.7986e-02 +4.0764e-02 +6.4113e-02 +3.5171e-01 -7.6875e-01 +2.8638e-03
206 +9.734970936e+01 +9.734970936e+01 +1.156397094e+02 +1.156397094e+02 +1.8292e-01 +1.5053e-01 +9.8426e-01 -2.2566e-01 -5.1958e-01 -3.4323e-01 -1.5622e-01 +5.7777e-01 -5.2807e-01 -3.4291e-01
238 +9.238824994e+01 +9.238824994e+01 +1.106782499e+02 +1.106782499e+02 +4.4252e-01 +9.2163e-01 +8.1845e-01 +9.4291e-02 -8.0042e-01 -2.9105e-01 +8.3955e-02 +6.5421e-01 -4.6933e-01 -2.0184e-01
378 +7.910995774e+01 +7.910995774e+01 +9.739995774e+01 +9.739995774e+01 +4.0060e-01 +8.5842e-01 +6.2969e-01 +4.8679e-02 -9.3153e-01 -1.6908e+00 +5.0795e-01 +3.7042e-01 +4.4392e-01 +6.1236e-01
460 +7.753080615e+01 +7.753080615e+01 +9.582080615e+01 +9.582080615e+01 +1.2732e+00 +1.9442e+00 +2.5020e+00 -4.2317e-01 -6.5398e-01 -1.8557e+00 -5.1406e-02 +4.7672e-01 +5.6826e-01 +6.9303e-01
498 +6.655133168e+01 +6.655133168e+01 +8.484133168e+01 +8.484133168e+01 +1.0215e+00 +8.6406e-01 +1.3619e+00 -3.6213e-01 -1.2735e+00 -1.7479e+00 -9.6689e-01 +7.0063e-01 +5.6428e-01 +9.4404e-01
650 +6.301059831e+01 +6.301059831e+01 +8.130059831e+01 +8.130059831e+01 +1.3249e+00 +2.2661e+00 +3.3320e-01 -2.8306e-01 -8.3741e-01 -2.2022e+00 -2.0989e-01 +7.2874e-01 +1.0594e+00 +9.5822e-01
804 +4.545103028e+01 +4.545103028e+01 +6.374103028e+01 +6.374103028e+01 +1.1675e+00 +1.6521e+00 +9.9105e-01 -3.0678e-01 -1.3030e+00 -2.2113e+00 -4.3510e-01 +1.0147e+00 +1.2697e+00 +6.3461e-01
1943 +4.347915173e+01 +4.347915173e+01 +6.176915173e+01 +6.176915173e+01 +1.0987e+00 +1.9559e+00 +1.7179e+00 -2.2578e-01 -1.6214e+00 -1.6122e+00 +3.9562e-02 +1.2832e+00 +1.5810e+00 +3.8632e-01
2045 +4.255694174e+01 +4.255694174e+01 +6.084694174e+01 +6.084694174e+01 +1.0966e+00 +1.9412e+00 +1.7087e+00 -2.3346e-01 -1.6290e+00 -1.6063e+00 +3.5110e-02 +1.2916e+00 +1.5857e+00 +3.9185e-01
2051 +4.135309903e+01 +4.135309903e+01 +5.964309903e+01 +5.964309903e+01 +1.0909e+00 +1.9383e+00 +1.7119e+00 -2.3111e-01 -1.6288e+00 -1.6015e+00 +3.6021e-02 +1.2885e+00 +1.5905e+00 +3.8905e-01
2068 +3.975282791e+01 +3.975282791e+01 +5.804282791e+01 +5.804282791e+01 +1.0883e+00 +1.9434e+00 +1.7197e+00 -2.3343e-01 -1.6311e+00 -1.6020e+00 +4.3337e-02 +1.2933e+00 +1.5856e+00 +3.8690e-01
2103 +3.828671055e+01 +3.828671055e+01 +5.657671055e+01 +5.657671055e+01 +1.0857e+00 +1.9415e+00 +1.7100e+00 -2.3395e-01 -1.6361e+00 -1.6087e+00 +3.6755e-02 +1.2902e+00 +1.5883e+00 +3.8230e-01
2125 +3.750468643e+01 +3.750468643e+01 +5.579468643e+01 +5.579468643e+01 +1.0857e+00 +1.9465e+00 +1.7120e+00 -2.3253e-01 -1.6396e+00 -1.5959e+00 +4.1983e-02 +1.2896e+00 +1.5871e+00 +3.8373e-01
2154 +3.683928158e+01 +3.683928158e+01 +5.512928158e+01 +5.512928158e+01 +1.0773e+00 +1.9389e+00 +1.7170e+00 -2.3261e-01 -1.6365e+00 -1.5931e+00 +4.4390e-02 +1.2901e+00 +1.5891e+00 +3.8327e-01
2181 +3.630519779e+01 +3.630519779e+01 +5.459519779e+01 +5.459519779e+01 +1.0747e+00 +1.9407e+00 +1.7116e+00 -2.2637e-01 -1.6336e+00 -1.5892e+00 +4.8439e-02 +1.2896e+00 +1.5921e+00 +3.8314e-01
2197 +3.532134123e+01 +3.532134123e+01 +5.361134123e+01 +5.361134123e+01 +1.0772e+00 +1.9423e+00 +1.7128e+00 -2.2579e-01 -1.6365e+00 -1.5811e+00 +4.5381e-02 +1.2900e+00 +1.5876e+00 +3.8020e-01
2208 +3.392168466e+01 +3.392168466e+01 +5.221168466e+01 +5.221168466e+01 +1.0755e+00 +1.9358e+00 +1.7139e+00 -2.2734e-01 -1.6367e+00 -1.5866e+00 +4.9120e-02 +1.2921e+00 +1.5864e+00 +3.7880e-01
2210 +3.371645789e+01 +3.371645789e+01 +5.200645789e+01 +5.200645789e+01 +1.0766e+00 +1.9394e+00 +1.7158e+00 -2.2952e-01 -1.6373e+00 -1.5858e+00 +5.1179e-02 +1.2906e+00 +1.5852e+00 +3.7685e-01
2220 +3.301955885e+01 +3.301955885e+01 +5.130955885e+01 +5.130955885e+01 +1.0796e+00 +1.9327e+00 +1.7140e+00 -2.2478e-01 -1.6375e+00 -1.5786e+00 +5.3461e-02 +1.2922e+00 +1.5871e+00 +3.7455e-01
2240 +3.205466163e+01 +3.205466163e+01 +5.034466163e+01 +5.034466163e+01 +1.0704e+00 +1.9262e+00 +1.7116e+00 -2.2602e-01 -1.6422e+00 -1.5830e+00 +5.4663e-02 +1.2915e+00 +1.5899e+00 +3.6722e-01
2243 +3.154429550e+01 +3.154429550e+01 +4.983429550e+01 +4.983429550e+01 +1.0707e+00 +1.9348e+00 +1.7117e+00 -2.2645e-01 -1.6383e+00 -1.5860e+00 +5.4935e-02 +1.2892e+00 +1.5910e+00 +3.6642e-01
2244 +3.072407190e+01 +3.072407190e+01 +4.901407190e+01 +4.901407190e+01 +1.0723e+00 +1.9267e+00 +1.7080e+00 -2.2734e-01 -1.6396e+00 -1.5780e+00 +5.4410e-02 +1.2901e+00 +1.5864e+00 +3.6335e-01
2258 +3.010004206e+01 +3.010004206e+01 +4.839004206e+01 +4.839004206e+01 +1.0655e+00 +1.9328e+00 +1.7134e+00 -2.2273e-01 -1.6380e+00 -1.5768e+00 +5.7677e-02 +1.2896e+00 +1.5893e+00 +3.6352e-01
2318 +2.923504573e+01 +2.923504573e+01 +4.752504573e+01 +4.752504573e+01 +1.0595e+00 +1.9238e+00 +1.7112e+00 -2.2461e-01 -1.6446e+00 -1.5700e+00 +5.9316e-02 +1.2915e+00 +1.5805e+00 +3.5506e-01
2331 +2.862207540e+01 +2.862207540e+01 +4.691207540e+01 +4.691207540e+01 +1.0620e+00 +1.9272e+00 +1.7146e+00 -2.2362e-01 -1.6399e+00 -1.5754e+00 +6.1331e-02 +1.2914e+00 +1.5819e+00 +3.5300e-01
2345 +2.817186288e+01 +2.817186288e+01 +4.646186288e+01 +4.646186288e+01 +1.0638e+00 +1.9291e+00 +1.7155e+00 -2.2205e-01 -1.6423e+00 -1.5670e+00 +6.5181e-02 +1.2915e+00 +1.5831e+00 +3.5251e-01
2400 +2.748115484e+01 +2.748115484e+01 +4.577115484e+01 +4.577115484e+01 +1.0616e+00 +1.9300e+00 +1.7161e+00 -2.2458e-01 -1.6431e+00 -1.5683e+00 +6.6063e-02 +1.2873e+00 +1.5780e+00 +3.4414e-01
2478 +2.676420436e+01 +2.676420436e+01 +4.505420436e+01 +4.505420436e+01 +1.0607e+00 +1.9281e+00 +1.7191e+00 -2.2213e-01 -1.6429e+00 -1.5627e+00 +6.4772e-02 +1.2863e+00 +1.5783e+00 +3.4242e-01
2528 +2.623075676e+01 +2.623075676e+01 +4.452075676e+01 +4.452075676e+01 +1.0601e+00 +1.9279e+00 +1.7187e+00 -2.2034e-01 -1.6423e+00 -1.5624e+00 +6.6700e-02 +1.2842e+00 +1.5769e+00 +3.3663e-01
2599 +2.570325891e+01 +2.570325891e+01 +4.399325891e+01 +4.399325891e+01 +1.0590e+00 +1.9279e+00 +1.7173e+00 -2.1762e-01 -1.6410e+00 -1.5630e+00 +6.8001e-02 +1.2832e+00 +1.5783e+00 +3.3687e-01
2651 +2.499193624e+01 +2.499193624e+01 +4.328193624e+01 +4.328193624e+01 +1.0598e+00 +1.9308e+00 +1.7166e+00 -2.1561e-01 -1.6395e+00 -1.5629e+00 +6.9698e-02 +1.2805e+00 +1.5783e+00 +3.3436e-01
2700 +2.436951933e+01 +2.436951933e+01 +4.265951933e+01 +4.265951933e+01 +1.0587e+00 +1.9317e+00 +1.7163e+00 -2.1345e-01 -1.6394e+00 -1.5647e+00 +6.9098e-02 +1.2768e+00 +1.5779e+00 +3.3187e-01
2743 +2.373065018e+01 +2.373065018e+01 +4.202065018e+01 +4.202065018e+01 +1.0591e+00 +1.9321e+00 +1.7146e+00 -2.1188e-01 -1.6357e+00 -1.5688e+00 +6.8970e-02 +1.2726e+00 +1.5797e+00 +3.3191e-01
2798 +2.339335942e+01 +2.339335942e+01 +4.168335942e+01 +4.168335942e+01 +1.0607e+00 +1.9347e+00 +1.7118e+00 -2.1231e-01 -1.6341e+00 -1.5667e+00 +6.9593e-02 +1.2670e+00 +1.5796e+00 +3.2067e-01
2826 +2.277057063e+01 +2.277057063e+01 +4.106057063e+01 +4.106057063e+01 +1.0585e+00 +1.9361e+00 +1.7150e+00 -2.0675e-01 -1.6331e+00 -1.5680e+00 +6.7677e-02 +1.2653e+00 +1.5797e+00 +3.2498e-01
2898 +2.237801349e+01 +2.237801349e+01 +4.066801349e+01 +4.066801349e+01 +1.0578e+00 +1.9371e+00 +1.7139e+00 -2.0744e-01 -1.6341e+00 -1.5739e+00 +7.3132e-02 +1.2653e+00 +1.5818e+00 +3.2250e-01
2973 +2.184698336e+01 +2.184698336e+01 +4.013698336e+01 +4.013698336e+01 +1.0570e+00 +1.9419e+00 +1.7168e+00 -2.0683e-01 -1.6329e+00 -1.5755e+00 +6.8565e-02 +1.2586e+00 +1.5798e+00 +3.2010e-01
3064 +2.136737166e+01 +2.136737166e+01 +3.965737166e+01 +3.965737166e+01 +1.0590e+00 +1.9437e+00 +1.7165e+00 -2.0448e-01 -1.6312e+00 -1.5763e+00 +6.9291e-02 +1.2554e+00 +1.5800e+00 +3.1460e-01
3187 +2.083909931e+01 +2.083909931e+01 +3.912909931e+01 +3.912909931e+01 +1.0567e+00 +1.9443e+00 +1.7125e+00 -2.0239e-01 -1.6279e+00 -1.5786e+00 +7.1670e-02 +1.2541e+00 +1.5835e+00 +3.1510e-01
3330 +2.040618153e+01 +2.040618153e+01 +3.869618153e+01 +3.869618153e+01 +1.0570e+00 +1.9453e+00 +1.7128e+00 -1.9907e-01 -1.6245e+00 -1.5807e+00 +7.1626e-02 +1.2501e+00 +1.5854e+00 +3.1176e-01
3552 +1.994865556e+01 +1.994865556e+01 +3.823865556e+01 +3.823865556e+01 +1.0554e+00 +1.9495e+00 +1.7123e+00 -1.9551e-01 -1.6225e+00 -1.5822e+00 +7.4372e-02 +1.2427e+00 +1.5855e+00 +3.0342e-01
% function evaluation | noise-free fitness - Fopt (-1.635000000000e+01) | best noise-free fitness - Fopt | measured fitness | best measured fitness | x1 | x2...
1 +1.458607430e+02 +1.458607430e+02 +1.295107430e+02 +1.295107430e+02 +0.0000e+00 +0.0000e+00 +0.0000e+00 +0.0000e+00 +0.0000e+00 +0.0000e+00 +0.0000e+00 +0.0000e+00 +0.0000e+00 +0.0000e+00
4 +1.283875664e+02 +1.283875664e+02 +1.120375664e+02 +1.120375664e+02 +1.6101e-01 -1.0060e-01 +1.7501e-01 -1.5505e-01 -1.8064e-01 +3.8398e-01 +2.1992e-01 -4.7721e-02 -2.7131e-01 -1.1957e-02
24 +1.216392769e+02 +1.216392769e+02 +1.052892769e+02 +1.052892769e+02 +1.5269e-01 +5.3696e-02 +8.8700e-02 -8.5731e-02 +1.8605e-02 -8.4547e-02 +1.4676e-01 +3.0182e-01 -1.2791e-02 -2.1232e-01
97 +1.060489557e+02 +1.060489557e+02 +8.969895574e+01 +8.969895574e+01 +5.5754e-02 +9.0657e-02 -5.8911e-02 +5.2736e-02 -9.2592e-02 -4.7667e-01 +6.2999e-01 +2.1813e-02 +6.1206e-01 -5.7858e-01
107 +9.781294004e+01 +9.781294004e+01 +8.146294004e+01 +8.146294004e+01 +7.2325e-02 +2.7724e-01 +4.2794e-02 +3.1776e-01 -3.4934e-01 -1.9196e-01 +3.3305e-01 -1.2887e-01 +5.3788e-01 -4.2774e-01
214 +8.535693845e+01 +8.535693845e+01 +6.900693845e+01 +6.900693845e+01 -1.4106e-01 +2.3533e-01 +1.2448e-01 +2.4120e-01 -3.2075e-01 +1.1241e-01 +3.8100e-01 +1.3493e-01 +1.1030e+00 -4.3932e-01
1365 +8.186161313e+01 +8.186161313e+01 +6.551161313e+01 +6.551161313e+01 -5.8630e-01 -2.4803e-01 +1.2133e-01 +5.2259e-01 -4.2278e-01 +1.1916e+00 -6.1850e-02 +2.8588e-02 +2.1300e+00 -2.6035e-01
1368 +8.121227711e+01 +8.121227711e+01 +6.486227711e+01 +6.486227711e+01 -5.8950e-01 -2.4850e-01 +1.2790e-01 +5.2391e-01 -4.1973e-01 +1.1805e+00 -6.9541e-02 +1.9904e-02 +2.1195e+00 -2.6322e-01
1377 +7.798903881e+01 +7.798903881e+01 +6.163903881e+01 +6.163903881e+01 -5.8906e-01 -2.4397e-01 +1.2674e-01 +5.2111e-01 -4.1726e-01 +1.1861e+00 -7.2049e-02 +2.2468e-02 +2.1282e+00 -2.5625e-01
1439 +7.761099013e+01 +7.761099013e+01 +6.126099013e+01 +6.126099013e+01 -5.9260e-01 -2.4647e-01 +1.3047e-01 +5.2281e-01 -4.2077e-01 +1.1899e+00 -6.0926e-02 +2.9264e-02 +2.1216e+00 -2.6145e-01
1455 +7.447667922e+01 +7.447667922e+01 +5.812667922e+01 +5.812667922e+01 -5.9166e-01 -2.4652e-01 +1.3616e-01 +5.2035e-01 -4.1930e-01 +1.1817e+00 -7.0539e-02 +3.2856e-02 +2.1269e+00 -2.6303e-01
1458 +7.370107811e+01 +7.370107811e+01 +5.735107811e+01 +5.735107811e+01 -5.9355e-01 -2.4558e-01 +1.3815e-01 +5.1786e-01 -4.1806e-01 +1.1835e+00 -6.8134e-02 +3.1277e-02 +2.1294e+00 -2.6012e-01
1478 +7.191156906e+01 +7.191156906e+01 +5.556156906e+01 +5.556156906e+01 -5.9518e-01 -2.4392e-01 +1.3990e-01 +5.1571e-01 -4.1873e-01 +1.1835e+00 -6.8606e-02 +3.2801e-02 +2.1319e+00 -2.6437e-01
1495 +7.041023995e+01 +7.041023995e+01 +5.406023995e+01 +5.406023995e+01 -5.9418e-01 -2.3893e-01 +1.4180e-01 +5.1151e-01 -4.1872e-01 +1.1830e+00 -7.0348e-02 +3.3471e-02 +2.1339e+00 -2.6541e-01
1572 +6.817814685e+01 +6.817814685e+01 +5.182814685e+01 +5.182814685e+01 -5.9343e-01 -2.3580e-01 +1.4256e-01 +4.9806e-01 -4.1651e-01 +1.1853e+00 -6.4077e-02 +4.1669e-02 +2.1272e+00 -2.6250e-01
1579 +6.750730562e+01 +6.750730562e+01 +5.115730562e+01 +5.115730562e+01 -5.9425e-01 -2.3639e-01 +1.4387e-01 +5.0035e-01 -4.2027e-01 +1.1838e+00 -6.4385e-02 +5.1176e-02 +2.1268e+00 -2.6094e-01
1645 +6.570832005e+01 +6.570832005e+01 +4.935832005e+01 +4.935832005e+01 -6.0394e-01 -2.3132e-01 +1.5940e-01 +4.9505e-01 -4.1369e-01 +1.1879e+00 -6.2110e-02 +5.1200e-02 +2.1250e+00 -2.6543e-01
1690 +6.440479605e+01 +6.440479605e+01 +4.805479605e+01 +4.805479605e+01 -6.0763e-01 -2.2335e-01 +1.5726e-01 +4.8573e-01 -4.1769e-01 +1.1766e+00 -5.5208e-02 +4.8173e-02 +2.1168e+00 -2.6101e-01
1726 +6.237741771e+01 +6.237741771e+01 +4.602741771e+01 +4.602741771e+01 -6.1119e-01 -2.2198e-01 +1.6163e-01 +4.8416e-01 -4.1737e-01 +1.1772e+00 -4.8134e-02 +6.2078e-02 +2.1177e+00 -2.6120e-01
1772 +6.141957542e+01 +6.141957542e+01 +4.506957542e+01 +4.506957542e+01 -6.0723e-01 -2.2483e-01 +1.5651e-01 +4.8840e-01 -4.2041e-01 +1.1698e+00 -5.7578e-02 +6.4980e-02 +2.1189e+00 -2.6381e-01
1804 +6.015942749e+01 +6.015942749e+01 +4.380942749e+01 +4.380942749e+01 -6.0544e-01 -2.2384e-01 +1.5577e-01 +4.8960e-01 -4.2440e-01 +1.1673e+00 -5.5390e-02 +7.3916e-02 +2.1182e+00 -2.6591e-01
1936 +5.878442083e+01 +5.878442083e+01 +4.243442083e+01 +4.243442083e+01 -6.0990e-01 -2.2205e-01 +1.5386e-01 +4.9370e-01 -4.3167e-01 +1.1569e+00 -5.3053e-02 +8.9146e-02 +2.1191e+00 -2.7697e-01
2307 +5.752525881e+01 +5.752525881e+01 +4.117525881e+01 +4.117525881e+01 -6.0917e-01 -2.1326e-01 +1.4718e-01 +4.8716e-01 -4.3894e-01 +1.1474e+00 -5.0634e-02 +1.0709e-01 +2.1166e+00 -2.7636e-01
% function evaluation | noise-free fitness - Fopt (6.840000000000e+00) | best noise-free fitness - Fopt | measured fitness | best measured fitness | x1 | x2...
1 +1.775301813e+02 +1.775301813e+02 +1.843701813e+02 +1.843701813e+02 +0.0000e+00 +0.0000e+00 +0.0000e+00 +0.0000e+00 +0.0000e+00 +0.0000e+00 +0.0000e+00 +0.0000e+00 +0.0000e+00 +0.0000e+00
2 +1.600840005e+02 +1.600840005e+02 +1.669240005e+02 +1.669240005e+02 +7.1907e-02 +1.6048e-01 +2.6541e-01 +5.9082e-02 +1.3091e-01 -4.5917e-02 -5.1300e-03 +8.1774e-02 -1.3664e-04 +5.8974e-02
3 +1.569961691e+02 +1.569961691e+02 +1.638361691e+02 +1.638361691e+02 -1.2516e-01 -1.5953e-02 -3.4278e-01 -2.0037e-01 +8.0444e-02 +2.6112e-01 -6.1619e-02 +2.5067e-01 -1.1852e-01 -1.3320e-01
6 +1.357278092e+02 +1.357278092e+02 +1.425678092e+02 +1.425678092e+02 +1.9780e-01 +2.2208e-01 -2.0198e-01 -4.5540e-02 -6.5102e-02 -2.6338e-01 -1.4259e-01 +3.5257e-02 +1.7000e-01 -2.8282e-01
32 +1.267018173e+02 +1.267018173e+02 +1.335418173e+02 +1.335418173e+02 +3.9942e-01 +1.8314e-01 -4.1089e-01 +2.2386e-01 +2.1368e-04 -1.5525e-01 +6.8705e-02 +3.1535e-01 -9.7891e-03 -1.8048e-01
34 +8.649930262e+01 +8.649930262e+01 +9.333930262e+01 +9.333930262e+01 +5.3074e-01 -6.7313e-02 -3.7479e-01 +1.3984e-01 +3.7885e-01 -2.6525e-01 +7.1978e-02 +1.1091e-01 +5.5019e-02 -2.2765e-01
216 +6.749080067e+01 +6.749080067e+01 +7.433080067e+01 +7.433080067e+01 +4.1297e-01 -8.0352e-01 -1.7691e+00 +8.8803e-02 +1.0313e+00 -9.4911e-01 -2.0349e-01 +1.2668e+00 -7.6804e-01 +7.7418e-01
533 +5.175671720e+01 +5.175671720e+01 +5.859671720e+01 +5.859671720e+01 +8.3392e-01 -9.8789e-01 -8.5096e-01 -6.2669e-01 +1.1377e+00 -1.4297e+00 +9.4301e-01 +1.9613e+00 -2.1212e+00 +7.5240e-01
623 +4.866764663e+01 +4.866764663e+01 +5.550764663e+01 +5.550764663e+01 +1.0317e+00 -9.1996e-01 -1.5624e+00 -9.2577e-01 +1.1644e+00 -1.0537e+00 +9.5662e-01 +1.4705e+00 -2.3551e+00 +1.2248e+00
5495 +3.600779431e+01 +3.600779431e+01 +4.284779431e+01 +4.284779431e+01 +2.7634e-01 -1.6359e+00 -1.7948e+00 -4.8174e-01 +1.0817e+00 -1.0634e+00 +1.7240e+00 +1.2466e+00 -7.6927e-01 +1.8104e+00
9862 +3.510659426e+01 +3.510659426e+01 +4.194659426e+01 +4.194659426e+01 +1.6532e+00 -2.4025e+00 -2.7236e+00 -5.8567e-01 +1.5286e+00 -2.2620e+00 +1.6304e+00 +1.8310e+00 -2.5882e-02 +1.0556e+00
9895 +3.466232334e+01 +3.466232334e+01 +4.150232334e+01 +4.150232334e+01 +1.6529e+00 -2.4023e+00 -2.7209e+00 -5.8766e-01 +1.5330e+00 -2.2655e+00 +1.6327e+00 +1.8298e+00 -2.9444e-02 +1.0493e+00
9908 +3.314649914e+01 +3.314649914e+01 +3.998649914e+01 +3.998649914e+01 +1.6520e+00 -2.4028e+00 -2.7213e+00 -5.8973e-01 +1.5191e+00 -2.2670e+00 +1.6390e+00 +1.8257e+00 -4.2385e-02 +1.0545e+00
9932 +3.303903042e+01 +3.303903042e+01 +3.987903042e+01 +3.987903042e+01 +1.6539e+00 -2.4020e+00 -2.7228e+00 -5.9099e-01 +1.5199e+00 -2.2645e+00 +1.6343e+00 +1.8287e+00 -4.3483e-02 +1.0512e+00
10059 +3.224065503e+01 +3.224065503e+01 +3.908065503e+01 +3.908065503e+01 +1.6550e+00 -2.4055e+00 -2.7221e+00 -5.8930e-01 +1.5199e+00 -2.2702e+00 +1.6403e+00 +1.8300e+00 -3.8133e-02 +1.0532e+00
10162 +3.157064789e+01 +3.157064789e+01 +3.841064789e+01 +3.841064789e+01 +1.6548e+00 -2.4046e+00 -2.7217e+00 -5.9037e-01 +1.5222e+00 -2.2712e+00 +1.6410e+00 +1.8319e+00 -3.7374e-02 +1.0578e+00
10277 +3.079318727e+01 +3.079318727e+01 +3.763318727e+01 +3.763318727e+01 +1.6578e+00 -2.4040e+00 -2.7179e+00 -5.9004e-01 +1.5230e+00 -2.2758e+00 +1.6420e+00 +1.8321e+00 -3.1002e-02 +1.0633e+00
10348 +3.019541179e+01 +3.019541179e+01 +3.703541179e+01 +3.703541179e+01 +1.6576e+00 -2.4017e+00 -2.7173e+00 -5.9117e-01 +1.5257e+00 -2.2747e+00 +1.6443e+00 +1.8311e+00 -2.9745e-02 +1.0680e+00
10422 +2.945125244e+01 +2.945125244e+01 +3.629125244e+01 +3.629125244e+01 +1.6569e+00 -2.4014e+00 -2.7138e+00 -5.9172e-01 +1.5220e+00 -2.2772e+00 +1.6490e+00 +1.8327e+00 -3.1234e-02 +1.0752e+00
% function evaluation | noise-free fitness - Fopt (-2.068000000000e+01) | best noise-free fitness - Fopt | measured fitness | best measured fitness | x1 | x2...
1 +1.421945522e+02 +1.421945522e+02 +1.215145522e+02 +1.215145522e+02 +0.0000e+00 +0.0000e+00 +0.0000e+00 +0.0000e+00 +0.0000e+00 +0.0000e+00 +0.0000e+00 +0.0000e+00 +0.0000e+00 +0.0000e+00
3 +1.212451384e+02 +1.212451384e+02 +1.005651384e+02 +1.005651384e+02 -8.8861e-03 -1.6001e-01 -3.8276e-02 +2.2630e-01 -6.4705e-02 +2.3082e-02 +2.0871e-01 +9.0793e-02 -7.5874e-03 +6.2951e-02
25 +1.176681928e+02 +1.176681928e+02 +9.698819280e+01 +9.698819280e+01 -4.8113e-02 -1.2216e-01 +1.7245e-01 +4.7876e-01 -1.2342e-01 -4.4135e-01 +1.5082e-01 +1.5522e-01 +2.5066e-01 +2.4639e-02
48 +1.088401394e+02 +1.088401394e+02 +8.816013942e+01 +8.816013942e+01 +8.5914e-02 -2.2553e-01 +1.7189e-01 +1.0086e+00 -3.2200e-02 -5.2203e-01 +5.0777e-01 +4.6525e-01 +3.3267e-01 +6.3960e-01
53 +9.540337160e+01 +9.540337160e+01 +7.472337160e+01 +7.472337160e+01 -2.2685e-01 -2.8205e-01 +3.2617e-01 +6.1498e-01 -3.6199e-01 -5.8551e-01 +7.2449e-01 +2.3298e-02 +1.7790e-01 -1.9586e-02
86 +7.933651181e+01 +7.933651181e+01 +5.865651181e+01 +5.865651181e+01 -5.7785e-02 -1.0974e+00 -1.2929e-01 +1.9791e+00 -2.4548e-01 -3.9737e-01 +2.2415e-01 +9.9585e-01 +4.2997e-02 -2.7253e-01
282 +6.984706687e+01 +6.984706687e+01 +4.916706687e+01 +4.916706687e+01 -8.8261e-03 -1.4260e+00 +5.6903e-01 +1.0762e+00 -5.8980e-01 -1.2147e+00 +3.4894e-01 +2.1762e+00 -8.1523e-01 +6.1007e-01
1379 +4.398768619e+01 +4.398768619e+01 +2.330768619e+01 +2.330768619e+01 -6.9379e-01 -1.9129e+00 +3.7807e-01 -9.0112e-03 -4.5938e-01 -1.5595e+00 +9.9266e-01 +1.6908e+00 -1.4682e+00 +8.8031e-01
11195 +4.347958231e+01 +4.347958231e+01 +2.279958231e+01 +2.279958231e+01 -2.1250e+00 +8.7622e-02 +1.9978e+00 +5.5171e-01 -1.2495e+00 -1.4591e+00 +1.5715e+00 +2.1669e+00 -2.7753e+00 +1.0168e+00
11209 +4.257404617e+01 +4.257404617e+01 +2.189404617e+01 +2.189404617e+01 -2.1245e+00 +8.3931e-02 +1.9999e+00 +5.4979e-01 -1.2486e+00 -1.4545e+00 +1.5707e+00 +2.1559e+00 -2.7655e+00 +1.0173e+00
11239 +4.163386120e+01 +4.163386120e+01 +2.095386120e+01 +2.095386120e+01 -2.1225e+00 +7.9201e-02 +2.0029e+00 +5.4289e-01 -1.2496e+00 -1.4434e+00 +1.5734e+00 +2.1529e+00 -2.7703e+00 +1.0145e+00
11427 +4.066876240e+01 +4.066876240e+01 +1.998876240e+01 +1.998876240e+01 -2.1253e+00 +8.4912e-02 +1.9989e+00 +5.4981e-01 -1.2499e+00 -1.4470e+00 +1.5712e+00 +2.1496e+00 -2.7699e+00 +1.0073e+00
11565 +3.974236223e+01 +3.974236223e+01 +1.906236223e+01 +1.906236223e+01 -2.1252e+00 +8.8841e-02 +1.9989e+00 +5.5283e-01 -1.2522e+00 -1.4462e+00 +1.5706e+00 +2.1519e+00 -2.7714e+00 +1.0056e+00
11661 +3.853424857e+01 +3.853424857e+01 +1.785424857e+01 +1.785424857e+01 -2.1267e+00 +9.0307e-02 +1.9995e+00 +5.5281e-01 -1.2555e+00 -1.4447e+00 +1.5708e+00 +2.1509e+00 -2.7694e+00 +1.0031e+00
11709 +3.791178253e+01 +3.791178253e+01 +1.723178253e+01 +1.723178253e+01 -2.1262e+00 +8.9035e-02 +1.9997e+00 +5.5220e-01 -1.2582e+00 -1.4457e+00 +1.5702e+00 +2.1530e+00 -2.7714e+00 +1.0032e+00
11741 +3.711381465e+01 +3.711381465e+01 +1.643381465e+01 +1.643381465e+01 -2.1254e+00 +9.0082e-02 +1.9992e+00 +5.5356e-01 -1.2594e+00 -1.4473e+00 +1.5713e+00 +2.1531e+00 -2.7722e+00 +9.9825e-01
11820 +3.624003656e+01 +3.624003656e+01 +1.556003656e+01 +1.556003656e+01 -2.1263e+00 +9.0482e-02 +2.0007e+00 +5.5353e-01 -1.2634e+00 -1.4454e+00 +1.5726e+00 +2.1533e+00 -2.7718e+00 +9.9691e-01
11852 +3.540108145e+01 +3.540108145e+01 +1.472108145e+01 +1.472108145e+01 -2.1258e+00 +9.3608e-02 +1.9998e+00 +5.5140e-01 -1.2656e+00 -1.4525e+00 +1.5738e+00 +2.1536e+00 -2.7717e+00 +9.9411e-01
11883 +3.445548547e+01 +3.445548547e+01 +1.377548547e+01 +1.377548547e+01 -2.1258e+00 +9.3137e-02 +2.0034e+00 +5.5146e-01 -1.2719e+00 -1.4530e+00 +1.5733e+00 +2.1554e+00 -2.7781e+00 +9.8794e-01
11940 +3.372356170e+01 +3.372356170e+01 +1.304356170e+01 +1.304356170e+01 -2.1262e+00 +9.2709e-02 +1.9972e+00 +5.5027e-01 -1.2741e+00 -1.4509e+00 +1.5739e+00 +2.1558e+00 -2.7743e+00 +9.8407e-01
11972 +3.308293917e+01 +3.308293917e+01 +1.240293917e+01 +1.240293917e+01 -2.1256e+00 +9.5729e-02 +1.9983e+00 +5.5032e-01 -1.2802e+00 -1.4497e+00 +1.5759e+00 +2.1565e+00 -2.7777e+00 +9.8169e-01
12029 +3.205794905e+01 +3.205794905e+01 +1.137794905e+01 +1.137794905e+01 -2.1253e+00 +9.8421e-02 +1.9966e+00 +5.5632e-01 -1.2800e+00 -1.4515e+00 +1.5759e+00 +2.1576e+00 -2.7755e+00 +9.7700e-01
12157 +3.155453825e+01 +3.155453825e+01 +1.087453825e+01 +1.087453825e+01 -2.1246e+00 +1.0250e-01 +1.9921e+00 +5.5892e-01 -1.2860e+00 -1.4490e+00 +1.5760e+00 +2.1580e+00 -2.7747e+00 +9.6691e-01
12246 +3.089451664e+01 +3.089451664e+01 +1.021451664e+01 +1.021451664e+01 -2.1256e+00 +1.0477e-01 +1.9926e+00 +5.5983e-01 -1.2875e+00 -1.4486e+00 +1.5772e+00 +2.1574e+00 -2.7804e+00 +9.6364e-01
12357 +3.013358789e+01 +3.013358789e+01 +9.453587889e+00 +9.453587889e+00 -2.1267e+00 +1.0768e-01 +1.9916e+00 +5.6043e-01 -1.2924e+00 -1.4517e+00 +1.5780e+00 +2.1638e+00 -2.7823e+00 +9.6440e-01
12483 +2.943345518e+01 +2.943345518e+01 +8.753455180e+00 +8.753455180e+00 -2.1302e+00 +1.1194e-01 +1.9903e+00 +5.6263e-01 -1.2925e+00 -1.4535e+00 +1.5794e+00 +2.1668e+00 -2.7839e+00 +9.6362e-01
12628 +2.873551539e+01 +2.873551539e+01 +8.055515391e+00 +8.055515391e+00 -2.1335e+00 +1.1655e-01 +1.9874e+00 +5.6590e-01 -1.2963e+00 -1.4515e+00 +1.5800e+00 +2.1693e+00 -2.7835e+00 +9.6067e-01
12735 +2.812651839e+01 +2.812651839e+01 +7.446518389e+00 +7.446518389e+00 -2.1392e+00 +1.2278e-01 +1.9851e+00 +5.6780e-01 -1.3015e+00 -1.4533e+00 +1.5802e+00 +2.1690e+00 -2.7829e+00 +9.5692e-01
12973 +2.752790445e+01 +2.752790445e+01 +6.847904451e+00 +6.847904451e+00 -2.1459e+00 +1.3091e-01 +1.9831e+00 +5.7357e-01 -1.3024e+00 -1.4540e+00 +1.5797e+00 +2.1716e+00 -2.7818e+00 +9.6032e-01
% function evaluation | noise-free fitness - Fopt (3.138500000000e+02) | best noise-free fitness - Fopt | measured fitness | best measured fitness | x1 | x2...
1 +1.959978651e+02 +1.959978651e+02 +5.098478651e+02 +5.098478651e+02 +0.0000e+00 +0.0000e+00 +0.0000e+00 +0.0000e+00 +0.0000e+00 +0.0000e+00 +0.0000e+00 +0.0000e+00 +0.0000e+00 +0.0000e+00
2 +1.681573466e+02 +1.681573466e+02 +4.820073466e+02 +4.820073466e+02 -3.6392e-01 -3.8604e-01 -4.1306e-01 -3.4526e-02 -7.3901e-02 +2.1553e-01 -2.3019e-01 +1.7702e-01 +1.5019e-01 -1.6122e-01
3 +1.593254020e+02 +1.593254020e+02 +4.731754020e+02 +4.731754020e+02 -2.1341e-02 +6.0052e-02 +4.7150e-02 -5.5956e-02 +1.5311e-01 -2.5905e-01 -1.0253e-01 +5.0497e-02 -4.8221e-01 -4.5886e-02
5 +1.246248666e+02 +1.246248666e+02 +4.384748666e+02 +4.384748666e+02 -2.4031e-01 -1.1003e-01 +2.9143e-01 -9.9700e-03 +6.8254e-02 -1.8820e-01 +8.7487e-02 +4.9915e-01 -1.9787e-01 -3.2714e-01
31 +1.078998479e+02 +1.078998479e+02 +4.217498479e+02 +4.217498479e+02 +1.3735e-01 +2.4875e-01 +4.5739e-01 -2.6762e-01 -2.3526e-02 +2.4430e-01 -6.0877e-01 -1.7801e-01 -5.3659e-02 -1.5923e-01
49 +1.058129433e+02 +1.058129433e+02 +4.196629433e+02 +4.196629433e+02 -7.0407e-02 -1.2387e-01 +4.5080e-01 -4.1676e-01 +2.2225e-01 +4.2103e-01 -6.1782e-01 -2.8509e-01 +2.7025e-02 -2.3270e-01
337 +9.466629742e+01 +9.466629742e+01 +4.085162974e+02 +4.085162974e+02 +5.3447e-01 +1.5324e+00 +4.6299e-01 -3.4163e-01 -4.0420e-01 -2.3194e-02 -3.9939e-01 -2.5303e-01 +4.3725e-01 -6.0804e-01
419 +9.007803892e+01 +9.007803892e+01 +4.039280389e+02 +4.039280389e+02 +8.2491e-01 +1.9873e+00 +9.6558e-02 -5.4019e-01 -3.4490e-01 +7.8328e-01 -8.3349e-01 -1.2526e-01 +6.7885e-01 -4.8928e-01
1155 +8.352573580e+01 +8.352573580e+01 +3.973757358e+02 +3.973757358e+02 -6.6203e-01 +2.4641e+00 -2.6740e+00 -1.0419e+00 -2.7500e-01 +1.4649e+00 -1.1113e+00 -3.1716e+00 -1.8322e+00 +5.1287e-01
1655 +8.071193977e+01 +8.071193977e+01 +3.945619398e+02 +3.945619398e+02 +3.0250e+00 +1.6283e+00 -1.4158e+00 -1.3284e+00 -5.8329e-01 +7.0037e-01 -1.2726e+00 -2.1039e+00 -2.6330e+00 +1.3248e+00
2397 +5.843050492e+01 +5.843050492e+01 +3.722805049e+02 +3.722805049e+02 +1.4802e+00 +2.1332e+00 -1.0132e+00 -1.8971e+00 +1.4460e+00 +1.8360e+00 -1.0565e+00 -1.3496e+00 -5.1852e-02 +1.7303e+00
2554 +4.377164499e+01 +4.377164499e+01 +3.576216450e+02 +3.576216450e+02 +1.8678e+00 +1.0936e+00 -1.7356e+00 -1.5766e+00 +2.0257e+00 +1.9289e+00 -1.4486e+00 -5.7516e-01 -2.3760e+00 +2.0372e+00
8853 +4.362951361e+01 +4.362951361e+01 +3.574795136e+02 +3.574795136e+02 -4.3437e-01 +2.0147e+00 -1.6325e+00 -2.7013e+00 +8.5914e-01 -3.8035e-01 -7.4216e-01 -4.0069e-01 -2.6624e+00 +1.9451e+00
9030 +4.262895416e+01 +4.262895416e+01 +3.564789542e+02 +3.564789542e+02 -4.3236e-01 +2.0195e+00 -1.6270e+00 -2.7010e+00 +8.6425e-01 -3.8156e-01 -7.4730e-01 -3.9896e-01 -2.6714e+00 +1.9467e+00
% function evaluation | noise-free fitness - Fopt (-1.640200000000e+02) | best noise-free fitness - Fopt | measured fitness | best measured fitness | x1 | x2...
1 +1.485429855e+02 +1.485429855e+02 -1.547701448e+01 -1.547701448e+01 +0.0000e+00 +0.0000e+00 +0.0000e+00 +0.0000e+00 +0.0000e+00 +0.0000e+00 +0.0000e+00 +0.0000e+00 +0.0000e+00 +0.0000e+00
4 +1.375278713e+02 +1.375278713e+02 -2.649212873e+01 -2.649212873e+01 -2.1784e-02 +1.9246e-01 -1.4969e-01 +1.2272e-01 +4.9311e-02 +4.9507e-02 +1.7572e-01 +1.2846e-01 +1.1962e-01 -1.5210e-01
7 +1.262170435e+02 +1.262170435e+02 -3.780295652e+01 -3.780295652e+01 -4.0695e-01 +5.8524e-02 -1.7325e-01 -4.1201e-02 -6.9807e-03 +5.7577e-02 -1.9749e-01 -4.4880e-03 -2.1308e-02 +1.9246e-01
13 +1.171488488e+02 +1.171488488e+02 -4.687115119e+01 -4.687115119e+01 -2.4442e-01 -6.8319e-02 -7.4602e-02 -1.2810e-01 -1.6027e-02 -2.8411e-02 +1.0064e-01 -7.8461e-02 +3.6449e-01 -4.0682e-02
34 +1.107996921e+02 +1.107996921e+02 -5.322030788e+01 -5.322030788e+01 -5.3254e-01 +3.2584e-01 -3.8714e-01 -3.8780e-01 +1.3019e-01 -9.6341e-03 +1.0831e-01 +2.7836e-01 -3.3944e-02 +4.2872e-01
100 +1.056517375e+02 +1.056517375e+02 -5.836826247e+01 -5.836826247e+01 -2.1820e-01 +8.7171e-02 -8.4339e-01 -1.7202e-01 -3.0777e-01 +9.0534e-03 +2.0199e-01 +1.3126e-01 +1.8167e-01 -2.5722e-01
132 +1.037128204e+02 +1.037128204e+02 -6.030717963e+01 -6.030717963e+01 -1.7645e-01 +1.6256e-01 -7.9512e-01 -2.4356e-01 -4.6747e-02 +1.1583e-01 -1.9954e-01 +3.4279e-01 +1.8930e-02 -2.1679e-01
150 +9.168806599e+01 +9.168806599e+01 -7.233193401e+01 -7.233193401e+01 -1.4094e-01 +3.2763e-01 -9.3290e-01 -4.1081e-01 -3.4544e-01 +9.3349e-02 -1.0614e-01 +1.4753e-01 +7.0120e-02 -2.1677e-01
325 +8.779142617e+01 +8.779142617e+01 -7.622857383e+01 -7.622857383e+01 -3.5329e-02 +1.9049e-01 -1.6181e+00 -4.3601e-01 -7.2890e-01 -4.1910e-02 -4.1163e-01 +1.5016e-01 +5.2556e-02 -3.0338e-01
387 +8.202628592e+01 +8.202628592e+01 -8.199371408e+01 -8.199371408e+01 -2.5465e-01 +4.8463e-02 -1.3701e+00 -3.0980e-01 -7.8283e-01 +1.4095e-01 -3.5296e-01 -3.2149e-01 -3.8786e-02 -3.1556e-01
764 +6.735880358e+01 +6.735880358e+01 -9.666119642e+01 -9.666119642e+01 -1.1227e-01 +3.6681e-01 -1.6326e+00 -2.2651e-01 -1.0826e+00 +1.2744e-01 -3.3818e-01 +7.7772e-01 +1.7203e-01 +8.2405e-02
988 +5.697284819e+01 +5.697284819e+01 -1.070471518e+02 -1.070471518e+02 +3.0974e-01 +1.0459e+00 -1.6494e+00 +6.1505e-01 -1.6350e+00 +1.0795e-01 -4.2745e-01 +4.6737e-01 +1.6258e-01 -6.7901e-02
2260 +4.759472827e+01 +4.759472827e+01 -1.164252717e+02 -1.164252717e+02 +1.4525e+00 +8.5378e-01 -1.0709e+00 +4.6228e-01 -1.3020e+00 +6.5773e-01 -3.9193e-01 +2.1611e+00 +4.4434e-02 -1.5370e+00
2398 +4.228021690e+01 +4.228021690e+01 -1.217397831e+02 -1.217397831e+02 +1.5355e+00 +8.9518e-01 -1.1126e+00 +4.1558e-01 -1.2234e+00 +6.1719e-01 -3.9638e-01 +2.0695e+00 +6.8207e-02 -1.4619e+00
2437 +3.943069666e+01 +3.943069666e+01 -1.245893033e+02 -1.245893033e+02 +1.4728e+00 +8.8918e-01 -1.1303e+00 +4.1061e-01 -1.2127e+00 +6.2083e-01 -3.9149e-01 +2.0707e+00 +7.9968e-02 -1.4643e+00
2451 +3.568287972e+01 +3.568287972e+01 -1.283371203e+02 -1.283371203e+02 +1.4692e+00 +8.8084e-01 -1.1326e+00 +4.1286e-01 -1.2099e+00 +6.1471e-01 -3.9359e-01 +2.0623e+00 +7.9003e-02 -1.4506e+00
2520 +3.515095285e+01 +3.515095285e+01 -1.288690471e+02 -1.288690471e+02 +1.5097e+00 +9.0983e-01 -1.1235e+00 +4.0074e-01 -1.2044e+00 +6.1118e-01 -3.9813e-01 +2.0637e+00 +7.1899e-02 -1.4325e+00
2538 +3.455428365e+01 +3.455428365e+01 -1.294657164e+02 -1.294657164e+02 +1.4944e+00 +9.0316e-01 -1.1117e+00 +4.0050e-01 -1.1974e+00 +6.0850e-01 -3.9469e-01 +2.0713e+00 +7.6933e-02 -1.4300e+00
2606 +3.331580610e+01 +3.331580610e+01 -1.307041939e+02 -1.307041939e+02 +1.4799e+00 +8.8888e-01 -1.1196e+00 +4.1770e-01 -1.1982e+00 +6.1756e-01 -3.9228e-01 +2.0654e+00 +7.9536e-02 -1.4358e+00
2615 +3.181925499e+01 +3.181925499e+01 -1.322007450e+02 -1.322007450e+02 +1.4769e+00 +8.8464e-01 -1.1296e+00 +4.1502e-01 -1.2007e+00 +6.1589e-01 -3.9073e-01 +2.0584e+00 +7.6477e-02 -1.4345e+00
2618 +3.145103057e+01 +3.145103057e+01 -1.325689694e+02 -1.325689694e+02 +1.4758e+00 +8.9156e-01 -1.1217e+00 +4.0889e-01 -1.1950e+00 +6.0909e-01 -3.9440e-01 +2.0600e+00 +7.7117e-02 -1.4305e+00
2644 +3.058333965e+01 +3.058333965e+01 -1.334366604e+02 -1.334366604e+02 +1.4897e+00 +8.9746e-01 -1.1259e+00 +4.0537e-01 -1.1947e+00 +6.1008e-01 -3.9198e-01 +2.0665e+00 +7.4573e-02 -1.4338e+00
2669 +2.978960810e+01 +2.978960810e+01 -1.342303919e+02 -1.342303919e+02 +1.4698e+00 +8.9944e-01 -1.1313e+00 +4.1319e-01 -1.1938e+00 +6.0831e-01 -3.9104e-01 +2.0655e+00 +7.1011e-02 -1.4365e+00
2671 +2.896238086e+01 +2.896238086e+01 -1.350576191e+02 -1.350576191e+02 +1.4724e+00 +8.8658e-01 -1.1311e+00 +4.0743e-01 -1.1951e+00 +6.1266e-01 -3.9196e-01 +2.0736e+00 +7.1148e-02 -1.4395e+00
2686 +2.881919974e+01 +2.881919974e+01 -1.352008003e+02 -1.352008003e+02 +1.4607e+00 +8.8868e-01 -1.1346e+00 +4.1296e-01 -1.1906e+00 +6.1068e-01 -3.9198e-01 +2.0671e+00 +6.9474e-02 -1.4431e+00
2774 +2.816040811e+01 +2.816040811e+01 -1.358595919e+02 -1.358595919e+02 +1.4713e+00 +8.8700e-01 -1.1321e+00 +4.1558e-01 -1.1961e+00 +6.1110e-01 -3.9201e-01 +2.0643e+00 +6.8636e-02 -1.4433e+00
2860 +2.750940958e+01 +2.750940958e+01 -1.365105904e+02 -1.365105904e+02 +1.4713e+00 +8.8840e-01 -1.1319e+00 +4.1039e-01 -1.1945e+00 +6.0606e-01 -3.9112e-01 +2.0686e+00 +6.3329e-02 -1.4441e+00
2932 +2.690253154e+01 +2.690253154e+01 -1.371174685e+02 -1.371174685e+02 +1.4739e+00 +8.8966e-01 -1.1372e+00 +4.0801e-01 -1.1967e+00 +6.0521e-01 -3.9527e-01 +2.0708e+00 +6.1300e-02 -1.4435e+00
3034 +2.622097537e+01 +2.622097537e+01 -1.377990246e+02 -1.377990246e+02 +1.4794e+00 +8.9093e-01 -1.1306e+00 +4.0450e-01 -1.1980e+00 +6.0520e-01 -3.9904e-01 +2.0718e+00 +6.1750e-02 -1.4419e+00
3092 +2.566180224e+01 +2.566180224e+01 -1.383581978e+02 -1.383581978e+02 +1.4825e+00 +8.8999e-01 -1.1308e+00 +4.0299e-01 -1.1985e+00 +6.0656e-01 -4.0371e-01 +2.0750e+00 +5.9707e-02 -1.4425e+00
3181 +2.509832736e+01 +2.509832736e+01 -1.389216726e+02 -1.389216726e+02 +1.4843e+00 +8.9416e-01 -1.1310e+00 +4.0498e-01 -1.1980e+00 +6.0467e-01 -4.1210e-01 +2.0802e+00 +5.6584e-02 -1.4425e+00
% function evaluation | noise-free fitness - Fopt (-1.000000000000e+03) | best noise-free fitness - Fopt | measured fitness | best measured fitness | x1 | x2...
1 +1.745663410e+02 +1.745663410e+02 -8.254336590e+02 -8.254336590e+02 +0.0000e+00 +0.0000e+00 +0.0000e+00 +0.0000e+00 +0.0000e+00 +0.0000e+00 +0.0000e+00 +0.0000e+00 +0.0000e+00 +0.0000e+00
2 +1.577365187e+02 +1.577365187e+02 -8.422634813e+02 -8.422634813e+02 +1.5702e-01 +3.4115e-01 -1.7353e-01 +1.5267e-02 -2.4814e-01 -8.6381e-02 +3.7074e-01 -4.2923e-01 -1.3823e-01 +5.9915e-02
3 +1.396246012e+02 +1.396246012e+02 -8.603753988e+02 -8.603753988e+02 -4.8052e-02 -3.0122e-01 -6.5635e-01 +3.4447e-01 +1.7403e-01 +5.0298e-02 -4.2998e-01 +1.7049e-01 -1.6501e-02 -2.4142e-01
21 +1.350994512e+02 +1.350994512e+02 -8.649005488e+02 -8.649005488e+02 -9.0818e-02 -3.0857e-01 -1.7544e-01 +2.3383e-01 +9.9091e-02 +4.9100e-02 +2.3170e-01 -4.4310e-04 -2.0694e-01 -1.5714e-01
23 +1.199793203e+02 +1.199793203e+02 -8.800206797e+02 -8.800206797e+02 -2.1767e-01 -4.4541e-01 -2.9814e-02 -2.2374e-01 +1.9842e-01 -1.8136e-01 +3.1857e-02 +2.2835e-01 +2.5400e-01 -2.5359e-01
31 +1.070703315e+02 +1.070703315e+02 -8.929296685e+02 -8.929296685e+02 -3.1694e-01 -1.4971e-01 -2.0942e-01 +1.4901e-01 -7.5635e-02 +1.8635e-01 +5.7008e-02 +1.4248e-01 -4.9461e-02 -2.3791e-01
119 +1.041473244e+02 +1.041473244e+02 -8.958526756e+02 -8.958526756e+02 -1.8953e-01 -7.1237e-01 -2.0523e-01 +4.9206e-01 +3.1085e-03 -1.2629e-01 -1.3095e-02 -5.3441e-02 -1.4284e+00 -3.7709e-01
120 +9.271440775e+01 +9.271440775e+01 -9.072855923e+02 -9.072855923e+02 -7.0664e-01 -9.4865e-01 -1.3471e-01 +2.5057e-01 -9.4860e-02 +1.4874e-01 -4.6960e-01 -4.4037e-01 -5.8756e-01 -8.0454e-02
139 +8.145098618e+01 +8.145098618e+01 -9.185490138e+02 -9.185490138e+02 -2.4561e-01 -9.6369e-01 -1.2476e-01 +6.6137e-01 +1.6970e-01 +1.2483e-01 +4.8351e-01 -1.1813e-01 -1.0172e+00 -8.3330e-01
199 +7.940263500e+01 +7.940263500e+01 -9.205973650e+02 -9.205973650e+02 +1.6469e-01 -2.1841e+00 +5.0368e-02 +2.4274e+00 +1.4406e-01 -3.2827e-01 +1.8132e-01 -3.6735e-01 -7.0909e-01 -1.3699e+00
300 +6.564937258e+01 +6.564937258e+01 -9.343506274e+02 -9.343506274e+02 -1.3190e+00 -1.7600e+00 -1.9902e-01 +1.9597e+00 +7.7399e-01 +4.4630e-01 +2.8807e-01 +4.6826e-01 -1.3426e+00 -1.3631e+00
533 +6.286993147e+01 +6.286993147e+01 -9.371300685e+02 -9.371300685e+02 -1.3444e+00 +7.4017e-02 -6.9593e-01 +8.3012e-01 +1.6144e+00 -6.4667e-01 +2.9744e-01 +2.2090e-02 -1.5121e+00 -1.8010e+00
1871 +5.788510920e+01 +5.788510920e+01 -9.421148908e+02 -9.421148908e+02 -2.1802e+00 -4.9102e-01 -3.8163e-01 +3.1071e-01 +1.7780e+00 -6.4985e-01 +6.7960e-02 +1.3809e-01 -2.0181e+00 -1.5219e+00
1922 +5.645978684e+01 +5.645978684e+01 -9.435402132e+02 -9.435402132e+02 -2.1709e+00 -4.9743e-01 -3.8750e-01 +3.2479e-01 +1.7947e+00 -6.3393e-01 +9.2285e-02 +1.4019e-01 -2.0230e+00 -1.5225e+00
1924 +5.344672553e+01 +5.344672553e+01 -9.465532745e+02 -9.465532745e+02 -2.1770e+00 -4.9634e-01 -3.8252e-01 +3.1453e-01 +1.7942e+00 -6.3704e-01 +8.6313e-02 +1.3173e-01 -2.0207e+00 -1.5226e+00
1950 +5.232200545e+01 +5.232200545e+01 -9.476779945e+02 -9.476779945e+02 -2.1981e+00 -4.9187e-01 -3.7304e-01 +3.2990e-01 +1.7985e+00 -6.4629e-01 +8.4673e-02 +1.4583e-01 -2.0161e+00 -1.5182e+00
1970 +4.937452443e+01 +4.937452443e+01 -9.506254756e+02 -9.506254756e+02 -2.1873e+00 -4.9582e-01 -3.7501e-01 +3.2978e-01 +1.7998e+00 -6.4337e-01 +7.2680e-02 +1.1528e-01 -2.0071e+00 -1.5323e+00
1988 +4.848613051e+01 +4.848613051e+01 -9.515138695e+02 -9.515138695e+02 -2.2019e+00 -4.9284e-01 -3.7636e-01 +3.2606e-01 +1.8052e+00 -6.4608e-01 +6.9077e-02 +1.1487e-01 -2.0038e+00 -1.5298e+00
1997 +4.700758754e+01 +4.700758754e+01 -9.529924125e+02 -9.529924125e+02 -2.1781e+00 -4.9074e-01 -3.8104e-01 +3.2972e-01 +1.8011e+00 -6.5952e-01 +6.8892e-02 +1.1280e-01 -1.9992e+00 -1.5304e+00
2016 +4.570785008e+01 +4.570785008e+01 -9.542921499e+02 -9.542921499e+02 -2.1907e+00 -4.8570e-01 -3.7788e-01 +3.2751e-01 +1.8056e+00 -6.5440e-01 +5.3893e-02 +1.0320e-01 -2.0024e+00 -1.5311e+00
2024 +4.410291801e+01 +4.410291801e+01 -9.558970820e+02 -9.558970820e+02 -2.1907e+00 -4.9165e-01 -3.7419e-01 +3.2320e-01 +1.8024e+00 -6.5833e-01 +6.5916e-02 +1.1731e-01 -2.0071e+00 -1.5240e+00
2042 +4.332135731e+01 +4.332135731e+01 -9.566786427e+02 -9.566786427e+02 -2.2053e+00 -4.9329e-01 -3.7788e-01 +3.4218e-01 +1.8025e+00 -6.6387e-01 +5.5119e-02 +1.1433e-01 -2.0112e+00 -1.5204e+00
2059 +4.054449967e+01 +4.054449967e+01 -9.594555003e+02 -9.594555003e+02 -2.1952e+00 -5.0050e-01 -3.7231e-01 +3.4002e-01 +1.7984e+00 -6.6800e-01 +6.4266e-02 +1.0647e-01 -2.0076e+00 -1.5217e+00
2082 +3.802746057e+01 +3.802746057e+01 -9.619725394e+02 -9.619725394e+02 -2.1972e+00 -5.0663e-01 -3.8057e-01 +3.4365e-01 +1.7844e+00 -6.7736e-01 +5.8534e-02 +1.0503e-01 -2.0153e+00 -1.5203e+00
2097 +3.749637675e+01 +3.749637675e+01 -9.625036232e+02 -9.625036232e+02 -2.2027e+00 -5.0480e-01 -3.7786e-01 +3.4228e-01 +1.7906e+00 -6.7578e-01 +6.3090e-02 +1.1282e-01 -2.0107e+00 -1.5190e+00
2133 +3.604423508e+01 +3.604423508e+01 -9.639557649e+02 -9.639557649e+02 -2.2037e+00 -5.0700e-01 -3.7504e-01 +3.4446e-01 +1.7811e+00 -6.8252e-01 +5.8513e-02 +1.1201e-01 -2.0087e+00 -1.5203e+00
2139 +3.529279490e+01 +3.529279490e+01 -9.647072051e+02 -9.647072051e+02 -2.1972e+00 -5.0614e-01 -3.7544e-01 +3.4345e-01 +1.7800e+00 -6.8254e-01 +5.8409e-02 +1.0530e-01 -2.0055e+00 -1.5167e+00
2219 +3.447846295e+01 +3.447846295e+01 -9.655215371e+02 -9.655215371e+02 -2.1979e+00 -5.0722e-01 -3.7791e-01 +3.4120e-01 +1.7788e+00 -6.9522e-01 +5.5325e-02 +1.0223e-01 -1.9992e+00 -1.5146e+00
2265 +3.377687266e+01 +3.377687266e+01 -9.662231273e+02 -9.662231273e+02 -2.1960e+00 -5.0877e-01 -3.7862e-01 +3.4417e-01 +1.7772e+00 -6.9417e-01 +5.2971e-02 +1.0067e-01 -2.0022e+00 -1.5172e+00
2330 +3.310045177e+01 +3.310045177e+01 -9.668995482e+02 -9.668995482e+02 -2.2014e+00 -5.1189e-01 -3.8021e-01 +3.4596e-01 +1.7806e+00 -6.9558e-01 +5.0681e-02 +1.0038e-01 -2.0028e+00 -1.5170e+00
2417 +3.230018450e+01 +3.230018450e+01 -9.676998155e+02 -9.676998155e+02 -2.2038e+00 -5.1317e-01 -3.7829e-01 +3.5365e-01 +1.7760e+00 -7.0447e-01 +5.1147e-02 +9.9102e-02 -2.0022e+00 -1.5168e+00
2495 +3.160296396e+01 +3.160296396e+01 -9.683970360e+02 -9.683970360e+02 -2.2081e+00 -5.1751e-01 -3.7896e-01 +3.5548e-01 +1.7756e+00 -7.0651e-01 +5.0664e-02 +1.0157e-01 -2.0024e+00 -1.5136e+00
2808 +3.086013513e+01 +3.086013513e+01 -9.691398649e+02 -9.691398649e+02 -2.2097e+00 -5.2453e-01 -3.8075e-01 +3.6146e-01 +1.7709e+00 -7.1265e-01 +5.0191e-02 +9.6576e-02 -2.0005e+00 -1.5085e+00
3130 +3.017125210e+01 +3.017125210e+01 -9.698287479e+02 -9.698287479e+02 -2.2077e+00 -5.3141e-01 -3.8808e-01 +3.6137e-01 +1.7660e+00 -7.1975e-01 +4.6988e-02 +9.6051e-02 -2.0015e+00 -1.5099e+00
3544 +2.950817410e+01 +2.950817410e+01 -9.704918259e+02 -9.704918259e+02 -2.2060e+00 -5.4193e-01 -4.0407e-01 +3.6436e-01 +1.7695e+00 -7.1838e-01 +4.5779e-02 +9.4262e-02 -2.0038e+00 -1.5113e+00
% function evaluation | noise-free fitness - Fopt (-1.001300000000e+02) | best noise-free fitness - Fopt | measured fitness | best measured fitness | x1 | x2...
1 +1.317302996e+02 +1.317302996e+02 +3.160029963e+01 +3.160029963e+01 +0.0000e+00 +0.0000e+00 +0.0000e+00 +0.0000e+00 +0.0000e+00 +0.0000e+00 +0.0000e+00 +0.0000e+00 +0.0000e+00 +0.0000e+00
4 +1.059185281e+02 +1.059185281e+02 +5.788528121e+00 +5.788528121e+00 +6.3727e-02 +1.7007e-01 -1.3842e-02 -6.5219e-02 +2.5851e-01 +8.0436e-03 -4.3424e-01 -5.3082e-01 +6.7473e-02 +1.9416e-01
114 +8.571143079e+01 +8.571143079e+01 -1.441856921e+01 -1.441856921e+01 +3.8766e-01 +2.7608e-01 +3.7483e-01 +7.2327e-01 -7.4601e-01 +2.3311e-01 -1.0496e-01 +5.2780e-02 -1.8857e-01 -1.6799e-01
163 +8.117173990e+01 +8.117173990e+01 -1.895826010e+01 -1.895826010e+01 +2.8886e-01 +3.4867e-01 +3.0434e-01 +6.1177e-01 -1.7974e-01 +1.2957e-01 -7.8103e-01 +4.0118e-01 -4.2477e-01 -4.1483e-01
371 +7.388578267e+01 +7.388578267e+01 -2.624421733e+01 -2.624421733e+01 +4.6752e-01 +1.4423e+00 -1.0410e+00 +1.0620e+00 +3.1517e-02 +4.2825e-01 -9.7086e-01 +9.3139e-01 -5.2464e-01 -1.1243e+00
403 +6.534527143e+01 +6.534527143e+01 -3.478472857e+01 -3.478472857e+01 +2.3615e-01 +1.9771e+00 -8.4000e-01 +1.1656e+00 -6.4891e-02 +5.3375e-01 -1.1956e+00 +1.0676e+00 -4.6347e-01 -9.4605e-01
722 +6.171080418e+01 +6.171080418e+01 -3.841919582e+01 -3.841919582e+01 -1.2123e+00 +9.9963e-01 -6.0989e-01 +8.4041e-01 -7.0318e-01 +1.2615e+00 -1.6467e+00 +1.2313e-01 +1.8540e-01 -7.1750e-01
2460 +6.019705231e+01 +6.019705231e+01 -3.993294769e+01 -3.993294769e+01 -5.1237e-01 +2.8069e-02 -1.1251e+00 +2.0690e+00 -1.2432e+00 +3.9830e-01 -1.8763e+00 +2.3476e+00 -1.5361e+00 -2.7110e+00
3061 +5.514861702e+01 +5.514861702e+01 -4.498138298e+01 -4.498138298e+01 -6.3619e-01 +2.5142e-01 -1.3472e+00 +2.1731e+00 -1.4309e+00 +6.6129e-01 -1.9635e+00 +2.2228e+00 -1.8482e+00 -1.4296e+00
3095 +4.967348477e+01 +4.967348477e+01 -5.045651523e+01 -5.045651523e+01 -6.0346e-01 +2.3587e-01 -1.3517e+00 +2.1879e+00 -1.3953e+00 +6.5591e-01 -1.9309e+00 +2.2198e+00 -1.8628e+00 -1.4392e+00
3109 +4.311255340e+01 +4.311255340e+01 -5.701744660e+01 -5.701744660e+01 -6.0725e-01 +2.4041e-01 -1.3365e+00 +2.1915e+00 -1.4076e+00 +6.4103e-01 -1.9514e+00 +2.2284e+00 -1.8810e+00 -1.3991e+00
3150 +4.253279630e+01 +4.253279630e+01 -5.759720370e+01 -5.759720370e+01 -6.0646e-01 +2.4179e-01 -1.3235e+00 +2.1907e+00 -1.4394e+00 +6.6966e-01 -1.9613e+00 +2.2126e+00 -1.8786e+00 -1.4182e+00
3155 +3.841794732e+01 +3.841794732e+01 -6.171205268e+01 -6.171205268e+01 -6.0324e-01 +2.2932e-01 -1.3283e+00 +2.2041e+00 -1.4282e+00 +6.6460e-01 -1.9655e+00 +2.2017e+00 -1.8624e+00 -1.4200e+00
3175 +3.467008140e+01 +3.467008140e+01 -6.545991860e+01 -6.545991860e+01 -6.0776e-01 +2.3711e-01 -1.3179e+00 +2.1878e+00 -1.4491e+00 +6.5222e-01 -1.9824e+00 +2.2174e+00 -1.8815e+00 -1.4179e+00
3198 +3.386586889e+01 +3.386586889e+01 -6.626413111e+01 -6.626413111e+01 -6.0062e-01 +2.3959e-01 -1.3127e+00 +2.1941e+00 -1.4427e+00 +6.5958e-01 -1.9676e+00 +2.2005e+00 -1.8775e+00 -1.4229e+00
3210 +3.289837870e+01 +3.289837870e+01 -6.723162130e+01 -6.723162130e+01 -6.0230e-01 +2.4577e-01 -1.3120e+00 +2.2025e+00 -1.4401e+00 +6.5883e-01 -1.9607e+00 +2.2050e+00 -1.8763e+00 -1.4203e+00
3216 +3.053065457e+01 +3.053065457e+01 -6.959934543e+01 -6.959934543e+01 -6.0527e-01 +2.4232e-01 -1.3138e+00 +2.1863e+00 -1.4470e+00 +6.5886e-01 -1.9614e+00 +2.2129e+00 -1.8757e+00 -1.4208e+00
3219 +2.937231940e+01 +2.937231940e+01 -7.075768060e+01 -7.075768060e+01 -6.1054e-01 +2.3264e-01 -1.3099e+00 +2.1930e+00 -1.4455e+00 +6.5511e-01 -1.9562e+00 +2.2086e+00 -1.8819e+00 -1.4130e+00
3324 +2.841634903e+01 +2.841634903e+01 -7.171365097e+01 -7.171365097e+01 -6.0594e-01 +2.3052e-01 -1.3067e+00 +2.1913e+00 -1.4458e+00 +6.4702e-01 -1.9659e+00 +2.2123e+00 -1.8872e+00 -1.4137e+00
3357 +2.777074598e+01 +2.777074598e+01 -7.235925402e+01 -7.235925402e+01 -6.0481e-01 +2.3386e-01 -1.3077e+00 +2.1914e+00 -1.4464e+00 +6.5014e-01 -1.9626e+00 +2.2141e+00 -1.8863e+00 -1.4120e+00
3423 +2.740798123e+01 +2.740798123e+01 -7.272201877e+01 -7.272201877e+01 -6.0391e-01 +2.3425e-01 -1.3066e+00 +2.1919e+00 -1.4452e+00 +6.5182e-01 -1.9625e+00 +2.2143e+00 -1.8861e+00 -1.4167e+00
3489 +2.687847926e+01 +2.687847926e+01 -7.325152074e+01 -7.325152074e+01 -6.0197e-01 +2.3429e-01 -1.3066e+00 +2.1933e+00 -1.4409e+00 +6.5340e-01 -1.9626e+00 +2.2140e+00 -1.8894e+00 -1.4154e+00
3570 +2.629657031e+01 +2.629657031e+01 -7.383342969e+01 -7.383342969e+01 -6.0100e-01 +2.3807e-01 -1.3049e+00 +2.1949e+00 -1.4401e+00 +6.5255e-01 -1.9582e+00 +2.2171e+00 -1.8919e+00 -1.4146e+00
3674 +2.559539234e+01 +2.559539234e+01 -7.453460766e+01 -7.453460766e+01 -5.9986e-01 +2.3888e-01 -1.3026e+00 +2.1978e+00 -1.4399e+00 +6.5425e-01 -1.9533e+00 +2.2164e+00 -1.8918e+00 -1.4128e+00
3775 +2.508566252e+01 +2.508566252e+01 -7.504433748e+01 -7.504433748e+01 -6.0057e-01 +2.4243e-01 -1.3003e+00 +2.2012e+00 -1.4394e+00 +6.5540e-01 -1.9489e+00 +2.2170e+00 -1.8913e+00 -1.4108e+00
3839 +2.436562348e+01 +2.436562348e+01 -7.576437652e+01 -7.576437652e+01 -6.0074e-01 +2.4124e-01 -1.2958e+00 +2.2041e+00 -1.4401e+00 +6.5569e-01 -1.9477e+00 +2.2154e+00 -1.8944e+00 -1.4103e+00
3882 +2.390761929e+01 +2.390761929e+01 -7.622238071e+01 -7.622238071e+01 -5.9987e-01 +2.4227e-01 -1.2920e+00 +2.2078e+00 -1.4403e+00 +6.5559e-01 -1.9469e+00 +2.2161e+00 -1.8980e+00 -1.4108e+00
3947 +2.336456360e+01 +2.336456360e+01 -7.676543640e+01 -7.676543640e+01 -5.9641e-01 +2.4434e-01 -1.2892e+00 +2.2072e+00 -1.4392e+00 +6.5815e-01 -1.9468e+00 +2.2161e+00 -1.9000e+00 -1.4053e+00
4027 +2.282552093e+01 +2.282552093e+01 -7.730447907e+01 -7.730447907e+01 -5.9161e-01 +2.4427e-01 -1.2827e+00 +2.2065e+00 -1.4397e+00 +6.5567e-01 -1.9456e+00 +2.2195e+00 -1.9073e+00 -1.4052e+00
4133 +2.235193766e+01 +2.235193766e+01 -7.777806234e+01 -7.777806234e+01 -5.9119e-01 +2.4845e-01 -1.2806e+00 +2.2134e+00 -1.4391e+00 +6.5693e-01 -1.9409e+00 +2.2201e+00 -1.9097e+00 -1.4028e+00
4379 +2.187163293e+01 +2.187163293e+01 -7.825836707e+01 -7.825836707e+01 -5.8532e-01 +2.4709e-01 -1.2772e+00 +2.2158e+00 -1.4353e+00 +6.5900e-01 -1.9396e+00 +2.2213e+00 -1.9131e+00 -1.3965e+00
