% function evaluation | noise-free fitness - Fopt (1.026100000000e+02) | best noise-free fitness - Fopt | measured fitness | best measured fitness | x1 | x2...
1 +6.885484536e+01 +6.885484536e+01 +1.714648454e+02 +1.714648454e+02 +0.0000e+00 +0.0000e+00 +0.0000e+00 +0.0000e+00 +0.0000e+00
6 +6.631917676e+01 +6.631917676e+01 +1.689291768e+02 +1.689291768e+02 -3.7873e-01 -1.7336e-01 -1.1085e-01 +3.0464e-01 -1.7926e-01
7 +5.278906404e+01 +5.278906404e+01 +1.553990640e+02 +1.553990640e+02 -1.6017e-01 -3.3839e-01 -3.0636e-01 +7.4192e-02 -2.8538e-02
20 +4.066103073e+01 +4.066103073e+01 +1.432710307e+02 +1.432710307e+02 -4.9439e-01 -3.1561e-01 -3.8559e-01 -3.4993e-01 -9.6630e-02
81 +3.898733543e+01 +3.898733543e+01 +1.415973354e+02 +1.415973354e+02 -1.5152e-01 +8.6295e-02 +1.9486e-01 -5.3248e-01 +5.8471e-01
221 +3.236596216e+01 +3.236596216e+01 +1.349759622e+02 +1.349759622e+02 -4.0863e-01 +2.6052e-01 +6.8968e-01 +7.0706e-01 +9.1370e-01
270 +3.118687158e+01 +3.118687158e+01 +1.337968716e+02 +1.337968716e+02 -1.0115e+00 -1.3154e-01 +7.4807e-01 +9.5315e-01 +1.4434e+00
304 +3.076188127e+01 +3.076188127e+01 +1.333718813e+02 +1.333718813e+02 -1.6464e+00 -9.3761e-02 +9.0067e-01 +7.4259e-01 +2.2051e+00
419 +2.764945903e+01 +2.764945903e+01 +1.302594590e+02 +1.302594590e+02 -1.3067e+00 -2.3296e-01 +1.8465e+00 +4.5256e-02 +7.1151e-01
497 +2.689171387e+01 +2.689171387e+01 +1.295017139e+02 +1.295017139e+02 -1.0914e+00 -3.2753e-01 +1.0307e+00 -1.5010e-01 +5.2161e-01
653 +2.594587564e+01 +2.594587564e+01 +1.285558756e+02 +1.285558756e+02 -6.2746e-01 -7.3696e-01 +1.3918e+00 +5.4807e-01 +8.5709e-01
658 +1.984249541e+01 +1.984249541e+01 +1.224524954e+02 +1.224524954e+02 -1.0640e+00 -5.2286e-01 +1.9886e+00 +2.8696e-01 +1.4901e+00
861 +1.873182993e+01 +1.873182993e+01 +1.213418299e+02 +1.213418299e+02 -7.5761e-01 -1.0185e+00 +2.1514e+00 +1.5905e+00 +7.9583e-01
905 +1.797176656e+01 +1.797176656e+01 +1.205817666e+02 +1.205817666e+02 -6.1483e-01 -8.3762e-01 +1.7402e+00 +1.4120e+00 +1.3968e+00
1739 +1.523615484e+01 +1.523615484e+01 +1.178461548e+02 +1.178461548e+02 +6.6779e-02 -9.1907e-01 +1.6435e+00 +1.2668e+00 +2.8137e+00
2043 +1.500261905e+01 +1.500261905e+01 +1.176126191e+02 +1.176126191e+02 +6.0991e-02 -9.3065e-01 +1.6427e+00 +1.2784e+00 +2.8200e+00
2066 +1.464761553e+01 +1.464761553e+01 +1.172576155e+02 +1.172576155e+02 +6.2988e-02 -9.2576e-01 +1.6400e+00 +1.2782e+00 +2.8208e+00
2162 +1.445435115e+01 +1.445435115e+01 +1.170643511e+02 +1.170643511e+02 +6.6832e-02 -9.1866e-01 +1.6395e+00 +1.2741e+00 +2.8197e+00
% function evaluation | noise-free fitness - Fopt (9.330000000000e+01) | best noise-free fitness - Fopt | measured fitness | best measured fitness | x1 | x2...
1 +7.955373779e+01 +7.955373779e+01 +1.728537378e+02 +1.728537378e+02 +0.0000e+00 +0.0000e+00 +0.0000e+00 +0.0000e+00 +0.0000e+00
2 +4.754564764e+01 +4.754564764e+01 +1.408456476e+02 +1.408456476e+02 +2.1510e-01 +4.9187e-01 -8.8869e-02 +5.9594e-01 +1.5396e-01
13 +4.260668083e+01 +4.260668083e+01 +1.359066808e+02 +1.359066808e+02 +1.9737e-01 +4.2227e-02 +2.1873e-01 +4.0157e-01 -1.4701e-02
81 +3.763981590e+01 +3.763981590e+01 +1.309398159e+02 +1.309398159e+02 +3.8246e-01 +1.7715e-01 -2.3002e-02 +1.8976e-01 -7.3092e-02
140 +3.411839780e+01 +3.411839780e+01 +1.274183978e+02 +1.274183978e+02 -2.5378e-01 +3.2784e-01 +3.2984e-01 +4.8779e-01 +4.6705e-01
317 +3.201115981e+01 +3.201115981e+01 +1.253111598e+02 +1.253111598e+02 -1.2809e+00 +5.6751e-01 -8.5644e-02 +7.4502e-01 +3.2660e-01
489 +1.938606301e+01 +1.938606301e+01 +1.126860630e+02 +1.126860630e+02 -2.6514e+00 +1.3202e+00 +7.4375e-02 +8.7373e-01 +9.1298e-01
1389 +1.724818374e+01 +1.724818374e+01 +1.105481837e+02 +1.105481837e+02 -2.4390e+00 +2.5439e+00 -4.3333e-01 +1.3663e+00 +1.5594e+00
1569 +1.535185724e+01 +1.535185724e+01 +1.086518572e+02 +1.086518572e+02 -2.1744e+00 +2.5969e+00 -7.7502e-01 +1.9970e+00 +1.6837e+00
1840 +1.292181154e+01 +1.292181154e+01 +1.062218115e+02 +1.062218115e+02 -2.7593e+00 +2.4948e+00 -4.6403e-01 +1.9806e+00 +1.7838e+00
2511 +1.273599083e+01 +1.273599083e+01 +1.060359908e+02 +1.060359908e+02 -2.3592e+00 +2.5417e+00 -5.2591e-01 +2.0010e+00 +1.7813e+00
2521 +1.244350996e+01 +1.244350996e+01 +1.057435100e+02 +1.057435100e+02 -2.3576e+00 +2.5414e+00 -5.2994e-01 +2.0030e+00 +1.7789e+00
2545 +1.220445281e+01 +1.220445281e+01 +1.055044528e+02 +1.055044528e+02 -2.3540e+00 +2.5414e+00 -5.3073e-01 +1.9975e+00 +1.7804e+00
2553 +1.201709152e+01 +1.201709152e+01 +1.053170915e+02 +1.053170915e+02 -2.3522e+00 +2.5406e+00 -5.3356e-01 +1.9997e+00 +1.7775e+00
2603 +1.173157658e+01 +1.173157658e+01 +1.050315766e+02 +1.050315766e+02 -2.3536e+00 +2.5396e+00 -5.3566e-01 +2.0003e+00 +1.7819e+00
2624 +1.134556402e+01 +1.134556402e+01 +1.046455640e+02 +1.046455640e+02 -2.3508e+00 +2.5394e+00 -5.4186e-01 +1.9993e+00 +1.7798e+00
2629 +1.108706501e+01 +1.108706501e+01 +1.043870650e+02 +1.043870650e+02 -2.3450e+00 +2.5393e+00 -5.4462e-01 +2.0006e+00 +1.7781e+00
2656 +1.078467111e+01 +1.078467111e+01 +1.040846711e+02 +1.040846711e+02 -2.3503e+00 +2.5370e+00 -5.4824e-01 +2.0023e+00 +1.7760e+00
2674 +1.057140834e+01 +1.057140834e+01 +1.038714083e+02 +1.038714083e+02 -2.3509e+00 +2.5347e+00 -5.4766e-01 +2.0006e+00 +1.7737e+00
2683 +1.039259637e+01 +1.039259637e+01 +1.036925964e+02 +1.036925964e+02 -2.3500e+00 +2.5337e+00 -5.5231e-01 +2.0012e+00 +1.7728e+00
2718 +1.017005406e+01 +1.017005406e+01 +1.034700541e+02 +1.034700541e+02 -2.3435e+00 +2.5331e+00 -5.5543e-01 +2.0037e+00 +1.7730e+00
2740 +9.915286077e+00 +9.915286077e+00 +1.032152861e+02 +1.032152861e+02 -2.3443e+00 +2.5333e+00 -5.5748e-01 +2.0049e+00 +1.7736e+00
2784 +9.545330515e+00 +9.545330515e+00 +1.028453305e+02 +1.028453305e+02 -2.3384e+00 +2.5308e+00 -5.6898e-01 +2.0060e+00 +1.7703e+00
3022 +9.329481631e+00 +9.329481631e+00 +1.026294816e+02 +1.026294816e+02 -2.3366e+00 +2.5285e+00 -5.7569e-01 +2.0114e+00 +1.7683e+00
% function evaluation | noise-free fitness - Fopt (1.364000000000e+01) | best noise-free fitness - Fopt | measured fitness | best measured fitness | x1 | x2...
1 +9.630173598e+01 +9.630173598e+01 +1.099417360e+02 +1.099417360e+02 +0.0000e+00 +0.0000e+00 +0.0000e+00 +0.0000e+00 +0.0000e+00
2 +8.882524937e+01 +8.882524937e+01 +1.024652494e+02 +1.024652494e+02 +1.9645e-01 +1.6645e-01 +3.6818e-01 +3.4736e-01 -2.5469e-01
3 +6.408305862e+01 +6.408305862e+01 +7.772305862e+01 +7.772305862e+01 +1.5261e-01 +6.4882e-02 -2.0275e-01 +5.8477e-01 +2.7300e-01
4 +6.179652961e+01 +6.179652961e+01 +7.543652961e+01 +7.543652961e+01 -8.1766e-02 -5.1487e-02 -4.6691e-02 +2.1501e-01 +1.5167e-01
5 +5.067614107e+01 +5.067614107e+01 +6.431614107e+01 +6.431614107e+01 -8.0938e-02 -9.8201e-02 +1.8490e-01 -1.1611e-01 -5.6332e-01
26 +4.360899155e+01 +4.360899155e+01 +5.724899155e+01 +5.724899155e+01 +1.6864e-01 -4.3382e-01 +4.4861e-02 +8.4194e-02 -4.5316e-01
68 +3.806979240e+01 +3.806979240e+01 +5.170979240e+01 +5.170979240e+01 -3.2271e-01 -6.9407e-01 +1.3162e-01 +3.3166e-01 -1.7909e+00
76 +3.565509541e+01 +3.565509541e+01 +4.929509541e+01 +4.929509541e+01 -4.1446e-01 -4.0732e-01 -1.4405e-01 +5.1489e-01 -1.7128e+00
96 +3.420656121e+01 +3.420656121e+01 +4.784656121e+01 +4.784656121e+01 -3.8585e-01 -9.0641e-01 -9.2118e-01 +1.2072e+00 -2.1888e+00
445 +3.283126734e+01 +3.283126734e+01 +4.647126734e+01 +4.647126734e+01 -1.6996e+00 -2.7480e+00 +8.2790e-02 -6.6500e-01 -1.8965e+00
565 +2.593136654e+01 +2.593136654e+01 +3.957136654e+01 +3.957136654e+01 -2.1185e-01 -2.9673e+00 -1.7245e+00 +5.8904e-01 -2.9037e+00
720 +2.234446565e+01 +2.234446565e+01 +3.598446565e+01 +3.598446565e+01 -3.3522e-01 -1.1089e+00 -1.2165e+00 +6.9144e-01 -1.8875e+00
1957 +2.041069844e+01 +2.041069844e+01 +3.405069844e+01 +3.405069844e+01 -1.9809e+00 -2.2949e+00 -1.4666e+00 +9.5285e-01 -2.1077e+00
2358 +1.570914266e+01 +1.570914266e+01 +2.934914266e+01 +2.934914266e+01 -7.2718e-01 -1.5664e+00 -2.0803e+00 +7.0439e-04 -2.3286e+00
3623 +1.546463745e+01 +1.546463745e+01 +2.910463745e+01 +2.910463745e+01 -7.0555e-01 -9.8556e-01 -2.6567e+00 +2.4749e-01 -2.3577e+00
3682 +1.511045856e+01 +1.511045856e+01 +2.875045856e+01 +2.875045856e+01 -7.1548e-01 -9.8914e-01 -2.6598e+00 +2.4646e-01 -2.3570e+00
3753 +1.477906780e+01 +1.477906780e+01 +2.841906780e+01 +2.841906780e+01 -7.1334e-01 -9.9150e-01 -2.6606e+00 +2.5147e-01 -2.3581e+00
3858 +1.440189785e+01 +1.440189785e+01 +2.804189785e+01 +2.804189785e+01 -7.1421e-01 -9.9427e-01 -2.6614e+00 +2.5718e-01 -2.3632e+00
3980 +1.411111094e+01 +1.411111094e+01 +2.775111094e+01 +2.775111094e+01 -7.1815e-01 -9.9921e-01 -2.6619e+00 +2.6038e-01 -2.3680e+00
4434 +1.380284103e+01 +1.380284103e+01 +2.744284103e+01 +2.744284103e+01 -7.2998e-01 -1.0060e+00 -2.6661e+00 +2.6137e-01 -2.3701e+00
% function evaluation | noise-free fitness - Fopt (1.948000000000e+02) | best noise-free fitness - Fopt | measured fitness | best measured fitness | x1 | x2...
1 +5.865562670e+01 +5.865562670e+01 +2.534556267e+02 +2.534556267e+02 +0.0000e+00 +0.0000e+00 +0.0000e+00 +0.0000e+00 +0.0000e+00
3 +5.134472432e+01 +5.134472432e+01 +2.461447243e+02 +2.461447243e+02 -3.6890e-01 -9.6008e-02 -2.8308e-01 -1.0810e-01 +2.4163e-01
22 +4.755994926e+01 +4.755994926e+01 +2.423599493e+02 +2.423599493e+02 -3.0717e-01 -7.3333e-02 -6.7888e-02 -4.6315e-02 +6.1934e-01
43 +4.369594280e+01 +4.369594280e+01 +2.384959428e+02 +2.384959428e+02 -3.8265e-01 -2.4784e-01 -1.6720e-01 +6.8098e-02 +5.1660e-01
51 +3.109140918e+01 +3.109140918e+01 +2.258914092e+02 +2.258914092e+02 -3.6640e-01 -4.0762e-02 -1.0763e-01 +6.9525e-02 +8.0762e-01
476 +2.374504041e+01 +2.374504041e+01 +2.185450404e+02 +2.185450404e+02 +2.0534e+00 +2.4852e+00 +8.7286e-01 -1.3024e+00 -2.1200e+00
988 +2.153338520e+01 +2.153338520e+01 +2.163333852e+02 +2.163333852e+02 +1.3553e+00 +2.9453e+00 +2.3090e+00 -1.3202e+00 -1.6221e+00
1256 +1.838297644e+01 +1.838297644e+01 +2.131829764e+02 +2.131829764e+02 +1.1087e+00 +1.4647e+00 +2.0773e+00 -1.4700e+00 -1.9617e+00
3162 +1.693907261e+01 +1.693907261e+01 +2.117390726e+02 +2.117390726e+02 +3.5177e+00 +2.1656e+00 +2.3220e+00 -3.8802e-01 -1.2085e+00
3342 +1.658425727e+01 +1.658425727e+01 +2.113842573e+02 +2.113842573e+02 +3.5224e+00 +2.1587e+00 +2.3221e+00 -3.9389e-01 -1.2127e+00
3398 +1.621662571e+01 +1.621662571e+01 +2.110166257e+02 +2.110166257e+02 +3.5214e+00 +2.1620e+00 +2.3244e+00 -3.8827e-01 -1.2096e+00
3554 +1.584186039e+01 +1.584186039e+01 +2.106418604e+02 +2.106418604e+02 +3.5251e+00 +2.1666e+00 +2.3273e+00 -3.9675e-01 -1.2067e+00
3820 +1.547940887e+01 +1.547940887e+01 +2.102794089e+02 +2.102794089e+02 +3.5302e+00 +2.1701e+00 +2.3342e+00 -4.0416e-01 -1.2006e+00
% function evaluation | noise-free fitness - Fopt (-1.335900000000e+02) | best noise-free fitness - Fopt | measured fitness | best measured fitness | x1 | x2...
1 +9.504320291e+01 +9.504320291e+01 -3.854679709e+01 -3.854679709e+01 +0.0000e+00 +0.0000e+00 +0.0000e+00 +0.0000e+00 +0.0000e+00
2 +4.685537105e+01 +4.685537105e+01 -8.673462895e+01 -8.673462895e+01 +3.2087e-01 -2.4523e-01 -1.1780e-01 +1.7298e-01 +1.1045e-01
22 +4.406155393e+01 +4.406155393e+01 -8.952844607e+01 -8.952844607e+01 +4.7974e-01 -4.3310e-02 -2.2424e-02 +1.5127e-01 +1.3571e-01
56 +3.245396384e+01 +3.245396384e+01 -1.011360362e+02 -1.011360362e+02 +3.9537e-01 -2.8568e-01 +3.6760e-02 +2.9406e-01 +1.7387e-01
219 +3.176408938e+01 +3.176408938e+01 -1.018259106e+02 -1.018259106e+02 +3.1029e-01 -9.8633e-01 -4.9238e-02 +7.2159e-01 +5.5327e-01
264 +2.753169900e+01 +2.753169900e+01 -1.060583010e+02 -1.060583010e+02 +9.3471e-01 -1.0199e+00 +5.8438e-01 +3.1717e-01 +3.4880e-01
328 +2.685661751e+01 +2.685661751e+01 -1.067333825e+02 -1.067333825e+02 +1.2988e+00 -8.8709e-01 +7.8736e-01 +1.2584e+00 +1.7506e+00
363 +2.019439552e+01 +2.019439552e+01 -1.133956045e+02 -1.133956045e+02 +1.7770e+00 -1.4421e+00 +1.3721e+00 +7.3596e-01 +9.4115e-01
562 +1.933874522e+01 +1.933874522e+01 -1.142512548e+02 -1.142512548e+02 +1.1835e+00 -1.3933e+00 +4.0501e-01 +1.7770e+00 +1.2862e+00
581 +5.295119844e+00 +5.295119844e+00 -1.282948802e+02 -1.282948802e+02 +1.2990e+00 -1.2270e+00 +5.9352e-01 +1.1864e+00 +1.1874e+00
% function evaluation | noise-free fitness - Fopt (1.198100000000e+02) | best noise-free fitness - Fopt | measured fitness | best measured fitness | x1 | x2...
1 +9.445407857e+01 +9.445407857e+01 +2.142640786e+02 +2.142640786e+02 +0.0000e+00 +0.0000e+00 +0.0000e+00 +0.0000e+00 +0.0000e+00
2 +4.088625823e+01 +4.088625823e+01 +1.606962582e+02 +1.606962582e+02 +2.1249e-01 -2.4985e-01 -1.3174e-01 -1.4817e-01 -6.7772e-02
78 +3.739125172e+01 +3.739125172e+01 +1.572012517e+02 +1.572012517e+02 +7.6974e-01 -9.2205e-01 +5.0703e-01 -4.1640e-01 +2.3949e-01
104 +3.638603657e+01 +3.638603657e+01 +1.561960366e+02 +1.561960366e+02 +5.2989e-01 -1.6398e-01 +1.5639e-01 -7.6255e-01 +7.4208e-01
123 +2.817237874e+01 +2.817237874e+01 +1.479823787e+02 +1.479823787e+02 +2.9748e-01 -7.7288e-01 +3.3058e-01 -6.8534e-01 +1.7370e-01
141 +1.901920630e+01 +1.901920630e+01 +1.388292063e+02 +1.388292063e+02 +1.7573e+00 -3.3808e-01 +1.1591e+00 -5.5718e-01 -2.3680e-01
240 +1.678960445e+01 +1.678960445e+01 +1.365996044e+02 +1.365996044e+02 +1.6603e+00 -1.3168e+00 +5.4749e-01 -1.9198e+00 +1.5033e+00
540 +1.858074400e+00 +1.858074400e+00 +1.216680744e+02 +1.216680744e+02 +1.3103e+00 -1.0787e+00 +1.4172e+00 -1.1707e+00 +1.2555e+00
% function evaluation | noise-free fitness - Fopt (-1.224900000000e+02) | best noise-free fitness - Fopt | measured fitness | best measured fitness | x1 | x2...
1 +6.334912285e+01 +6.334912285e+01 -5.914087715e+01 -5.914087715e+01 +0.0000e+00 +0.0000e+00 +0.0000e+00 +0.0000e+00 +0.0000e+00
8 +5.731199702e+01 +5.731199702e+01 -6.517800298e+01 -6.517800298e+01 -2.7067e-02 -4.1289e-02 +1.4592e-01 +2.4038e-01 +3.6732e-01
31 +5.063934482e+01 +5.063934482e+01 -7.185065518e+01 -7.185065518e+01 -3.2276e-01 -6.3683e-03 +9.4125e-01 +1.3325e+00 -4.2280e-01
44 +4.961015605e+01 +4.961015605e+01 -7.287984395e+01 -7.287984395e+01 +1.0112e-01 -5.0800e-01 +3.3397e-01 +4.3634e-02 -2.9980e-01
69 +4.866782201e+01 +4.866782201e+01 -7.382217799e+01 -7.382217799e+01 +1.2405e-01 -1.1093e+00 +1.4801e-01 +3.4236e-01 -6.3395e-01
80 +4.648477297e+01 +4.648477297e+01 -7.600522703e+01 -7.600522703e+01 +1.4438e-01 -1.6528e+00 +4.2071e-01 +3.0174e-01 +7.9203e-02
103 +3.277953310e+01 +3.277953310e+01 -8.971046690e+01 -8.971046690e+01 -3.8275e-01 -1.5434e+00 +9.8439e-01 +8.3419e-01 -3.0591e-01
253 +2.899189775e+01 +2.899189775e+01 -9.349810225e+01 -9.349810225e+01 -1.5809e+00 -1.4677e+00 -9.1155e-01 +7.9382e-01 -4.6948e-01
382 +2.541322763e+01 +2.541322763e+01 -9.707677237e+01 -9.707677237e+01 -1.6158e+00 -1.7515e+00 -6.8261e-01 +1.0589e+00 -3.3580e-01
640 +1.983007389e+01 +1.983007389e+01 -1.026599261e+02 -1.026599261e+02 -1.5819e+00 -1.6799e+00 -4.9555e-01 +1.2829e+00 -6.4816e-01
924 +1.924633600e+01 +1.924633600e+01 -1.032436640e+02 -1.032436640e+02 -1.5189e+00 -1.7829e+00 -5.3986e-01 +1.3563e+00 -5.3167e-01
972 +1.824976592e+01 +1.824976592e+01 -1.042402341e+02 -1.042402341e+02 -1.5140e+00 -1.7906e+00 -5.4018e-01 +1.3487e+00 -5.0160e-01
977 +1.812317803e+01 +1.812317803e+01 -1.043668220e+02 -1.043668220e+02 -1.5039e+00 -1.7944e+00 -5.4377e-01 +1.3463e+00 -5.0477e-01
1070 +1.755120769e+01 +1.755120769e+01 -1.049387923e+02 -1.049387923e+02 -1.5185e+00 -1.8026e+00 -5.3759e-01 +1.3501e+00 -4.9537e-01
1122 +1.726243037e+01 +1.726243037e+01 -1.052275696e+02 -1.052275696e+02 -1.5222e+00 -1.7985e+00 -5.3887e-01 +1.3564e+00 -5.0055e-01
1298 +1.698231334e+01 +1.698231334e+01 -1.055076867e+02 -1.055076867e+02 -1.5184e+00 -1.7932e+00 -5.4128e-01 +1.3570e+00 -5.1303e-01
% function evaluation | noise-free fitness - Fopt (1.829000000000e+01) | best noise-free fitness - Fopt | measured fitness | best measured fitness | x1 | x2...
1 +9.536599902e+01 +9.536599902e+01 +1.136559990e+02 +1.136559990e+02 +0.0000e+00 +0.0000e+00 +0.0000e+00 +0.0000e+00 +0.0000e+00
3 +5.651602685e+01 +5.651602685e+01 +7.480602685e+01 +7.480602685e+01 -1.7740e-01 -1.3624e-02 +2.4130e-01 +2.2806e-01 +1.2039e-01
12 +3.787660791e+01 +3.787660791e+01 +5.616660791e+01 +5.616660791e+01 +6.0691e-02 +9.3536e-02 -1.9816e-02 +4.7468e-01 -7.4270e-02
54 +3.605049758e+01 +3.605049758e+01 +5.434049758e+01 +5.434049758e+01 -1.9661e-01 +5.5035e-01 +1.7567e-01 +1.1490e-01 -7.2869e-01
104 +3.518891398e+01 +3.518891398e+01 +5.347891398e+01 +5.347891398e+01 -2.5449e-01 +9.2757e-01 -4.8625e-02 -1.0212e+00 -5.5730e-01
207 +3.179645746e+01 +3.179645746e+01 +5.008645746e+01 +5.008645746e+01 -3.9789e-01 +7.4037e-01 -8.7036e-02 -5.0917e-01 -1.0913e+00
217 +2.898898697e+01 +2.898898697e+01 +4.727898697e+01 +4.727898697e+01 -4.0411e-01 +9.4904e-01 -1.0182e-01 -5.7647e-01 -1.3555e+00
257 +2.873417221e+01 +2.873417221e+01 +4.702417221e+01 +4.702417221e+01 -4.7919e-01 +1.0619e+00 +4.7800e-02 -8.0567e-01 -1.0011e+00
275 +2.035172942e+01 +2.035172942e+01 +3.864172942e+01 +3.864172942e+01 -4.0253e-01 +6.1386e-01 +4.0638e-01 -6.6914e-01 -1.2785e+00
494 +1.675589089e+01 +1.675589089e+01 +3.504589089e+01 +3.504589089e+01 -6.4373e-01 +7.4025e-01 +1.0767e+00 -1.0658e+00 -1.1294e+00
501 +1.540961460e+01 +1.540961460e+01 +3.369961460e+01 +3.369961460e+01 -5.2268e-01 +9.9838e-01 +1.1277e+00 -8.9753e-01 -9.1939e-01
862 +1.101974531e+01 +1.101974531e+01 +2.930974531e+01 +2.930974531e+01 -9.8919e-01 +1.7156e+00 +1.7073e+00 -1.5523e+00 -1.8708e+00
1586 +1.080356701e+01 +1.080356701e+01 +2.909356701e+01 +2.909356701e+01 -9.9833e-01 +1.6748e+00 +1.6121e+00 -1.2794e+00 -2.5323e+00
1592 +1.063996341e+01 +1.063996341e+01 +2.892996341e+01 +2.892996341e+01 -1.0031e+00 +1.6748e+00 +1.6018e+00 -1.2802e+00 -2.5328e+00
1596 +1.008969413e+01 +1.008969413e+01 +2.837969413e+01 +2.837969413e+01 -9.9216e-01 +1.6741e+00 +1.5990e+00 -1.2804e+00 -2.5304e+00
1607 +9.970792728e+00 +9.970792728e+00 +2.826079273e+01 +2.826079273e+01 -9.9041e-01 +1.6691e+00 +1.6052e+00 -1.2803e+00 -2.5270e+00
1642 +9.748428973e+00 +9.748428973e+00 +2.803842897e+01 +2.803842897e+01 -9.8865e-01 +1.6713e+00 +1.5984e+00 -1.2840e+00 -2.5292e+00
1653 +9.288554016e+00 +9.288554016e+00 +2.757855402e+01 +2.757855402e+01 -9.8662e-01 +1.6719e+00 +1.6030e+00 -1.2877e+00 -2.5279e+00
1658 +9.056006318e+00 +9.056006318e+00 +2.734600632e+01 +2.734600632e+01 -9.8362e-01 +1.6711e+00 +1.6019e+00 -1.2865e+00 -2.5245e+00
1684 +8.899588574e+00 +8.899588574e+00 +2.718958857e+01 +2.718958857e+01 -9.7524e-01 +1.6663e+00 +1.6058e+00 -1.2881e+00 -2.5213e+00
1732 +8.593974881e+00 +8.593974881e+00 +2.688397488e+01 +2.688397488e+01 -9.7005e-01 +1.6649e+00 +1.6018e+00 -1.2933e+00 -2.5184e+00
1733 +8.503481053e+00 +8.503481053e+00 +2.679348105e+01 +2.679348105e+01 -9.7130e-01 +1.6652e+00 +1.6017e+00 -1.2904e+00 -2.5194e+00
1765 +8.287695941e+00 +8.287695941e+00 +2.657769594e+01 +2.657769594e+01 -9.7138e-01 +1.6663e+00 +1.5955e+00 -1.2873e+00 -2.5187e+00
1819 +8.080076871e+00 +8.080076871e+00 +2.637007687e+01 +2.637007687e+01 -9.6742e-01 +1.6650e+00 +1.5945e+00 -1.2895e+00 -2.5156e+00
1978 +7.936343066e+00 +7.936343066e+00 +2.622634307e+01 +2.622634307e+01 -9.6184e-01 +1.6623e+00 +1.5911e+00 -1.2904e+00 -2.5113e+00
% function evaluation | noise-free fitness - Fopt (-1.635000000000e+01) | best noise-free fitness - Fopt | measured fitness | best measured fitness | x1 | x2...
1 +1.019177602e+02 +1.019177602e+02 +8.556776018e+01 +8.556776018e+01 +0.0000e+00 +0.0000e+00 +0.0000e+00 +0.0000e+00 +0.0000e+00
2 +8.908813867e+01 +8.908813867e+01 +7.273813867e+01 +7.273813867e+01 -8.3359e-02 -6.3496e-04 +1.3609e-01 +2.3767e-01 +1.0775e-01
4 +8.209774440e+01 +8.209774440e+01 +6.574774440e+01 +6.574774440e+01 +8.2150e-02 +1.5290e-02 -1.5714e-01 -4.6446e-01 -1.8391e-01
6 +5.901221698e+01 +5.901221698e+01 +4.266221698e+01 +4.266221698e+01 +2.4195e-01 +1.1187e-01 +8.2369e-02 +5.5427e-02 +3.7061e-01
13 +5.521289048e+01 +5.521289048e+01 +3.886289048e+01 +3.886289048e+01 +4.6067e-01 +4.9377e-01 +2.0218e-01 +3.1751e-02 +5.2027e-01
19 +5.038335929e+01 +5.038335929e+01 +3.403335929e+01 +3.403335929e+01 +4.7219e-01 +6.0327e-02 +4.7297e-01 -3.3657e-01 +4.4727e-01
45 +4.266676024e+01 +4.266676024e+01 +2.631676024e+01 +2.631676024e+01 +2.6669e-01 -8.0657e-01 +2.0861e-01 +2.7504e-01 +6.9910e-02
80 +1.548919528e+01 +1.548919528e+01 -8.608047161e-01 -8.608047161e-01 +8.8667e-01 -1.0337e+00 +7.9903e-01 +9.4554e-01 +1.0461e+00
251 +1.277008140e+01 +1.277008140e+01 -3.579918604e+00 -3.579918604e+00 +5.7159e-01 -1.0159e+00 +4.5707e-01 +1.0047e+00 +1.8012e+00
2721 +1.257503107e+01 +1.257503107e+01 -3.774968930e+00 -3.774968930e+00 +1.7476e+00 +7.9407e-02 +1.6937e+00 +3.7428e-01 +8.5248e-01
% function evaluation | noise-free fitness - Fopt (6.840000000000e+00) | best noise-free fitness - Fopt | measured fitness | best measured fitness | x1 | x2...
1 +1.077378904e+02 +1.077378904e+02 +1.145778904e+02 +1.145778904e+02 +0.0000e+00 +0.0000e+00 +0.0000e+00 +0.0000e+00 +0.0000e+00
2 +8.082235319e+01 +8.082235319e+01 +8.766235319e+01 +8.766235319e+01 -2.9638e-01 -3.6583e-02 -1.5393e-01 +2.1717e-01 +4.0461e-02
4 +7.012739115e+01 +7.012739115e+01 +7.696739115e+01 +7.696739115e+01 +2.0285e-01 +1.3119e-01 +3.0541e-01 -1.4096e-01 +1.7209e-02
19 +6.121273358e+01 +6.121273358e+01 +6.805273358e+01 +6.805273358e+01 -2.6088e-01 +2.2556e-02 -7.0690e-03 -1.6307e-01 -9.4136e-02
22 +5.572647027e+01 +5.572647027e+01 +6.256647027e+01 +6.256647027e+01 -1.6772e-01 -2.6168e-02 +5.9608e-02 -2.2271e-01 -7.3255e-02
25 +5.157199412e+01 +5.157199412e+01 +5.841199412e+01 +5.841199412e+01 -1.1937e-01 -4.5011e-02 +2.7855e-02 -2.9585e-01 +3.1079e-01
50 +4.931581453e+01 +4.931581453e+01 +5.615581453e+01 +5.615581453e+01 -1.0001e-01 +6.2541e-02 +1.1996e-01 +1.3865e-01 +2.0405e-01
53 +4.278436475e+01 +4.278436475e+01 +4.962436475e+01 +4.962436475e+01 -5.1880e-01 +2.4152e-01 +8.6565e-02 -3.0481e-02 +1.8112e-01
256 +3.727922916e+01 +3.727922916e+01 +4.411922916e+01 +4.411922916e+01 -9.9930e-01 -7.6360e-02 -1.2184e-01 -4.8718e-01 +2.4642e-01
374 +3.309213295e+01 +3.309213295e+01 +3.993213295e+01 +3.993213295e+01 -5.3073e-01 +6.6031e-01 -1.0218e-02 -8.8424e-01 +5.3826e-01
617 +3.169179595e+01 +3.169179595e+01 +3.853179595e+01 +3.853179595e+01 -2.9099e-01 +6.1409e-01 -1.7511e-01 -9.2456e-01 +3.6496e-01
698 +3.064128273e+01 +3.064128273e+01 +3.748128273e+01 +3.748128273e+01 -5.2701e-01 +6.3957e-01 -1.3139e-01 -9.4508e-01 +3.7244e-01
743 +2.997524371e+01 +2.997524371e+01 +3.681524371e+01 +3.681524371e+01 -5.0615e-01 +6.0891e-01 -1.5581e-01 -9.3385e-01 +3.8943e-01
827 +2.872617030e+01 +2.872617030e+01 +3.556617030e+01 +3.556617030e+01 -4.8308e-01 +6.1644e-01 -1.4021e-01 -9.2707e-01 +3.6102e-01
840 +2.721382326e+01 +2.721382326e+01 +3.405382326e+01 +3.405382326e+01 -4.9264e-01 +6.1099e-01 -1.4269e-01 -9.2929e-01 +3.7243e-01
855 +2.644189040e+01 +2.644189040e+01 +3.328189040e+01 +3.328189040e+01 -4.8784e-01 +6.1447e-01 -1.4596e-01 -9.2826e-01 +3.6847e-01
899 +2.626664876e+01 +2.626664876e+01 +3.310664876e+01 +3.310664876e+01 -4.9959e-01 +6.2320e-01 -1.4875e-01 -9.2952e-01 +3.7091e-01
% function evaluation | noise-free fitness - Fopt (-2.068000000000e+01) | best noise-free fitness - Fopt | measured fitness | best measured fitness | x1 | x2...
1 +8.016729351e+01 +8.016729351e+01 +5.948729351e+01 +5.948729351e+01 +0.0000e+00 +0.0000e+00 +0.0000e+00 +0.0000e+00 +0.0000e+00
2 +6.651606471e+01 +6.651606471e+01 +4.583606471e+01 +4.583606471e+01 -1.2754e-01 +3.4657e-01 -2.0011e-01 +2.0982e-02 -2.4588e-01
8 +6.320485826e+01 +6.320485826e+01 +4.252485826e+01 +4.252485826e+01 -1.1808e-01 -7.6848e-02 +1.7331e-01 +2.2376e-01 -2.5488e-02
9 +5.800202449e+01 +5.800202449e+01 +3.732202449e+01 +3.732202449e+01 +6.7121e-02 -2.6619e-01 -5.0670e-02 -1.3398e-01 +1.0337e-01
11 +5.441626002e+01 +5.441626002e+01 +3.373626002e+01 +3.373626002e+01 -2.3826e-02 -1.4080e-01 +1.9407e-02 +2.6999e-01 -8.8858e-02
24 +5.173982289e+01 +5.173982289e+01 +3.105982289e+01 +3.105982289e+01 -3.5817e-02 -1.8541e-01 -8.6418e-02 +4.7149e-01 +2.7475e-01
60 +4.703414534e+01 +4.703414534e+01 +2.635414534e+01 +2.635414534e+01 +4.4683e-01 -1.7878e-01 -8.0651e-02 +6.6820e-01 +3.5290e-01
143 +4.593970036e+01 +4.593970036e+01 +2.525970036e+01 +2.525970036e+01 +1.1002e+00 +1.3762e-02 +4.3168e-01 +1.4626e+00 -7.1310e-01
196 +3.495961837e+01 +3.495961837e+01 +1.427961837e+01 +1.427961837e+01 +7.6754e-01 +3.5066e-01 +4.6116e-01 +7.8812e-01 -4.0677e-01
236 +3.333142055e+01 +3.333142055e+01 +1.265142055e+01 +1.265142055e+01 +1.1047e+00 -9.0640e-03 +2.6583e-01 +1.0389e+00 -7.4856e-01
279 +1.739792457e+01 +1.739792457e+01 -3.282075435e+00 -3.282075435e+00 +1.8267e+00 +4.0786e-01 +7.6930e-01 +1.8686e+00 -3.2416e-01
713 +1.313606961e+01 +1.313606961e+01 -7.543930386e+00 -7.543930386e+00 +9.9930e-01 +1.0976e+00 +9.3031e-01 +1.5289e+00 -1.0449e+00
920 +1.240945935e+01 +1.240945935e+01 -8.270540651e+00 -8.270540651e+00 +4.4898e-01 +1.5035e+00 +8.4926e-01 +1.6199e+00 -9.0057e-01
% function evaluation | noise-free fitness - Fopt (3.138500000000e+02) | best noise-free fitness - Fopt | measured fitness | best measured fitness | x1 | x2...
1 +7.684964075e+01 +7.684964075e+01 +3.906996408e+02 +3.906996408e+02 +0.0000e+00 +0.0000e+00 +0.0000e+00 +0.0000e+00 +0.0000e+00
3 +6.024242567e+01 +6.024242567e+01 +3.740924257e+02 +3.740924257e+02 +1.2356e-01 -9.3536e-02 -4.3425e-01 +1.1447e-01 +3.6152e-02
7 +5.538087358e+01 +5.538087358e+01 +3.692308736e+02 +3.692308736e+02 +3.5533e-01 -1.1165e-01 -1.8974e-01 +1.2595e-01 +2.2395e-01
11 +5.185867687e+01 +5.185867687e+01 +3.657086769e+02 +3.657086769e+02 +3.5156e-01 +8.6384e-02 -1.3424e-01 +2.7401e-02 +2.0824e-01
23 +4.923104160e+01 +4.923104160e+01 +3.630810416e+02 +3.630810416e+02 +3.3866e-01 -1.4197e-01 -1.3797e-01 -1.0568e-01 +8.3178e-02
36 +4.567136003e+01 +4.567136003e+01 +3.595213600e+02 +3.595213600e+02 +8.0096e-01 -2.7239e-02 -1.7572e-01 -5.8738e-02 +1.7476e-01
63 +4.313406865e+01 +4.313406865e+01 +3.569840687e+02 +3.569840687e+02 +7.5093e-01 +2.9486e-01 -4.9891e-01 +2.8725e-01 +3.7415e-01
74 +2.700484488e+01 +2.700484488e+01 +3.408548449e+02 +3.408548449e+02 +3.7665e-01 +2.5257e-01 -6.1946e-01 +2.8312e-01 +2.6307e-01
287 +2.571978938e+01 +2.571978938e+01 +3.395697894e+02 +3.395697894e+02 +5.7711e-01 +4.4566e-01 -8.2265e-01 +6.1383e-01 +1.5693e-01
362 +2.509891909e+01 +2.509891909e+01 +3.389489191e+02 +3.389489191e+02 +8.1122e-01 +4.4495e-01 -1.1538e+00 +4.9371e-01 +4.3870e-02
490 +2.008227555e+01 +2.008227555e+01 +3.339322756e+02 +3.339322756e+02 +1.6440e+00 +4.4029e-01 -1.0661e+00 +4.0093e-01 -4.1174e-01
521 +1.530422958e+01 +1.530422958e+01 +3.291542296e+02 +3.291542296e+02 +2.0671e+00 +8.3065e-01 -1.3444e+00 +6.1758e-01 -2.9492e-01
% function evaluation | noise-free fitness - Fopt (-1.640200000000e+02) | best noise-free fitness - Fopt | measured fitness | best measured fitness | x1 | x2...
1 +6.641045006e+01 +6.641045006e+01 -9.760954994e+01 -9.760954994e+01 +0.0000e+00 +0.0000e+00 +0.0000e+00 +0.0000e+00 +0.0000e+00
3 +6.514970689e+01 +6.514970689e+01 -9.887029311e+01 -9.887029311e+01 -2.5457e-01 -7.0291e-02 -4.3042e-01 -3.5821e-01 -1.7515e-01
7 +5.076712586e+01 +5.076712586e+01 -1.132528741e+02 -1.132528741e+02 +9.7207e-03 -1.0519e-01 +2.7746e-01 -2.6027e-01 -3.8573e-02
36 +4.903937042e+01 +4.903937042e+01 -1.149806296e+02 -1.149806296e+02 -5.0958e-01 -1.4438e-01 -5.9229e-01 -4.4004e-01 +2.0169e-01
49 +4.007436544e+01 +4.007436544e+01 -1.239456346e+02 -1.239456346e+02 -8.8054e-01 -1.0046e-01 -7.3221e-01 -1.1903e+00 +4.5580e-01
61 +3.895311630e+01 +3.895311630e+01 -1.250668837e+02 -1.250668837e+02 -8.6515e-01 +1.7769e-01 -1.5795e+00 -1.4658e+00 +5.6986e-01
86 +3.306843685e+01 +3.306843685e+01 -1.309515632e+02 -1.309515632e+02 -1.9080e+00 +2.6496e-01 -3.8281e-02 -1.8431e+00 +7.3196e-01
101 +1.847536285e+01 +1.847536285e+01 -1.455446372e+02 -1.455446372e+02 -1.2078e+00 +8.6044e-01 -1.1666e+00 -1.5444e+00 +5.3156e-01
210 +1.598299005e+01 +1.598299005e+01 -1.480370099e+02 -1.480370099e+02 -2.7064e-01 +1.0645e+00 -1.3932e+00 -1.3952e+00 +1.4260e+00
747 +1.007367442e+01 +1.007367442e+01 -1.539463256e+02 -1.539463256e+02 -1.4883e+00 +1.1164e+00 -9.7998e-01 -9.1950e-01 +9.1795e-01
1310 +9.341165594e+00 +9.341165594e+00 -1.546788344e+02 -1.546788344e+02 -5.9148e-01 +9.5796e-01 -9.0605e-01 -1.0949e+00 +8.0496e-01
1377 +7.394389743e+00 +7.394389743e+00 -1.566256103e+02 -1.566256103e+02 -8.2531e-01 +1.0829e+00 -9.9884e-01 -1.2376e+00 +1.1848e+00
2029 +6.491173892e+00 +6.491173892e+00 -1.575288261e+02 -1.575288261e+02 -8.4369e-01 +1.0775e+00 -9.6684e-01 -8.6617e-01 +5.3759e-01
2105 +6.210732844e+00 +6.210732844e+00 -1.578092672e+02 -1.578092672e+02 -8.4214e-01 +1.0786e+00 -9.6581e-01 -8.6693e-01 +5.4017e-01
2128 +5.987179378e+00 +5.987179378e+00 -1.580328206e+02 -1.580328206e+02 -8.4119e-01 +1.0786e+00 -9.6095e-01 -8.6741e-01 +5.4305e-01
2144 +5.786790402e+00 +5.786790402e+00 -1.582332096e+02 -1.582332096e+02 -8.4732e-01 +1.0766e+00 -9.6318e-01 -8.6993e-01 +5.4203e-01
2186 +5.731299712e+00 +5.731299712e+00 -1.582887003e+02 -1.582887003e+02 -8.4379e-01 +1.0794e+00 -9.6280e-01 -8.6991e-01 +5.4153e-01
2200 +5.579467740e+00 +5.579467740e+00 -1.584405323e+02 -1.584405323e+02 -8.4390e-01 +1.0794e+00 -9.6098e-01 -8.6999e-01 +5.4240e-01
2218 +5.481697829e+00 +5.481697829e+00 -1.585383022e+02 -1.585383022e+02 -8.4176e-01 +1.0788e+00 -9.5921e-01 -8.7073e-01 +5.4561e-01
2220 +5.358230707e+00 +5.358230707e+00 -1.586617693e+02 -1.586617693e+02 -8.4654e-01 +1.0774e+00 -9.5856e-01 -8.7181e-01 +5.4496e-01
2229 +5.228611122e+00 +5.228611122e+00 -1.587913889e+02 -1.587913889e+02 -8.4173e-01 +1.0771e+00 -9.5845e-01 -8.7475e-01 +5.4222e-01
2236 +5.048632335e+00 +5.048632335e+00 -1.589713677e+02 -1.589713677e+02 -8.4256e-01 +1.0774e+00 -9.5701e-01 -8.7441e-01 +5.4356e-01
2237 +4.891474474e+00 +4.891474474e+00 -1.591285255e+02 -1.591285255e+02 -8.4652e-01 +1.0779e+00 -9.5676e-01 -8.7551e-01 +5.4368e-01
2243 +4.778452572e+00 +4.778452572e+00 -1.592415474e+02 -1.592415474e+02 -8.4526e-01 +1.0785e+00 -9.5410e-01 -8.7795e-01 +5.4599e-01
2266 +4.571955700e+00 +4.571955700e+00 -1.594480443e+02 -1.594480443e+02 -8.4690e-01 +1.0753e+00 -9.5331e-01 -8.8124e-01 +5.4437e-01
2272 +4.504128273e+00 +4.504128273e+00 -1.595158717e+02 -1.595158717e+02 -8.4721e-01 +1.0746e+00 -9.5349e-01 -8.7993e-01 +5.4519e-01
2273 +4.306555287e+00 +4.306555287e+00 -1.597134447e+02 -1.597134447e+02 -8.4928e-01 +1.0697e+00 -9.5370e-01 -8.8200e-01 +5.4194e-01
2346 +4.123880725e+00 +4.123880725e+00 -1.598961193e+02 -1.598961193e+02 -8.5131e-01 +1.0697e+00 -9.5115e-01 -8.8295e-01 +5.4335e-01
2381 +4.073335729e+00 +4.073335729e+00 -1.599466643e+02 -1.599466643e+02 -8.5085e-01 +1.0660e+00 -9.5090e-01 -8.8225e-01 +5.4355e-01
2402 +3.868147488e+00 +3.868147488e+00 -1.601518525e+02 -1.601518525e+02 -8.5459e-01 +1.0616e+00 -9.5105e-01 -8.8507e-01 +5.4312e-01
2453 +3.731240158e+00 +3.731240158e+00 -1.602887598e+02 -1.602887598e+02 -8.5620e-01 +1.0527e+00 -9.5169e-01 -8.8576e-01 +5.4174e-01
2496 +3.698587308e+00 +3.698587308e+00 -1.603214127e+02 -1.603214127e+02 -8.5764e-01 +1.0514e+00 -9.5196e-01 -8.8654e-01 +5.4023e-01
% function evaluation | noise-free fitness - Fopt (-1.000000000000e+03) | best noise-free fitness - Fopt | measured fitness | best measured fitness | x1 | x2...
1 +1.019866566e+02 +1.019866566e+02 -8.980133434e+02 -8.980133434e+02 +0.0000e+00 +0.0000e+00 +0.0000e+00 +0.0000e+00 +0.0000e+00
2 +8.790216840e+01 +8.790216840e+01 -9.120978316e+02 -9.120978316e+02 -2.5900e-01 +3.0426e-01 -1.6143e-01 +1.3347e-01 +1.0166e-01
3 +7.393078444e+01 +7.393078444e+01 -9.260692156e+02 -9.260692156e+02 +2.0687e-03 +2.0563e-01 -1.1889e-01 +3.1101e-02 +3.1838e-01
4 +6.684788567e+01 +6.684788567e+01 -9.331521143e+02 -9.331521143e+02 -2.8822e-01 -3.0902e-01 -4.3317e-03 -1.8050e-01 +2.1747e-01
12 +5.793906127e+01 +5.793906127e+01 -9.420609387e+02 -9.420609387e+02 +3.3436e-02 -2.7111e-01 -2.4310e-01 -5.3623e-01 +3.3956e-02
23 +5.722848410e+01 +5.722848410e+01 -9.427715159e+02 -9.427715159e+02 -7.0493e-03 -1.6301e-01 +1.0631e-01 -4.3103e-01 +1.0666e-01
34 +5.573410209e+01 +5.573410209e+01 -9.442658979e+02 -9.442658979e+02 +2.4162e-01 -2.4034e-01 +2.1147e-01 +3.3186e-01 -2.6709e-01
69 +5.166047023e+01 +5.166047023e+01 -9.483395298e+02 -9.483395298e+02 +3.8183e-01 -5.7950e-01 -2.1958e-01 +2.7523e-01 -1.9803e-01
76 +3.291483918e+01 +3.291483918e+01 -9.670851608e+02 -9.670851608e+02 +4.7080e-01 -2.8641e-01 -1.0107e-01 +3.3308e-01 -1.5831e-01
116 +2.529010960e+01 +2.529010960e+01 -9.747098904e+02 -9.747098904e+02 +4.7194e-01 -5.3601e-01 +2.1710e-01 -2.5049e-01 +1.7975e-01
1178 +2.372977463e+01 +2.372977463e+01 -9.762702254e+02 -9.762702254e+02 +4.8636e-01 -9.2530e-01 -6.2108e-01 +6.6117e-01 +1.0790e+00
1188 +2.266750330e+01 +2.266750330e+01 -9.773324967e+02 -9.773324967e+02 +4.6914e-01 -9.2951e-01 -6.2834e-01 +6.5418e-01 +1.0717e+00
1210 +2.122612191e+01 +2.122612191e+01 -9.787738781e+02 -9.787738781e+02 +4.7895e-01 -9.4211e-01 -6.2076e-01 +6.4673e-01 +1.0733e+00
1229 +2.031466370e+01 +2.031466370e+01 -9.796853363e+02 -9.796853363e+02 +4.6915e-01 -9.4559e-01 -6.1988e-01 +6.4878e-01 +1.0757e+00
1379 +1.963605550e+01 +1.963605550e+01 -9.803639445e+02 -9.803639445e+02 +4.7404e-01 -9.4801e-01 -6.1787e-01 +6.4989e-01 +1.0717e+00
1404 +1.945897456e+01 +1.945897456e+01 -9.805410254e+02 -9.805410254e+02 +4.7292e-01 -9.5450e-01 -6.1511e-01 +6.4915e-01 +1.0716e+00
1445 +1.893500765e+01 +1.893500765e+01 -9.810649924e+02 -9.810649924e+02 +4.7535e-01 -9.5550e-01 -6.1381e-01 +6.5323e-01 +1.0649e+00
1480 +1.848116121e+01 +1.848116121e+01 -9.815188388e+02 -9.815188388e+02 +4.7338e-01 -9.6674e-01 -6.1197e-01 +6.5767e-01 +1.0633e+00
1585 +1.819681988e+01 +1.819681988e+01 -9.818031801e+02 -9.818031801e+02 +4.7340e-01 -9.7543e-01 -6.0848e-01 +6.5768e-01 +1.0588e+00
% function evaluation | noise-free fitness - Fopt (-1.001300000000e+02) | best noise-free fitness - Fopt | measured fitness | best measured fitness | x1 | x2...
1 +7.384983154e+01 +7.384983154e+01 -2.628016846e+01 -2.628016846e+01 +0.0000e+00 +0.0000e+00 +0.0000e+00 +0.0000e+00 +0.0000e+00
3 +6.324840117e+01 +6.324840117e+01 -3.688159883e+01 -3.688159883e+01 -2.6527e-02 +1.2633e-01 +2.7464e-01 +1.7930e-01 +1.1953e-01
6 +4.101258812e+01 +4.101258812e+01 -5.911741188e+01 -5.911741188e+01 -6.4923e-02 -2.3711e-01 -2.5146e-01 +2.7568e-01 -9.4735e-02
17 +3.940987811e+01 +3.940987811e+01 -6.072012189e+01 -6.072012189e+01 -1.4598e-01 -4.4747e-01 -2.2700e-01 +7.5852e-02 -3.8635e-02
124 +3.237337051e+01 +3.237337051e+01 -6.775662949e+01 -6.775662949e+01 +2.4677e-01 +1.1709e+00 +4.0951e-01 -1.2482e+00 +5.1479e-01
263 +2.958173700e+01 +2.958173700e+01 -7.054826300e+01 -7.054826300e+01 -8.0370e-01 +2.8294e+00 +5.0652e-01 -5.9408e-01 +1.2444e-01
998 +2.817087191e+01 +2.817087191e+01 -7.195912809e+01 -7.195912809e+01 -4.5166e-01 +1.5703e+00 +5.3071e-01 -1.2459e+00 +2.0893e-01
1094 +2.644428027e+01 +2.644428027e+01 -7.368571973e+01 -7.368571973e+01 -4.4158e-01 +1.5940e+00 +3.6590e-01 -1.2039e+00 +1.2822e-01
1183 +2.120831242e+01 +2.120831242e+01 -7.892168758e+01 -7.892168758e+01 -4.9518e-01 +2.4453e+00 +4.0938e-01 -1.2118e+00 +1.0774e-01
2559 +1.784045333e+01 +1.784045333e+01 -8.228954667e+01 -8.228954667e+01 -2.5402e+00 +7.2942e-01 +2.7136e+00 -1.6149e+00 +1.5723e+00
3359 +1.558000041e+01 +1.558000041e+01 -8.454999959e+01 -8.454999959e+01 -1.8790e+00 +2.4453e+00 +5.7985e-01 -2.2866e-01 +2.7282e+00
3976 +1.541906684e+01 +1.541906684e+01 -8.471093316e+01 -8.471093316e+01 -1.5785e+00 +1.6645e+00 +4.6651e-01 -7.3074e-01 +2.6158e+00
4037 +1.495450249e+01 +1.495450249e+01 -8.517549751e+01 -8.517549751e+01 -1.5776e+00 +1.6640e+00 +4.6633e-01 -7.3623e-01 +2.6132e+00
4040 +1.466789748e+01 +1.466789748e+01 -8.546210252e+01 -8.546210252e+01 -1.5754e+00 +1.6689e+00 +4.6669e-01 -7.3508e-01 +2.6120e+00
4051 +1.440237206e+01 +1.440237206e+01 -8.572762794e+01 -8.572762794e+01 -1.5810e+00 +1.6695e+00 +4.6896e-01 -7.3843e-01 +2.6134e+00
4062 +1.377684651e+01 +1.377684651e+01 -8.635315349e+01 -8.635315349e+01 -1.5816e+00 +1.6688e+00 +4.6686e-01 -7.3761e-01 +2.6055e+00
4073 +1.337816904e+01 +1.337816904e+01 -8.675183096e+01 -8.675183096e+01 -1.5899e+00 +1.6701e+00 +4.6657e-01 -7.3607e-01 +2.6050e+00
4100 +1.316548656e+01 +1.316548656e+01 -8.696451344e+01 -8.696451344e+01 -1.5910e+00 +1.6679e+00 +4.6634e-01 -7.3747e-01 +2.6030e+00
4102 +1.286027727e+01 +1.286027727e+01 -8.726972273e+01 -8.726972273e+01 -1.5920e+00 +1.6695e+00 +4.6693e-01 -7.3773e-01 +2.5996e+00
4188 +1.256307354e+01 +1.256307354e+01 -8.756692646e+01 -8.756692646e+01 -1.5977e+00 +1.6703e+00 +4.6896e-01 -7.3854e-01 +2.5965e+00
4308 +1.223001320e+01 +1.223001320e+01 -8.789998680e+01 -8.789998680e+01 -1.6042e+00 +1.6713e+00 +4.7242e-01 -7.3851e-01 +2.5910e+00
4340 +1.202095145e+01 +1.202095145e+01 -8.810904855e+01 -8.810904855e+01 -1.6053e+00 +1.6712e+00 +4.7485e-01 -7.3795e-01 +2.5922e+00
4385 +1.168746772e+01 +1.168746772e+01 -8.844253228e+01 -8.844253228e+01 -1.6098e+00 +1.6718e+00 +4.7927e-01 -7.3642e-01 +2.5909e+00
4431 +1.138358181e+01 +1.138358181e+01 -8.874641819e+01 -8.874641819e+01 -1.6103e+00 +1.6719e+00 +4.8702e-01 -7.3458e-01 +2.5936e+00
4455 +1.112888788e+01 +1.112888788e+01 -8.900111212e+01 -8.900111212e+01 -1.6127e+00 +1.6713e+00 +4.9449e-01 -7.3168e-01 +2.5928e+00
4506 +1.092266245e+01 +1.092266245e+01 -8.920733755e+01 -8.920733755e+01 -1.6164e+00 +1.6710e+00 +4.9396e-01 -7.3195e-01 +2.5861e+00
5165 +1.071519141e+01 +1.071519141e+01 -8.941480859e+01 -8.941480859e+01 -1.6210e+00 +1.6695e+00 +5.0599e-01 -7.2740e-01 +2.5835e+00
