% function evaluation | noise-free fitness - Fopt (1.026100000000e+02) | best noise-free fitness - Fopt | measured fitness | best measured fitness | x1 | x2...
1 +6.587741914e+02 +6.587741914e+02 +7.613841914e+02 +7.613841914e+02
2 +6.019100075e+02 +6.019100075e+02 +7.045200075e+02 +7.045200075e+02
3 +5.541364176e+02 +5.541364176e+02 +6.567464176e+02 +6.567464176e+02
10 +5.305130491e+02 +5.305130491e+02 +6.331230491e+02 +6.331230491e+02
121 +5.231881261e+02 +5.231881261e+02 +6.257981261e+02 +6.257981261e+02
148 +4.964760468e+02 +4.964760468e+02 +5.990860468e+02 +5.990860468e+02
190 +4.816721133e+02 +4.816721133e+02 +5.842821133e+02 +5.842821133e+02
215 +4.780018642e+02 +4.780018642e+02 +5.806118642e+02 +5.806118642e+02
255 +4.587459596e+02 +4.587459596e+02 +5.613559596e+02 +5.613559596e+02
498 +4.510479758e+02 +4.510479758e+02 +5.536579758e+02 +5.536579758e+02
1247 +4.244738183e+02 +4.244738183e+02 +5.270838183e+02 +5.270838183e+02
1859 +4.125873211e+02 +4.125873211e+02 +5.151973211e+02 +5.151973211e+02
6284 +3.926521425e+02 +3.926521425e+02 +4.952621425e+02 +4.952621425e+02
6305 +3.815138948e+02 +3.815138948e+02 +4.841238948e+02 +4.841238948e+02
6510 +3.715864441e+02 +3.715864441e+02 +4.741964441e+02 +4.741964441e+02
6522 +3.640151916e+02 +3.640151916e+02 +4.666251916e+02 +4.666251916e+02
6549 +3.513349799e+02 +3.513349799e+02 +4.539449799e+02 +4.539449799e+02
6659 +3.459498006e+02 +3.459498006e+02 +4.485598006e+02 +4.485598006e+02
6708 +3.316933758e+02 +3.316933758e+02 +4.343033758e+02 +4.343033758e+02
6718 +3.254325732e+02 +3.254325732e+02 +4.280425732e+02 +4.280425732e+02
6776 +3.066268983e+02 +3.066268983e+02 +4.092368983e+02 +4.092368983e+02
6787 +2.939921715e+02 +2.939921715e+02 +3.966021715e+02 +3.966021715e+02
6875 +2.845012089e+02 +2.845012089e+02 +3.871112089e+02 +3.871112089e+02
6954 +2.805982689e+02 +2.805982689e+02 +3.832082689e+02 +3.832082689e+02
6980 +2.723899766e+02 +2.723899766e+02 +3.749999766e+02 +3.749999766e+02
7099 +2.688110074e+02 +2.688110074e+02 +3.714210074e+02 +3.714210074e+02
7127 +2.617089858e+02 +2.617089858e+02 +3.643189858e+02 +3.643189858e+02
7146 +2.568461024e+02 +2.568461024e+02 +3.594561024e+02 +3.594561024e+02
7167 +2.494543044e+02 +2.494543044e+02 +3.520643044e+02 +3.520643044e+02
7296 +2.446705349e+02 +2.446705349e+02 +3.472805349e+02 +3.472805349e+02
7318 +2.395150602e+02 +2.395150602e+02 +3.421250602e+02 +3.421250602e+02
7383 +2.325460430e+02 +2.325460430e+02 +3.351560430e+02 +3.351560430e+02
7429 +2.282876487e+02 +2.282876487e+02 +3.308976487e+02 +3.308976487e+02
7531 +2.237802714e+02 +2.237802714e+02 +3.263902714e+02 +3.263902714e+02
7608 +2.166771809e+02 +2.166771809e+02 +3.192871809e+02 +3.192871809e+02
7692 +2.134629120e+02 +2.134629120e+02 +3.160729120e+02 +3.160729120e+02
7774 +2.066851652e+02 +2.066851652e+02 +3.092951652e+02 +3.092951652e+02
7890 +2.040195043e+02 +2.040195043e+02 +3.066295043e+02 +3.066295043e+02
8027 +1.993073282e+02 +1.993073282e+02 +3.019173282e+02 +3.019173282e+02
8286 +1.943573197e+02 +1.943573197e+02 +2.969673197e+02 +2.969673197e+02
8690 +1.905430137e+02 +1.905430137e+02 +2.931530137e+02 +2.931530137e+02
9345 +1.861887773e+02 +1.861887773e+02 +2.887987773e+02 +2.887987773e+02
% function evaluation | noise-free fitness - Fopt (9.330000000000e+01) | best noise-free fitness - Fopt | measured fitness | best measured fitness | x1 | x2...
1 +6.708457127e+02 +6.708457127e+02 +7.641457127e+02 +7.641457127e+02
2 +5.949570372e+02 +5.949570372e+02 +6.882570372e+02 +6.882570372e+02
3 +5.440882883e+02 +5.440882883e+02 +6.373882883e+02 +6.373882883e+02
4 +5.189927425e+02 +5.189927425e+02 +6.122927425e+02 +6.122927425e+02
579 +4.920761249e+02 +4.920761249e+02 +5.853761249e+02 +5.853761249e+02
2020 +4.895413515e+02 +4.895413515e+02 +5.828413515e+02 +5.828413515e+02
2167 +4.758439318e+02 +4.758439318e+02 +5.691439318e+02 +5.691439318e+02
2191 +4.527459523e+02 +4.527459523e+02 +5.460459523e+02 +5.460459523e+02
3117 +4.389231013e+02 +4.389231013e+02 +5.322231013e+02 +5.322231013e+02
3380 +4.363355997e+02 +4.363355997e+02 +5.296355997e+02 +5.296355997e+02
3414 +4.107130279e+02 +4.107130279e+02 +5.040130279e+02 +5.040130279e+02
3510 +4.066299167e+02 +4.066299167e+02 +4.999299167e+02 +4.999299167e+02
3545 +3.834179663e+02 +3.834179663e+02 +4.767179663e+02 +4.767179663e+02
3615 +3.749235121e+02 +3.749235121e+02 +4.682235121e+02 +4.682235121e+02
3631 +3.595225021e+02 +3.595225021e+02 +4.528225021e+02 +4.528225021e+02
3639 +3.532028383e+02 +3.532028383e+02 +4.465028383e+02 +4.465028383e+02
3728 +3.434940212e+02 +3.434940212e+02 +4.367940212e+02 +4.367940212e+02
3729 +3.372466847e+02 +3.372466847e+02 +4.305466847e+02 +4.305466847e+02
3739 +3.279006690e+02 +3.279006690e+02 +4.212006690e+02 +4.212006690e+02
3770 +3.218614104e+02 +3.218614104e+02 +4.151614104e+02 +4.151614104e+02
3779 +3.159223230e+02 +3.159223230e+02 +4.092223230e+02 +4.092223230e+02
3783 +3.081219785e+02 +3.081219785e+02 +4.014219785e+02 +4.014219785e+02
3849 +2.983125800e+02 +2.983125800e+02 +3.916125800e+02 +3.916125800e+02
3875 +2.950011904e+02 +2.950011904e+02 +3.883011904e+02 +3.883011904e+02
3914 +2.878349687e+02 +2.878349687e+02 +3.811349687e+02 +3.811349687e+02
3948 +2.817350058e+02 +2.817350058e+02 +3.750350058e+02 +3.750350058e+02
3982 +2.749389017e+02 +2.749389017e+02 +3.682389017e+02 +3.682389017e+02
4020 +2.683902029e+02 +2.683902029e+02 +3.616902029e+02 +3.616902029e+02
4050 +2.623970113e+02 +2.623970113e+02 +3.556970113e+02 +3.556970113e+02
4102 +2.563553401e+02 +2.563553401e+02 +3.496553401e+02 +3.496553401e+02
4149 +2.499521519e+02 +2.499521519e+02 +3.432521519e+02 +3.432521519e+02
4255 +2.453211205e+02 +2.453211205e+02 +3.386211205e+02 +3.386211205e+02
4307 +2.396893995e+02 +2.396893995e+02 +3.329893995e+02 +3.329893995e+02
4363 +2.343659099e+02 +2.343659099e+02 +3.276659099e+02 +3.276659099e+02
4423 +2.284058144e+02 +2.284058144e+02 +3.217058144e+02 +3.217058144e+02
4564 +2.233683933e+02 +2.233683933e+02 +3.166683933e+02 +3.166683933e+02
4626 +2.180160788e+02 +2.180160788e+02 +3.113160788e+02 +3.113160788e+02
4807 +2.133697367e+02 +2.133697367e+02 +3.066697367e+02 +3.066697367e+02
5075 +2.082890469e+02 +2.082890469e+02 +3.015890469e+02 +3.015890469e+02
5589 +2.040850099e+02 +2.040850099e+02 +2.973850099e+02 +2.973850099e+02
6651 +1.995232214e+02 +1.995232214e+02 +2.928232214e+02 +2.928232214e+02
% function evaluation | noise-free fitness - Fopt (1.364000000000e+01) | best noise-free fitness - Fopt | measured fitness | best measured fitness | x1 | x2...
1 +6.419713988e+02 +6.419713988e+02 +6.556113988e+02 +6.556113988e+02
2 +5.756329280e+02 +5.756329280e+02 +5.892729280e+02 +5.892729280e+02
8 +5.739235189e+02 +5.739235189e+02 +5.875635189e+02 +5.875635189e+02
41 +5.429033452e+02 +5.429033452e+02 +5.565433452e+02 +5.565433452e+02
314 +5.310372928e+02 +5.310372928e+02 +5.446772928e+02 +5.446772928e+02
321 +4.954330313e+02 +4.954330313e+02 +5.090730313e+02 +5.090730313e+02
947 +4.884624010e+02 +4.884624010e+02 +5.021024010e+02 +5.021024010e+02
971 +4.775228646e+02 +4.775228646e+02 +4.911628646e+02 +4.911628646e+02
1256 +4.417716841e+02 +4.417716841e+02 +4.554116841e+02 +4.554116841e+02
4936 +4.350726185e+02 +4.350726185e+02 +4.487126185e+02 +4.487126185e+02
5195 +4.189635366e+02 +4.189635366e+02 +4.326035366e+02 +4.326035366e+02
5266 +4.096149550e+02 +4.096149550e+02 +4.232549550e+02 +4.232549550e+02
5278 +3.673821496e+02 +3.673821496e+02 +3.810221496e+02 +3.810221496e+02
5283 +3.608178892e+02 +3.608178892e+02 +3.744578892e+02 +3.744578892e+02
5411 +3.500682563e+02 +3.500682563e+02 +3.637082563e+02 +3.637082563e+02
5502 +3.437078539e+02 +3.437078539e+02 +3.573478539e+02 +3.573478539e+02
5508 +3.317417135e+02 +3.317417135e+02 +3.453817135e+02 +3.453817135e+02
5569 +3.250001728e+02 +3.250001728e+02 +3.386401728e+02 +3.386401728e+02
5582 +3.186303785e+02 +3.186303785e+02 +3.322703785e+02 +3.322703785e+02
5591 +3.138185903e+02 +3.138185903e+02 +3.274585903e+02 +3.274585903e+02
5598 +3.047968208e+02 +3.047968208e+02 +3.184368208e+02 +3.184368208e+02
5634 +2.980310627e+02 +2.980310627e+02 +3.116710627e+02 +3.116710627e+02
5683 +2.802665304e+02 +2.802665304e+02 +2.939065304e+02 +2.939065304e+02
5803 +2.749887734e+02 +2.749887734e+02 +2.886287734e+02 +2.886287734e+02
5832 +2.677467674e+02 +2.677467674e+02 +2.813867674e+02 +2.813867674e+02
5868 +2.609131727e+02 +2.609131727e+02 +2.745531727e+02 +2.745531727e+02
5914 +2.535148380e+02 +2.535148380e+02 +2.671548380e+02 +2.671548380e+02
5916 +2.491400312e+02 +2.491400312e+02 +2.627800312e+02 +2.627800312e+02
5962 +2.437672406e+02 +2.437672406e+02 +2.574072406e+02 +2.574072406e+02
6020 +2.398832088e+02 +2.398832088e+02 +2.535232088e+02 +2.535232088e+02
6237 +2.343169566e+02 +2.343169566e+02 +2.479569566e+02 +2.479569566e+02
6317 +2.281098485e+02 +2.281098485e+02 +2.417498485e+02 +2.417498485e+02
6458 +2.237025233e+02 +2.237025233e+02 +2.373425233e+02 +2.373425233e+02
6635 +2.186614587e+02 +2.186614587e+02 +2.323014587e+02 +2.323014587e+02
7114 +2.137685887e+02 +2.137685887e+02 +2.274085887e+02 +2.274085887e+02
7986 +2.088582266e+02 +2.088582266e+02 +2.224982266e+02 +2.224982266e+02
% function evaluation | noise-free fitness - Fopt (1.948000000000e+02) | best noise-free fitness - Fopt | measured fitness | best measured fitness | x1 | x2...
1 +5.818754603e+02 +5.818754603e+02 +7.766754603e+02 +7.766754603e+02
22 +5.187868518e+02 +5.187868518e+02 +7.135868518e+02 +7.135868518e+02
96 +5.102098042e+02 +5.102098042e+02 +7.050098042e+02 +7.050098042e+02
696 +4.530151874e+02 +4.530151874e+02 +6.478151874e+02 +6.478151874e+02
1570 +4.162084157e+02 +4.162084157e+02 +6.110084157e+02 +6.110084157e+02
13362 +3.977150165e+02 +3.977150165e+02 +5.925150165e+02 +5.925150165e+02
15803 +3.887792283e+02 +3.887792283e+02 +5.835792283e+02 +5.835792283e+02
29415 +3.756814207e+02 +3.756814207e+02 +5.704814207e+02 +5.704814207e+02
29418 +3.645064736e+02 +3.645064736e+02 +5.593064736e+02 +5.593064736e+02
29419 +3.599103164e+02 +3.599103164e+02 +5.547103164e+02 +5.547103164e+02
29426 +3.434927122e+02 +3.434927122e+02 +5.382927122e+02 +5.382927122e+02
29430 +3.365280178e+02 +3.365280178e+02 +5.313280178e+02 +5.313280178e+02
29481 +3.261099422e+02 +3.261099422e+02 +5.209099422e+02 +5.209099422e+02
29520 +3.222149574e+02 +3.222149574e+02 +5.170149574e+02 +5.170149574e+02
29558 +3.157030465e+02 +3.157030465e+02 +5.105030465e+02 +5.105030465e+02
29653 +3.071076467e+02 +3.071076467e+02 +5.019076467e+02 +5.019076467e+02
29656 +3.006608489e+02 +3.006608489e+02 +4.954608489e+02 +4.954608489e+02
29820 +2.931049012e+02 +2.931049012e+02 +4.879049012e+02 +4.879049012e+02
29868 +2.859474818e+02 +2.859474818e+02 +4.807474818e+02 +4.807474818e+02
29917 +2.806675865e+02 +2.806675865e+02 +4.754675865e+02 +4.754675865e+02
30109 +2.752164216e+02 +2.752164216e+02 +4.700164216e+02 +4.700164216e+02
30202 +2.677792719e+02 +2.677792719e+02 +4.625792719e+02 +4.625792719e+02
30365 +2.629371894e+02 +2.629371894e+02 +4.577371894e+02 +4.577371894e+02
30658 +2.567741130e+02 +2.567741130e+02 +4.515741130e+02 +4.515741130e+02
30829 +2.511160918e+02 +2.511160918e+02 +4.459160918e+02 +4.459160918e+02
31097 +2.453611314e+02 +2.453611314e+02 +4.401611314e+02 +4.401611314e+02
31255 +2.398638847e+02 +2.398638847e+02 +4.346638847e+02 +4.346638847e+02
31435 +2.331177159e+02 +2.331177159e+02 +4.279177159e+02 +4.279177159e+02
31691 +2.287941487e+02 +2.287941487e+02 +4.235941487e+02 +4.235941487e+02
32077 +2.236486830e+02 +2.236486830e+02 +4.184486830e+02 +4.184486830e+02
33394 +2.187725972e+02 +2.187725972e+02 +4.135725972e+02 +4.135725972e+02
% function evaluation | noise-free fitness - Fopt (-1.335900000000e+02) | best noise-free fitness - Fopt | measured fitness | best measured fitness | x1 | x2...
1 +6.316373895e+02 +6.316373895e+02 +4.980473895e+02 +4.980473895e+02
2 +6.213716229e+02 +6.213716229e+02 +4.877816229e+02 +4.877816229e+02
3 +5.711440141e+02 +5.711440141e+02 +4.375540141e+02 +4.375540141e+02
88 +5.525149915e+02 +5.525149915e+02 +4.189249915e+02 +4.189249915e+02
472 +4.840903114e+02 +4.840903114e+02 +3.505003114e+02 +3.505003114e+02
3511 +4.779832880e+02 +4.779832880e+02 +3.443932880e+02 +3.443932880e+02
3555 +4.246969259e+02 +4.246969259e+02 +2.911069259e+02 +2.911069259e+02
19517 +4.133490865e+02 +4.133490865e+02 +2.797590865e+02 +2.797590865e+02
19614 +4.071716425e+02 +4.071716425e+02 +2.735816425e+02 +2.735816425e+02
19628 +3.892090129e+02 +3.892090129e+02 +2.556190129e+02 +2.556190129e+02
19676 +3.856117740e+02 +3.856117740e+02 +2.520217740e+02 +2.520217740e+02
19693 +3.688829075e+02 +3.688829075e+02 +2.352929075e+02 +2.352929075e+02
19725 +3.456322126e+02 +3.456322126e+02 +2.120422126e+02 +2.120422126e+02
19739 +3.331059968e+02 +3.331059968e+02 +1.995159968e+02 +1.995159968e+02
19758 +3.204556448e+02 +3.204556448e+02 +1.868656448e+02 +1.868656448e+02
19791 +3.161671914e+02 +3.161671914e+02 +1.825771914e+02 +1.825771914e+02
19907 +3.009673017e+02 +3.009673017e+02 +1.673773017e+02 +1.673773017e+02
19909 +2.929676005e+02 +2.929676005e+02 +1.593776005e+02 +1.593776005e+02
19928 +2.877381720e+02 +2.877381720e+02 +1.541481720e+02 +1.541481720e+02
20035 +2.815859634e+02 +2.815859634e+02 +1.479959634e+02 +1.479959634e+02
20070 +2.737543409e+02 +2.737543409e+02 +1.401643409e+02 +1.401643409e+02
20075 +2.656548555e+02 +2.656548555e+02 +1.320648555e+02 +1.320648555e+02
20136 +2.610592881e+02 +2.610592881e+02 +1.274692881e+02 +1.274692881e+02
20236 +2.495193652e+02 +2.495193652e+02 +1.159293652e+02 +1.159293652e+02
20303 +2.454663377e+02 +2.454663377e+02 +1.118763377e+02 +1.118763377e+02
20351 +2.379718731e+02 +2.379718731e+02 +1.043818731e+02 +1.043818731e+02
20362 +2.319927638e+02 +2.319927638e+02 +9.840276377e+01 +9.840276377e+01
20400 +2.271887151e+02 +2.271887151e+02 +9.359871508e+01 +9.359871508e+01
20499 +2.235715985e+02 +2.235715985e+02 +8.998159847e+01 +8.998159847e+01
20708 +2.184563026e+02 +2.184563026e+02 +8.486630259e+01 +8.486630259e+01
20901 +2.132412850e+02 +2.132412850e+02 +7.965128499e+01 +7.965128499e+01
21169 +2.088580401e+02 +2.088580401e+02 +7.526804013e+01 +7.526804013e+01
21503 +2.040138691e+02 +2.040138691e+02 +7.042386911e+01 +7.042386911e+01
21872 +1.993926698e+02 +1.993926698e+02 +6.580266981e+01 +6.580266981e+01
22420 +1.947537924e+02 +1.947537924e+02 +6.116379244e+01 +6.116379244e+01
23579 +1.905454944e+02 +1.905454944e+02 +5.695549441e+01 +5.695549441e+01
% function evaluation | noise-free fitness - Fopt (1.198100000000e+02) | best noise-free fitness - Fopt | measured fitness | best measured fitness | x1 | x2...
1 +6.455182431e+02 +6.455182431e+02 +7.653282431e+02 +7.653282431e+02
7 +6.302877723e+02 +6.302877723e+02 +7.500977723e+02 +7.500977723e+02
12 +5.274905806e+02 +5.274905806e+02 +6.473005806e+02 +6.473005806e+02
49 +5.156256753e+02 +5.156256753e+02 +6.354356753e+02 +6.354356753e+02
699 +4.596192162e+02 +4.596192162e+02 +5.794292162e+02 +5.794292162e+02
13079 +4.490280390e+02 +4.490280390e+02 +5.688380390e+02 +5.688380390e+02
14083 +4.457880460e+02 +4.457880460e+02 +5.655980460e+02 +5.655980460e+02
18623 +4.296545349e+02 +4.296545349e+02 +5.494645349e+02 +5.494645349e+02
18722 +4.167733253e+02 +4.167733253e+02 +5.365833253e+02 +5.365833253e+02
18780 +4.039616566e+02 +4.039616566e+02 +5.237716566e+02 +5.237716566e+02
18787 +3.976636281e+02 +3.976636281e+02 +5.174736281e+02 +5.174736281e+02
18805 +3.824002969e+02 +3.824002969e+02 +5.022102969e+02 +5.022102969e+02
18906 +3.800343804e+02 +3.800343804e+02 +4.998443804e+02 +4.998443804e+02
18916 +3.714226937e+02 +3.714226937e+02 +4.912326937e+02 +4.912326937e+02
19034 +3.576261232e+02 +3.576261232e+02 +4.774361232e+02 +4.774361232e+02
19066 +3.535405764e+02 +3.535405764e+02 +4.733505764e+02 +4.733505764e+02
19178 +3.454056940e+02 +3.454056940e+02 +4.652156940e+02 +4.652156940e+02
19235 +3.374466897e+02 +3.374466897e+02 +4.572566897e+02 +4.572566897e+02
19257 +3.210727281e+02 +3.210727281e+02 +4.408827281e+02 +4.408827281e+02
19484 +3.153868899e+02 +3.153868899e+02 +4.351968899e+02 +4.351968899e+02
19515 +3.069600387e+02 +3.069600387e+02 +4.267700387e+02 +4.267700387e+02
19539 +2.973178475e+02 +2.973178475e+02 +4.171278475e+02 +4.171278475e+02
19589 +2.919526380e+02 +2.919526380e+02 +4.117626380e+02 +4.117626380e+02
19657 +2.857742740e+02 +2.857742740e+02 +4.055842740e+02 +4.055842740e+02
19689 +2.809263329e+02 +2.809263329e+02 +4.007363329e+02 +4.007363329e+02
19736 +2.742560990e+02 +2.742560990e+02 +3.940660990e+02 +3.940660990e+02
19930 +2.688858672e+02 +2.688858672e+02 +3.886958672e+02 +3.886958672e+02
20205 +2.626279044e+02 +2.626279044e+02 +3.824379044e+02 +3.824379044e+02
20548 +2.568699340e+02 +2.568699340e+02 +3.766799340e+02 +3.766799340e+02
20929 +2.511158441e+02 +2.511158441e+02 +3.709258441e+02 +3.709258441e+02
21706 +2.454375230e+02 +2.454375230e+02 +3.652475230e+02 +3.652475230e+02
% function evaluation | noise-free fitness - Fopt (-1.224900000000e+02) | best noise-free fitness - Fopt | measured fitness | best measured fitness | x1 | x2...
1 +7.035544687e+02 +7.035544687e+02 +5.810644687e+02 +5.810644687e+02
2 +6.101730642e+02 +6.101730642e+02 +4.876830642e+02 +4.876830642e+02
17 +5.851060241e+02 +5.851060241e+02 +4.626160241e+02 +4.626160241e+02
31 +5.652507501e+02 +5.652507501e+02 +4.427607501e+02 +4.427607501e+02
36 +5.583818509e+02 +5.583818509e+02 +4.358918509e+02 +4.358918509e+02
196 +5.337758894e+02 +5.337758894e+02 +4.112858894e+02 +4.112858894e+02
401 +5.209026619e+02 +5.209026619e+02 +3.984126619e+02 +3.984126619e+02
962 +5.047991824e+02 +5.047991824e+02 +3.823091824e+02 +3.823091824e+02
3674 +4.986468004e+02 +4.986468004e+02 +3.761568004e+02 +3.761568004e+02
3721 +4.858338268e+02 +4.858338268e+02 +3.633438268e+02 +3.633438268e+02
3970 +4.721129518e+02 +4.721129518e+02 +3.496229518e+02 +3.496229518e+02
3992 +4.471952997e+02 +4.471952997e+02 +3.247052997e+02 +3.247052997e+02
4024 +4.399527123e+02 +4.399527123e+02 +3.174627123e+02 +3.174627123e+02
4033 +4.357733021e+02 +4.357733021e+02 +3.132833021e+02 +3.132833021e+02
4040 +4.215252097e+02 +4.215252097e+02 +2.990352097e+02 +2.990352097e+02
4056 +4.103328311e+02 +4.103328311e+02 +2.878428311e+02 +2.878428311e+02
4093 +3.925587893e+02 +3.925587893e+02 +2.700687893e+02 +2.700687893e+02
4098 +3.827746073e+02 +3.827746073e+02 +2.602846073e+02 +2.602846073e+02
4462 +3.778139463e+02 +3.778139463e+02 +2.553239463e+02 +2.553239463e+02
4519 +3.701736354e+02 +3.701736354e+02 +2.476836354e+02 +2.476836354e+02
4536 +3.615824526e+02 +3.615824526e+02 +2.390924526e+02 +2.390924526e+02
4554 +3.496562172e+02 +3.496562172e+02 +2.271662172e+02 +2.271662172e+02
4598 +3.464411772e+02 +3.464411772e+02 +2.239511772e+02 +2.239511772e+02
4616 +3.383139825e+02 +3.383139825e+02 +2.158239825e+02 +2.158239825e+02
4668 +3.277653636e+02 +3.277653636e+02 +2.052753636e+02 +2.052753636e+02
4700 +3.205134935e+02 +3.205134935e+02 +1.980234935e+02 +1.980234935e+02
4758 +3.143682491e+02 +3.143682491e+02 +1.918782491e+02 +1.918782491e+02
4819 +3.085709119e+02 +3.085709119e+02 +1.860809119e+02 +1.860809119e+02
4942 +3.005782050e+02 +3.005782050e+02 +1.780882050e+02 +1.780882050e+02
5054 +2.937038235e+02 +2.937038235e+02 +1.712138235e+02 +1.712138235e+02
5127 +2.880356107e+02 +2.880356107e+02 +1.655456107e+02 +1.655456107e+02
5229 +2.815631343e+02 +2.815631343e+02 +1.590731343e+02 +1.590731343e+02
5387 +2.744718760e+02 +2.744718760e+02 +1.519818760e+02 +1.519818760e+02
5586 +2.689427283e+02 +2.689427283e+02 +1.464527283e+02 +1.464527283e+02
5906 +2.628658791e+02 +2.628658791e+02 +1.403758791e+02 +1.403758791e+02
6180 +2.569210440e+02 +2.569210440e+02 +1.344310440e+02 +1.344310440e+02
6588 +2.511294647e+02 +2.511294647e+02 +1.286394647e+02 +1.286394647e+02
7195 +2.453111569e+02 +2.453111569e+02 +1.228211569e+02 +1.228211569e+02
% function evaluation | noise-free fitness - Fopt (1.829000000000e+01) | best noise-free fitness - Fopt | measured fitness | best measured fitness | x1 | x2...
1 +6.149067354e+02 +6.149067354e+02 +6.331967354e+02 +6.331967354e+02
5 +6.002303972e+02 +6.002303972e+02 +6.185203972e+02 +6.185203972e+02
8 +5.678154490e+02 +5.678154490e+02 +5.861054490e+02 +5.861054490e+02
17 +5.598204747e+02 +5.598204747e+02 +5.781104747e+02 +5.781104747e+02
192 +5.410646773e+02 +5.410646773e+02 +5.593546773e+02 +5.593546773e+02
254 +5.120143847e+02 +5.120143847e+02 +5.303043847e+02 +5.303043847e+02
1907 +4.938376223e+02 +4.938376223e+02 +5.121276223e+02 +5.121276223e+02
1940 +4.866059567e+02 +4.866059567e+02 +5.048959567e+02 +5.048959567e+02
1969 +4.774730687e+02 +4.774730687e+02 +4.957630687e+02 +4.957630687e+02
2967 +4.590919073e+02 +4.590919073e+02 +4.773819073e+02 +4.773819073e+02
3877 +4.548127581e+02 +4.548127581e+02 +4.731027581e+02 +4.731027581e+02
5630 +4.404664381e+02 +4.404664381e+02 +4.587564381e+02 +4.587564381e+02
5953 +4.215702875e+02 +4.215702875e+02 +4.398602875e+02 +4.398602875e+02
15341 +4.118143917e+02 +4.118143917e+02 +4.301043917e+02 +4.301043917e+02
15381 +4.036160216e+02 +4.036160216e+02 +4.219060216e+02 +4.219060216e+02
15409 +3.760902548e+02 +3.760902548e+02 +3.943802548e+02 +3.943802548e+02
15420 +3.704034065e+02 +3.704034065e+02 +3.886934065e+02 +3.886934065e+02
15456 +3.572359008e+02 +3.572359008e+02 +3.755259008e+02 +3.755259008e+02
15487 +3.525347784e+02 +3.525347784e+02 +3.708247784e+02 +3.708247784e+02
15493 +3.356609839e+02 +3.356609839e+02 +3.539509839e+02 +3.539509839e+02
15552 +3.290954465e+02 +3.290954465e+02 +3.473854465e+02 +3.473854465e+02
15689 +3.209969381e+02 +3.209969381e+02 +3.392869381e+02 +3.392869381e+02
15742 +3.158981665e+02 +3.158981665e+02 +3.341881665e+02 +3.341881665e+02
15764 +3.049446557e+02 +3.049446557e+02 +3.232346557e+02 +3.232346557e+02
15848 +3.018848320e+02 +3.018848320e+02 +3.201748320e+02 +3.201748320e+02
15906 +2.934526510e+02 +2.934526510e+02 +3.117426510e+02 +3.117426510e+02
15977 +2.875760328e+02 +2.875760328e+02 +3.058660328e+02 +3.058660328e+02
16076 +2.817796649e+02 +2.817796649e+02 +3.000696649e+02 +3.000696649e+02
16219 +2.749473739e+02 +2.749473739e+02 +2.932373739e+02 +2.932373739e+02
16408 +2.691003773e+02 +2.691003773e+02 +2.873903773e+02 +2.873903773e+02
16659 +2.626964609e+02 +2.626964609e+02 +2.809864609e+02 +2.809864609e+02
16884 +2.567575395e+02 +2.567575395e+02 +2.750475395e+02 +2.750475395e+02
17216 +2.510736578e+02 +2.510736578e+02 +2.693636578e+02 +2.693636578e+02
17839 +2.454052654e+02 +2.454052654e+02 +2.636952654e+02 +2.636952654e+02
21167 +2.398825674e+02 +2.398825674e+02 +2.581725674e+02 +2.581725674e+02
% function evaluation | noise-free fitness - Fopt (-1.635000000000e+01) | best noise-free fitness - Fopt | measured fitness | best measured fitness | x1 | x2...
1 +6.553937972e+02 +6.553937972e+02 +6.390437972e+02 +6.390437972e+02
3 +5.863290782e+02 +5.863290782e+02 +5.699790782e+02 +5.699790782e+02
16 +5.669170447e+02 +5.669170447e+02 +5.505670447e+02 +5.505670447e+02
57 +5.308494238e+02 +5.308494238e+02 +5.144994238e+02 +5.144994238e+02
332 +5.121971038e+02 +5.121971038e+02 +4.958471038e+02 +4.958471038e+02
371 +4.913079908e+02 +4.913079908e+02 +4.749579908e+02 +4.749579908e+02
3134 +4.565484762e+02 +4.565484762e+02 +4.401984762e+02 +4.401984762e+02
6992 +4.371529915e+02 +4.371529915e+02 +4.208029915e+02 +4.208029915e+02
7561 +4.297794368e+02 +4.297794368e+02 +4.134294368e+02 +4.134294368e+02
7599 +4.131656458e+02 +4.131656458e+02 +3.968156458e+02 +3.968156458e+02
7732 +4.007851037e+02 +4.007851037e+02 +3.844351037e+02 +3.844351037e+02
7966 +3.838614075e+02 +3.838614075e+02 +3.675114075e+02 +3.675114075e+02
7973 +3.766555602e+02 +3.766555602e+02 +3.603055602e+02 +3.603055602e+02
7990 +3.607521165e+02 +3.607521165e+02 +3.444021165e+02 +3.444021165e+02
8144 +3.500046071e+02 +3.500046071e+02 +3.336546071e+02 +3.336546071e+02
8177 +3.442118041e+02 +3.442118041e+02 +3.278618041e+02 +3.278618041e+02
8194 +3.334355390e+02 +3.334355390e+02 +3.170855390e+02 +3.170855390e+02
8221 +3.285472669e+02 +3.285472669e+02 +3.121972669e+02 +3.121972669e+02
8231 +3.184890193e+02 +3.184890193e+02 +3.021390193e+02 +3.021390193e+02
8232 +3.115732513e+02 +3.115732513e+02 +2.952232513e+02 +2.952232513e+02
8293 +3.070829737e+02 +3.070829737e+02 +2.907329737e+02 +2.907329737e+02
8345 +3.016585881e+02 +3.016585881e+02 +2.853085881e+02 +2.853085881e+02
8406 +2.936841892e+02 +2.936841892e+02 +2.773341892e+02 +2.773341892e+02
8453 +2.850214530e+02 +2.850214530e+02 +2.686714530e+02 +2.686714530e+02
8482 +2.797852838e+02 +2.797852838e+02 +2.634352838e+02 +2.634352838e+02
8516 +2.745927708e+02 +2.745927708e+02 +2.582427708e+02 +2.582427708e+02
8530 +2.671615837e+02 +2.671615837e+02 +2.508115837e+02 +2.508115837e+02
8636 +2.595073791e+02 +2.595073791e+02 +2.431573791e+02 +2.431573791e+02
8708 +2.569208656e+02 +2.569208656e+02 +2.405708656e+02 +2.405708656e+02
8755 +2.506686854e+02 +2.506686854e+02 +2.343186854e+02 +2.343186854e+02
8790 +2.452584570e+02 +2.452584570e+02 +2.289084570e+02 +2.289084570e+02
8874 +2.387830598e+02 +2.387830598e+02 +2.224330598e+02 +2.224330598e+02
8942 +2.329049796e+02 +2.329049796e+02 +2.165549796e+02 +2.165549796e+02
9005 +2.289688544e+02 +2.289688544e+02 +2.126188544e+02 +2.126188544e+02
9091 +2.232132931e+02 +2.232132931e+02 +2.068632931e+02 +2.068632931e+02
9309 +2.187574773e+02 +2.187574773e+02 +2.024074773e+02 +2.024074773e+02
9503 +2.136411127e+02 +2.136411127e+02 +1.972911127e+02 +1.972911127e+02
9780 +2.088056594e+02 +2.088056594e+02 +1.924556594e+02 +1.924556594e+02
10142 +2.039690542e+02 +2.039690542e+02 +1.876190542e+02 +1.876190542e+02
11664 +1.995243673e+02 +1.995243673e+02 +1.831743673e+02 +1.831743673e+02
% function evaluation | noise-free fitness - Fopt (6.840000000000e+00) | best noise-free fitness - Fopt | measured fitness | best measured fitness | x1 | x2...
1 +6.167489798e+02 +6.167489798e+02 +6.235889798e+02 +6.235889798e+02
4 +5.352332011e+02 +5.352332011e+02 +5.420732011e+02 +5.420732011e+02
67 +5.155017743e+02 +5.155017743e+02 +5.223417743e+02 +5.223417743e+02
197 +4.893973007e+02 +4.893973007e+02 +4.962373007e+02 +4.962373007e+02
252 +4.736665675e+02 +4.736665675e+02 +4.805065675e+02 +4.805065675e+02
4528 +4.674933973e+02 +4.674933973e+02 +4.743333973e+02 +4.743333973e+02
4591 +4.540742147e+02 +4.540742147e+02 +4.609142147e+02 +4.609142147e+02
5645 +4.449263960e+02 +4.449263960e+02 +4.517663960e+02 +4.517663960e+02
5794 +4.288971976e+02 +4.288971976e+02 +4.357371976e+02 +4.357371976e+02
6270 +3.864489048e+02 +3.864489048e+02 +3.932889048e+02 +3.932889048e+02
13929 +3.716548441e+02 +3.716548441e+02 +3.784948441e+02 +3.784948441e+02
13939 +3.669212136e+02 +3.669212136e+02 +3.737612136e+02 +3.737612136e+02
13978 +3.582674220e+02 +3.582674220e+02 +3.651074220e+02 +3.651074220e+02
14017 +3.512607734e+02 +3.512607734e+02 +3.581007734e+02 +3.581007734e+02
14021 +3.314634667e+02 +3.314634667e+02 +3.383034667e+02 +3.383034667e+02
14066 +3.162973884e+02 +3.162973884e+02 +3.231373884e+02 +3.231373884e+02
14104 +3.150900286e+02 +3.150900286e+02 +3.219300286e+02 +3.219300286e+02
14116 +3.035241775e+02 +3.035241775e+02 +3.103641775e+02 +3.103641775e+02
14123 +2.948533207e+02 +2.948533207e+02 +3.016933207e+02 +3.016933207e+02
14257 +2.852274897e+02 +2.852274897e+02 +2.920674897e+02 +2.920674897e+02
14267 +2.806823298e+02 +2.806823298e+02 +2.875223298e+02 +2.875223298e+02
14331 +2.749480860e+02 +2.749480860e+02 +2.817880860e+02 +2.817880860e+02
14342 +2.686761347e+02 +2.686761347e+02 +2.755161347e+02 +2.755161347e+02
14404 +2.614083545e+02 +2.614083545e+02 +2.682483545e+02 +2.682483545e+02
14415 +2.551616665e+02 +2.551616665e+02 +2.620016665e+02 +2.620016665e+02
14422 +2.507180724e+02 +2.507180724e+02 +2.575580724e+02 +2.575580724e+02
14530 +2.451411254e+02 +2.451411254e+02 +2.519811254e+02 +2.519811254e+02
14560 +2.398809267e+02 +2.398809267e+02 +2.467209267e+02 +2.467209267e+02
14668 +2.338954168e+02 +2.338954168e+02 +2.407354168e+02 +2.407354168e+02
14819 +2.285950085e+02 +2.285950085e+02 +2.354350085e+02 +2.354350085e+02
14862 +2.231282867e+02 +2.231282867e+02 +2.299682867e+02 +2.299682867e+02
14973 +2.175524360e+02 +2.175524360e+02 +2.243924360e+02 +2.243924360e+02
15067 +2.135133783e+02 +2.135133783e+02 +2.203533783e+02 +2.203533783e+02
15184 +2.080137894e+02 +2.080137894e+02 +2.148537894e+02 +2.148537894e+02
15396 +2.037433444e+02 +2.037433444e+02 +2.105833444e+02 +2.105833444e+02
15834 +1.994553737e+02 +1.994553737e+02 +2.062953737e+02 +2.062953737e+02
16228 +1.949732475e+02 +1.949732475e+02 +2.018132475e+02 +2.018132475e+02
16696 +1.903619855e+02 +1.903619855e+02 +1.972019855e+02 +1.972019855e+02
17724 +1.861993938e+02 +1.861993938e+02 +1.930393938e+02 +1.930393938e+02
% function evaluation | noise-free fitness - Fopt (-2.068000000000e+01) | best noise-free fitness - Fopt | measured fitness | best measured fitness | x1 | x2...
1 +6.600001651e+02 +6.600001651e+02 +6.393201651e+02 +6.393201651e+02
4 +5.634705337e+02 +5.634705337e+02 +5.427905337e+02 +5.427905337e+02
75 +5.592171168e+02 +5.592171168e+02 +5.385371168e+02 +5.385371168e+02
148 +5.378180608e+02 +5.378180608e+02 +5.171380608e+02 +5.171380608e+02
255 +5.198804392e+02 +5.198804392e+02 +4.992004392e+02 +4.992004392e+02
306 +4.271070928e+02 +4.271070928e+02 +4.064270928e+02 +4.064270928e+02
9909 +4.196999990e+02 +4.196999990e+02 +3.990199990e+02 +3.990199990e+02
18015 +4.062930338e+02 +4.062930338e+02 +3.856130338e+02 +3.856130338e+02
27736 +3.799172853e+02 +3.799172853e+02 +3.592372853e+02 +3.592372853e+02
27840 +3.470119850e+02 +3.470119850e+02 +3.263319850e+02 +3.263319850e+02
28068 +3.434413947e+02 +3.434413947e+02 +3.227613947e+02 +3.227613947e+02
28102 +3.353371445e+02 +3.353371445e+02 +3.146571445e+02 +3.146571445e+02
28116 +3.299967837e+02 +3.299967837e+02 +3.093167837e+02 +3.093167837e+02
28122 +3.179697882e+02 +3.179697882e+02 +2.972897882e+02 +2.972897882e+02
28131 +3.154691604e+02 +3.154691604e+02 +2.947891604e+02 +2.947891604e+02
28132 +3.086892794e+02 +3.086892794e+02 +2.880092794e+02 +2.880092794e+02
28140 +3.015657513e+02 +3.015657513e+02 +2.808857513e+02 +2.808857513e+02
28328 +2.924496553e+02 +2.924496553e+02 +2.717696553e+02 +2.717696553e+02
28346 +2.872869216e+02 +2.872869216e+02 +2.666069216e+02 +2.666069216e+02
28454 +2.797903147e+02 +2.797903147e+02 +2.591103147e+02 +2.591103147e+02
28494 +2.743944771e+02 +2.743944771e+02 +2.537144771e+02 +2.537144771e+02
28607 +2.688077462e+02 +2.688077462e+02 +2.481277462e+02 +2.481277462e+02
28792 +2.622707112e+02 +2.622707112e+02 +2.415907112e+02 +2.415907112e+02
28947 +2.570253441e+02 +2.570253441e+02 +2.363453441e+02 +2.363453441e+02
29085 +2.508113065e+02 +2.508113065e+02 +2.301313065e+02 +2.301313065e+02
29308 +2.450585688e+02 +2.450585688e+02 +2.243785688e+02 +2.243785688e+02
29542 +2.398534808e+02 +2.398534808e+02 +2.191734808e+02 +2.191734808e+02
30084 +2.343772893e+02 +2.343772893e+02 +2.136972893e+02 +2.136972893e+02
30924 +2.290735201e+02 +2.290735201e+02 +2.083935201e+02 +2.083935201e+02
% function evaluation | noise-free fitness - Fopt (3.138500000000e+02) | best noise-free fitness - Fopt | measured fitness | best measured fitness | x1 | x2...
1 +6.034771843e+02 +6.034771843e+02 +9.173271843e+02 +9.173271843e+02
3 +5.749684364e+02 +5.749684364e+02 +8.888184364e+02 +8.888184364e+02
70 +5.550530721e+02 +5.550530721e+02 +8.689030721e+02 +8.689030721e+02
119 +5.419805764e+02 +5.419805764e+02 +8.558305764e+02 +8.558305764e+02
207 +5.004474684e+02 +5.004474684e+02 +8.142974684e+02 +8.142974684e+02
2175 +4.877841795e+02 +4.877841795e+02 +8.016341795e+02 +8.016341795e+02
6072 +4.759603144e+02 +4.759603144e+02 +7.898103144e+02 +7.898103144e+02
6193 +4.647920904e+02 +4.647920904e+02 +7.786420904e+02 +7.786420904e+02
6202 +4.513340988e+02 +4.513340988e+02 +7.651840988e+02 +7.651840988e+02
6242 +4.177433945e+02 +4.177433945e+02 +7.315933945e+02 +7.315933945e+02
6279 +4.078160294e+02 +4.078160294e+02 +7.216660294e+02 +7.216660294e+02
6291 +3.954682324e+02 +3.954682324e+02 +7.093182324e+02 +7.093182324e+02
6303 +3.889616212e+02 +3.889616212e+02 +7.028116212e+02 +7.028116212e+02
6441 +3.693712705e+02 +3.693712705e+02 +6.832212705e+02 +6.832212705e+02
6503 +3.595774008e+02 +3.595774008e+02 +6.734274008e+02 +6.734274008e+02
6524 +3.518337550e+02 +3.518337550e+02 +6.656837550e+02 +6.656837550e+02
6670 +3.450419244e+02 +3.450419244e+02 +6.588919244e+02 +6.588919244e+02
6785 +3.383836227e+02 +3.383836227e+02 +6.522336227e+02 +6.522336227e+02
6844 +3.297537109e+02 +3.297537109e+02 +6.436037109e+02 +6.436037109e+02
7045 +3.229629525e+02 +3.229629525e+02 +6.368129525e+02 +6.368129525e+02
7076 +3.139997954e+02 +3.139997954e+02 +6.278497954e+02 +6.278497954e+02
7192 +3.086939584e+02 +3.086939584e+02 +6.225439584e+02 +6.225439584e+02
7403 +3.017770507e+02 +3.017770507e+02 +6.156270507e+02 +6.156270507e+02
7542 +2.940791521e+02 +2.940791521e+02 +6.079291521e+02 +6.079291521e+02
7699 +2.878840249e+02 +2.878840249e+02 +6.017340249e+02 +6.017340249e+02
8018 +2.816606595e+02 +2.816606595e+02 +5.955106595e+02 +5.955106595e+02
% function evaluation | noise-free fitness - Fopt (-1.640200000000e+02) | best noise-free fitness - Fopt | measured fitness | best measured fitness | x1 | x2...
1 +7.125031126e+02 +7.125031126e+02 +5.484831126e+02 +5.484831126e+02
2 +6.532133944e+02 +6.532133944e+02 +4.891933944e+02 +4.891933944e+02
3 +6.131252357e+02 +6.131252357e+02 +4.491052357e+02 +4.491052357e+02
7 +5.787306500e+02 +5.787306500e+02 +4.147106500e+02 +4.147106500e+02
17 +5.616367255e+02 +5.616367255e+02 +3.976167255e+02 +3.976167255e+02
155 +5.406461635e+02 +5.406461635e+02 +3.766261635e+02 +3.766261635e+02
182 +5.220337662e+02 +5.220337662e+02 +3.580137662e+02 +3.580137662e+02
289 +4.752560029e+02 +4.752560029e+02 +3.112360029e+02 +3.112360029e+02
323 +4.666570292e+02 +4.666570292e+02 +3.026370292e+02 +3.026370292e+02
621 +4.272934332e+02 +4.272934332e+02 +2.632734332e+02 +2.632734332e+02
752 +4.256819268e+02 +4.256819268e+02 +2.616619268e+02 +2.616619268e+02
1275 +4.098322031e+02 +4.098322031e+02 +2.458122031e+02 +2.458122031e+02
2865 +4.042153008e+02 +4.042153008e+02 +2.401953008e+02 +2.401953008e+02
3178 +3.958871073e+02 +3.958871073e+02 +2.318671073e+02 +2.318671073e+02
3297 +3.824644096e+02 +3.824644096e+02 +2.184444096e+02 +2.184444096e+02
3483 +3.752323299e+02 +3.752323299e+02 +2.112123299e+02 +2.112123299e+02
3919 +3.624055791e+02 +3.624055791e+02 +1.983855791e+02 +1.983855791e+02
8462 +3.516371411e+02 +3.516371411e+02 +1.876171411e+02 +1.876171411e+02
8495 +3.374842801e+02 +3.374842801e+02 +1.734642801e+02 +1.734642801e+02
8527 +3.305965274e+02 +3.305965274e+02 +1.665765274e+02 +1.665765274e+02
8608 +3.154460738e+02 +3.154460738e+02 +1.514260738e+02 +1.514260738e+02
8609 +2.898407045e+02 +2.898407045e+02 +1.258207045e+02 +1.258207045e+02
8695 +2.879464358e+02 +2.879464358e+02 +1.239264358e+02 +1.239264358e+02
8723 +2.758541906e+02 +2.758541906e+02 +1.118341906e+02 +1.118341906e+02
8731 +2.717960616e+02 +2.717960616e+02 +1.077760616e+02 +1.077760616e+02
8755 +2.688536466e+02 +2.688536466e+02 +1.048336466e+02 +1.048336466e+02
8814 +2.588532489e+02 +2.588532489e+02 +9.483324892e+01 +9.483324892e+01
8821 +2.566509519e+02 +2.566509519e+02 +9.263095192e+01 +9.263095192e+01
8874 +2.450742096e+02 +2.450742096e+02 +8.105420957e+01 +8.105420957e+01
8972 +2.396833068e+02 +2.396833068e+02 +7.566330679e+01 +7.566330679e+01
9052 +2.339081424e+02 +2.339081424e+02 +6.988814236e+01 +6.988814236e+01
9082 +2.278700683e+02 +2.278700683e+02 +6.385006832e+01 +6.385006832e+01
9147 +2.233562241e+02 +2.233562241e+02 +5.933622409e+01 +5.933622409e+01
9190 +2.177020661e+02 +2.177020661e+02 +5.368206614e+01 +5.368206614e+01
9244 +2.131885061e+02 +2.131885061e+02 +4.916850606e+01 +4.916850606e+01
9290 +2.085781490e+02 +2.085781490e+02 +4.455814898e+01 +4.455814898e+01
9359 +2.040656627e+02 +2.040656627e+02 +4.004566273e+01 +4.004566273e+01
9397 +1.993578435e+02 +1.993578435e+02 +3.533784354e+01 +3.533784354e+01
9514 +1.948531599e+02 +1.948531599e+02 +3.083315995e+01 +3.083315995e+01
9591 +1.893365886e+02 +1.893365886e+02 +2.531658864e+01 +2.531658864e+01
9839 +1.850639813e+02 +1.850639813e+02 +2.104398131e+01 +2.104398131e+01
9988 +1.819342668e+02 +1.819342668e+02 +1.791426681e+01 +1.791426681e+01
10086 +1.773624876e+02 +1.773624876e+02 +1.334248756e+01 +1.334248756e+01
10298 +1.734919026e+02 +1.734919026e+02 +9.471902614e+00 +9.471902614e+00
10503 +1.697530459e+02 +1.697530459e+02 +5.733045897e+00 +5.733045897e+00
11106 +1.659276589e+02 +1.659276589e+02 +1.907658915e+00 +1.907658915e+00
12473 +1.621759396e+02 +1.621759396e+02 -1.844060446e+00 -1.844060446e+00
% function evaluation | noise-free fitness - Fopt (-1.000000000000e+03) | best noise-free fitness - Fopt | measured fitness | best measured fitness | x1 | x2...
1 +6.142733451e+02 +6.142733451e+02 -3.857266549e+02 -3.857266549e+02
4 +5.968053603e+02 +5.968053603e+02 -4.031946397e+02 -4.031946397e+02
17 +5.675643993e+02 +5.675643993e+02 -4.324356007e+02 -4.324356007e+02
36 +5.457654954e+02 +5.457654954e+02 -4.542345046e+02 -4.542345046e+02
225 +5.260203343e+02 +5.260203343e+02 -4.739796657e+02 -4.739796657e+02
398 +5.193389815e+02 +5.193389815e+02 -4.806610185e+02 -4.806610185e+02
2437 +5.100634618e+02 +5.100634618e+02 -4.899365382e+02 -4.899365382e+02
2471 +4.958181487e+02 +4.958181487e+02 -5.041818513e+02 -5.041818513e+02
2945 +4.818878661e+02 +4.818878661e+02 -5.181121339e+02 -5.181121339e+02
3437 +4.479917833e+02 +4.479917833e+02 -5.520082167e+02 -5.520082167e+02
20862 +4.371983930e+02 +4.371983930e+02 -5.628016070e+02 -5.628016070e+02
20893 +4.231378938e+02 +4.231378938e+02 -5.768621062e+02 -5.768621062e+02
38456 +4.140355916e+02 +4.140355916e+02 -5.859644084e+02 -5.859644084e+02
38521 +4.022473716e+02 +4.022473716e+02 -5.977526284e+02 -5.977526284e+02
38522 +3.977782464e+02 +3.977782464e+02 -6.022217536e+02 -6.022217536e+02
38570 +3.764296377e+02 +3.764296377e+02 -6.235703623e+02 -6.235703623e+02
38587 +3.697285477e+02 +3.697285477e+02 -6.302714523e+02 -6.302714523e+02
38629 +3.588790841e+02 +3.588790841e+02 -6.411209159e+02 -6.411209159e+02
38640 +3.534848690e+02 +3.534848690e+02 -6.465151310e+02 -6.465151310e+02
39007 +3.417256596e+02 +3.417256596e+02 -6.582743404e+02 -6.582743404e+02
39082 +3.385754702e+02 +3.385754702e+02 -6.614245298e+02 -6.614245298e+02
39291 +3.310722491e+02 +3.310722491e+02 -6.689277509e+02 -6.689277509e+02
39443 +3.229992425e+02 +3.229992425e+02 -6.770007575e+02 -6.770007575e+02
39522 +3.160763192e+02 +3.160763192e+02 -6.839236808e+02 -6.839236808e+02
39611 +3.082991091e+02 +3.082991091e+02 -6.917008909e+02 -6.917008909e+02
39741 +3.014520227e+02 +3.014520227e+02 -6.985479773e+02 -6.985479773e+02
39873 +2.942261544e+02 +2.942261544e+02 -7.057738456e+02 -7.057738456e+02
40187 +2.883957276e+02 +2.883957276e+02 -7.116042724e+02 -7.116042724e+02
40673 +2.818091906e+02 +2.818091906e+02 -7.181908094e+02 -7.181908094e+02
41608 +2.752646591e+02 +2.752646591e+02 -7.247353409e+02 -7.247353409e+02
42923 +2.691524685e+02 +2.691524685e+02 -7.308475315e+02 -7.308475315e+02
% function evaluation | noise-free fitness - Fopt (-1.001300000000e+02) | best noise-free fitness - Fopt | measured fitness | best measured fitness | x1 | x2...
1 +6.963502861e+02 +6.963502861e+02 +5.962202861e+02 +5.962202861e+02
2 +6.874016341e+02 +6.874016341e+02 +5.872716341e+02 +5.872716341e+02
3 +6.385656165e+02 +6.385656165e+02 +5.384356165e+02 +5.384356165e+02
7 +6.305395598e+02 +6.305395598e+02 +5.304095598e+02 +5.304095598e+02
8 +5.827219770e+02 +5.827219770e+02 +4.825919770e+02 +4.825919770e+02
17 +5.678760778e+02 +5.678760778e+02 +4.677460778e+02 +4.677460778e+02
23 +5.602885075e+02 +5.602885075e+02 +4.601585075e+02 +4.601585075e+02
146 +4.903663953e+02 +4.903663953e+02 +3.902363953e+02 +3.902363953e+02
398 +4.828336145e+02 +4.828336145e+02 +3.827036145e+02 +3.827036145e+02
462 +4.695228157e+02 +4.695228157e+02 +3.693928157e+02 +3.693928157e+02
655 +4.333026716e+02 +4.333026716e+02 +3.331726716e+02 +3.331726716e+02
3280 +4.002375776e+02 +4.002375776e+02 +3.001075776e+02 +3.001075776e+02
6799 +3.748606285e+02 +3.748606285e+02 +2.747306285e+02 +2.747306285e+02
6809 +3.552819398e+02 +3.552819398e+02 +2.551519398e+02 +2.551519398e+02
7074 +3.425894215e+02 +3.425894215e+02 +2.424594215e+02 +2.424594215e+02
7116 +3.138176292e+02 +3.138176292e+02 +2.136876292e+02 +2.136876292e+02
7261 +3.017816742e+02 +3.017816742e+02 +2.016516742e+02 +2.016516742e+02
7289 +2.860180399e+02 +2.860180399e+02 +1.858880399e+02 +1.858880399e+02
7300 +2.801380147e+02 +2.801380147e+02 +1.800080147e+02 +1.800080147e+02
7342 +2.733325831e+02 +2.733325831e+02 +1.732025831e+02 +1.732025831e+02
7377 +2.606200162e+02 +2.606200162e+02 +1.604900162e+02 +1.604900162e+02
7397 +2.544590859e+02 +2.544590859e+02 +1.543290859e+02 +1.543290859e+02
7415 +2.497281056e+02 +2.497281056e+02 +1.495981056e+02 +1.495981056e+02
7473 +2.424601395e+02 +2.424601395e+02 +1.423301395e+02 +1.423301395e+02
7555 +2.362584646e+02 +2.362584646e+02 +1.361284646e+02 +1.361284646e+02
7612 +2.341071944e+02 +2.341071944e+02 +1.339771944e+02 +1.339771944e+02
7663 +2.277099894e+02 +2.277099894e+02 +1.275799894e+02 +1.275799894e+02
7719 +2.235966319e+02 +2.235966319e+02 +1.234666319e+02 +1.234666319e+02
7767 +2.178758875e+02 +2.178758875e+02 +1.177458875e+02 +1.177458875e+02
7839 +2.130425524e+02 +2.130425524e+02 +1.129125524e+02 +1.129125524e+02
7921 +2.085834457e+02 +2.085834457e+02 +1.084534457e+02 +1.084534457e+02
8053 +2.031821458e+02 +2.031821458e+02 +1.030521458e+02 +1.030521458e+02
8149 +1.993624765e+02 +1.993624765e+02 +9.923247650e+01 +9.923247650e+01
8215 +1.947014216e+02 +1.947014216e+02 +9.457142156e+01 +9.457142156e+01
8386 +1.903279204e+02 +1.903279204e+02 +9.019792040e+01 +9.019792040e+01
8600 +1.861271399e+02 +1.861271399e+02 +8.599713992e+01 +8.599713992e+01
8885 +1.817555297e+02 +1.817555297e+02 +8.162552972e+01 +8.162552972e+01
9540 +1.778028808e+02 +1.778028808e+02 +7.767288085e+01 +7.767288085e+01
