% function evaluation | noise-free fitness - Fopt (-1.000000000000e+03) | best noise-free fitness - Fopt | measured fitness | best measured fitness | x1 | x2...
1 +8.057169867e+01 +8.057169867e+01 -9.194283013e+02 -9.194283013e+02 +0.0000e+00 +0.0000e+00 +0.0000e+00 +0.0000e+00 +0.0000e+00
7 +7.916383477e+01 +7.916383477e+01 -9.208361652e+02 -9.208361652e+02 -5.3624e-01 -2.6060e-02 -2.1273e-01 -1.4276e-01 -1.3552e-01
10 +7.727892452e+01 +7.727892452e+01 -9.227210755e+02 -9.227210755e+02 -1.4697e-01 +1.8043e-01 -2.8696e-01 -4.2424e-01 -8.1246e-02
20 +7.378802106e+01 +7.378802106e+01 -9.262119789e+02 -9.262119789e+02 +6.8997e-03 +4.5956e-01 -2.3777e-01 -9.2723e-01 -3.4740e-01
26 +7.184441579e+01 +7.184441579e+01 -9.281555842e+02 -9.281555842e+02 -5.2212e-01 +6.3979e-01 -9.7947e-02 -1.3181e+00 -2.9644e-01
39 +6.852447173e+01 +6.852447173e+01 -9.314755283e+02 -9.314755283e+02 -4.8436e-01 +7.3554e-01 -1.1370e-01 -1.7523e+00 -6.2914e-01
42 +6.541909956e+01 +6.541909956e+01 -9.345809004e+02 -9.345809004e+02 -1.4769e-01 +2.9516e-01 -3.6841e-02 -1.9823e+00 +4.2282e-01
46 +6.408043951e+01 +6.408043951e+01 -9.359195605e+02 -9.359195605e+02 -1.2863e+00 +1.5874e+00 +1.9490e-02 -3.3936e+00 +1.4826e-01
51 +5.279242411e+01 +5.279242411e+01 -9.472075759e+02 -9.472075759e+02 -8.2397e-01 +1.5217e+00 -2.3106e-01 -4.0619e+00 -7.2244e-02
62 +4.208949837e+01 +4.208949837e+01 -9.579105016e+02 -9.579105016e+02 +3.8352e-02 +2.3091e-01 -2.5871e-01 -4.3779e+00 -2.4389e-01
67 +2.926998788e+01 +2.926998788e+01 -9.707300121e+02 -9.707300121e+02 +2.6613e+00 -2.2906e+00 -1.2659e+00 -3.5383e+00 -1.1284e+00
82 +2.871777507e+01 +2.871777507e+01 -9.712822249e+02 -9.712822249e+02 +4.1039e+00 -1.5561e+00 -1.0312e+00 -3.0607e+00 -2.4185e-01
108 +1.423911436e+01 +1.423911436e+01 -9.857608856e+02 -9.857608856e+02 +4.0222e+00 -2.5233e+00 -1.9331e-01 -2.1321e+00 +1.8144e-01
121 +7.782462211e+00 +7.782462211e+00 -9.922175378e+02 -9.922175378e+02 +4.3867e+00 -4.6801e+00 +3.9844e-01 -2.7560e+00 +1.6607e+00
% function evaluation | noise-free fitness - Fopt (1.000000000000e+03) | best noise-free fitness - Fopt | measured fitness | best measured fitness | x1 | x2...
1 +7.299933294e+01 +7.299933294e+01 +1.072999333e+03 +1.072999333e+03 +0.0000e+00 +0.0000e+00 +0.0000e+00 +0.0000e+00 +0.0000e+00
3 +6.684842322e+01 +6.684842322e+01 +1.066848423e+03 +1.066848423e+03 +3.1613e-01 -3.3514e-01 -1.1238e-01 +1.6873e-02 -5.5133e-02
20 +5.137102701e+01 +5.137102701e+01 +1.051371027e+03 +1.051371027e+03 +6.8561e-01 -3.8124e-02 +1.4625e-01 -4.2618e-01 +1.3239e-01
31 +4.293749218e+01 +4.293749218e+01 +1.042937492e+03 +1.042937492e+03 +9.0138e-01 -1.2253e-01 +3.8962e-01 -4.5451e-01 -8.8273e-02
35 +3.993156851e+01 +3.993156851e+01 +1.039931569e+03 +1.039931569e+03 +1.1674e+00 -1.4896e-01 +4.3299e-01 -2.4818e-01 -4.3282e-02
36 +3.439260329e+01 +3.439260329e+01 +1.034392603e+03 +1.034392603e+03 +1.0300e+00 -3.0629e-01 -2.7720e-03 -1.1137e+00 -3.2825e-01
43 +2.473661737e+01 +2.473661737e+01 +1.024736617e+03 +1.024736617e+03 +1.8926e+00 +3.9150e-01 +5.6971e-01 -5.8984e-01 -1.2799e-01
108 +2.188844353e+01 +2.188844353e+01 +1.021888444e+03 +1.021888444e+03 +1.9410e+00 +9.0636e-01 +8.2927e-01 -5.3826e-01 +4.5088e-01
111 +1.924507837e+01 +1.924507837e+01 +1.019245078e+03 +1.019245078e+03 +2.4711e+00 +1.3701e+00 +1.1456e+00 -9.5708e-01 +8.1820e-01
114 +1.438347841e+01 +1.438347841e+01 +1.014383478e+03 +1.014383478e+03 +1.8464e+00 +1.1649e+00 +9.5665e-01 -1.2996e+00 +5.9311e-01
122 +1.358939344e+01 +1.358939344e+01 +1.013589393e+03 +1.013589393e+03 +2.1459e+00 +1.3266e+00 +1.3590e+00 -1.0544e+00 +1.0973e+00
148 +1.184530909e+01 +1.184530909e+01 +1.011845309e+03 +1.011845309e+03 +1.6075e+00 +1.2367e+00 +1.4010e+00 -1.5227e+00 +8.2482e-01
180 +1.166473923e+01 +1.166473923e+01 +1.011664739e+03 +1.011664739e+03 +1.7318e+00 +1.2233e+00 +1.3338e+00 -1.4624e+00 +9.2130e-01
189 +1.142933163e+01 +1.142933163e+01 +1.011429332e+03 +1.011429332e+03 +1.8836e+00 +1.3218e+00 +1.2895e+00 -1.2099e+00 +9.2249e-01
193 +1.023778625e+01 +1.023778625e+01 +1.010237786e+03 +1.010237786e+03 +1.7063e+00 +1.3360e+00 +1.4057e+00 -1.5514e+00 +9.0286e-01
210 +8.995319701e+00 +8.995319701e+00 +1.008995320e+03 +1.008995320e+03 +1.9437e+00 +1.5401e+00 +1.4275e+00 -1.5548e+00 +1.0198e+00
222 +8.778465031e+00 +8.778465031e+00 +1.008778465e+03 +1.008778465e+03 +1.7525e+00 +1.6360e+00 +1.4096e+00 -1.6566e+00 +1.0162e+00
239 +8.394294152e+00 +8.394294152e+00 +1.008394294e+03 +1.008394294e+03 +1.9792e+00 +1.7367e+00 +1.5487e+00 -1.5787e+00 +1.1110e+00
241 +8.004554945e+00 +8.004554945e+00 +1.008004555e+03 +1.008004555e+03 +1.8333e+00 +1.6985e+00 +1.5663e+00 -1.7265e+00 +1.1266e+00
242 +7.794074562e+00 +7.794074562e+00 +1.007794075e+03 +1.007794075e+03 +1.8675e+00 +1.6623e+00 +1.5284e+00 -1.9752e+00 +1.0943e+00
251 +7.709090858e+00 +7.709090858e+00 +1.007709091e+03 +1.007709091e+03 +1.7269e+00 +1.9473e+00 +1.7530e+00 -1.8613e+00 +1.1206e+00
252 +7.347806876e+00 +7.347806876e+00 +1.007347807e+03 +1.007347807e+03 +1.7484e+00 +1.8650e+00 +1.7300e+00 -1.9419e+00 +1.1067e+00
260 +7.235641109e+00 +7.235641109e+00 +1.007235641e+03 +1.007235641e+03 +1.7581e+00 +1.8778e+00 +1.6709e+00 -1.9425e+00 +1.2604e+00
266 +6.374533979e+00 +6.374533979e+00 +1.006374534e+03 +1.006374534e+03 +1.8557e+00 +2.0379e+00 +1.7159e+00 -2.1452e+00 +1.3037e+00
306 +5.856444707e+00 +5.856444707e+00 +1.005856445e+03 +1.005856445e+03 +1.7996e+00 +2.0625e+00 +1.7893e+00 -2.2506e+00 +1.3449e+00
314 +5.533467911e+00 +5.533467911e+00 +1.005533468e+03 +1.005533468e+03 +1.8784e+00 +2.1191e+00 +1.9306e+00 -2.3971e+00 +1.2622e+00
325 +5.060487835e+00 +5.060487835e+00 +1.005060488e+03 +1.005060488e+03 +1.8784e+00 +2.1799e+00 +1.9712e+00 -2.5946e+00 +1.2750e+00
329 +4.555946905e+00 +4.555946905e+00 +1.004555947e+03 +1.004555947e+03 +1.7223e+00 +2.1540e+00 +1.7333e+00 -2.8164e+00 +1.2022e+00
350 +4.034086371e+00 +4.034086371e+00 +1.004034086e+03 +1.004034086e+03 +1.8249e+00 +2.4340e+00 +1.9292e+00 -3.5073e+00 +1.2664e+00
354 +3.728596941e+00 +3.728596941e+00 +1.003728597e+03 +1.003728597e+03 +1.5924e+00 +2.4376e+00 +2.0071e+00 -3.0477e+00 +1.2813e+00
355 +3.216135332e+00 +3.216135332e+00 +1.003216135e+03 +1.003216135e+03 +1.7305e+00 +2.4626e+00 +2.0131e+00 -3.0606e+00 +1.2891e+00
382 +3.149152176e+00 +3.149152176e+00 +1.003149152e+03 +1.003149152e+03 +1.4586e+00 +2.4441e+00 +2.0881e+00 -4.0730e+00 +7.7659e-01
388 +2.925952587e+00 +2.925952587e+00 +1.002925953e+03 +1.002925953e+03 +1.6306e+00 +2.5338e+00 +2.0479e+00 -3.4627e+00 +1.1406e+00
413 +2.694064298e+00 +2.694064298e+00 +1.002694064e+03 +1.002694064e+03 +1.7022e+00 +2.6759e+00 +2.1927e+00 -3.8792e+00 +1.0116e+00
473 +2.654641904e+00 +2.654641904e+00 +1.002654642e+03 +1.002654642e+03 +1.6348e+00 +2.6474e+00 +2.2493e+00 -3.7460e+00 +8.4878e-01
519 +2.629239260e+00 +2.629239260e+00 +1.002629239e+03 +1.002629239e+03 +1.6576e+00 +2.5881e+00 +2.1686e+00 -3.7280e+00 +9.7423e-01
% function evaluation | noise-free fitness - Fopt (-4.913000000000e+01) | best noise-free fitness - Fopt | measured fitness | best measured fitness | x1 | x2...
1 +6.940722089e+01 +6.940722089e+01 +2.027722089e+01 +2.027722089e+01 +0.0000e+00 +0.0000e+00 +0.0000e+00 +0.0000e+00 +0.0000e+00
5 +6.800514037e+01 +6.800514037e+01 +1.887514037e+01 +1.887514037e+01 -2.2978e-01 -2.2579e-01 -2.5171e-01 +4.4956e-01 -1.3535e-01
7 +6.561741592e+01 +6.561741592e+01 +1.648741592e+01 +1.648741592e+01 -1.6374e-01 -1.1790e-01 +1.4393e-01 -4.1920e-01 +2.5244e-02
10 +4.513612368e+01 +4.513612368e+01 -3.993876316e+00 -3.993876316e+00 -3.1737e-01 +1.5675e-01 +1.2927e-01 +1.0071e-01 +3.4148e-01
18 +3.524464649e+01 +3.524464649e+01 -1.388535351e+01 -1.388535351e+01 -3.6886e-01 -2.2857e-02 +3.4592e-01 +2.8593e-01 +4.1963e-01
26 +2.155921650e+01 +2.155921650e+01 -2.757078350e+01 -2.757078350e+01 -5.1222e-01 +1.8402e-01 +1.8642e-01 -7.5274e-03 +5.7783e-01
35 +1.748202056e+01 +1.748202056e+01 -3.164797944e+01 -3.164797944e+01 -7.7692e-01 +2.6832e-01 +3.6342e-01 +4.2670e-01 +4.8890e-01
47 +1.625309914e+01 +1.625309914e+01 -3.287690086e+01 -3.287690086e+01 -1.0978e+00 +3.0594e-01 +2.9834e-01 +3.2582e-01 +4.1243e-01
49 +1.367426683e+01 +1.367426683e+01 -3.545573317e+01 -3.545573317e+01 -7.9734e-01 +3.2849e-01 -2.7466e-01 +4.0607e-01 +8.1362e-01
60 +1.313093014e+01 +1.313093014e+01 -3.599906986e+01 -3.599906986e+01 -1.1356e+00 +5.1917e-01 -1.8693e-01 +5.0538e-01 +4.7879e-01
62 +1.222709657e+01 +1.222709657e+01 -3.690290343e+01 -3.690290343e+01 -8.1000e-01 +4.8400e-01 -4.5259e-01 +3.2515e-01 +7.8318e-01
73 +1.107877301e+01 +1.107877301e+01 -3.805122699e+01 -3.805122699e+01 -1.5355e+00 +7.2893e-01 -7.8812e-01 +5.8192e-01 +8.5990e-01
77 +7.338670040e+00 +7.338670040e+00 -4.179132996e+01 -4.179132996e+01 -1.3215e+00 +1.1695e+00 -1.2657e+00 +5.6166e-01 +7.9510e-01
109 +7.091533609e+00 +7.091533609e+00 -4.203846639e+01 -4.203846639e+01 -9.6307e-01 +1.2527e+00 -1.3596e+00 +1.5571e-01 +1.0232e+00
110 +6.174323189e+00 +6.174323189e+00 -4.295567681e+01 -4.295567681e+01 -1.3595e+00 +1.1076e+00 -9.3864e-01 +1.1952e+00 +7.9395e-01
117 +6.110232702e+00 +6.110232702e+00 -4.301976730e+01 -4.301976730e+01 -1.1169e+00 +1.1179e+00 -1.4327e+00 +5.9787e-01 +1.0393e+00
118 +5.957366844e+00 +5.957366844e+00 -4.317263316e+01 -4.317263316e+01 -9.6716e-01 +1.1288e+00 -1.2008e+00 +4.6981e-01 +1.0685e+00
127 +5.693933599e+00 +5.693933599e+00 -4.343606640e+01 -4.343606640e+01 -1.1533e+00 +1.3125e+00 -1.0928e+00 +5.5870e-01 +9.7642e-01
128 +4.425940719e+00 +4.425940719e+00 -4.470405928e+01 -4.470405928e+01 -9.0539e-01 +1.1996e+00 -1.2419e+00 +7.8949e-01 +1.2196e+00
143 +2.990652033e+00 +2.990652033e+00 -4.613934797e+01 -4.613934797e+01 -1.1296e+00 +1.4202e+00 -1.5627e+00 +8.3005e-01 +1.2000e+00
158 +2.735321280e+00 +2.735321280e+00 -4.639467872e+01 -4.639467872e+01 -9.0094e-01 +1.2407e+00 -1.9346e+00 +1.2550e+00 +1.6063e+00
161 +2.565055983e+00 +2.565055983e+00 -4.656494402e+01 -4.656494402e+01 -1.1331e+00 +1.3693e+00 -1.6088e+00 +1.0288e+00 +1.2578e+00
167 +2.493336350e+00 +2.493336350e+00 -4.663666365e+01 -4.663666365e+01 -9.5456e-01 +1.5436e+00 -1.8164e+00 +9.9491e-01 +1.4293e+00
185 +2.423555967e+00 +2.423555967e+00 -4.670644403e+01 -4.670644403e+01 -1.0281e+00 +1.7309e+00 -2.0346e+00 +1.0318e+00 +1.6126e+00
188 +2.172359341e+00 +2.172359341e+00 -4.695764066e+01 -4.695764066e+01 -1.0442e+00 +1.6886e+00 -2.3081e+00 +1.2138e+00 +1.5473e+00
189 +2.045317508e+00 +2.045317508e+00 -4.708468249e+01 -4.708468249e+01 -1.0486e+00 +1.5918e+00 -2.0326e+00 +1.3007e+00 +1.5800e+00
199 +2.005349342e+00 +2.005349342e+00 -4.712465066e+01 -4.712465066e+01 -1.0799e+00 +1.7811e+00 -2.4516e+00 +2.0439e+00 +1.7557e+00
249 +1.993434044e+00 +1.993434044e+00 -4.713656596e+01 -4.713656596e+01 -1.1428e+00 +1.7896e+00 -2.9041e+00 +1.3687e+00 +1.8723e+00
% function evaluation | noise-free fitness - Fopt (2.977300000000e+02) | best noise-free fitness - Fopt | measured fitness | best measured fitness | x1 | x2...
1 +4.678244042e+01 +4.678244042e+01 +3.445124404e+02 +3.445124404e+02 +0.0000e+00 +0.0000e+00 +0.0000e+00 +0.0000e+00 +0.0000e+00
2 +4.206603176e+01 +4.206603176e+01 +3.397960318e+02 +3.397960318e+02 -2.2590e-02 -1.3377e-01 -9.6798e-02 -2.4700e-02 +1.1469e-01
4 +3.889695116e+01 +3.889695116e+01 +3.366269512e+02 +3.366269512e+02 -2.3434e-01 -2.1500e-01 +5.6157e-03 -1.6339e-01 +8.1038e-02
6 +3.376941246e+01 +3.376941246e+01 +3.314994125e+02 +3.314994125e+02 +1.5671e-01 -2.4015e-01 +1.6678e-01 -7.5549e-02 +1.2354e-01
7 +3.081218282e+01 +3.081218282e+01 +3.285421828e+02 +3.285421828e+02 -1.9330e-01 +1.2593e-01 -1.8908e-01 +9.4830e-02 -1.5857e-01
9 +3.019513591e+01 +3.019513591e+01 +3.279251359e+02 +3.279251359e+02 -1.6303e-01 -2.0103e-01 -6.9849e-02 +2.0570e-01 -2.1355e-01
12 +2.855647158e+01 +2.855647158e+01 +3.262864716e+02 +3.262864716e+02 -3.3575e-01 -3.3742e-02 -8.7185e-02 +1.5193e-01 -2.2004e-01
24 +2.793411743e+01 +2.793411743e+01 +3.256641174e+02 +3.256641174e+02 -1.7125e-01 +1.4628e-01 -1.6448e-01 +1.6550e-01 -2.7005e-01
26 +2.703812620e+01 +2.703812620e+01 +3.247681262e+02 +3.247681262e+02 -2.2752e-01 +6.5290e-02 +1.7373e-02 +1.4688e-01 -3.8540e-01
54 +2.639620930e+01 +2.639620930e+01 +3.241262093e+02 +3.241262093e+02 +2.9870e-02 -1.9926e-02 -2.2907e-01 +2.4677e-01 -5.4982e-01
55 +2.431380978e+01 +2.431380978e+01 +3.220438098e+02 +3.220438098e+02 -1.1201e-01 +2.1147e-01 -5.6613e-02 +3.2993e-01 -4.9245e-01
60 +1.981229082e+01 +1.981229082e+01 +3.175422908e+02 +3.175422908e+02 +4.5647e-02 +2.9738e-01 -1.0591e-01 +1.3978e-01 -7.4276e-01
67 +1.921620673e+01 +1.921620673e+01 +3.169462067e+02 +3.169462067e+02 -2.8882e-02 +1.5671e-01 -1.0214e-01 +1.1531e-01 -8.4439e-01
72 +1.759699216e+01 +1.759699216e+01 +3.153269922e+02 +3.153269922e+02 +3.7373e-01 +1.1118e-01 -1.0082e-01 -8.8689e-03 -1.1413e+00
79 +1.548496323e+01 +1.548496323e+01 +3.132149632e+02 +3.132149632e+02 +3.4790e-01 +4.0704e-01 -2.2129e-01 -3.6066e-02 -1.1363e+00
83 +1.438408112e+01 +1.438408112e+01 +3.121140811e+02 +3.121140811e+02 +3.8681e-02 +3.2532e-01 -4.3956e-02 -1.0514e-01 -1.1763e+00
87 +1.395253100e+01 +1.395253100e+01 +3.116825310e+02 +3.116825310e+02 +2.9732e-01 +3.7967e-01 -3.6004e-01 -3.5278e-01 -1.2632e+00
95 +1.363851281e+01 +1.363851281e+01 +3.113685128e+02 +3.113685128e+02 +2.2634e-01 +3.1090e-01 -9.1524e-02 -1.9493e-01 -1.3685e+00
99 +1.335207543e+01 +1.335207543e+01 +3.110820754e+02 +3.110820754e+02 +2.2144e-01 +6.1801e-01 -2.9520e-01 -6.5757e-01 -1.2413e+00
111 +1.198344235e+01 +1.198344235e+01 +3.097134423e+02 +3.097134423e+02 +5.1398e-01 +3.5026e-01 -3.5877e-01 -8.5700e-01 -1.6849e+00
144 +1.116022754e+01 +1.116022754e+01 +3.088902275e+02 +3.088902275e+02 +1.6203e-01 +3.2796e-01 -4.9478e-01 -8.8825e-01 -1.2362e+00
183 +1.077809373e+01 +1.077809373e+01 +3.085080937e+02 +3.085080937e+02 +1.3575e-01 +3.9325e-01 -4.3717e-01 -7.9831e-01 -1.3182e+00
190 +1.038300257e+01 +1.038300257e+01 +3.081130026e+02 +3.081130026e+02 -4.1430e-02 +4.2684e-01 -3.8427e-01 -8.3329e-01 -1.4114e+00
201 +9.996187486e+00 +9.996187486e+00 +3.077261875e+02 +3.077261875e+02 -9.4829e-02 +5.3791e-01 -3.2608e-01 -7.9853e-01 -1.5757e+00
257 +9.683779939e+00 +9.683779939e+00 +3.074137799e+02 +3.074137799e+02 +1.4617e-02 +7.2512e-01 -3.1492e-01 -7.9206e-01 -1.7438e+00
316 +9.538597903e+00 +9.538597903e+00 +3.072685979e+02 +3.072685979e+02 +8.3471e-02 +6.7894e-01 -3.6700e-01 -9.0497e-01 -1.6744e+00
517 +9.308601907e+00 +9.308601907e+00 +3.070386019e+02 +3.070386019e+02 +2.1855e-01 +6.7482e-01 -5.1133e-01 -1.1282e+00 -1.7388e+00
768 +9.095183185e+00 +9.095183185e+00 +3.068251832e+02 +3.068251832e+02 +6.6044e-01 +7.0784e-01 -6.0955e-01 -1.1609e+00 -1.7758e+00
833 +8.858885553e+00 +8.858885553e+00 +3.065888856e+02 +3.065888856e+02 +1.5117e+00 +7.2418e-01 -8.0326e-01 -1.2728e+00 -1.8753e+00
% function evaluation | noise-free fitness - Fopt (5.157000000000e+01) | best noise-free fitness - Fopt | measured fitness | best measured fitness | x1 | x2...
1 +7.372267219e+01 +7.372267219e+01 +1.252926722e+02 +1.252926722e+02 +0.0000e+00 +0.0000e+00 +0.0000e+00 +0.0000e+00 +0.0000e+00
17 +7.055940290e+01 +7.055940290e+01 +1.221294029e+02 +1.221294029e+02 -4.3996e-01 -1.8599e-01 -3.5897e-01 +1.9764e-03 -6.3858e-02
39 +6.909816857e+01 +6.909816857e+01 +1.206681686e+02 +1.206681686e+02 -6.3167e-01 -2.6198e-01 -4.3083e-01 +1.2430e-01 -1.7382e-01
43 +6.695346103e+01 +6.695346103e+01 +1.185234610e+02 +1.185234610e+02 -9.6213e-01 -1.6027e-01 -5.4574e-01 +3.9225e-01 -6.0097e-02
52 +6.356943119e+01 +6.356943119e+01 +1.151394312e+02 +1.151394312e+02 -1.6803e+00 +3.0623e-01 -7.8171e-01 +7.5405e-01 -1.7939e-01
60 +6.173823862e+01 +6.173823862e+01 +1.133082386e+02 +1.133082386e+02 -1.9185e+00 -5.8095e-01 -6.1063e-01 +6.2978e-01 +3.8045e-02
61 +5.908374481e+01 +5.908374481e+01 +1.106537448e+02 +1.106537448e+02 -2.2302e+00 -5.4873e-01 -9.9275e-01 +3.1435e-01 -3.0278e-01
68 +5.485400863e+01 +5.485400863e+01 +1.064240086e+02 +1.064240086e+02 -2.3271e+00 -9.8231e-01 -1.5396e+00 +4.5692e-01 -1.7104e-01
123 +5.133866316e+01 +5.133866316e+01 +1.029086632e+02 +1.029086632e+02 -2.8684e+00 -4.6368e-01 -2.5354e+00 +8.5888e-01 -2.3311e-01
182 +5.120297571e+01 +5.120297571e+01 +1.027729757e+02 +1.027729757e+02 -2.7710e+00 -7.7188e-01 -2.4923e+00 +7.4351e-01 +8.1128e-02
% function evaluation | noise-free fitness - Fopt (-3.339100000000e+02) | best noise-free fitness - Fopt | measured fitness | best measured fitness | x1 | x2...
1 +7.553265956e+01 +7.553265956e+01 -2.583773404e+02 -2.583773404e+02 +0.0000e+00 +0.0000e+00 +0.0000e+00 +0.0000e+00 +0.0000e+00
11 +7.325908737e+01 +7.325908737e+01 -2.606509126e+02 -2.606509126e+02 -2.0680e-01 -1.0150e-01 -1.8608e-01 +4.0431e-01 +9.3428e-03
14 +7.226982401e+01 +7.226982401e+01 -2.616401760e+02 -2.616401760e+02 -5.1087e-01 -2.3426e-01 -3.1567e-01 +3.4609e-01 -7.4088e-02
19 +6.914703032e+01 +6.914703032e+01 -2.647629697e+02 -2.647629697e+02 -8.8457e-01 -3.8505e-01 -3.2694e-02 +6.9182e-01 +5.0983e-01
49 +6.720134828e+01 +6.720134828e+01 -2.667086517e+02 -2.667086517e+02 -5.9116e-01 -6.7656e-01 -3.7698e-01 +1.6173e+00 +9.1491e-01
63 +6.212154100e+01 +6.212154100e+01 -2.717884590e+02 -2.717884590e+02 -2.2606e+00 -1.3414e+00 -1.6495e-02 +8.1107e-01 +8.2547e-01
75 +6.104572797e+01 +6.104572797e+01 -2.728642720e+02 -2.728642720e+02 -2.0517e+00 -9.0342e-01 -3.6204e-01 +1.2997e+00 +1.4907e+00
99 +5.926213566e+01 +5.926213566e+01 -2.746478643e+02 -2.746478643e+02 -1.9868e+00 -1.5260e+00 -3.3665e-01 +1.7660e+00 +1.3615e+00
112 +5.871549094e+01 +5.871549094e+01 -2.751945091e+02 -2.751945091e+02 -2.2914e+00 -2.0246e+00 -5.5179e-01 +1.9621e+00 +1.8787e+00
119 +4.884151924e+01 +4.884151924e+01 -2.850684808e+02 -2.850684808e+02 -2.7748e+00 -2.7091e+00 -9.1917e-01 +1.2716e+00 +1.7625e+00
123 +4.385574466e+01 +4.385574466e+01 -2.900542553e+02 -2.900542553e+02 -2.4505e+00 -2.1160e+00 -5.7357e-02 +8.6866e-01 +1.9792e+00
128 +4.247940276e+01 +4.247940276e+01 -2.914305972e+02 -2.914305972e+02 -2.0357e+00 -2.1330e+00 -9.3172e-01 +1.3358e+00 +2.2035e+00
130 +4.000134213e+01 +4.000134213e+01 -2.939086579e+02 -2.939086579e+02 -2.6361e+00 -1.5993e+00 -3.2853e-01 +1.0598e+00 +2.3497e+00
137 +2.766086458e+01 +2.766086458e+01 -3.062491354e+02 -3.062491354e+02 -2.4123e+00 -2.0800e+00 -2.6760e-01 +4.8113e-01 +2.5900e+00
141 +2.419002436e+01 +2.419002436e+01 -3.097199756e+02 -3.097199756e+02 -2.4985e+00 -1.8767e+00 -6.2613e-01 +5.1156e-01 +2.7451e+00
147 +2.072935243e+01 +2.072935243e+01 -3.131806476e+02 -3.131806476e+02 -2.1427e+00 -1.7595e+00 -8.2874e-01 +4.6472e-01 +3.1596e+00
166 +1.908405189e+01 +1.908405189e+01 -3.148259481e+02 -3.148259481e+02 -1.7714e+00 -2.0168e+00 -6.8226e-01 +2.1314e-01 +3.5364e+00
194 +1.799603248e+01 +1.799603248e+01 -3.159139675e+02 -3.159139675e+02 -1.8531e+00 -1.8165e+00 -1.1679e+00 +4.8976e-01 +3.8351e+00
207 +1.744352016e+01 +1.744352016e+01 -3.164664798e+02 -3.164664798e+02 -1.6252e+00 -2.2835e+00 -8.5943e-01 +5.9673e-01 +3.8573e+00
226 +1.639409233e+01 +1.639409233e+01 -3.175159077e+02 -3.175159077e+02 -1.7658e+00 -2.0423e+00 -1.9185e+00 +2.2725e-01 +3.5450e+00
230 +1.530874381e+01 +1.530874381e+01 -3.186012562e+02 -3.186012562e+02 -1.5749e+00 -2.3273e+00 -1.7556e+00 +6.2595e-01 +3.7524e+00
260 +1.505430239e+01 +1.505430239e+01 -3.188556976e+02 -3.188556976e+02 -1.6449e+00 -2.2856e+00 -2.3923e+00 +6.9681e-01 +3.8065e+00
314 +1.466834293e+01 +1.466834293e+01 -3.192416571e+02 -3.192416571e+02 -1.6439e+00 -2.4363e+00 -2.5448e+00 +6.2454e-01 +3.7520e+00
% function evaluation | noise-free fitness - Fopt (4.476100000000e+02) | best noise-free fitness - Fopt | measured fitness | best measured fitness | x1 | x2...
1 +7.338578982e+01 +7.338578982e+01 +5.209957898e+02 +5.209957898e+02 +0.0000e+00 +0.0000e+00 +0.0000e+00 +0.0000e+00 +0.0000e+00
2 +7.107695564e+01 +7.107695564e+01 +5.186869556e+02 +5.186869556e+02 -2.8115e-01 +1.9064e-01 -4.2825e-03 -2.4130e-02 -7.2893e-02
12 +6.986354005e+01 +6.986354005e+01 +5.174735401e+02 +5.174735401e+02 -4.1581e-01 -3.0367e-02 -7.2093e-02 -1.4854e-01 -5.0023e-01
21 +6.830891897e+01 +6.830891897e+01 +5.159189190e+02 +5.159189190e+02 -2.6568e-01 +3.9742e-01 +2.7046e-01 +4.5424e-02 -4.2626e-01
26 +6.737829483e+01 +6.737829483e+01 +5.149882948e+02 +5.149882948e+02 -3.9909e-01 +5.0994e-01 +4.8600e-01 +5.7500e-02 -1.7818e-01
27 +6.468397643e+01 +6.468397643e+01 +5.122939764e+02 +5.122939764e+02 -8.6360e-01 +4.5222e-01 +4.0946e-01 -1.2751e-01 -1.0060e-01
37 +6.325150979e+01 +6.325150979e+01 +5.108615098e+02 +5.108615098e+02 -9.8113e-01 +6.7795e-01 +4.3060e-01 -7.4864e-02 -4.1077e-03
38 +5.921385219e+01 +5.921385219e+01 +5.068238522e+02 +5.068238522e+02 -8.8406e-01 +6.3666e-01 +7.6201e-01 +5.7005e-02 -3.3620e-01
46 +3.540074260e+01 +3.540074260e+01 +4.830107426e+02 +4.830107426e+02 -1.0819e+00 +1.3684e-01 +1.3534e+00 -2.9531e-01 -5.5659e-01
54 +3.212588657e+01 +3.212588657e+01 +4.797358866e+02 +4.797358866e+02 -1.5827e+00 -1.8743e-02 +1.1006e+00 -4.0177e-01 -3.5530e-01
56 +2.960287329e+01 +2.960287329e+01 +4.772128733e+02 +4.772128733e+02 +3.3975e-01 +5.5755e-01 +1.6597e+00 -2.9098e-01 -1.9647e-01
57 +2.876496892e+01 +2.876496892e+01 +4.763749689e+02 +4.763749689e+02 -1.1922e+00 +4.4018e-01 +1.2753e+00 -7.0019e-01 -1.6335e-01
61 +2.467219395e+01 +2.467219395e+01 +4.722821939e+02 +4.722821939e+02 +2.8646e-01 +9.0389e-02 +1.2950e+00 -4.1441e-01 -1.7088e-01
64 +2.069486319e+01 +2.069486319e+01 +4.683048632e+02 +4.683048632e+02 -8.4402e-01 +2.5012e-01 +1.2338e+00 -7.6107e-01 -1.8219e-01
72 +1.879273430e+01 +1.879273430e+01 +4.664027343e+02 +4.664027343e+02 +2.7609e-01 +3.6939e-01 +1.6375e+00 -8.7031e-01 -4.6613e-02
78 +1.602989527e+01 +1.602989527e+01 +4.636398953e+02 +4.636398953e+02 +4.3492e-01 +5.9678e-01 +1.3052e+00 -1.0961e+00 -3.7453e-01
83 +1.580809220e+01 +1.580809220e+01 +4.634180922e+02 +4.634180922e+02 +1.0829e+00 +4.6298e-01 +1.5833e+00 -9.2019e-01 +7.9705e-02
92 +1.205902686e+01 +1.205902686e+01 +4.596690269e+02 +4.596690269e+02 +5.0628e-01 +8.7314e-01 +1.4537e+00 -1.3094e+00 -8.9328e-02
116 +1.030983377e+01 +1.030983377e+01 +4.579198338e+02 +4.579198338e+02 -1.2359e-01 +7.4153e-01 +1.3662e+00 -1.4403e+00 -7.2698e-02
122 +8.474086522e+00 +8.474086522e+00 +4.560840865e+02 +4.560840865e+02 -9.2728e-02 +6.1956e-01 +1.1525e+00 -1.9545e+00 -1.8081e-01
124 +8.107373796e+00 +8.107373796e+00 +4.557173738e+02 +4.557173738e+02 +6.3455e-01 +6.9134e-01 +1.4354e+00 -1.9020e+00 -1.6522e-01
148 +3.830511572e+00 +3.830511572e+00 +4.514405116e+02 +4.514405116e+02 +1.7446e+00 +3.6906e-02 +1.5999e+00 -1.8061e+00 -1.5931e+00
218 +3.164925896e+00 +3.164925896e+00 +4.507749259e+02 +4.507749259e+02 -9.1889e-02 +3.9403e-01 +1.1226e+00 -1.6665e+00 -1.0219e+00
224 +2.688783344e+00 +2.688783344e+00 +4.502987833e+02 +4.502987833e+02 -4.4505e-01 -5.1905e-02 +8.8252e-01 -1.9484e+00 -1.2158e+00
234 +2.043239478e+00 +2.043239478e+00 +4.496532395e+02 +4.496532395e+02 -4.7883e-01 +2.6173e-01 +1.0178e+00 -1.7873e+00 -1.1379e+00
241 +1.852379364e+00 +1.852379364e+00 +4.494623794e+02 +4.494623794e+02 -9.8812e-01 +3.0719e-01 +8.2486e-01 -2.1708e+00 -1.2271e+00
256 +1.787943721e+00 +1.787943721e+00 +4.493979437e+02 +4.493979437e+02 -1.3280e+00 +4.6182e-01 +6.8061e-01 -2.4827e+00 -1.2428e+00
260 +1.011176966e+00 +1.011176966e+00 +4.486211770e+02 +4.486211770e+02 -1.1444e+00 +2.1668e-01 +7.8595e-01 -1.9488e+00 -1.5326e+00
267 +7.329175160e-01 +7.329175160e-01 +4.483429175e+02 +4.483429175e+02 -1.5324e+00 +1.3493e-01 +7.4729e-01 -2.1740e+00 -1.7995e+00
274 +7.019675694e-01 +7.019675694e-01 +4.483119676e+02 +4.483119676e+02 -2.1789e+00 +3.3301e-01 +5.6866e-01 -2.5070e+00 -1.9704e+00
281 +4.985774662e-01 +4.985774662e-01 +4.481085775e+02 +4.481085775e+02 -1.7209e+00 +2.4591e-01 +6.4749e-01 -2.2490e+00 -2.2705e+00
293 +9.262767819e-02 +9.262767819e-02 +4.477026277e+02 +4.477026277e+02 -1.9724e+00 -2.3273e-01 +4.7659e-01 -2.2585e+00 -2.7004e+00
370 +7.468596903e-02 +7.468596903e-02 +4.476846860e+02 +4.476846860e+02 -1.6392e+00 -4.6208e-02 +5.1770e-01 -2.3769e+00 -2.3502e+00
394 +6.971803728e-02 +6.971803728e-02 +4.476797180e+02 +4.476797180e+02 -1.7298e+00 -3.4408e-02 +4.9877e-01 -2.4225e+00 -2.3159e+00
406 +5.281894731e-02 +5.281894731e-02 +4.476628189e+02 +4.476628189e+02 -1.7349e+00 -5.1557e-02 +4.8701e-01 -2.4068e+00 -2.4653e+00
436 +5.138926191e-02 +5.138926191e-02 +4.476613893e+02 +4.476613893e+02 -1.7068e+00 -7.2302e-02 +4.9334e-01 -2.4485e+00 -2.4696e+00
437 +5.116981176e-02 +5.116981176e-02 +4.476611698e+02 +4.476611698e+02 -1.7215e+00 -4.9255e-02 +4.9823e-01 -2.4365e+00 -2.4633e+00
447 +4.794568695e-02 +4.794568695e-02 +4.476579457e+02 +4.476579457e+02 -1.7629e+00 -4.2045e-02 +4.7704e-01 -2.4697e+00 -2.4591e+00
452 +4.613041253e-02 +4.613041253e-02 +4.476561304e+02 +4.476561304e+02 -1.7685e+00 -4.6946e-02 +4.6929e-01 -2.5027e+00 -2.5138e+00
461 +4.558228395e-02 +4.558228395e-02 +4.476555823e+02 +4.476555823e+02 -1.8794e+00 -2.8518e-02 +4.6834e-01 -2.5138e+00 -2.5380e+00
495 +4.080725639e-02 +4.080725639e-02 +4.476508073e+02 +4.476508073e+02 -1.8381e+00 -4.7518e-02 +4.4665e-01 -2.5199e+00 -2.5095e+00
498 +3.823959195e-02 +3.823959195e-02 +4.476482396e+02 +4.476482396e+02 -1.8935e+00 -4.0072e-02 +4.3590e-01 -2.4630e+00 -2.4817e+00
502 +3.706345305e-02 +3.706345305e-02 +4.476470635e+02 +4.476470635e+02 -1.8884e+00 -3.9849e-02 +4.4434e-01 -2.5214e+00 -2.5319e+00
511 +3.519975499e-02 +3.519975499e-02 +4.476451998e+02 +4.476451998e+02 -1.9334e+00 -2.7814e-02 +4.3725e-01 -2.4746e+00 -2.5015e+00
513 +3.341457016e-02 +3.341457016e-02 +4.476434146e+02 +4.476434146e+02 -1.9854e+00 -2.7956e-02 +4.2566e-01 -2.4633e+00 -2.4856e+00
541 +3.298505778e-02 +3.298505778e-02 +4.476429851e+02 +4.476429851e+02 -1.9432e+00 -5.1635e-02 +4.1260e-01 -2.4777e+00 -2.5267e+00
545 +3.179115055e-02 +3.179115055e-02 +4.476417912e+02 +4.476417912e+02 -1.9874e+00 -7.5582e-02 +3.9889e-01 -2.4573e+00 -2.4954e+00
549 +2.751558325e-02 +2.751558325e-02 +4.476375156e+02 +4.476375156e+02 -2.1555e+00 -7.7265e-02 +3.8035e-01 -2.5123e+00 -2.5357e+00
555 +2.604112750e-02 +2.604112750e-02 +4.476360411e+02 +4.476360411e+02 -2.0482e+00 -7.4994e-02 +3.9219e-01 -2.4588e+00 -2.5122e+00
572 +2.241170798e-02 +2.241170798e-02 +4.476324117e+02 +4.476324117e+02 -2.0529e+00 -8.4085e-02 +3.7926e-01 -2.4771e+00 -2.5714e+00
589 +2.059965953e-02 +2.059965953e-02 +4.476305997e+02 +4.476305997e+02 -2.1037e+00 -4.7432e-02 +3.7873e-01 -2.5103e+00 -2.5498e+00
614 +2.031392314e-02 +2.031392314e-02 +4.476303139e+02 +4.476303139e+02 -2.2671e+00 -6.1059e-02 +3.3562e-01 -2.4628e+00 -2.5224e+00
621 +1.971542826e-02 +1.971542826e-02 +4.476297154e+02 +4.476297154e+02 -2.1579e+00 -1.1280e-01 +3.5803e-01 -2.4854e+00 -2.5528e+00
628 +1.904416782e-02 +1.904416782e-02 +4.476290442e+02 +4.476290442e+02 -2.1870e+00 -1.0495e-01 +3.4891e-01 -2.4585e+00 -2.5524e+00
675 +1.637468412e-02 +1.637468412e-02 +4.476263747e+02 +4.476263747e+02 -2.3119e+00 -1.8005e-01 +3.1911e-01 -2.4557e+00 -2.6733e+00
702 +1.534523115e-02 +1.534523115e-02 +4.476253452e+02 +4.476253452e+02 -2.2943e+00 -1.7175e-01 +3.1674e-01 -2.4630e+00 -2.7433e+00
713 +1.383175529e-02 +1.383175529e-02 +4.476238318e+02 +4.476238318e+02 -2.2882e+00 -1.7670e-01 +2.8257e-01 -2.5044e+00 -2.7114e+00
741 +1.296075128e-02 +1.296075128e-02 +4.476229608e+02 +4.476229608e+02 -2.4050e+00 -1.3352e-01 +2.3208e-01 -2.5759e+00 -2.7823e+00
748 +1.241870570e-02 +1.241870570e-02 +4.476224187e+02 +4.476224187e+02 -2.4093e+00 -1.4023e-01 +2.7552e-01 -2.5686e+00 -2.7469e+00
755 +1.161523157e-02 +1.161523157e-02 +4.476216152e+02 +4.476216152e+02 -2.4404e+00 -1.4228e-01 +2.5334e-01 -2.6326e+00 -2.7889e+00
762 +6.688611793e-03 +6.688611793e-03 +4.476166886e+02 +4.476166886e+02 -2.5347e+00 -1.2830e-01 +2.1915e-01 -2.5713e+00 -2.7227e+00
786 +5.841813189e-03 +5.841813189e-03 +4.476158418e+02 +4.476158418e+02 -2.6334e+00 -1.3211e-01 +2.0100e-01 -2.5968e+00 -2.7567e+00
803 +5.454048111e-03 +5.454048111e-03 +4.476154540e+02 +4.476154540e+02 -2.6489e+00 -1.0905e-01 +1.9307e-01 -2.5807e+00 -2.7493e+00
805 +4.122745525e-03 +4.122745525e-03 +4.476141227e+02 +4.476141227e+02 -2.7334e+00 -1.0894e-01 +1.5073e-01 -2.6094e+00 -2.7718e+00
811 +3.710850100e-03 +3.710850100e-03 +4.476137109e+02 +4.476137109e+02 -2.7499e+00 -1.1211e-01 +1.5443e-01 -2.6366e+00 -2.8224e+00
831 +3.554758058e-03 +3.554758058e-03 +4.476135548e+02 +4.476135548e+02 -2.7421e+00 -1.0722e-01 +1.4503e-01 -2.6792e+00 -2.8174e+00
849 +3.465915091e-03 +3.465915091e-03 +4.476134659e+02 +4.476134659e+02 -2.7933e+00 -4.5730e-02 +1.4222e-01 -2.7128e+00 -2.8150e+00
855 +3.043954790e-03 +3.043954790e-03 +4.476130440e+02 +4.476130440e+02 -2.8429e+00 -4.9978e-02 +1.2037e-01 -2.7663e+00 -2.8112e+00
873 +2.880466293e-03 +2.880466293e-03 +4.476128805e+02 +4.476128805e+02 -2.9307e+00 -4.3429e-02 +1.0025e-01 -2.7788e+00 -2.8350e+00
875 +2.538623513e-03 +2.538623513e-03 +4.476125386e+02 +4.476125386e+02 -2.8482e+00 -5.4852e-02 +1.0323e-01 -2.7912e+00 -2.8488e+00
1114 +2.465244280e-03 +2.465244280e-03 +4.476124652e+02 +4.476124652e+02 -2.9369e+00 -1.1304e-01 +8.1195e-02 -2.7221e+00 -2.8610e+00
1149 +2.378331542e-03 +2.378331542e-03 +4.476123783e+02 +4.476123783e+02 -2.9561e+00 -1.1280e-01 +6.8768e-02 -2.7186e+00 -2.8613e+00
1158 +2.302146392e-03 +2.302146392e-03 +4.476123021e+02 +4.476123021e+02 -2.9599e+00 -1.0435e-01 +7.0642e-02 -2.7139e+00 -2.8660e+00
1167 +2.195742925e-03 +2.195742925e-03 +4.476121957e+02 +4.476121957e+02 -2.9630e+00 -1.0079e-01 +6.8406e-02 -2.7209e+00 -2.8546e+00
1194 +2.161571163e-03 +2.161571163e-03 +4.476121616e+02 +4.476121616e+02 -2.9537e+00 -1.0720e-01 +7.3420e-02 -2.7254e+00 -2.8616e+00
1202 +2.103601692e-03 +2.103601692e-03 +4.476121036e+02 +4.476121036e+02 -2.9423e+00 -9.7747e-02 +7.9162e-02 -2.7251e+00 -2.8541e+00
1206 +2.018866591e-03 +2.018866591e-03 +4.476120189e+02 +4.476120189e+02 -2.9701e+00 -9.1186e-02 +7.2989e-02 -2.7226e+00 -2.8594e+00
1212 +1.910789110e-03 +1.910789110e-03 +4.476119108e+02 +4.476119108e+02 -2.9471e+00 -8.3474e-02 +7.5924e-02 -2.7286e+00 -2.8532e+00
1218 +1.843244963e-03 +1.843244963e-03 +4.476118432e+02 +4.476118432e+02 -2.9600e+00 -8.5565e-02 +6.9157e-02 -2.7331e+00 -2.8561e+00
1234 +1.713604719e-03 +1.713604719e-03 +4.476117136e+02 +4.476117136e+02 -2.9483e+00 -8.5147e-02 +7.1682e-02 -2.7468e+00 -2.8523e+00
1247 +1.619138911e-03 +1.619138911e-03 +4.476116191e+02 +4.476116191e+02 -2.9761e+00 -8.3746e-02 +6.8148e-02 -2.7414e+00 -2.8552e+00
1249 +1.541010683e-03 +1.541010683e-03 +4.476115410e+02 +4.476115410e+02 -2.9496e+00 -7.5981e-02 +7.0519e-02 -2.7540e+00 -2.8628e+00
1253 +1.508299579e-03 +1.508299579e-03 +4.476115083e+02 +4.476115083e+02 -2.9774e+00 -7.9947e-02 +6.3297e-02 -2.7489e+00 -2.8582e+00
1257 +1.422303313e-03 +1.422303313e-03 +4.476114223e+02 +4.476114223e+02 -2.9728e+00 -8.0046e-02 +6.5871e-02 -2.7619e+00 -2.8614e+00
1276 +1.340914335e-03 +1.340914335e-03 +4.476113409e+02 +4.476113409e+02 -3.0075e+00 -7.7988e-02 +5.2992e-02 -2.7699e+00 -2.8544e+00
1288 +1.232656963e-03 +1.232656963e-03 +4.476112327e+02 +4.476112327e+02 -2.9976e+00 -6.7660e-02 +6.0561e-02 -2.7800e+00 -2.8579e+00
1305 +1.140597242e-03 +1.140597242e-03 +4.476111406e+02 +4.476111406e+02 -3.0476e+00 -5.5819e-02 +4.6466e-02 -2.7664e+00 -2.8431e+00
1326 +9.974419349e-04 +9.974419349e-04 +4.476109974e+02 +4.476109974e+02 -3.0698e+00 -4.1637e-02 +4.5020e-02 -2.7878e+00 -2.8517e+00
1331 +9.320113032e-04 +9.320113032e-04 +4.476109320e+02 +4.476109320e+02 -3.0473e+00 -2.6602e-02 +4.5687e-02 -2.8029e+00 -2.8624e+00
1348 +9.116040630e-04 +9.116040630e-04 +4.476109116e+02 +4.476109116e+02 -3.1088e+00 -3.0711e-02 +2.7582e-02 -2.8102e+00 -2.8467e+00
1388 +8.882036091e-04 +8.882036091e-04 +4.476108882e+02 +4.476108882e+02 -3.1123e+00 -1.0433e-02 +3.0431e-02 -2.8188e+00 -2.8628e+00
1394 +8.681372059e-04 +8.681372059e-04 +4.476108681e+02 +4.476108681e+02 -3.1047e+00 +5.3890e-03 +3.5023e-02 -2.8322e+00 -2.8497e+00
1411 +8.298787345e-04 +8.298787345e-04 +4.476108299e+02 +4.476108299e+02 -3.1255e+00 +4.1104e-04 +2.0546e-02 -2.8346e+00 -2.8555e+00
1418 +8.020921585e-04 +8.020921585e-04 +4.476108021e+02 +4.476108021e+02 -3.1027e+00 +1.1101e-02 +2.3557e-02 -2.8705e+00 -2.8527e+00
1454 +7.645662163e-04 +7.645662163e-04 +4.476107646e+02 +4.476107646e+02 -3.1199e+00 +2.0865e-02 +2.7438e-02 -2.8585e+00 -2.8502e+00
1469 +7.491250757e-04 +7.491250757e-04 +4.476107491e+02 +4.476107491e+02 -3.1372e+00 +1.4908e-02 +2.1754e-02 -2.8531e+00 -2.8473e+00
1481 +6.733854611e-04 +6.733854611e-04 +4.476106734e+02 +4.476106734e+02 -3.1489e+00 +1.6519e-02 +1.1329e-02 -2.8637e+00 -2.8492e+00
1550 +6.567933810e-04 +6.567933810e-04 +4.476106568e+02 +4.476106568e+02 -3.1403e+00 +2.8947e-02 +1.8998e-02 -2.8795e+00 -2.8496e+00
1555 +6.347266465e-04 +6.347266465e-04 +4.476106347e+02 +4.476106347e+02 -3.1323e+00 +3.1869e-02 +1.6839e-02 -2.8837e+00 -2.8487e+00
1568 +6.262267588e-04 +6.262267588e-04 +4.476106262e+02 +4.476106262e+02 -3.1439e+00 +2.9735e-02 +1.0210e-02 -2.8820e+00 -2.8460e+00
1586 +6.101175002e-04 +6.101175002e-04 +4.476106101e+02 +4.476106101e+02 -3.1547e+00 +3.6657e-02 +1.6771e-02 -2.8685e+00 -2.8430e+00
1600 +6.019267118e-04 +6.019267118e-04 +4.476106019e+02 +4.476106019e+02 -3.1498e+00 +3.3251e-02 +1.6631e-02 -2.8743e+00 -2.8435e+00
1601 +5.834503026e-04 +5.834503026e-04 +4.476105835e+02 +4.476105835e+02 -3.1520e+00 +3.5019e-02 +1.5346e-02 -2.8802e+00 -2.8396e+00
1613 +5.547021990e-04 +5.547021990e-04 +4.476105547e+02 +4.476105547e+02 -3.1637e+00 +3.5339e-02 +1.0861e-02 -2.8743e+00 -2.8477e+00
1619 +5.393247151e-04 +5.393247151e-04 +4.476105393e+02 +4.476105393e+02 -3.1499e+00 +4.2502e-02 +1.2124e-02 -2.8893e+00 -2.8485e+00
1627 +5.292027703e-04 +5.292027703e-04 +4.476105292e+02 +4.476105292e+02 -3.1589e+00 +3.8625e-02 +1.1239e-02 -2.8855e+00 -2.8491e+00
1633 +4.951623558e-04 +4.951623558e-04 +4.476104952e+02 +4.476104952e+02 -3.1606e+00 +4.4271e-02 +9.2466e-03 -2.8943e+00 -2.8475e+00
1640 +4.495759485e-04 +4.495759485e-04 +4.476104496e+02 +4.476104496e+02 -3.1777e+00 +4.8399e-02 +7.4010e-03 -2.8936e+00 -2.8451e+00
1670 +4.383926852e-04 +4.383926852e-04 +4.476104384e+02 +4.476104384e+02 -3.1864e+00 +5.1114e-02 +5.5045e-03 -2.8872e+00 -2.8411e+00
1683 +4.192760902e-04 +4.192760902e-04 +4.476104193e+02 +4.476104193e+02 -3.1854e+00 +5.0864e-02 +3.8235e-03 -2.8932e+00 -2.8439e+00
1687 +4.057241762e-04 +4.057241762e-04 +4.476104057e+02 +4.476104057e+02 -3.1902e+00 +5.3011e-02 +1.3358e-03 -2.8942e+00 -2.8437e+00
1691 +3.882696718e-04 +3.882696718e-04 +4.476103883e+02 +4.476103883e+02 -3.1970e+00 +5.0267e-02 -2.2735e-03 -2.8989e+00 -2.8443e+00
1724 +3.771406685e-04 +3.771406685e-04 +4.476103771e+02 +4.476103771e+02 -3.2071e+00 +6.6481e-02 +2.7467e-03 -2.9095e+00 -2.8417e+00
1730 +3.555496916e-04 +3.555496916e-04 +4.476103555e+02 +4.476103555e+02 -3.2140e+00 +6.1759e-02 -1.9177e-03 -2.8990e+00 -2.8406e+00
1748 +3.529447010e-04 +3.529447010e-04 +4.476103529e+02 +4.476103529e+02 -3.2043e+00 +6.9133e-02 +1.3742e-03 -2.9098e+00 -2.8440e+00
1749 +3.450036536e-04 +3.450036536e-04 +4.476103450e+02 +4.476103450e+02 -3.2253e+00 +5.3906e-02 -7.9319e-03 -2.9051e+00 -2.8374e+00
1766 +3.223839933e-04 +3.223839933e-04 +4.476103224e+02 +4.476103224e+02 -3.2294e+00 +5.8105e-02 -1.0109e-02 -2.9048e+00 -2.8426e+00
1803 +3.030789080e-04 +3.030789080e-04 +4.476103031e+02 +4.476103031e+02 -3.2329e+00 +6.3002e-02 -1.1833e-02 -2.9162e+00 -2.8370e+00
1826 +2.907209411e-04 +2.907209411e-04 +4.476102907e+02 +4.476102907e+02 -3.2277e+00 +7.1879e-02 -8.9704e-03 -2.9188e+00 -2.8382e+00
1836 +2.821984599e-04 +2.821984599e-04 +4.476102822e+02 +4.476102822e+02 -3.2364e+00 +7.2010e-02 -1.4500e-02 -2.9213e+00 -2.8394e+00
1839 +2.789857888e-04 +2.789857888e-04 +4.476102790e+02 +4.476102790e+02 -3.2304e+00 +7.5774e-02 -1.1584e-02 -2.9267e+00 -2.8395e+00
1842 +2.691077626e-04 +2.691077626e-04 +4.476102691e+02 +4.476102691e+02 -3.2506e+00 +7.3217e-02 -1.5342e-02 -2.9265e+00 -2.8420e+00
1851 +2.568094568e-04 +2.568094568e-04 +4.476102568e+02 +4.476102568e+02 -3.2658e+00 +8.8343e-02 -2.2347e-02 -2.9292e+00 -2.8444e+00
1862 +2.453877422e-04 +2.453877422e-04 +4.476102454e+02 +4.476102454e+02 -3.2751e+00 +7.7783e-02 -2.3644e-02 -2.9388e+00 -2.8449e+00
1919 +2.270912734e-04 +2.270912734e-04 +4.476102271e+02 +4.476102271e+02 -3.2864e+00 +8.7523e-02 -2.7205e-02 -2.9392e+00 -2.8437e+00
1932 +2.085317954e-04 +2.085317954e-04 +4.476102085e+02 +4.476102085e+02 -3.2958e+00 +9.3642e-02 -3.1681e-02 -2.9526e+00 -2.8438e+00
1953 +1.939008883e-04 +1.939008883e-04 +4.476101939e+02 +4.476101939e+02 -3.3091e+00 +9.9413e-02 -3.6402e-02 -2.9574e+00 -2.8351e+00
1974 +1.780152963e-04 +1.780152963e-04 +4.476101780e+02 +4.476101780e+02 -3.3330e+00 +9.7857e-02 -4.2860e-02 -2.9624e+00 -2.8434e+00
1982 +1.766576690e-04 +1.766576690e-04 +4.476101767e+02 +4.476101767e+02 -3.3354e+00 +1.0706e-01 -3.9516e-02 -2.9703e+00 -2.8439e+00
1989 +1.643183018e-04 +1.643183018e-04 +4.476101643e+02 +4.476101643e+02 -3.3415e+00 +1.0402e-01 -4.9119e-02 -2.9723e+00 -2.8435e+00
1997 +1.575509383e-04 +1.575509383e-04 +4.476101576e+02 +4.476101576e+02 -3.3315e+00 +1.1652e-01 -4.0155e-02 -2.9756e+00 -2.8451e+00
2008 +1.467410955e-04 +1.467410955e-04 +4.476101467e+02 +4.476101467e+02 -3.3400e+00 +1.1442e-01 -4.6526e-02 -2.9804e+00 -2.8465e+00
2017 +1.445167436e-04 +1.445167436e-04 +4.476101445e+02 +4.476101445e+02 -3.3529e+00 +1.0983e-01 -4.9072e-02 -2.9752e+00 -2.8489e+00
2032 +1.080706663e-04 +1.080706663e-04 +4.476101081e+02 +4.476101081e+02 -3.3971e+00 +1.2706e-01 -6.0884e-02 -2.9853e+00 -2.8374e+00
2087 +1.067202142e-04 +1.067202142e-04 +4.476101067e+02 +4.476101067e+02 -3.4067e+00 +1.3846e-01 -6.5268e-02 -2.9897e+00 -2.8402e+00
2127 +1.032753714e-04 +1.032753714e-04 +4.476101033e+02 +4.476101033e+02 -3.3840e+00 +1.3283e-01 -6.1039e-02 -3.0099e+00 -2.8444e+00
2136 +9.579361478e-05 +9.579361478e-05 +4.476100958e+02 +4.476100958e+02 -3.4114e+00 +1.3179e-01 -6.4976e-02 -3.0028e+00 -2.8423e+00
2208 +9.177090544e-05 +9.177090544e-05 +4.476100918e+02 +4.476100918e+02 -3.4071e+00 +1.4186e-01 -6.3025e-02 -2.9975e+00 -2.8344e+00
2209 +8.766076758e-05 +8.766076758e-05 +4.476100877e+02 +4.476100877e+02 -3.4109e+00 +1.4186e-01 -6.4560e-02 -3.0034e+00 -2.8316e+00
2255 +8.538994535e-05 +8.538994535e-05 +4.476100854e+02 +4.476100854e+02 -3.4145e+00 +1.4086e-01 -6.9083e-02 -3.0095e+00 -2.8350e+00
2260 +8.249555287e-05 +8.249555287e-05 +4.476100825e+02 +4.476100825e+02 -3.4291e+00 +1.3939e-01 -7.1858e-02 -3.0082e+00 -2.8383e+00
2277 +7.603733241e-05 +7.603733241e-05 +4.476100760e+02 +4.476100760e+02 -3.4410e+00 +1.4908e-01 -7.2926e-02 -3.0089e+00 -2.8341e+00
2312 +7.174122146e-05 +7.174122146e-05 +4.476100717e+02 +4.476100717e+02 -3.4255e+00 +1.5317e-01 -7.0689e-02 -3.0173e+00 -2.8331e+00
2323 +7.040577759e-05 +7.040577759e-05 +4.476100704e+02 +4.476100704e+02 -3.4217e+00 +1.6384e-01 -6.8163e-02 -3.0205e+00 -2.8331e+00
2336 +6.533421765e-05 +6.533421765e-05 +4.476100653e+02 +4.476100653e+02 -3.4259e+00 +1.6630e-01 -6.8195e-02 -3.0261e+00 -2.8321e+00
2346 +6.405508555e-05 +6.405508555e-05 +4.476100641e+02 +4.476100641e+02 -3.4272e+00 +1.6332e-01 -6.9555e-02 -3.0265e+00 -2.8315e+00
2354 +6.139327655e-05 +6.139327655e-05 +4.476100614e+02 +4.476100614e+02 -3.4352e+00 +1.6295e-01 -7.5967e-02 -3.0307e+00 -2.8304e+00
2369 +5.962012972e-05 +5.962012972e-05 +4.476100596e+02 +4.476100596e+02 -3.4374e+00 +1.6203e-01 -7.4422e-02 -3.0330e+00 -2.8310e+00
2370 +5.746197712e-05 +5.746197712e-05 +4.476100575e+02 +4.476100575e+02 -3.4394e+00 +1.6313e-01 -7.4338e-02 -3.0294e+00 -2.8320e+00
2384 +5.566290110e-05 +5.566290110e-05 +4.476100557e+02 +4.476100557e+02 -3.4430e+00 +1.6526e-01 -7.5463e-02 -3.0281e+00 -2.8322e+00
2391 +5.149658853e-05 +5.149658853e-05 +4.476100515e+02 +4.476100515e+02 -3.4453e+00 +1.7172e-01 -7.4246e-02 -3.0340e+00 -2.8313e+00
2402 +4.749917019e-05 +4.749917019e-05 +4.476100475e+02 +4.476100475e+02 -3.4523e+00 +1.8191e-01 -7.9857e-02 -3.0408e+00 -2.8295e+00
2438 +4.394586603e-05 +4.394586603e-05 +4.476100439e+02 +4.476100439e+02 -3.4522e+00 +1.7553e-01 -7.8853e-02 -3.0415e+00 -2.8318e+00
2447 +4.103840149e-05 +4.103840149e-05 +4.476100410e+02 +4.476100410e+02 -3.4653e+00 +1.7264e-01 -8.3507e-02 -3.0431e+00 -2.8272e+00
2454 +4.021961121e-05 +4.021961121e-05 +4.476100402e+02 +4.476100402e+02 -3.4727e+00 +1.7455e-01 -8.2308e-02 -3.0376e+00 -2.8289e+00
2459 +3.975697592e-05 +3.975697592e-05 +4.476100398e+02 +4.476100398e+02 -3.4713e+00 +1.7649e-01 -8.4958e-02 -3.0386e+00 -2.8282e+00
2493 +3.740600636e-05 +3.740600636e-05 +4.476100374e+02 +4.476100374e+02 -3.4757e+00 +1.8045e-01 -8.2810e-02 -3.0385e+00 -2.8223e+00
2508 +3.619164744e-05 +3.619164744e-05 +4.476100362e+02 +4.476100362e+02 -3.4740e+00 +1.8001e-01 -8.3037e-02 -3.0490e+00 -2.8261e+00
2520 +3.336999316e-05 +3.336999316e-05 +4.476100334e+02 +4.476100334e+02 -3.4710e+00 +1.8422e-01 -8.3418e-02 -3.0513e+00 -2.8250e+00
2572 +3.216975358e-05 +3.216975358e-05 +4.476100322e+02 +4.476100322e+02 -3.4754e+00 +1.9344e-01 -8.3507e-02 -3.0536e+00 -2.8285e+00
2585 +3.135837278e-05 +3.135837278e-05 +4.476100314e+02 +4.476100314e+02 -3.4902e+00 +1.9156e-01 -8.5503e-02 -3.0571e+00 -2.8224e+00
2600 +2.935335283e-05 +2.935335283e-05 +4.476100294e+02 +4.476100294e+02 -3.4800e+00 +2.1320e-01 -8.3575e-02 -3.0631e+00 -2.8156e+00
2628 +2.867868398e-05 +2.867868398e-05 +4.476100287e+02 +4.476100287e+02 -3.4799e+00 +2.1865e-01 -8.5389e-02 -3.0728e+00 -2.8167e+00
2646 +2.753498939e-05 +2.753498939e-05 +4.476100275e+02 +4.476100275e+02 -3.4825e+00 +2.0382e-01 -8.6691e-02 -3.0683e+00 -2.8163e+00
2663 +2.622926644e-05 +2.622926644e-05 +4.476100262e+02 +4.476100262e+02 -3.4965e+00 +2.0895e-01 -8.8692e-02 -3.0667e+00 -2.8123e+00
2715 +2.552101199e-05 +2.552101199e-05 +4.476100255e+02 +4.476100255e+02 -3.5019e+00 +2.1025e-01 -9.1003e-02 -3.0725e+00 -2.8169e+00
2732 +2.492572753e-05 +2.492572753e-05 +4.476100249e+02 +4.476100249e+02 -3.5034e+00 +2.1258e-01 -9.2515e-02 -3.0753e+00 -2.8141e+00
2741 +2.419840365e-05 +2.419840365e-05 +4.476100242e+02 +4.476100242e+02 -3.5083e+00 +2.1603e-01 -9.3016e-02 -3.0754e+00 -2.8121e+00
2755 +2.352115507e-05 +2.352115507e-05 +4.476100235e+02 +4.476100235e+02 -3.5107e+00 +2.1821e-01 -9.4904e-02 -3.0800e+00 -2.8155e+00
2770 +2.314899876e-05 +2.314899876e-05 +4.476100231e+02 +4.476100231e+02 -3.5122e+00 +2.1684e-01 -9.5605e-02 -3.0812e+00 -2.8152e+00
2783 +2.189365733e-05 +2.189365733e-05 +4.476100219e+02 +4.476100219e+02 -3.5179e+00 +2.2124e-01 -9.8147e-02 -3.0834e+00 -2.8115e+00
2798 +2.082891683e-05 +2.082891683e-05 +4.476100208e+02 +4.476100208e+02 -3.5264e+00 +2.1570e-01 -9.9233e-02 -3.0839e+00 -2.8172e+00
2803 +2.029612943e-05 +2.029612943e-05 +4.476100203e+02 +4.476100203e+02 -3.5256e+00 +2.1854e-01 -9.9435e-02 -3.0832e+00 -2.8183e+00
2832 +1.966696226e-05 +1.966696226e-05 +4.476100197e+02 +4.476100197e+02 -3.5284e+00 +2.1815e-01 -1.0066e-01 -3.0828e+00 -2.8158e+00
2835 +1.901425503e-05 +1.901425503e-05 +4.476100190e+02 +4.476100190e+02 -3.5330e+00 +2.1623e-01 -1.0149e-01 -3.0835e+00 -2.8180e+00
2849 +1.791255522e-05 +1.791255522e-05 +4.476100179e+02 +4.476100179e+02 -3.5335e+00 +2.2013e-01 -1.0155e-01 -3.0867e+00 -2.8193e+00
2851 +1.725385880e-05 +1.725385880e-05 +4.476100173e+02 +4.476100173e+02 -3.5395e+00 +2.1653e-01 -1.0407e-01 -3.0865e+00 -2.8184e+00
2867 +1.596505012e-05 +1.596505012e-05 +4.476100160e+02 +4.476100160e+02 -3.5506e+00 +2.2868e-01 -1.0582e-01 -3.0883e+00 -2.8207e+00
2887 +1.548699993e-05 +1.548699993e-05 +4.476100155e+02 +4.476100155e+02 -3.5454e+00 +2.1867e-01 -1.0772e-01 -3.0944e+00 -2.8204e+00
2896 +1.382466729e-05 +1.382466729e-05 +4.476100138e+02 +4.476100138e+02 -3.5490e+00 +2.2078e-01 -1.0767e-01 -3.0967e+00 -2.8226e+00
2902 +1.332569701e-05 +1.332569701e-05 +4.476100133e+02 +4.476100133e+02 -3.5542e+00 +2.1924e-01 -1.0804e-01 -3.0914e+00 -2.8235e+00
2906 +1.196676811e-05 +1.196676811e-05 +4.476100120e+02 +4.476100120e+02 -3.5710e+00 +2.2239e-01 -1.1160e-01 -3.0958e+00 -2.8183e+00
2915 +1.119767228e-05 +1.119767228e-05 +4.476100112e+02 +4.476100112e+02 -3.5660e+00 +2.2466e-01 -1.1275e-01 -3.0913e+00 -2.8215e+00
2921 +1.071918410e-05 +1.071918410e-05 +4.476100107e+02 +4.476100107e+02 -3.5723e+00 +2.2397e-01 -1.1183e-01 -3.0957e+00 -2.8230e+00
2923 +1.060590341e-05 +1.060590341e-05 +4.476100106e+02 +4.476100106e+02 -3.5686e+00 +2.2574e-01 -1.1056e-01 -3.0955e+00 -2.8201e+00
2943 +1.032909557e-05 +1.032909557e-05 +4.476100103e+02 +4.476100103e+02 -3.5765e+00 +2.1886e-01 -1.1685e-01 -3.0986e+00 -2.8227e+00
2946 +9.239309520e-06 +9.239309520e-06 +4.476100092e+02 +4.476100092e+02 -3.5833e+00 +2.2767e-01 -1.1469e-01 -3.0963e+00 -2.8231e+00
2968 +8.537769020e-06 +8.537769020e-06 +4.476100085e+02 +4.476100085e+02 -3.5755e+00 +2.2602e-01 -1.1693e-01 -3.0994e+00 -2.8217e+00
2979 +8.156443869e-06 +8.156443869e-06 +4.476100082e+02 +4.476100082e+02 -3.5768e+00 +2.3067e-01 -1.1387e-01 -3.0988e+00 -2.8211e+00
2985 +8.120793552e-06 +8.120793552e-06 +4.476100081e+02 +4.476100081e+02 -3.5733e+00 +2.3000e-01 -1.1485e-01 -3.1006e+00 -2.8233e+00
2991 +7.678306417e-06 +7.678306417e-06 +4.476100077e+02 +4.476100077e+02 -3.5723e+00 +2.3203e-01 -1.1494e-01 -3.1042e+00 -2.8211e+00
3004 +7.264123724e-06 +7.264123724e-06 +4.476100073e+02 +4.476100073e+02 -3.5811e+00 +2.3505e-01 -1.1646e-01 -3.1044e+00 -2.8231e+00
3033 +7.240572359e-06 +7.240572359e-06 +4.476100072e+02 +4.476100072e+02 -3.5876e+00 +2.3976e-01 -1.1638e-01 -3.1141e+00 -2.8253e+00
3037 +7.002033328e-06 +7.002033328e-06 +4.476100070e+02 +4.476100070e+02 -3.5774e+00 +2.3976e-01 -1.1503e-01 -3.1124e+00 -2.8213e+00
3042 +6.708368517e-06 +6.708368517e-06 +4.476100067e+02 +4.476100067e+02 -3.5835e+00 +2.4202e-01 -1.1668e-01 -3.1132e+00 -2.8198e+00
3075 +6.493876242e-06 +6.493876242e-06 +4.476100065e+02 +4.476100065e+02 -3.5961e+00 +2.4712e-01 -1.2061e-01 -3.1183e+00 -2.8197e+00
3117 +6.428849986e-06 +6.428849986e-06 +4.476100064e+02 +4.476100064e+02 -3.5975e+00 +2.4737e-01 -1.2140e-01 -3.1196e+00 -2.8190e+00
3182 +6.201411281e-06 +6.201411281e-06 +4.476100062e+02 +4.476100062e+02 -3.6099e+00 +2.5042e-01 -1.2360e-01 -3.1188e+00 -2.8171e+00
3184 +6.074412738e-06 +6.074412738e-06 +4.476100061e+02 +4.476100061e+02 -3.6112e+00 +2.4549e-01 -1.2723e-01 -3.1208e+00 -2.8184e+00
3212 +5.979020159e-06 +5.979020159e-06 +4.476100060e+02 +4.476100060e+02 -3.6137e+00 +2.5181e-01 -1.2445e-01 -3.1260e+00 -2.8176e+00
3220 +5.532268347e-06 +5.532268347e-06 +4.476100055e+02 +4.476100055e+02 -3.6226e+00 +2.5901e-01 -1.2610e-01 -3.1286e+00 -2.8175e+00
3242 +5.477678258e-06 +5.477678258e-06 +4.476100055e+02 +4.476100055e+02 -3.6285e+00 +2.5461e-01 -1.2814e-01 -3.1300e+00 -2.8156e+00
3244 +5.056693283e-06 +5.056693283e-06 +4.476100051e+02 +4.476100051e+02 -3.6219e+00 +2.5542e-01 -1.2688e-01 -3.1257e+00 -2.8161e+00
3247 +4.317432627e-06 +4.317432627e-06 +4.476100043e+02 +4.476100043e+02 -3.6226e+00 +2.5482e-01 -1.2831e-01 -3.1285e+00 -2.8155e+00
3268 +4.134558935e-06 +4.134558935e-06 +4.476100041e+02 +4.476100041e+02 -3.6228e+00 +2.6726e-01 -1.2835e-01 -3.1372e+00 -2.8167e+00
3271 +3.985354340e-06 +3.985354340e-06 +4.476100040e+02 +4.476100040e+02 -3.6210e+00 +2.5933e-01 -1.3047e-01 -3.1369e+00 -2.8157e+00
3279 +3.324751390e-06 +3.324751390e-06 +4.476100033e+02 +4.476100033e+02 -3.6268e+00 +2.6462e-01 -1.3164e-01 -3.1382e+00 -2.8164e+00
3283 +2.860285520e-06 +2.860285520e-06 +4.476100029e+02 +4.476100029e+02 -3.6290e+00 +2.6616e-01 -1.3149e-01 -3.1397e+00 -2.8160e+00
3328 +2.596474417e-06 +2.596474417e-06 +4.476100026e+02 +4.476100026e+02 -3.6305e+00 +2.6673e-01 -1.3251e-01 -3.1449e+00 -2.8151e+00
3348 +2.000765335e-06 +2.000765335e-06 +4.476100020e+02 +4.476100020e+02 -3.6379e+00 +2.6985e-01 -1.3369e-01 -3.1461e+00 -2.8126e+00
3407 +1.879336480e-06 +1.879336480e-06 +4.476100019e+02 +4.476100019e+02 -3.6422e+00 +2.7056e-01 -1.3457e-01 -3.1455e+00 -2.8140e+00
3434 +1.805282636e-06 +1.805282636e-06 +4.476100018e+02 +4.476100018e+02 -3.6425e+00 +2.7399e-01 -1.3532e-01 -3.1511e+00 -2.8116e+00
3453 +1.759198199e-06 +1.759198199e-06 +4.476100018e+02 +4.476100018e+02 -3.6459e+00 +2.7308e-01 -1.3541e-01 -3.1461e+00 -2.8120e+00
3468 +1.721138517e-06 +1.721138517e-06 +4.476100017e+02 +4.476100017e+02 -3.6480e+00 +2.7448e-01 -1.3616e-01 -3.1475e+00 -2.8125e+00
3474 +1.695977176e-06 +1.695977176e-06 +4.476100017e+02 +4.476100017e+02 -3.6479e+00 +2.7457e-01 -1.3664e-01 -3.1496e+00 -2.8123e+00
3512 +1.641458709e-06 +1.641458709e-06 +4.476100016e+02 +4.476100016e+02 -3.6524e+00 +2.7598e-01 -1.3823e-01 -3.1541e+00 -2.8125e+00
3550 +1.614419148e-06 +1.614419148e-06 +4.476100016e+02 +4.476100016e+02 -3.6543e+00 +2.7831e-01 -1.3865e-01 -3.1555e+00 -2.8131e+00
3557 +1.580584467e-06 +1.580584467e-06 +4.476100016e+02 +4.476100016e+02 -3.6571e+00 +2.7712e-01 -1.3945e-01 -3.1542e+00 -2.8132e+00
3604 +1.525938217e-06 +1.525938217e-06 +4.476100015e+02 +4.476100015e+02 -3.6648e+00 +2.7753e-01 -1.4146e-01 -3.1518e+00 -2.8142e+00
3613 +1.492075285e-06 +1.492075285e-06 +4.476100015e+02 +4.476100015e+02 -3.6678e+00 +2.7898e-01 -1.4264e-01 -3.1520e+00 -2.8129e+00
3622 +1.462957641e-06 +1.462957641e-06 +4.476100015e+02 +4.476100015e+02 -3.6676e+00 +2.7717e-01 -1.4211e-01 -3.1522e+00 -2.8135e+00
3637 +1.430311954e-06 +1.430311954e-06 +4.476100014e+02 +4.476100014e+02 -3.6696e+00 +2.7694e-01 -1.4280e-01 -3.1519e+00 -2.8129e+00
3648 +1.374483077e-06 +1.374483077e-06 +4.476100014e+02 +4.476100014e+02 -3.6720e+00 +2.7694e-01 -1.4345e-01 -3.1529e+00 -2.8130e+00
3666 +1.343988060e-06 +1.343988060e-06 +4.476100013e+02 +4.476100013e+02 -3.6746e+00 +2.7517e-01 -1.4510e-01 -3.1530e+00 -2.8132e+00
3674 +1.284501479e-06 +1.284501479e-06 +4.476100013e+02 +4.476100013e+02 -3.6816e+00 +2.7853e-01 -1.4543e-01 -3.1550e+00 -2.8137e+00
3677 +1.229282077e-06 +1.229282077e-06 +4.476100012e+02 +4.476100012e+02 -3.6747e+00 +2.7719e-01 -1.4540e-01 -3.1566e+00 -2.8133e+00
3689 +1.089351372e-06 +1.089351372e-06 +4.476100011e+02 +4.476100011e+02 -3.6828e+00 +2.7881e-01 -1.4682e-01 -3.1591e+00 -2.8131e+00
3704 +1.027397047e-06 +1.027397047e-06 +4.476100010e+02 +4.476100010e+02 -3.6766e+00 +2.8295e-01 -1.4534e-01 -3.1613e+00 -2.8136e+00
3742 +8.845107118e-07 +8.845107118e-07 +4.476100009e+02 +4.476100009e+02 -3.6816e+00 +2.8212e-01 -1.4759e-01 -3.1613e+00 -2.8126e+00
3797 +8.582056239e-07 +8.582056239e-07 +4.476100009e+02 +4.476100009e+02 -3.6813e+00 +2.8502e-01 -1.4727e-01 -3.1624e+00 -2.8128e+00
3803 +8.226193700e-07 +8.226193700e-07 +4.476100008e+02 +4.476100008e+02 -3.6815e+00 +2.8538e-01 -1.4689e-01 -3.1634e+00 -2.8127e+00
3816 +7.988430184e-07 +7.988430184e-07 +4.476100008e+02 +4.476100008e+02 -3.6822e+00 +2.8494e-01 -1.4750e-01 -3.1636e+00 -2.8127e+00
3823 +7.722758255e-07 +7.722758255e-07 +4.476100008e+02 +4.476100008e+02 -3.6846e+00 +2.8754e-01 -1.4728e-01 -3.1639e+00 -2.8126e+00
3828 +7.547953373e-07 +7.547953373e-07 +4.476100008e+02 +4.476100008e+02 -3.6849e+00 +2.8688e-01 -1.4748e-01 -3.1666e+00 -2.8126e+00
3835 +7.398670050e-07 +7.398670050e-07 +4.476100007e+02 +4.476100007e+02 -3.6842e+00 +2.8773e-01 -1.4759e-01 -3.1677e+00 -2.8128e+00
3849 +6.972238111e-07 +6.972238111e-07 +4.476100007e+02 +4.476100007e+02 -3.6863e+00 +2.8964e-01 -1.4766e-01 -3.1675e+00 -2.8123e+00
3850 +6.699373785e-07 +6.699373785e-07 +4.476100007e+02 +4.476100007e+02 -3.6883e+00 +2.8861e-01 -1.4901e-01 -3.1650e+00 -2.8121e+00
3859 +6.398892083e-07 +6.398892083e-07 +4.476100006e+02 +4.476100006e+02 -3.6900e+00 +2.8935e-01 -1.4886e-01 -3.1657e+00 -2.8122e+00
3908 +5.849065019e-07 +5.849065019e-07 +4.476100006e+02 +4.476100006e+02 -3.6912e+00 +2.8841e-01 -1.4984e-01 -3.1665e+00 -2.8118e+00
3918 +5.607411708e-07 +5.607411708e-07 +4.476100006e+02 +4.476100006e+02 -3.6918e+00 +2.8919e-01 -1.5078e-01 -3.1688e+00 -2.8119e+00
3929 +5.247356398e-07 +5.247356398e-07 +4.476100005e+02 +4.476100005e+02 -3.6936e+00 +2.9032e-01 -1.5127e-01 -3.1710e+00 -2.8121e+00
3934 +5.114680448e-07 +5.114680448e-07 +4.476100005e+02 +4.476100005e+02 -3.6953e+00 +2.9283e-01 -1.5093e-01 -3.1703e+00 -2.8118e+00
3949 +4.867046073e-07 +4.867046073e-07 +4.476100005e+02 +4.476100005e+02 -3.7036e+00 +2.9201e-01 -1.5244e-01 -3.1709e+00 -2.8131e+00
3975 +4.304189360e-07 +4.304189360e-07 +4.476100004e+02 +4.476100004e+02 -3.7052e+00 +2.9079e-01 -1.5478e-01 -3.1747e+00 -2.8129e+00
4005 +3.839169267e-07 +3.839169267e-07 +4.476100004e+02 +4.476100004e+02 -3.7096e+00 +2.9403e-01 -1.5492e-01 -3.1728e+00 -2.8119e+00
4010 +3.714655463e-07 +3.714655463e-07 +4.476100004e+02 +4.476100004e+02 -3.7070e+00 +2.9488e-01 -1.5491e-01 -3.1771e+00 -2.8130e+00
4043 +3.500564958e-07 +3.500564958e-07 +4.476100004e+02 +4.476100004e+02 -3.7108e+00 +2.9574e-01 -1.5550e-01 -3.1769e+00 -2.8135e+00
4063 +3.402519155e-07 +3.402519155e-07 +4.476100003e+02 +4.476100003e+02 -3.7125e+00 +2.9646e-01 -1.5598e-01 -3.1762e+00 -2.8135e+00
4066 +3.363584824e-07 +3.363584824e-07 +4.476100003e+02 +4.476100003e+02 -3.7124e+00 +2.9698e-01 -1.5586e-01 -3.1767e+00 -2.8132e+00
4071 +3.255240699e-07 +3.255240699e-07 +4.476100003e+02 +4.476100003e+02 -3.7126e+00 +2.9437e-01 -1.5679e-01 -3.1777e+00 -2.8135e+00
4079 +3.084352898e-07 +3.084352898e-07 +4.476100003e+02 +4.476100003e+02 -3.7158e+00 +2.9556e-01 -1.5717e-01 -3.1762e+00 -2.8133e+00
4088 +2.882952685e-07 +2.882952685e-07 +4.476100003e+02 +4.476100003e+02 -3.7185e+00 +2.9685e-01 -1.5800e-01 -3.1772e+00 -2.8139e+00
4097 +2.606051339e-07 +2.606051339e-07 +4.476100003e+02 +4.476100003e+02 -3.7229e+00 +2.9676e-01 -1.5943e-01 -3.1772e+00 -2.8133e+00
4162 +2.456575885e-07 +2.456575885e-07 +4.476100002e+02 +4.476100002e+02 -3.7251e+00 +2.9572e-01 -1.6096e-01 -3.1783e+00 -2.8130e+00
4170 +2.447697511e-07 +2.447697511e-07 +4.476100002e+02 +4.476100002e+02 -3.7266e+00 +2.9563e-01 -1.6059e-01 -3.1784e+00 -2.8136e+00
4175 +2.368964829e-07 +2.368964829e-07 +4.476100002e+02 +4.476100002e+02 -3.7255e+00 +2.9691e-01 -1.6058e-01 -3.1782e+00 -2.8129e+00
4191 +2.089037707e-07 +2.089037707e-07 +4.476100002e+02 +4.476100002e+02 -3.7304e+00 +2.9685e-01 -1.6224e-01 -3.1817e+00 -2.8133e+00
4211 +2.034059889e-07 +2.034059889e-07 +4.476100002e+02 +4.476100002e+02 -3.7299e+00 +2.9730e-01 -1.6211e-01 -3.1819e+00 -2.8135e+00
4315 +1.989960765e-07 +1.989960765e-07 +4.476100002e+02 +4.476100002e+02 -3.7313e+00 +2.9751e-01 -1.6272e-01 -3.1821e+00 -2.8129e+00
4332 +1.949767352e-07 +1.949767352e-07 +4.476100002e+02 +4.476100002e+02 -3.7321e+00 +2.9778e-01 -1.6309e-01 -3.1835e+00 -2.8131e+00
4370 +1.877447176e-07 +1.877447176e-07 +4.476100002e+02 +4.476100002e+02 -3.7336e+00 +2.9825e-01 -1.6319e-01 -3.1826e+00 -2.8135e+00
4372 +1.849753630e-07 +1.849753630e-07 +4.476100002e+02 +4.476100002e+02 -3.7343e+00 +2.9860e-01 -1.6344e-01 -3.1825e+00 -2.8133e+00
4410 +1.740079369e-07 +1.740079369e-07 +4.476100002e+02 +4.476100002e+02 -3.7330e+00 +2.9995e-01 -1.6300e-01 -3.1844e+00 -2.8136e+00
4414 +1.725089760e-07 +1.725089760e-07 +4.476100002e+02 +4.476100002e+02 -3.7359e+00 +3.0017e-01 -1.6373e-01 -3.1861e+00 -2.8133e+00
4427 +1.672374879e-07 +1.672374879e-07 +4.476100002e+02 +4.476100002e+02 -3.7350e+00 +3.0057e-01 -1.6360e-01 -3.1843e+00 -2.8133e+00
4436 +1.638154004e-07 +1.638154004e-07 +4.476100002e+02 +4.476100002e+02 -3.7371e+00 +3.0091e-01 -1.6392e-01 -3.1849e+00 -2.8140e+00
4442 +1.530915483e-07 +1.530915483e-07 +4.476100002e+02 +4.476100002e+02 -3.7364e+00 +3.0181e-01 -1.6401e-01 -3.1868e+00 -2.8140e+00
4452 +1.441084692e-07 +1.441084692e-07 +4.476100001e+02 +4.476100001e+02 -3.7369e+00 +3.0276e-01 -1.6422e-01 -3.1875e+00 -2.8138e+00
4478 +1.405714443e-07 +1.405714443e-07 +4.476100001e+02 +4.476100001e+02 -3.7369e+00 +3.0354e-01 -1.6488e-01 -3.1892e+00 -2.8147e+00
4481 +1.305076012e-07 +1.305076012e-07 +4.476100001e+02 +4.476100001e+02 -3.7374e+00 +3.0497e-01 -1.6458e-01 -3.1904e+00 -2.8144e+00
4483 +1.275619752e-07 +1.275619752e-07 +4.476100001e+02 +4.476100001e+02 -3.7412e+00 +3.0297e-01 -1.6587e-01 -3.1888e+00 -2.8148e+00
4490 +1.233278226e-07 +1.233278226e-07 +4.476100001e+02 +4.476100001e+02 -3.7392e+00 +3.0503e-01 -1.6490e-01 -3.1906e+00 -2.8144e+00
4502 +1.099217002e-07 +1.099217002e-07 +4.476100001e+02 +4.476100001e+02 -3.7417e+00 +3.0502e-01 -1.6585e-01 -3.1906e+00 -2.8145e+00
4593 +1.084880523e-07 +1.084880523e-07 +4.476100001e+02 +4.476100001e+02 -3.7406e+00 +3.0561e-01 -1.6553e-01 -3.1902e+00 -2.8134e+00
4596 +1.031026500e-07 +1.031026500e-07 +4.476100001e+02 +4.476100001e+02 -3.7402e+00 +3.0630e-01 -1.6514e-01 -3.1910e+00 -2.8125e+00
4612 +9.900418263e-08 +9.900418263e-08 +4.476100001e+02 +4.476100001e+02 -3.7421e+00 +3.0637e-01 -1.6558e-01 -3.1907e+00 -2.8131e+00
4613 +9.677268054e-08 +9.677268054e-08 +4.476100001e+02 +4.476100001e+02 -3.7400e+00 +3.0753e-01 -1.6511e-01 -3.1917e+00 -2.8124e+00
4614 +9.540633528e-08 +9.540633528e-08 +4.476100001e+02 +4.476100001e+02 -3.7410e+00 +3.0727e-01 -1.6562e-01 -3.1933e+00 -2.8124e+00
4627 +8.912513749e-08 +8.912513749e-08 +4.476100001e+02 +4.476100001e+02 -3.7410e+00 +3.0907e-01 -1.6553e-01 -3.1927e+00 -2.8124e+00
4638 +8.479258895e-08 +8.479258895e-08 +4.476100001e+02 +4.476100001e+02 -3.7428e+00 +3.0956e-01 -1.6547e-01 -3.1927e+00 -2.8123e+00
4651 +7.748820963e-08 +7.748820963e-08 +4.476100001e+02 +4.476100001e+02 -3.7429e+00 +3.0944e-01 -1.6572e-01 -3.1934e+00 -2.8121e+00
4687 +7.171087191e-08 +7.171087191e-08 +4.476100001e+02 +4.476100001e+02 -3.7446e+00 +3.1305e-01 -1.6604e-01 -3.1975e+00 -2.8122e+00
4713 +7.031701443e-08 +7.031701443e-08 +4.476100001e+02 +4.476100001e+02 -3.7452e+00 +3.0950e-01 -1.6620e-01 -3.1941e+00 -2.8114e+00
4715 +6.821397847e-08 +6.821397847e-08 +4.476100001e+02 +4.476100001e+02 -3.7438e+00 +3.1079e-01 -1.6663e-01 -3.1952e+00 -2.8118e+00
4727 +6.395578112e-08 +6.395578112e-08 +4.476100001e+02 +4.476100001e+02 -3.7460e+00 +3.1125e-01 -1.6625e-01 -3.1949e+00 -2.8112e+00
4735 +6.255953622e-08 +6.255953622e-08 +4.476100001e+02 +4.476100001e+02 -3.7466e+00 +3.1043e-01 -1.6720e-01 -3.1937e+00 -2.8115e+00
4740 +5.418888804e-08 +5.418888804e-08 +4.476100001e+02 +4.476100001e+02 -3.7498e+00 +3.1112e-01 -1.6755e-01 -3.1949e+00 -2.8109e+00
4751 +5.152202220e-08 +5.152202220e-08 +4.476100001e+02 +4.476100001e+02 -3.7519e+00 +3.1115e-01 -1.6832e-01 -3.1949e+00 -2.8106e+00
4761 +4.736637038e-08 +4.736637038e-08 +4.476100000e+02 +4.476100000e+02 -3.7562e+00 +3.1242e-01 -1.6996e-01 -3.1977e+00 -2.8099e+00
4838 +4.634904371e-08 +4.634904371e-08 +4.476100000e+02 +4.476100000e+02 -3.7561e+00 +3.1453e-01 -1.7027e-01 -3.2003e+00 -2.8126e+00
4858 +4.502965112e-08 +4.502965112e-08 +4.476100000e+02 +4.476100000e+02 -3.7592e+00 +3.1293e-01 -1.7112e-01 -3.1996e+00 -2.8120e+00
4864 +4.435139545e-08 +4.435139545e-08 +4.476100000e+02 +4.476100000e+02 -3.7594e+00 +3.1387e-01 -1.7167e-01 -3.2017e+00 -2.8129e+00
4897 +4.339977977e-08 +4.339977977e-08 +4.476100000e+02 +4.476100000e+02 -3.7601e+00 +3.1348e-01 -1.7147e-01 -3.2002e+00 -2.8125e+00
4909 +4.116782293e-08 +4.116782293e-08 +4.476100000e+02 +4.476100000e+02 -3.7611e+00 +3.1394e-01 -1.7173e-01 -3.2009e+00 -2.8120e+00
4911 +4.029544698e-08 +4.029544698e-08 +4.476100000e+02 +4.476100000e+02 -3.7616e+00 +3.1416e-01 -1.7180e-01 -3.2005e+00 -2.8123e+00
4924 +3.489554956e-08 +3.489554956e-08 +4.476100000e+02 +4.476100000e+02 -3.7637e+00 +3.1495e-01 -1.7276e-01 -3.2028e+00 -2.8121e+00
4953 +3.201409982e-08 +3.201409982e-08 +4.476100000e+02 +4.476100000e+02 -3.7655e+00 +3.1608e-01 -1.7280e-01 -3.2016e+00 -2.8125e+00
4955 +2.706991609e-08 +2.706991609e-08 +4.476100000e+02 +4.476100000e+02 -3.7662e+00 +3.1592e-01 -1.7342e-01 -3.2029e+00 -2.8125e+00
4978 +2.466589422e-08 +2.466589422e-08 +4.476100000e+02 +4.476100000e+02 -3.7658e+00 +3.1659e-01 -1.7335e-01 -3.2040e+00 -2.8122e+00
4984 +2.272628308e-08 +2.272628308e-08 +4.476100000e+02 +4.476100000e+02 -3.7695e+00 +3.1622e-01 -1.7409e-01 -3.2031e+00 -2.8123e+00
4990 +1.812173878e-08 +1.812173878e-08 +4.476100000e+02 +4.476100000e+02 -3.7687e+00 +3.1803e-01 -1.7388e-01 -3.2045e+00 -2.8122e+00
5139 +1.756768597e-08 +1.756768597e-08 +4.476100000e+02 +4.476100000e+02 -3.7701e+00 +3.1736e-01 -1.7451e-01 -3.2046e+00 -2.8125e+00
5153 +1.719803322e-08 +1.719803322e-08 +4.476100000e+02 +4.476100000e+02 -3.7700e+00 +3.1758e-01 -1.7431e-01 -3.2051e+00 -2.8123e+00
5155 +1.676858119e-08 +1.676858119e-08 +4.476100000e+02 +4.476100000e+02 -3.7705e+00 +3.1774e-01 -1.7447e-01 -3.2057e+00 -2.8122e+00
5167 +1.487131840e-08 +1.487131840e-08 +4.476100000e+02 +4.476100000e+02 -3.7711e+00 +3.1883e-01 -1.7440e-01 -3.2060e+00 -2.8121e+00
5220 +1.446710485e-08 +1.446710485e-08 +4.476100000e+02 +4.476100000e+02 -3.7706e+00 +3.1947e-01 -1.7445e-01 -3.2057e+00 -2.8121e+00
5221 +1.381516768e-08 +1.381516768e-08 +4.476100000e+02 +4.476100000e+02 -3.7715e+00 +3.1881e-01 -1.7476e-01 -3.2060e+00 -2.8120e+00
5228 +1.346933232e-08 +1.346933232e-08 +4.476100000e+02 +4.476100000e+02 -3.7708e+00 +3.1973e-01 -1.7469e-01 -3.2070e+00 -2.8122e+00
5259 +1.309030040e-08 +1.309030040e-08 +4.476100000e+02 +4.476100000e+02 -3.7710e+00 +3.1970e-01 -1.7475e-01 -3.2070e+00 -2.8119e+00
5261 +1.262787919e-08 +1.262787919e-08 +4.476100000e+02 +4.476100000e+02 -3.7716e+00 +3.2050e-01 -1.7467e-01 -3.2074e+00 -2.8117e+00
5266 +1.258763405e-08 +1.258763405e-08 +4.476100000e+02 +4.476100000e+02 -3.7720e+00 +3.1999e-01 -1.7494e-01 -3.2074e+00 -2.8118e+00
5278 +1.221320645e-08 +1.221320645e-08 +4.476100000e+02 +4.476100000e+02 -3.7726e+00 +3.2062e-01 -1.7543e-01 -3.2080e+00 -2.8117e+00
5307 +1.197031452e-08 +1.197031452e-08 +4.476100000e+02 +4.476100000e+02 -3.7732e+00 +3.2130e-01 -1.7522e-01 -3.2080e+00 -2.8114e+00
5355 +1.163164143e-08 +1.163164143e-08 +4.476100000e+02 +4.476100000e+02 -3.7774e+00 +3.2199e-01 -1.7611e-01 -3.2089e+00 -2.8109e+00
5391 +1.134441163e-08 +1.134441163e-08 +4.476100000e+02 +4.476100000e+02 -3.7764e+00 +3.2241e-01 -1.7616e-01 -3.2097e+00 -2.8111e+00
5398 +1.121571813e-08 +1.121571813e-08 +4.476100000e+02 +4.476100000e+02 -3.7764e+00 +3.2251e-01 -1.7620e-01 -3.2100e+00 -2.8108e+00
5401 +1.083168399e-08 +1.083168399e-08 +4.476100000e+02 +4.476100000e+02 -3.7766e+00 +3.2332e-01 -1.7642e-01 -3.2105e+00 -2.8110e+00
5444 +1.035942887e-08 +1.035942887e-08 +4.476100000e+02 +4.476100000e+02 -3.7770e+00 +3.2477e-01 -1.7629e-01 -3.2120e+00 -2.8107e+00
5469 +9.932819012e-09 +9.932819012e-09 +4.476100000e+02 +4.476100000e+02 -3.7782e+00 +3.2532e-01 -1.7661e-01 -3.2128e+00 -2.8110e+00
% function evaluation | noise-free fitness - Fopt (-1.037100000000e+02) | best noise-free fitness - Fopt | measured fitness | best measured fitness | x1 | x2...
1 +7.171966336e+01 +7.171966336e+01 -3.199033664e+01 -3.199033664e+01 +0.0000e+00 +0.0000e+00 +0.0000e+00 +0.0000e+00 +0.0000e+00
2 +6.667882650e+01 +6.667882650e+01 -3.703117350e+01 -3.703117350e+01 +1.4917e-01 -2.2578e-01 -3.3250e-01 -1.3232e-01 +6.5925e-02
12 +6.576338748e+01 +6.576338748e+01 -3.794661252e+01 -3.794661252e+01 +4.5848e-01 -4.1277e-01 -4.4904e-01 -5.5932e-02 +1.9314e-01
21 +6.318723318e+01 +6.318723318e+01 -4.052276682e+01 -4.052276682e+01 +3.5983e-01 -5.2752e-01 -1.0849e-01 -2.2737e-01 -7.9869e-02
23 +6.053359423e+01 +6.053359423e+01 -4.317640577e+01 -4.317640577e+01 +2.2532e-01 -7.2535e-01 -2.4246e-01 -7.1472e-02 +1.3006e-01
26 +4.802926885e+01 +4.802926885e+01 -5.568073115e+01 -5.568073115e+01 +6.9116e-02 -1.4299e+00 -9.1987e-01 -3.6016e-02 +7.0570e-01
61 +4.746407240e+01 +4.746407240e+01 -5.624592760e+01 -5.624592760e+01 +4.6102e-03 -1.5440e+00 -9.8908e-01 -6.0323e-02 +4.6547e-01
62 +4.201141503e+01 +4.201141503e+01 -6.169858497e+01 -6.169858497e+01 -8.1993e-01 -1.3463e+00 -5.2325e-01 +1.6589e-01 +5.7534e-01
73 +3.710999625e+01 +3.710999625e+01 -6.660000375e+01 -6.660000375e+01 -6.9639e-01 -1.7525e+00 -7.4857e-01 +3.0521e-01 +6.6230e-01
114 +3.493983215e+01 +3.493983215e+01 -6.877016785e+01 -6.877016785e+01 -1.1048e+00 -2.2458e+00 -1.0728e+00 +3.8305e-01 +6.8830e-01
124 +3.114136968e+01 +3.114136968e+01 -7.256863032e+01 -7.256863032e+01 -1.5026e+00 -1.8665e+00 -7.6356e-01 +3.7326e-02 +5.1842e-01
129 +2.829735289e+01 +2.829735289e+01 -7.541264711e+01 -7.541264711e+01 -1.7691e+00 -1.8410e+00 -1.4432e+00 +4.9402e-01 +7.4134e-01
177 +2.647296008e+01 +2.647296008e+01 -7.723703992e+01 -7.723703992e+01 -2.1811e+00 -1.5283e+00 -1.3489e+00 -2.4360e-02 +2.1711e-01
251 +2.610546184e+01 +2.610546184e+01 -7.760453816e+01 -7.760453816e+01 -2.4763e+00 -1.6306e+00 -1.6621e+00 +2.2568e-01 +4.2414e-01
264 +2.569542390e+01 +2.569542390e+01 -7.801457610e+01 -7.801457610e+01 -2.4607e+00 -1.6544e+00 -1.7672e+00 +2.0209e-01 +2.1587e-01
% function evaluation | noise-free fitness - Fopt (-2.060000000000e+01) | best noise-free fitness - Fopt | measured fitness | best measured fitness | x1 | x2...
1 +3.412457192e+01 +3.412457192e+01 +1.352457192e+01 +1.352457192e+01 +0.0000e+00 +0.0000e+00 +0.0000e+00 +0.0000e+00 +0.0000e+00
2 +2.512943223e+01 +2.512943223e+01 +4.529432229e+00 +4.529432229e+00 -1.8973e-01 -2.1956e-01 +4.2250e-01 +1.1342e-02 -1.1942e-02
12 +2.475915401e+01 +2.475915401e+01 +4.159154015e+00 +4.159154015e+00 +9.6379e-02 -3.7276e-01 +4.0685e-01 +2.5245e-02 +1.3796e-02
18 +1.847051332e+01 +1.847051332e+01 -2.129486685e+00 -2.129486685e+00 -9.4472e-02 -3.5805e-01 +4.7946e-01 +4.1611e-01 -3.9511e-01
33 +9.343326044e+00 +9.343326044e+00 -1.125667396e+01 -1.125667396e+01 +2.8064e-01 -5.9903e-01 +8.2378e-01 +3.7745e-01 -9.2582e-01
53 +8.831347791e+00 +8.831347791e+00 -1.176865221e+01 -1.176865221e+01 +7.3824e-01 -7.4970e-01 +9.2550e-01 +3.2734e-01 -1.4907e+00
59 +8.473782403e+00 +8.473782403e+00 -1.212621760e+01 -1.212621760e+01 +5.4118e-01 -6.2846e-01 +1.6270e+00 +1.4044e-01 -1.5064e+00
77 +8.041488675e+00 +8.041488675e+00 -1.255851132e+01 -1.255851132e+01 +2.4695e-01 -9.0561e-01 +1.5675e+00 +5.5263e-02 -1.9116e+00
114 +6.685773105e+00 +6.685773105e+00 -1.391422690e+01 -1.391422690e+01 +2.8771e-01 -9.6733e-01 +1.6196e+00 +3.1612e-01 -1.6233e+00
149 +5.035160822e+00 +5.035160822e+00 -1.556483918e+01 -1.556483918e+01 -1.4835e-01 -9.5780e-01 +1.8026e+00 +3.0623e-01 -1.6350e+00
176 +4.487697926e+00 +4.487697926e+00 -1.611230207e+01 -1.611230207e+01 -3.3313e-01 -9.0559e-01 +1.7072e+00 +6.5988e-01 -1.6238e+00
180 +4.460230366e+00 +4.460230366e+00 -1.613976963e+01 -1.613976963e+01 -4.4007e-01 -7.4604e-01 +1.8750e+00 +9.1919e-01 -1.8923e+00
196 +3.994171360e+00 +3.994171360e+00 -1.660582864e+01 -1.660582864e+01 -4.9402e-01 -9.4563e-01 +1.9556e+00 +6.2640e-01 -1.7017e+00
234 +3.645416458e+00 +3.645416458e+00 -1.695458354e+01 -1.695458354e+01 -5.7932e-01 -8.3187e-01 +1.9893e+00 +1.0933e+00 -1.8340e+00
249 +3.610775875e+00 +3.610775875e+00 -1.698922412e+01 -1.698922412e+01 -6.7920e-01 -7.8825e-01 +1.9341e+00 +1.0036e+00 -1.8481e+00
251 +3.418611680e+00 +3.418611680e+00 -1.718138832e+01 -1.718138832e+01 -6.9352e-01 -9.4259e-01 +2.0387e+00 +9.6126e-01 -1.8929e+00
265 +3.386558724e+00 +3.386558724e+00 -1.721344128e+01 -1.721344128e+01 -6.9198e-01 -7.8659e-01 +2.1065e+00 +9.8488e-01 -1.8547e+00
293 +3.257868692e+00 +3.257868692e+00 -1.734213131e+01 -1.734213131e+01 -8.0433e-01 -8.4816e-01 +2.1680e+00 +9.4897e-01 -1.8218e+00
294 +3.171198241e+00 +3.171198241e+00 -1.742880176e+01 -1.742880176e+01 -9.1348e-01 -7.9849e-01 +2.0810e+00 +8.7819e-01 -1.8159e+00
299 +3.152433103e+00 +3.152433103e+00 -1.744756690e+01 -1.744756690e+01 -9.3843e-01 -9.8652e-01 +2.1469e+00 +8.0027e-01 -1.7980e+00
318 +2.793362896e+00 +2.793362896e+00 -1.780663710e+01 -1.780663710e+01 -1.1301e+00 -8.5189e-01 +2.2348e+00 +1.0214e+00 -1.8732e+00
407 +2.741977388e+00 +2.741977388e+00 -1.785802261e+01 -1.785802261e+01 -1.2074e+00 -8.8589e-01 +2.2870e+00 +1.0874e+00 -1.8823e+00
458 +2.687068188e+00 +2.687068188e+00 -1.791293181e+01 -1.791293181e+01 -1.3246e+00 -8.7169e-01 +2.3606e+00 +1.0938e+00 -1.9224e+00
564 +2.624372861e+00 +2.624372861e+00 -1.797562714e+01 -1.797562714e+01 -1.4318e+00 -8.1763e-01 +2.4303e+00 +1.2870e+00 -1.9706e+00
% function evaluation | noise-free fitness - Fopt (4.669000000000e+01) | best noise-free fitness - Fopt | measured fitness | best measured fitness | x1 | x2...
1 +6.938984366e+01 +6.938984366e+01 +1.160798437e+02 +1.160798437e+02 +0.0000e+00 +0.0000e+00 +0.0000e+00 +0.0000e+00 +0.0000e+00
3 +6.567773053e+01 +6.567773053e+01 +1.123677305e+02 +1.123677305e+02 -1.5199e-01 -6.0167e-02 -2.8135e-01 -4.5674e-02 -9.5454e-04
7 +6.271781085e+01 +6.271781085e+01 +1.094078109e+02 +1.094078109e+02 -3.1712e-01 +3.1824e-02 -1.8705e-01 +8.1936e-02 +2.8943e-01
11 +6.158074397e+01 +6.158074397e+01 +1.082707440e+02 +1.082707440e+02 -3.7576e-03 -3.8258e-01 -5.4157e-01 +2.8880e-01 +2.1993e-02
18 +5.379794747e+01 +5.379794747e+01 +1.004879475e+02 +1.004879475e+02 -2.9165e-02 -1.9345e-01 -1.0937e+00 -5.3672e-01 +2.9010e-02
22 +5.269921238e+01 +5.269921238e+01 +9.938921238e+01 +9.938921238e+01 -1.7953e-01 -1.4644e-01 -7.2236e-01 +1.4089e-01 +3.6128e-01
26 +4.979327598e+01 +4.979327598e+01 +9.648327598e+01 +9.648327598e+01 -4.8655e-01 -6.1517e-02 -9.9066e-01 -2.9040e-01 +5.0786e-02
30 +4.772739437e+01 +4.772739437e+01 +9.441739437e+01 +9.441739437e+01 -2.6286e-01 -4.6856e-01 -1.3936e+00 +2.4866e-01 +3.6873e-01
35 +4.408102271e+01 +4.408102271e+01 +9.077102271e+01 +9.077102271e+01 -8.1638e-02 -3.4965e-01 -1.3803e+00 -2.0291e-01 -5.7550e-03
36 +4.357797734e+01 +4.357797734e+01 +9.026797734e+01 +9.026797734e+01 -4.1572e-01 -2.2351e-01 -1.5241e+00 -7.0327e-01 -4.7003e-02
47 +3.916545021e+01 +3.916545021e+01 +8.585545021e+01 +8.585545021e+01 -4.6909e-01 -2.5646e-01 -1.6630e+00 -7.2099e-01 +2.5976e-01
58 +1.352808282e+01 +1.352808282e+01 +6.021808282e+01 +6.021808282e+01 -1.3746e+00 -8.6927e-02 -3.4231e+00 -1.6757e+00 +9.2366e-01
107 +9.020045193e+00 +9.020045193e+00 +5.571004519e+01 +5.571004519e+01 -1.5148e+00 -1.5324e+00 -3.2184e+00 -1.5537e+00 +1.3563e-01
125 +8.190107374e+00 +8.190107374e+00 +5.488010737e+01 +5.488010737e+01 -1.8468e+00 -1.3856e+00 -3.6212e+00 -9.1542e-01 +5.7403e-01
132 +7.999811542e+00 +7.999811542e+00 +5.468981154e+01 +5.468981154e+01 -1.8656e+00 -1.7307e+00 -3.5521e+00 -1.6583e+00 +9.8961e-01
142 +6.985212065e+00 +6.985212065e+00 +5.367521206e+01 +5.367521206e+01 -2.2085e+00 -1.9842e+00 -3.7802e+00 -1.3718e+00 +1.2079e+00
155 +6.824585124e+00 +6.824585124e+00 +5.351458512e+01 +5.351458512e+01 -2.9774e+00 -2.5936e+00 -3.5131e+00 -1.5185e+00 +1.6599e+00
265 +6.678109505e+00 +6.678109505e+00 +5.336810951e+01 +5.336810951e+01 -3.7843e+00 -3.1804e+00 -4.1151e+00 -9.6215e-01 +2.2812e+00
272 +6.336267451e+00 +6.336267451e+00 +5.302626745e+01 +5.302626745e+01 -3.6325e+00 -3.0852e+00 -4.0117e+00 -9.9595e-01 +2.1952e+00
306 +6.097197864e+00 +6.097197864e+00 +5.278719786e+01 +5.278719786e+01 -3.0919e+00 -2.5170e+00 -3.9014e+00 -1.0494e+00 +2.1806e+00
331 +5.498383590e+00 +5.498383590e+00 +5.218838359e+01 +5.218838359e+01 -3.2157e+00 -2.5071e+00 -4.1276e+00 -7.1799e-01 +2.0176e+00
338 +5.383429284e+00 +5.383429284e+00 +5.207342928e+01 +5.207342928e+01 -3.1170e+00 -2.4437e+00 -4.0389e+00 -8.6810e-01 +2.0219e+00
346 +5.354734262e+00 +5.354734262e+00 +5.204473426e+01 +5.204473426e+01 -2.9257e+00 -2.3795e+00 -4.0658e+00 -8.4879e-01 +1.8585e+00
378 +5.127641198e+00 +5.127641198e+00 +5.181764120e+01 +5.181764120e+01 -2.9867e+00 -2.2335e+00 -4.0375e+00 -9.1170e-01 +1.7630e+00
% function evaluation | noise-free fitness - Fopt (-1.034600000000e+02) | best noise-free fitness - Fopt | measured fitness | best measured fitness | x1 | x2...
1 +7.130983861e+01 +7.130983861e+01 -3.215016139e+01 -3.215016139e+01 +0.0000e+00 +0.0000e+00 +0.0000e+00 +0.0000e+00 +0.0000e+00
5 +6.976741554e+01 +6.976741554e+01 -3.369258446e+01 -3.369258446e+01 +1.1991e-01 -9.7584e-02 +1.7963e-01 +1.1953e-01 +1.3283e-01
10 +6.653060143e+01 +6.653060143e+01 -3.692939857e+01 -3.692939857e+01 +3.3073e-01 -2.9770e-01 +3.8856e-01 -2.0030e-02 +2.8204e-01
18 +6.489935202e+01 +6.489935202e+01 -3.856064798e+01 -3.856064798e+01 +2.9483e-01 -1.8785e-01 +4.3799e-01 -4.9595e-01 +1.6494e-01
24 +6.365912282e+01 +6.365912282e+01 -3.980087718e+01 -3.980087718e+01 +3.0668e-01 -2.9154e-01 +5.0971e-01 -2.3682e-01 +4.6030e-01
30 +5.937101623e+01 +5.937101623e+01 -4.408898377e+01 -4.408898377e+01 +5.8582e-01 -4.7290e-01 +7.5218e-01 -7.8041e-01 +4.0892e-01
34 +5.703595053e+01 +5.703595053e+01 -4.642404947e+01 -4.642404947e+01 +1.0597e+00 -5.4879e-02 +3.2110e-01 -7.1142e-01 +8.0471e-01
40 +5.554629635e+01 +5.554629635e+01 -4.791370365e+01 -4.791370365e+01 +1.0040e+00 -7.6197e-01 +3.6355e-01 -4.7888e-01 +1.6344e+00
42 +4.912255367e+01 +4.912255367e+01 -5.433744633e+01 -5.433744633e+01 +6.2809e-01 -2.6856e-01 +1.5801e-01 -1.3449e+00 +1.4052e+00
43 +4.070191720e+01 +4.070191720e+01 -6.275808280e+01 -6.275808280e+01 +1.4141e+00 -1.1899e+00 +5.4731e-01 +1.6295e-01 +1.1477e+00
57 +3.937549983e+01 +3.937549983e+01 -6.408450017e+01 -6.408450017e+01 +2.0321e+00 -1.4225e+00 -5.3170e-01 -1.0387e+00 +9.8983e-01
58 +2.630009200e+01 +2.630009200e+01 -7.715990800e+01 -7.715990800e+01 +1.3503e+00 -1.4833e+00 +5.4361e-01 -1.6174e+00 +1.7099e+00
62 +2.132909942e+01 +2.132909942e+01 -8.213090058e+01 -8.213090058e+01 +1.6909e+00 -1.5882e+00 -4.0190e-01 -1.4375e+00 +1.0691e+00
63 +8.572291628e+00 +8.572291628e+00 -9.488770837e+01 -9.488770837e+01 +1.0370e+00 -1.5739e+00 -3.6294e-01 -2.1738e+00 +8.7182e-01
66 +3.329310075e+00 +3.329310075e+00 -1.001306899e+02 -1.001306899e+02 +1.5681e+00 -1.5570e+00 -5.2336e-01 -2.8033e+00 +1.6359e+00
133 +2.208790677e+00 +2.208790677e+00 -1.012512093e+02 -1.012512093e+02 +1.6795e+00 -2.0077e+00 -3.1321e-01 -3.2212e+00 +1.8280e+00
199 +2.083132426e+00 +2.083132426e+00 -1.013768676e+02 -1.013768676e+02 +1.0859e+00 -2.0921e+00 -8.7886e-01 -2.9221e+00 +1.7235e+00
214 +2.026504657e+00 +2.026504657e+00 -1.014334953e+02 -1.014334953e+02 +1.3427e+00 -2.5304e+00 -7.9362e-01 -2.6089e+00 +1.8033e+00
267 +1.992005200e+00 +1.992005200e+00 -1.014679948e+02 -1.014679948e+02 +1.3676e+00 -2.4294e+00 -7.1587e-01 -2.7637e+00 +1.7182e+00
% function evaluation | noise-free fitness - Fopt (-1.591000000000e+02) | best noise-free fitness - Fopt | measured fitness | best measured fitness | x1 | x2...
1 +7.200916919e+01 +7.200916919e+01 -8.709083081e+01 -8.709083081e+01 +0.0000e+00 +0.0000e+00 +0.0000e+00 +0.0000e+00 +0.0000e+00
2 +6.841421651e+01 +6.841421651e+01 -9.068578349e+01 -9.068578349e+01 -5.2083e-02 -3.5992e-01 +1.1538e-01 -3.1156e-01 +1.6857e-01
10 +6.651357539e+01 +6.651357539e+01 -9.258642461e+01 -9.258642461e+01 -1.6990e-02 -3.9747e-02 +1.5535e-01 -5.7330e-01 +3.1144e-01
18 +6.502826518e+01 +6.502826518e+01 -9.407173482e+01 -9.407173482e+01 +1.4479e-01 -4.3398e-01 +1.6166e-01 -4.8118e-01 +4.1924e-01
26 +6.306945654e+01 +6.306945654e+01 -9.603054346e+01 -9.603054346e+01 +2.3182e-01 -6.4457e-01 +1.5615e-01 -5.7775e-01 +6.5372e-01
31 +6.016810069e+01 +6.016810069e+01 -9.893189931e+01 -9.893189931e+01 +2.2760e-01 -1.9773e-01 +3.6649e-01 -7.5896e-01 +5.8521e-01
40 +5.821104531e+01 +5.821104531e+01 -1.008889547e+02 -1.008889547e+02 +3.3947e-01 -8.4691e-01 +9.8048e-02 -9.2921e-01 +6.0822e-01
43 +5.256428400e+01 +5.256428400e+01 -1.065357160e+02 -1.065357160e+02 +1.6375e-01 -9.1664e-01 +1.6865e-01 -1.3357e+00 +3.9515e-01
54 +5.010835978e+01 +5.010835978e+01 -1.089916402e+02 -1.089916402e+02 +4.7945e-01 -9.5690e-01 +4.1436e-01 -1.0204e+00 +4.4932e-01
55 +3.823310624e+01 +3.823310624e+01 -1.208668938e+02 -1.208668938e+02 +1.9914e-01 -2.7110e-01 -3.4675e-01 -2.5153e+00 +5.2826e-01
80 +3.512644273e+01 +3.512644273e+01 -1.239735573e+02 -1.239735573e+02 +2.9830e-01 -7.4839e-01 +5.2010e-01 -2.1320e+00 +2.5292e-01
83 +2.794153790e+01 +2.794153790e+01 -1.311584621e+02 -1.311584621e+02 +5.2901e-01 -6.2682e-01 +8.9362e-01 -2.1433e+00 +4.3449e-01
94 +2.503967736e+01 +2.503967736e+01 -1.340603226e+02 -1.340603226e+02 +4.6881e-01 -4.7592e-01 +1.0716e+00 -1.9084e+00 +1.9177e-01
106 +2.042247558e+01 +2.042247558e+01 -1.386775244e+02 -1.386775244e+02 +6.5953e-01 -4.0460e-01 +1.2228e+00 -2.2694e+00 +9.2646e-02
119 +2.033464017e+01 +2.033464017e+01 -1.387653598e+02 -1.387653598e+02 +5.1664e-01 -5.3031e-01 +1.3074e+00 -3.0853e+00 -3.0142e-01
120 +1.984042548e+01 +1.984042548e+01 -1.392595745e+02 -1.392595745e+02 +6.8540e-01 -2.0154e-01 +1.3474e+00 -1.9616e+00 -1.9757e-01
124 +1.230269357e+01 +1.230269357e+01 -1.467973064e+02 -1.467973064e+02 +9.1195e-01 -9.6824e-02 +1.5668e+00 -2.6610e+00 -4.9918e-01
136 +1.110796301e+01 +1.110796301e+01 -1.479920370e+02 -1.479920370e+02 +1.3716e+00 -3.4052e-01 +2.0634e+00 -3.2940e+00 -6.3533e-01
138 +9.922280070e+00 +9.922280070e+00 -1.491777199e+02 -1.491777199e+02 +1.0176e+00 -9.2069e-01 +2.2076e+00 -3.1014e+00 -1.1896e+00
155 +9.706013520e+00 +9.706013520e+00 -1.493939865e+02 -1.493939865e+02 +4.4483e-01 -2.5187e-01 +2.5828e+00 -2.6485e+00 -9.4299e-01
173 +8.480765423e+00 +8.480765423e+00 -1.506192346e+02 -1.506192346e+02 +6.2495e-01 -1.4385e-01 +2.6166e+00 -2.9258e+00 -1.0578e+00
195 +8.269227226e+00 +8.269227226e+00 -1.508307728e+02 -1.508307728e+02 +7.7457e-01 -1.4033e-01 +3.2563e+00 -3.2927e+00 -1.1002e+00
223 +7.830003259e+00 +7.830003259e+00 -1.512699967e+02 -1.512699967e+02 +7.4127e-01 -1.3291e-01 +2.8521e+00 -2.9883e+00 -9.6557e-01
234 +7.704462505e+00 +7.704462505e+00 -1.513955375e+02 -1.513955375e+02 +8.4678e-01 -1.1187e-01 +2.7647e+00 -2.9059e+00 -1.0162e+00
269 +7.543691830e+00 +7.543691830e+00 -1.515563082e+02 -1.515563082e+02 +9.1296e-01 -2.5784e-01 +2.7274e+00 -2.9609e+00 -9.0045e-01
288 +7.381135402e+00 +7.381135402e+00 -1.517188646e+02 -1.517188646e+02 +1.1257e+00 -1.6033e-01 +2.7699e+00 -2.9624e+00 -9.5881e-01
% function evaluation | noise-free fitness - Fopt (7.823700000000e+02) | best noise-free fitness - Fopt | measured fitness | best measured fitness | x1 | x2...
1 +6.692409018e+01 +6.692409018e+01 +8.492940902e+02 +8.492940902e+02 +0.0000e+00 +0.0000e+00 +0.0000e+00 +0.0000e+00 +0.0000e+00
3 +6.586795838e+01 +6.586795838e+01 +8.482379584e+02 +8.482379584e+02 +2.1124e-01 +5.8970e-02 +7.1730e-02 +2.8195e-02 +5.0021e-02
11 +6.163765447e+01 +6.163765447e+01 +8.440076545e+02 +8.440076545e+02 +1.5444e-01 -3.1112e-01 +8.0676e-02 +1.5996e-01 -2.0485e-01
19 +5.998380045e+01 +5.998380045e+01 +8.423538004e+02 +8.423538004e+02 +3.4509e-01 -3.6584e-02 +1.6536e-01 +4.8262e-02 -2.6833e-01
22 +5.426793680e+01 +5.426793680e+01 +8.366379368e+02 +8.366379368e+02 +3.1777e-01 -2.7969e-01 +1.0575e-01 +1.3861e-01 -5.0546e-01
27 +5.081333871e+01 +5.081333871e+01 +8.331833387e+02 +8.331833387e+02 +5.3703e-01 -2.6043e-01 +1.3913e-01 +1.8955e-01 -4.2946e-01
29 +4.564129691e+01 +4.564129691e+01 +8.280112969e+02 +8.280112969e+02 +6.4517e-01 -5.2122e-01 -1.6174e-01 +2.5222e-01 -4.8047e-01
43 +4.104914652e+01 +4.104914652e+01 +8.234191465e+02 +8.234191465e+02 +1.0483e+00 -6.1480e-01 -1.6296e-02 +2.7840e-01 -3.1209e-01
47 +3.478586710e+01 +3.478586710e+01 +8.171558671e+02 +8.171558671e+02 +7.4985e-01 -6.4508e-01 -5.0834e-02 +5.5511e-01 -8.6536e-01
57 +3.397141177e+01 +3.397141177e+01 +8.163414118e+02 +8.163414118e+02 +1.6382e+00 -1.0777e+00 +2.1328e-01 +2.0580e-01 -9.0353e-01
58 +3.076822904e+01 +3.076822904e+01 +8.131382290e+02 +8.131382290e+02 +1.4050e+00 -1.1043e+00 +3.9936e-02 +5.5966e-01 -1.0969e+00
62 +2.838361974e+01 +2.838361974e+01 +8.107536197e+02 +8.107536197e+02 +1.3969e+00 -8.4970e-01 +7.4993e-02 +4.4029e-01 -1.3556e+00
68 +1.981369444e+01 +1.981369444e+01 +8.021836944e+02 +8.021836944e+02 +1.8290e+00 -1.1205e+00 +5.2172e-01 +1.2459e+00 -1.4202e+00
85 +1.764823979e+01 +1.764823979e+01 +8.000182398e+02 +8.000182398e+02 +2.3012e+00 -1.6179e+00 +1.3087e+00 +1.1124e+00 -1.4425e+00
102 +1.703931921e+01 +1.703931921e+01 +7.994093192e+02 +7.994093192e+02 +1.6674e+00 -1.0605e+00 +1.3619e+00 +1.1617e+00 -3.2097e+00
113 +1.066972429e+01 +1.066972429e+01 +7.930397243e+02 +7.930397243e+02 +1.9452e+00 +1.5882e-01 +1.1716e+00 +1.3228e+00 -3.2429e+00
129 +6.601181175e+00 +6.601181175e+00 +7.889711812e+02 +7.889711812e+02 +1.7460e+00 -6.0340e-01 +1.9300e+00 +1.3851e+00 -3.2336e+00
164 +4.693186819e+00 +4.693186819e+00 +7.870631868e+02 +7.870631868e+02 +2.3281e+00 -4.7913e-01 +2.3220e+00 +1.6558e+00 -3.6553e+00
181 +2.506416946e+00 +2.506416946e+00 +7.848764169e+02 +7.848764169e+02 +2.5279e+00 -3.8810e-01 +2.7277e+00 +1.8375e+00 -3.2680e+00
187 +1.945405950e+00 +1.945405950e+00 +7.843154060e+02 +7.843154060e+02 +3.1538e+00 -6.0637e-01 +3.4677e+00 +1.6789e+00 -3.6210e+00
194 +1.738524638e+00 +1.738524638e+00 +7.841085246e+02 +7.841085246e+02 +3.1221e+00 -6.3663e-01 +3.4612e+00 +1.8013e+00 -3.3624e+00
235 +1.108159240e+00 +1.108159240e+00 +7.834781592e+02 +7.834781592e+02 +3.0481e+00 -7.3868e-01 +3.6985e+00 +1.5158e+00 -2.9640e+00
250 +9.548734567e-01 +9.548734567e-01 +7.833248735e+02 +7.833248735e+02 +3.1360e+00 -6.0762e-01 +3.6013e+00 +1.4933e+00 -3.1669e+00
258 +8.982375408e-01 +8.982375408e-01 +7.832682375e+02 +7.832682375e+02 +3.1850e+00 -8.0767e-01 +3.8378e+00 +1.3686e+00 -2.8998e+00
313 +8.485936021e-01 +8.485936021e-01 +7.832185936e+02 +7.832185936e+02 +3.6646e+00 -8.0120e-01 +3.9457e+00 +1.3754e+00 -2.8384e+00
315 +7.650768729e-01 +7.650768729e-01 +7.831350769e+02 +7.831350769e+02 +3.6367e+00 -8.8493e-01 +4.0567e+00 +1.4493e+00 -2.9272e+00
354 +7.559481383e-01 +7.559481383e-01 +7.831259481e+02 +7.831259481e+02 +3.4807e+00 -8.8719e-01 +3.8120e+00 +1.4229e+00 -2.9042e+00
355 +7.127371504e-01 +7.127371504e-01 +7.830827372e+02 +7.830827372e+02 +3.5052e+00 -8.8810e-01 +3.9723e+00 +1.4211e+00 -2.9314e+00
367 +7.065706977e-01 +7.065706977e-01 +7.830765707e+02 +7.830765707e+02 +3.4329e+00 -8.2932e-01 +3.8160e+00 +1.4347e+00 -2.9276e+00
% function evaluation | noise-free fitness - Fopt (1.464700000000e+02) | best noise-free fitness - Fopt | measured fitness | best measured fitness | x1 | x2...
1 +6.340301098e+01 +6.340301098e+01 +2.098730110e+02 +2.098730110e+02 +0.0000e+00 +0.0000e+00 +0.0000e+00 +0.0000e+00 +0.0000e+00
2 +5.072264602e+01 +5.072264602e+01 +1.971926460e+02 +1.971926460e+02 +1.6358e-01 -1.2529e-01 -1.4907e-01 +1.7256e-01 +3.0023e-01
6 +4.417225655e+01 +4.417225655e+01 +1.906422565e+02 +1.906422565e+02 -3.2985e-02 +1.4058e-01 +2.4944e-01 +1.2316e-01 +9.6303e-02
9 +1.961699239e+01 +1.961699239e+01 +1.660869924e+02 +1.660869924e+02 +2.1520e-01 +3.7435e-01 -4.4410e-02 -1.8796e-01 +3.1462e-01
12 +1.661160293e+01 +1.661160293e+01 +1.630816029e+02 +1.630816029e+02 +6.8415e-03 +5.2808e-01 +4.6685e-02 -2.8852e-02 +5.0884e-01
20 +1.456905290e+01 +1.456905290e+01 +1.610390529e+02 +1.610390529e+02 +3.1054e-01 +5.0014e-01 +2.4471e-01 +3.5162e-02 +5.6500e-01
25 +9.436313687e+00 +9.436313687e+00 +1.559063137e+02 +1.559063137e+02 +2.1774e-01 +4.8621e-01 +2.5949e-02 +1.7306e-01 +3.4132e-01
31 +7.856779912e+00 +7.856779912e+00 +1.543267799e+02 +1.543267799e+02 +5.1688e-01 +4.5078e-01 +1.1231e-01 -1.9569e-02 +5.4176e-01
34 +6.879578196e+00 +6.879578196e+00 +1.533495782e+02 +1.533495782e+02 +3.4632e-01 +5.7567e-01 -5.5178e-02 +1.2029e-01 +1.1083e-01
48 +5.842681628e+00 +5.842681628e+00 +1.523126816e+02 +1.523126816e+02 +2.9685e-01 +5.5754e-01 -1.2849e-01 +2.8574e-01 +7.2916e-02
49 +5.078103581e+00 +5.078103581e+00 +1.515481036e+02 +1.515481036e+02 +2.9804e-01 +6.6526e-01 -1.6613e-01 +1.8350e-01 +2.4538e-01
55 +2.844202475e+00 +2.844202475e+00 +1.493142025e+02 +1.493142025e+02 +3.6297e-01 +8.6489e-01 -4.1081e-01 +3.2936e-01 -2.3893e-01
56 +2.050278540e+00 +2.050278540e+00 +1.485202785e+02 +1.485202785e+02 +4.2824e-01 +6.3994e-01 -3.7102e-01 +4.0358e-01 +1.3895e-01
67 +1.273735158e+00 +1.273735158e+00 +1.477437352e+02 +1.477437352e+02 +5.7081e-01 +5.9215e-01 -3.7917e-01 +6.1071e-01 -1.0525e-02
80 +7.741848579e-01 +7.741848579e-01 +1.472441849e+02 +1.472441849e+02 +8.6638e-01 +4.7092e-01 -2.2262e-01 +1.1525e+00 -2.2838e-01
101 +5.968061835e-01 +5.968061835e-01 +1.470668062e+02 +1.470668062e+02 +7.4409e-01 +7.1336e-01 -7.2786e-01 +8.1899e-01 -3.1692e-01
103 +3.883273742e-01 +3.883273742e-01 +1.468583274e+02 +1.468583274e+02 +9.5797e-01 +4.7559e-01 -6.4049e-01 +8.7976e-01 -1.6856e-01
142 +2.556144324e-01 +2.556144324e-01 +1.467256144e+02 +1.467256144e+02 +9.5521e-01 +5.6109e-01 -4.3132e-01 +8.2613e-01 -1.1678e-01
147 +1.717127171e-01 +1.717127171e-01 +1.466417127e+02 +1.466417127e+02 +1.1409e+00 +5.7920e-01 -3.6475e-01 +7.7445e-01 -1.2729e-01
159 +1.663439621e-01 +1.663439621e-01 +1.466363440e+02 +1.466363440e+02 +1.0012e+00 +4.8052e-01 -5.3849e-01 +7.9596e-01 -6.9811e-03
166 +1.566263671e-01 +1.566263671e-01 +1.466266264e+02 +1.466266264e+02 +1.1585e+00 +3.5258e-01 -4.3294e-01 +8.1992e-01 +6.3471e-02
183 +1.391191445e-01 +1.391191445e-01 +1.466091191e+02 +1.466091191e+02 +1.1021e+00 +4.5767e-01 -4.3167e-01 +8.7808e-01 -5.5252e-02
187 +1.275701681e-01 +1.275701681e-01 +1.465975702e+02 +1.465975702e+02 +1.1144e+00 +4.3394e-01 -5.8388e-01 +8.6654e-01 -3.8542e-02
191 +1.179699611e-01 +1.179699611e-01 +1.465879700e+02 +1.465879700e+02 +1.1554e+00 +4.3966e-01 -5.2328e-01 +8.2658e-01 -2.4280e-02
215 +1.150924465e-01 +1.150924465e-01 +1.465850924e+02 +1.465850924e+02 +1.2051e+00 +4.4991e-01 -3.9022e-01 +8.5551e-01 -1.6741e-02
217 +1.127817995e-01 +1.127817995e-01 +1.465827818e+02 +1.465827818e+02 +1.2022e+00 +4.5573e-01 -4.4159e-01 +8.9439e-01 -5.2822e-02
224 +8.900139501e-02 +8.900139501e-02 +1.465590014e+02 +1.465590014e+02 +1.2556e+00 +4.2698e-01 -4.1311e-01 +8.3397e-01 -1.2225e-02
227 +7.131329877e-02 +7.131329877e-02 +1.465413133e+02 +1.465413133e+02 +1.3142e+00 +4.3371e-01 -4.6403e-01 +8.2562e-01 +8.4468e-03
238 +6.936456425e-02 +6.936456425e-02 +1.465393646e+02 +1.465393646e+02 +1.3509e+00 +4.1194e-01 -4.8420e-01 +8.1687e-01 +1.3403e-02
246 +6.580217516e-02 +6.580217516e-02 +1.465358022e+02 +1.465358022e+02 +1.4087e+00 +4.4335e-01 -4.3612e-01 +8.3460e-01 +6.7569e-03
261 +5.746641403e-02 +5.746641403e-02 +1.465274664e+02 +1.465274664e+02 +1.5311e+00 +3.9854e-01 -4.4452e-01 +8.5744e-01 +2.5978e-02
265 +5.261219929e-02 +5.261219929e-02 +1.465226122e+02 +1.465226122e+02 +1.5241e+00 +3.5632e-01 -3.3040e-01 +9.0226e-01 -2.3221e-02
341 +4.732277734e-02 +4.732277734e-02 +1.465173228e+02 +1.465173228e+02 +1.5098e+00 +3.8437e-01 -4.2138e-01 +8.4301e-01 +4.5946e-02
354 +4.578763698e-02 +4.578763698e-02 +1.465157876e+02 +1.465157876e+02 +1.5865e+00 +3.7973e-01 -4.0692e-01 +8.2569e-01 +6.5327e-02
362 +4.467067558e-02 +4.467067558e-02 +1.465146707e+02 +1.465146707e+02 +1.5129e+00 +3.7040e-01 -4.0451e-01 +8.3054e-01 +5.0757e-02
383 +4.388933155e-02 +4.388933155e-02 +1.465138893e+02 +1.465138893e+02 +1.4921e+00 +4.0470e-01 -2.8394e-01 +8.3834e-01 +5.9714e-03
389 +4.067318437e-02 +4.067318437e-02 +1.465106732e+02 +1.465106732e+02 +1.5315e+00 +3.9531e-01 -1.7274e-01 +8.3649e-01 -1.8318e-02
406 +3.926233247e-02 +3.926233247e-02 +1.465092623e+02 +1.465092623e+02 +1.5097e+00 +3.7771e-01 -2.5531e-01 +8.5008e-01 +1.5761e-02
409 +3.718128613e-02 +3.718128613e-02 +1.465071813e+02 +1.465071813e+02 +1.5091e+00 +3.6597e-01 -1.8795e-01 +8.2530e-01 +3.8871e-02
411 +3.649356737e-02 +3.649356737e-02 +1.465064936e+02 +1.465064936e+02 +1.5477e+00 +3.8580e-01 -3.2448e-01 +7.8410e-01 +1.0436e-01
427 +3.624277427e-02 +3.624277427e-02 +1.465062428e+02 +1.465062428e+02 +1.6231e+00 +3.9075e-01 -1.8701e-01 +8.2699e-01 +6.4097e-02
438 +3.019045846e-02 +3.019045846e-02 +1.465001905e+02 +1.465001905e+02 +1.6505e+00 +3.6641e-01 -3.4589e-02 +8.7723e-01 +2.5179e-02
451 +2.746318466e-02 +2.746318466e-02 +1.464974632e+02 +1.464974632e+02 +1.6458e+00 +3.5985e-01 -2.1780e-01 +8.4041e-01 +4.5656e-02
464 +2.013268295e-02 +2.013268295e-02 +1.464901327e+02 +1.464901327e+02 +1.6819e+00 +3.4480e-01 -1.0793e-01 +8.3255e-01 +3.6747e-02
501 +1.527970557e-02 +1.527970557e-02 +1.464852797e+02 +1.464852797e+02 +1.7478e+00 +3.2400e-01 +5.5880e-02 +8.6863e-01 +3.5350e-02
511 +1.355865076e-02 +1.355865076e-02 +1.464835587e+02 +1.464835587e+02 +1.7865e+00 +3.1971e-01 +4.9097e-02 +8.2797e-01 +5.6139e-02
531 +1.186635574e-02 +1.186635574e-02 +1.464818664e+02 +1.464818664e+02 +1.9073e+00 +3.1794e-01 +1.6175e-01 +8.1234e-01 +4.1769e-02
541 +1.154300233e-02 +1.154300233e-02 +1.464815430e+02 +1.464815430e+02 +1.8515e+00 +3.2197e-01 +2.1807e-01 +8.4808e-01 +3.7539e-02
554 +1.108360163e-02 +1.108360163e-02 +1.464810836e+02 +1.464810836e+02 +1.9540e+00 +3.1242e-01 +1.6675e-01 +8.4245e-01 +4.1274e-02
562 +7.795617945e-03 +7.795617945e-03 +1.464777956e+02 +1.464777956e+02 +1.9388e+00 +3.1028e-01 +1.7778e-01 +8.2774e-01 +6.6300e-02
571 +4.966845536e-03 +4.966845536e-03 +1.464749668e+02 +1.464749668e+02 +1.9692e+00 +3.1531e-01 +3.2467e-01 +8.1344e-01 +5.6456e-02
583 +3.916921832e-03 +3.916921832e-03 +1.464739169e+02 +1.464739169e+02 +2.0019e+00 +2.9638e-01 +3.2885e-01 +7.9735e-01 +6.2620e-02
590 +3.761549027e-03 +3.761549027e-03 +1.464737615e+02 +1.464737615e+02 +2.0038e+00 +2.5960e-01 +4.0325e-01 +8.2133e-01 +9.0323e-02
594 +3.708030563e-03 +3.708030563e-03 +1.464737080e+02 +1.464737080e+02 +2.0710e+00 +2.5020e-01 +5.0625e-01 +8.1794e-01 +1.0531e-01
610 +2.825112798e-03 +2.825112798e-03 +1.464728251e+02 +1.464728251e+02 +2.1337e+00 +2.3108e-01 +5.3718e-01 +7.5702e-01 +1.1268e-01
653 +1.527727219e-03 +1.527727219e-03 +1.464715277e+02 +1.464715277e+02 +2.1261e+00 +2.2716e-01 +4.6705e-01 +8.2442e-01 +1.0066e-01
658 +9.376228349e-04 +9.376228349e-04 +1.464709376e+02 +1.464709376e+02 +2.2379e+00 +2.3372e-01 +5.5427e-01 +8.2700e-01 +7.7926e-02
667 +8.441530662e-04 +8.441530662e-04 +1.464708442e+02 +1.464708442e+02 +2.2224e+00 +2.3143e-01 +6.5115e-01 +8.4291e-01 +5.8755e-02
700 +2.195748444e-04 +2.195748444e-04 +1.464702196e+02 +1.464702196e+02 +2.3353e+00 +1.9561e-01 +7.0845e-01 +8.2886e-01 +1.0774e-01
705 +1.571043088e-04 +1.571043088e-04 +1.464701571e+02 +1.464701571e+02 +2.3740e+00 +1.9076e-01 +7.5944e-01 +8.0781e-01 +1.0811e-01
735 +1.237677653e-04 +1.237677653e-04 +1.464701238e+02 +1.464701238e+02 +2.4415e+00 +1.7532e-01 +8.3822e-01 +7.7662e-01 +1.3016e-01
743 +5.299880314e-05 +5.299880314e-05 +1.464700530e+02 +1.464700530e+02 +2.4968e+00 +1.7240e-01 +8.7623e-01 +8.4184e-01 +1.0954e-01
746 +6.422979368e-06 +6.422979368e-06 +1.464700064e+02 +1.464700064e+02 +2.5767e+00 +1.5542e-01 +1.0710e+00 +8.4090e-01 +9.6763e-02
781 +1.594473474e-06 +1.594473474e-06 +1.464700016e+02 +1.464700016e+02 +2.6519e+00 +1.3163e-01 +1.1622e+00 +9.0169e-01 +6.3247e-02
815 +9.301555224e-07 +9.301555224e-07 +1.464700009e+02 +1.464700009e+02 +2.6458e+00 +1.4556e-01 +1.1646e+00 +8.8381e-01 +6.1575e-02
899 +7.037516525e-07 +7.037516525e-07 +1.464700007e+02 +1.464700007e+02 +2.6047e+00 +1.5266e-01 +1.1187e+00 +8.8531e-01 +5.2741e-02
962 +5.775891623e-07 +5.775891623e-07 +1.464700006e+02 +1.464700006e+02 +2.6044e+00 +1.5148e-01 +1.1139e+00 +8.8332e-01 +5.7545e-02
965 +5.436658341e-07 +5.436658341e-07 +1.464700005e+02 +1.464700005e+02 +2.6129e+00 +1.5052e-01 +1.1322e+00 +8.8454e-01 +5.5173e-02
979 +5.129043643e-07 +5.129043643e-07 +1.464700005e+02 +1.464700005e+02 +2.6183e+00 +1.4912e-01 +1.1101e+00 +8.8668e-01 +5.7495e-02
1010 +4.253355996e-07 +4.253355996e-07 +1.464700004e+02 +1.464700004e+02 +2.6031e+00 +1.4849e-01 +1.1057e+00 +8.8594e-01 +5.5586e-02
1026 +2.795508180e-07 +2.795508180e-07 +1.464700003e+02 +1.464700003e+02 +2.6095e+00 +1.4832e-01 +1.1145e+00 +8.8177e-01 +6.0122e-02
1039 +2.080342085e-07 +2.080342085e-07 +1.464700002e+02 +1.464700002e+02 +2.6134e+00 +1.4710e-01 +1.1173e+00 +8.8355e-01 +6.0069e-02
1062 +2.026108064e-07 +2.026108064e-07 +1.464700002e+02 +1.464700002e+02 +2.6180e+00 +1.4695e-01 +1.1292e+00 +8.8455e-01 +5.8009e-02
1063 +1.956304629e-07 +1.956304629e-07 +1.464700002e+02 +1.464700002e+02 +2.6158e+00 +1.4589e-01 +1.1103e+00 +8.8600e-01 +5.9695e-02
1068 +1.334823878e-07 +1.334823878e-07 +1.464700001e+02 +1.464700001e+02 +2.6198e+00 +1.4504e-01 +1.1272e+00 +8.8428e-01 +5.9687e-02
1119 +1.305724311e-07 +1.305724311e-07 +1.464700001e+02 +1.464700001e+02 +2.6190e+00 +1.4479e-01 +1.1243e+00 +8.8609e-01 +5.9237e-02
1122 +1.257869826e-07 +1.257869826e-07 +1.464700001e+02 +1.464700001e+02 +2.6189e+00 +1.4468e-01 +1.1231e+00 +8.8642e-01 +5.8848e-02
1127 +1.090979822e-07 +1.090979822e-07 +1.464700001e+02 +1.464700001e+02 +2.6208e+00 +1.4371e-01 +1.1242e+00 +8.8409e-01 +5.9996e-02
1128 +1.053697929e-07 +1.053697929e-07 +1.464700001e+02 +1.464700001e+02 +2.6199e+00 +1.4412e-01 +1.1210e+00 +8.8606e-01 +6.0157e-02
1132 +5.910476375e-08 +5.910476375e-08 +1.464700001e+02 +1.464700001e+02 +2.6231e+00 +1.4209e-01 +1.1230e+00 +8.8615e-01 +6.1017e-02
1138 +4.826500799e-08 +4.826500799e-08 +1.464700000e+02 +1.464700000e+02 +2.6267e+00 +1.4121e-01 +1.1308e+00 +8.8858e-01 +5.9508e-02
1171 +4.724338964e-08 +4.724338964e-08 +1.464700000e+02 +1.464700000e+02 +2.6309e+00 +1.4094e-01 +1.1257e+00 +8.8264e-01 +6.4467e-02
1172 +3.996842679e-08 +3.996842679e-08 +1.464700000e+02 +1.464700000e+02 +2.6302e+00 +1.4065e-01 +1.1296e+00 +8.8353e-01 +6.3854e-02
1181 +3.592228381e-08 +3.592228381e-08 +1.464700000e+02 +1.464700000e+02 +2.6341e+00 +1.3921e-01 +1.1273e+00 +8.8371e-01 +6.6794e-02
1196 +3.123025749e-08 +3.123025749e-08 +1.464700000e+02 +1.464700000e+02 +2.6327e+00 +1.4041e-01 +1.1307e+00 +8.8101e-01 +6.6787e-02
1207 +1.842857955e-08 +1.842857955e-08 +1.464700000e+02 +1.464700000e+02 +2.6379e+00 +1.3929e-01 +1.1359e+00 +8.7980e-01 +6.6872e-02
1246 +1.701789643e-08 +1.701789643e-08 +1.464700000e+02 +1.464700000e+02 +2.6364e+00 +1.3709e-01 +1.1334e+00 +8.8312e-01 +6.6957e-02
1248 +1.217546242e-08 +1.217546242e-08 +1.464700000e+02 +1.464700000e+02 +2.6388e+00 +1.3809e-01 +1.1361e+00 +8.8314e-01 +6.5914e-02
1263 +1.178287334e-08 +1.178287334e-08 +1.464700000e+02 +1.464700000e+02 +2.6401e+00 +1.3884e-01 +1.1434e+00 +8.8258e-01 +6.5008e-02
1297 +1.168950803e-08 +1.168950803e-08 +1.464700000e+02 +1.464700000e+02 +2.6463e+00 +1.3672e-01 +1.1401e+00 +8.8233e-01 +6.7683e-02
1303 +1.116896442e-08 +1.116896442e-08 +1.464700000e+02 +1.464700000e+02 +2.6452e+00 +1.3829e-01 +1.1451e+00 +8.8265e-01 +6.6213e-02
1307 +1.026313612e-08 +1.026313612e-08 +1.464700000e+02 +1.464700000e+02 +2.6423e+00 +1.3734e-01 +1.1432e+00 +8.8296e-01 +6.6735e-02
1319 +7.236565125e-09 +7.236565125e-09 +1.464700000e+02 +1.464700000e+02 +2.6447e+00 +1.3664e-01 +1.1434e+00 +8.8353e-01 +6.6951e-02
% function evaluation | noise-free fitness - Fopt (-2.071000000000e+01) | best noise-free fitness - Fopt | measured fitness | best measured fitness | x1 | x2...
1 +7.696645528e+01 +7.696645528e+01 +5.625645528e+01 +5.625645528e+01 +0.0000e+00 +0.0000e+00 +0.0000e+00 +0.0000e+00 +0.0000e+00
5 +6.898651653e+01 +6.898651653e+01 +4.827651653e+01 +4.827651653e+01 -2.9511e-01 +2.3384e-01 +7.1239e-02 -1.4134e-02 -2.4344e-01
10 +5.911515531e+01 +5.911515531e+01 +3.840515531e+01 +3.840515531e+01 -3.5421e-01 +9.9774e-02 -1.3670e-01 +5.8644e-03 -4.5476e-01
16 +5.859699284e+01 +5.859699284e+01 +3.788699284e+01 +3.788699284e+01 -1.5343e-01 +1.5216e-01 -2.0400e-01 +4.0285e-01 -4.5604e-01
18 +4.061227479e+01 +4.061227479e+01 +1.990227479e+01 +1.990227479e+01 -3.0010e-01 +1.2607e-02 -8.3109e-02 +2.6469e-02 -9.1856e-01
25 +3.049258737e+01 +3.049258737e+01 +9.782587374e+00 +9.782587374e+00 -1.7240e-01 +4.8948e-01 +4.8641e-02 +7.9453e-02 -8.6889e-01
26 +3.014218219e+01 +3.014218219e+01 +9.432182187e+00 +9.432182187e+00 -4.4085e-01 +2.9930e-01 -1.8534e-01 -1.3690e-01 -7.8726e-01
29 +2.381211540e+01 +2.381211540e+01 +3.102115404e+00 +3.102115404e+00 -2.7631e-01 +5.1499e-01 +7.8742e-02 +3.6248e-02 -1.0912e+00
32 +1.925351990e+01 +1.925351990e+01 -1.456480100e+00 -1.456480100e+00 -4.9990e-01 +4.1460e-01 -5.9830e-01 +2.7065e-01 -1.2583e+00
33 +1.605182519e+01 +1.605182519e+01 -4.658174813e+00 -4.658174813e+00 -5.5526e-01 +2.2090e-01 -3.5808e-01 +2.8990e-01 -1.3779e+00
64 +1.174961083e+01 +1.174961083e+01 -8.960389167e+00 -8.960389167e+00 +7.8461e-02 +7.9205e-01 -1.0984e+00 +7.4672e-01 -5.9584e-01
81 +1.050891688e+01 +1.050891688e+01 -1.020108312e+01 -1.020108312e+01 +1.1494e-01 +6.1165e-01 -1.1002e+00 +7.0647e-01 -5.7099e-01
85 +1.015903330e+01 +1.015903330e+01 -1.055096670e+01 -1.055096670e+01 +2.8295e-01 +6.3833e-01 -1.1786e+00 +7.6305e-01 -3.7724e-01
89 +9.759781911e+00 +9.759781911e+00 -1.095021809e+01 -1.095021809e+01 -5.2121e-02 +3.7043e-01 -1.4664e+00 +7.9587e-01 -2.6973e-01
113 +8.979280838e+00 +8.979280838e+00 -1.173071916e+01 -1.173071916e+01 +2.4893e-01 +7.5900e-01 -1.7173e+00 +9.5059e-01 +1.7646e-01
203 +8.662228065e+00 +8.662228065e+00 -1.204777193e+01 -1.204777193e+01 +4.0026e-01 +7.8352e-01 -1.8180e+00 +9.4428e-01 +2.0533e-01
230 +8.300328858e+00 +8.300328858e+00 -1.240967114e+01 -1.240967114e+01 +8.2418e-01 +9.2908e-01 -1.9309e+00 +1.0314e+00 +3.5427e-01
287 +8.102929022e+00 +8.102929022e+00 -1.260707098e+01 -1.260707098e+01 +1.0428e+00 +8.5715e-01 -2.1648e+00 +1.0477e+00 +4.5189e-01
364 +7.896143409e+00 +7.896143409e+00 -1.281385659e+01 -1.281385659e+01 +1.0880e+00 +1.0082e+00 -2.3870e+00 +1.1547e+00 +7.7395e-01
422 +7.712519717e+00 +7.712519717e+00 -1.299748028e+01 -1.299748028e+01 +1.3365e+00 +8.3936e-01 -2.5925e+00 +1.2440e+00 +7.8041e-01
547 +7.581269542e+00 +7.581269542e+00 -1.312873046e+01 -1.312873046e+01 +1.5067e+00 +7.4393e-01 -2.8663e+00 +1.3322e+00 +8.8222e-01
664 +7.402114677e+00 +7.402114677e+00 -1.330788532e+01 -1.330788532e+01 +1.8750e+00 +8.5011e-01 -3.1676e+00 +1.3863e+00 +1.1916e+00
