% function evaluation | noise-free fitness - Fopt (-1.000000000000e+03) | best noise-free fitness - Fopt | measured fitness | best measured fitness | x1 | x2...
1 +8.205600107e+01 +8.205600107e+01 -9.179439989e+02 -9.179439989e+02
14 +8.121481172e+01 +8.121481172e+01 -9.187851883e+02 -9.187851883e+02
52 +7.919428217e+01 +7.919428217e+01 -9.208057178e+02 -9.208057178e+02
76 +7.737145745e+01 +7.737145745e+01 -9.226285426e+02 -9.226285426e+02
101 +7.580780006e+01 +7.580780006e+01 -9.241921999e+02 -9.241921999e+02
116 +7.384924729e+01 +7.384924729e+01 -9.261507527e+02 -9.261507527e+02
138 +7.238392676e+01 +7.238392676e+01 -9.276160732e+02 -9.276160732e+02
153 +7.038747041e+01 +7.038747041e+01 -9.296125296e+02 -9.296125296e+02
177 +6.885152619e+01 +6.885152619e+01 -9.311484738e+02 -9.311484738e+02
188 +6.757273533e+01 +6.757273533e+01 -9.324272647e+02 -9.324272647e+02
194 +6.450299106e+01 +6.450299106e+01 -9.354970089e+02 -9.354970089e+02
211 +6.290491484e+01 +6.290491484e+01 -9.370950852e+02 -9.370950852e+02
237 +5.864897630e+01 +5.864897630e+01 -9.413510237e+02 -9.413510237e+02
267 +5.615382528e+01 +5.615382528e+01 -9.438461747e+02 -9.438461747e+02
283 +5.439422430e+01 +5.439422430e+01 -9.456057757e+02 -9.456057757e+02
293 +5.306132183e+01 +5.306132183e+01 -9.469386782e+02 -9.469386782e+02
297 +4.960133153e+01 +4.960133153e+01 -9.503986685e+02 -9.503986685e+02
306 +4.637701118e+01 +4.637701118e+01 -9.536229888e+02 -9.536229888e+02
322 +3.965436900e+01 +3.965436900e+01 -9.603456310e+02 -9.603456310e+02
341 +3.322823742e+01 +3.322823742e+01 -9.667717626e+02 -9.667717626e+02
425 +3.218457114e+01 +3.218457114e+01 -9.678154289e+02 -9.678154289e+02
430 +3.128388776e+01 +3.128388776e+01 -9.687161122e+02 -9.687161122e+02
442 +2.969693393e+01 +2.969693393e+01 -9.703030661e+02 -9.703030661e+02
507 +2.930493000e+01 +2.930493000e+01 -9.706950700e+02 -9.706950700e+02
511 +2.727157757e+01 +2.727157757e+01 -9.727284224e+02 -9.727284224e+02
533 +2.639360942e+01 +2.639360942e+01 -9.736063906e+02 -9.736063906e+02
546 +2.531371103e+01 +2.531371103e+01 -9.746862890e+02 -9.746862890e+02
564 +2.507474620e+01 +2.507474620e+01 -9.749252538e+02 -9.749252538e+02
580 +2.450954966e+01 +2.450954966e+01 -9.754904503e+02 -9.754904503e+02
611 +2.336669657e+01 +2.336669657e+01 -9.766333034e+02 -9.766333034e+02
660 +2.282148325e+01 +2.282148325e+01 -9.771785168e+02 -9.771785168e+02
732 +2.212020101e+01 +2.212020101e+01 -9.778797990e+02 -9.778797990e+02
745 +2.181156159e+01 +2.181156159e+01 -9.781884384e+02 -9.781884384e+02
752 +2.129197135e+01 +2.129197135e+01 -9.787080287e+02 -9.787080287e+02
780 +2.073612956e+01 +2.073612956e+01 -9.792638704e+02 -9.792638704e+02
836 +2.030433291e+01 +2.030433291e+01 -9.796956671e+02 -9.796956671e+02
867 +1.983959645e+01 +1.983959645e+01 -9.801604035e+02 -9.801604035e+02
902 +1.948999850e+01 +1.948999850e+01 -9.805100015e+02 -9.805100015e+02
1020 +1.895141058e+01 +1.895141058e+01 -9.810485894e+02 -9.810485894e+02
1173 +1.857981859e+01 +1.857981859e+01 -9.814201814e+02 -9.814201814e+02
% function evaluation | noise-free fitness - Fopt (1.000000000000e+03) | best noise-free fitness - Fopt | measured fitness | best measured fitness | x1 | x2...
1 +8.534604634e+01 +8.534604634e+01 +1.085346046e+03 +1.085346046e+03
9 +8.509177699e+01 +8.509177699e+01 +1.085091777e+03 +1.085091777e+03
80 +8.279861261e+01 +8.279861261e+01 +1.082798613e+03 +1.082798613e+03
114 +8.119230422e+01 +8.119230422e+01 +1.081192304e+03 +1.081192304e+03
141 +7.920700535e+01 +7.920700535e+01 +1.079207005e+03 +1.079207005e+03
166 +7.729632212e+01 +7.729632212e+01 +1.077296322e+03 +1.077296322e+03
186 +7.497857023e+01 +7.497857023e+01 +1.074978570e+03 +1.074978570e+03
196 +7.388563714e+01 +7.388563714e+01 +1.073885637e+03 +1.073885637e+03
218 +7.225037904e+01 +7.225037904e+01 +1.072250379e+03 +1.072250379e+03
251 +7.007630247e+01 +7.007630247e+01 +1.070076302e+03 +1.070076302e+03
278 +6.914244464e+01 +6.914244464e+01 +1.069142445e+03 +1.069142445e+03
299 +6.677207101e+01 +6.677207101e+01 +1.066772071e+03 +1.066772071e+03
306 +6.484593002e+01 +6.484593002e+01 +1.064845930e+03 +1.064845930e+03
316 +6.063389588e+01 +6.063389588e+01 +1.060633896e+03 +1.060633896e+03
339 +6.017964767e+01 +6.017964767e+01 +1.060179648e+03 +1.060179648e+03
364 +5.756193251e+01 +5.756193251e+01 +1.057561933e+03 +1.057561933e+03
378 +5.097395107e+01 +5.097395107e+01 +1.050973951e+03 +1.050973951e+03
400 +4.704244236e+01 +4.704244236e+01 +1.047042442e+03 +1.047042442e+03
428 +4.372211394e+01 +4.372211394e+01 +1.043722114e+03 +1.043722114e+03
446 +4.180527571e+01 +4.180527571e+01 +1.041805276e+03 +1.041805276e+03
483 +3.981616158e+01 +3.981616158e+01 +1.039816162e+03 +1.039816162e+03
500 +3.722848850e+01 +3.722848850e+01 +1.037228488e+03 +1.037228488e+03
519 +3.599750677e+01 +3.599750677e+01 +1.035997507e+03 +1.035997507e+03
525 +3.495730369e+01 +3.495730369e+01 +1.034957304e+03 +1.034957304e+03
540 +3.306503127e+01 +3.306503127e+01 +1.033065031e+03 +1.033065031e+03
582 +2.681197587e+01 +2.681197587e+01 +1.026811976e+03 +1.026811976e+03
672 +2.488844602e+01 +2.488844602e+01 +1.024888446e+03 +1.024888446e+03
733 +2.397858094e+01 +2.397858094e+01 +1.023978581e+03 +1.023978581e+03
748 +2.288425567e+01 +2.288425567e+01 +1.022884256e+03 +1.022884256e+03
774 +2.232227937e+01 +2.232227937e+01 +1.022322279e+03 +1.022322279e+03
817 +2.141568349e+01 +2.141568349e+01 +1.021415683e+03 +1.021415683e+03
828 +2.058846271e+01 +2.058846271e+01 +1.020588463e+03 +1.020588463e+03
847 +1.973480035e+01 +1.973480035e+01 +1.019734800e+03 +1.019734800e+03
866 +1.927436874e+01 +1.927436874e+01 +1.019274369e+03 +1.019274369e+03
883 +1.876165892e+01 +1.876165892e+01 +1.018761659e+03 +1.018761659e+03
899 +1.852839862e+01 +1.852839862e+01 +1.018528399e+03 +1.018528399e+03
908 +1.794304383e+01 +1.794304383e+01 +1.017943044e+03 +1.017943044e+03
916 +1.778099422e+01 +1.778099422e+01 +1.017780994e+03 +1.017780994e+03
936 +1.723941502e+01 +1.723941502e+01 +1.017239415e+03 +1.017239415e+03
993 +1.688994128e+01 +1.688994128e+01 +1.016889941e+03 +1.016889941e+03
1053 +1.654108662e+01 +1.654108662e+01 +1.016541087e+03 +1.016541087e+03
1186 +1.620490437e+01 +1.620490437e+01 +1.016204904e+03 +1.016204904e+03
1253 +1.572206900e+01 +1.572206900e+01 +1.015722069e+03 +1.015722069e+03
1323 +1.547958875e+01 +1.547958875e+01 +1.015479589e+03 +1.015479589e+03
1469 +1.510410941e+01 +1.510410941e+01 +1.015104109e+03 +1.015104109e+03
1730 +1.478627522e+01 +1.478627522e+01 +1.014786275e+03 +1.014786275e+03
% function evaluation | noise-free fitness - Fopt (-4.913000000000e+01) | best noise-free fitness - Fopt | measured fitness | best measured fitness | x1 | x2...
1 +8.206146169e+01 +8.206146169e+01 +3.293146169e+01 +3.293146169e+01
26 +8.049061109e+01 +8.049061109e+01 +3.136061109e+01 +3.136061109e+01
56 +7.871863863e+01 +7.871863863e+01 +2.958863863e+01 +2.958863863e+01
82 +7.745237135e+01 +7.745237135e+01 +2.832237135e+01 +2.832237135e+01
115 +7.543722004e+01 +7.543722004e+01 +2.630722004e+01 +2.630722004e+01
136 +7.403431745e+01 +7.403431745e+01 +2.490431745e+01 +2.490431745e+01
158 +7.193658215e+01 +7.193658215e+01 +2.280658215e+01 +2.280658215e+01
177 +7.063518947e+01 +7.063518947e+01 +2.150518947e+01 +2.150518947e+01
187 +6.890819907e+01 +6.890819907e+01 +1.977819907e+01 +1.977819907e+01
203 +6.754274300e+01 +6.754274300e+01 +1.841274300e+01 +1.841274300e+01
233 +6.595130415e+01 +6.595130415e+01 +1.682130415e+01 +1.682130415e+01
242 +6.438468544e+01 +6.438468544e+01 +1.525468544e+01 +1.525468544e+01
243 +6.070826476e+01 +6.070826476e+01 +1.157826476e+01 +1.157826476e+01
277 +5.893439500e+01 +5.893439500e+01 +9.804395001e+00 +9.804395001e+00
303 +5.819790531e+01 +5.819790531e+01 +9.067905311e+00 +9.067905311e+00
308 +5.742417497e+01 +5.742417497e+01 +8.294174967e+00 +8.294174967e+00
321 +5.543848921e+01 +5.543848921e+01 +6.308489208e+00 +6.308489208e+00
332 +5.311946870e+01 +5.311946870e+01 +3.989468695e+00 +3.989468695e+00
343 +5.089952560e+01 +5.089952560e+01 +1.769525602e+00 +1.769525602e+00
350 +4.941130942e+01 +4.941130942e+01 +2.813094209e-01 +2.813094209e-01
359 +4.766132866e+01 +4.766132866e+01 -1.468671345e+00 -1.468671345e+00
362 +4.260414990e+01 +4.260414990e+01 -6.525850104e+00 -6.525850104e+00
374 +4.037687182e+01 +4.037687182e+01 -8.753128180e+00 -8.753128180e+00
380 +3.258753549e+01 +3.258753549e+01 -1.654246451e+01 -1.654246451e+01
386 +2.808380245e+01 +2.808380245e+01 -2.104619755e+01 -2.104619755e+01
402 +2.613494250e+01 +2.613494250e+01 -2.299505750e+01 -2.299505750e+01
415 +2.512981720e+01 +2.512981720e+01 -2.400018280e+01 -2.400018280e+01
416 +2.341914275e+01 +2.341914275e+01 -2.571085725e+01 -2.571085725e+01
421 +2.113427229e+01 +2.113427229e+01 -2.799572771e+01 -2.799572771e+01
430 +2.006452498e+01 +2.006452498e+01 -2.906547502e+01 -2.906547502e+01
435 +1.982531458e+01 +1.982531458e+01 -2.930468542e+01 -2.930468542e+01
446 +1.415531818e+01 +1.415531818e+01 -3.497468182e+01 -3.497468182e+01
463 +1.378902052e+01 +1.378902052e+01 -3.534097948e+01 -3.534097948e+01
503 +1.341035135e+01 +1.341035135e+01 -3.571964865e+01 -3.571964865e+01
510 +1.192498788e+01 +1.192498788e+01 -3.720501212e+01 -3.720501212e+01
520 +1.136804150e+01 +1.136804150e+01 -3.776195850e+01 -3.776195850e+01
530 +9.244310181e+00 +9.244310181e+00 -3.988568982e+01 -3.988568982e+01
540 +8.982869463e+00 +8.982869463e+00 -4.014713054e+01 -4.014713054e+01
555 +8.566846681e+00 +8.566846681e+00 -4.056315332e+01 -4.056315332e+01
570 +8.509604280e+00 +8.509604280e+00 -4.062039572e+01 -4.062039572e+01
583 +8.310687636e+00 +8.310687636e+00 -4.081931236e+01 -4.081931236e+01
604 +7.569855257e+00 +7.569855257e+00 -4.156014474e+01 -4.156014474e+01
652 +7.386859984e+00 +7.386859984e+00 -4.174314002e+01 -4.174314002e+01
676 +7.228495876e+00 +7.228495876e+00 -4.190150412e+01 -4.190150412e+01
711 +7.078021443e+00 +7.078021443e+00 -4.205197856e+01 -4.205197856e+01
713 +6.741126207e+00 +6.741126207e+00 -4.238887379e+01 -4.238887379e+01
750 +6.041047676e+00 +6.041047676e+00 -4.308895232e+01 -4.308895232e+01
768 +5.559554158e+00 +5.559554158e+00 -4.357044584e+01 -4.357044584e+01
771 +5.489085140e+00 +5.489085140e+00 -4.364091486e+01 -4.364091486e+01
778 +5.275814092e+00 +5.275814092e+00 -4.385418591e+01 -4.385418591e+01
832 +4.975506133e+00 +4.975506133e+00 -4.415449387e+01 -4.415449387e+01
837 +4.860970351e+00 +4.860970351e+00 -4.426902965e+01 -4.426902965e+01
842 +4.700091437e+00 +4.700091437e+00 -4.442990856e+01 -4.442990856e+01
843 +4.500877629e+00 +4.500877629e+00 -4.462912237e+01 -4.462912237e+01
844 +4.181051592e+00 +4.181051592e+00 -4.494894841e+01 -4.494894841e+01
884 +3.918107573e+00 +3.918107573e+00 -4.521189243e+01 -4.521189243e+01
899 +3.699029149e+00 +3.699029149e+00 -4.543097085e+01 -4.543097085e+01
933 +3.588255706e+00 +3.588255706e+00 -4.554174429e+01 -4.554174429e+01
940 +3.467479773e+00 +3.467479773e+00 -4.566252023e+01 -4.566252023e+01
958 +3.416598555e+00 +3.416598555e+00 -4.571340144e+01 -4.571340144e+01
968 +3.350052843e+00 +3.350052843e+00 -4.577994716e+01 -4.577994716e+01
982 +3.194485066e+00 +3.194485066e+00 -4.593551493e+01 -4.593551493e+01
998 +3.122675379e+00 +3.122675379e+00 -4.600732462e+01 -4.600732462e+01
1028 +3.068219680e+00 +3.068219680e+00 -4.606178032e+01 -4.606178032e+01
1041 +3.017028308e+00 +3.017028308e+00 -4.611297169e+01 -4.611297169e+01
1109 +2.927699860e+00 +2.927699860e+00 -4.620230014e+01 -4.620230014e+01
1144 +2.848487279e+00 +2.848487279e+00 -4.628151272e+01 -4.628151272e+01
1208 +2.798579883e+00 +2.798579883e+00 -4.633142012e+01 -4.633142012e+01
1278 +2.736750088e+00 +2.736750088e+00 -4.639324991e+01 -4.639324991e+01
1316 +2.689182653e+00 +2.689182653e+00 -4.644081735e+01 -4.644081735e+01
1598 +2.629997289e+00 +2.629997289e+00 -4.650000271e+01 -4.650000271e+01
% function evaluation | noise-free fitness - Fopt (2.977300000000e+02) | best noise-free fitness - Fopt | measured fitness | best measured fitness | x1 | x2...
1 +8.202319017e+01 +8.202319017e+01 +3.797531902e+02 +3.797531902e+02
12 +8.104091928e+01 +8.104091928e+01 +3.787709193e+02 +3.787709193e+02
51 +7.923824976e+01 +7.923824976e+01 +3.769682498e+02 +3.769682498e+02
85 +7.738545026e+01 +7.738545026e+01 +3.751154503e+02 +3.751154503e+02
101 +7.581599787e+01 +7.581599787e+01 +3.735459979e+02 +3.735459979e+02
114 +7.350145626e+01 +7.350145626e+01 +3.712314563e+02 +3.712314563e+02
144 +7.220408174e+01 +7.220408174e+01 +3.699340817e+02 +3.699340817e+02
163 +7.042236335e+01 +7.042236335e+01 +3.681523633e+02 +3.681523633e+02
171 +6.918021783e+01 +6.918021783e+01 +3.669102178e+02 +3.669102178e+02
187 +6.715911611e+01 +6.715911611e+01 +3.648891161e+02 +3.648891161e+02
195 +6.558882554e+01 +6.558882554e+01 +3.633188255e+02 +3.633188255e+02
202 +6.304747550e+01 +6.304747550e+01 +3.607774755e+02 +3.607774755e+02
223 +6.139577450e+01 +6.139577450e+01 +3.591257745e+02 +3.591257745e+02
226 +5.934118820e+01 +5.934118820e+01 +3.570711882e+02 +3.570711882e+02
227 +5.790038600e+01 +5.790038600e+01 +3.556303860e+02 +3.556303860e+02
236 +5.721298500e+01 +5.721298500e+01 +3.549429850e+02 +3.549429850e+02
255 +5.314309963e+01 +5.314309963e+01 +3.508730996e+02 +3.508730996e+02
262 +5.188831199e+01 +5.188831199e+01 +3.496183120e+02 +3.496183120e+02
267 +4.342336561e+01 +4.342336561e+01 +3.411533656e+02 +3.411533656e+02
284 +3.982137555e+01 +3.982137555e+01 +3.375513756e+02 +3.375513756e+02
290 +3.374884691e+01 +3.374884691e+01 +3.314788469e+02 +3.314788469e+02
298 +3.179308455e+01 +3.179308455e+01 +3.295230845e+02 +3.295230845e+02
299 +3.059332458e+01 +3.059332458e+01 +3.283233246e+02 +3.283233246e+02
306 +2.885744531e+01 +2.885744531e+01 +3.265874453e+02 +3.265874453e+02
307 +2.517129723e+01 +2.517129723e+01 +3.229012972e+02 +3.229012972e+02
361 +2.472682359e+01 +2.472682359e+01 +3.224568236e+02 +3.224568236e+02
362 +2.208563586e+01 +2.208563586e+01 +3.198156359e+02 +3.198156359e+02
365 +2.155412736e+01 +2.155412736e+01 +3.192841274e+02 +3.192841274e+02
367 +2.114547642e+01 +2.114547642e+01 +3.188754764e+02 +3.188754764e+02
375 +1.933514776e+01 +1.933514776e+01 +3.170651478e+02 +3.170651478e+02
383 +1.807359819e+01 +1.807359819e+01 +3.158035982e+02 +3.158035982e+02
384 +1.759899474e+01 +1.759899474e+01 +3.153289947e+02 +3.153289947e+02
388 +1.233524493e+01 +1.233524493e+01 +3.100652449e+02 +3.100652449e+02
410 +1.207935325e+01 +1.207935325e+01 +3.098093532e+02 +3.098093532e+02
423 +9.323726425e+00 +9.323726425e+00 +3.070537264e+02 +3.070537264e+02
459 +8.998455338e+00 +8.998455338e+00 +3.067284553e+02 +3.067284553e+02
467 +8.674070041e+00 +8.674070041e+00 +3.064040700e+02 +3.064040700e+02
515 +8.454114942e+00 +8.454114942e+00 +3.061841149e+02 +3.061841149e+02
529 +7.517741473e+00 +7.517741473e+00 +3.052477415e+02 +3.052477415e+02
537 +7.187113114e+00 +7.187113114e+00 +3.049171131e+02 +3.049171131e+02
546 +6.908788517e+00 +6.908788517e+00 +3.046387885e+02 +3.046387885e+02
562 +6.191878671e+00 +6.191878671e+00 +3.039218787e+02 +3.039218787e+02
570 +6.157258484e+00 +6.157258484e+00 +3.038872585e+02 +3.038872585e+02
577 +5.827947827e+00 +5.827947827e+00 +3.035579478e+02 +3.035579478e+02
581 +5.369022688e+00 +5.369022688e+00 +3.030990227e+02 +3.030990227e+02
609 +4.689416115e+00 +4.689416115e+00 +3.024194161e+02 +3.024194161e+02
612 +4.193967587e+00 +4.193967587e+00 +3.019239676e+02 +3.019239676e+02
623 +4.052898438e+00 +4.052898438e+00 +3.017828984e+02 +3.017828984e+02
633 +3.550651567e+00 +3.550651567e+00 +3.012806516e+02 +3.012806516e+02
634 +3.190097037e+00 +3.190097037e+00 +3.009200970e+02 +3.009200970e+02
667 +3.011386131e+00 +3.011386131e+00 +3.007413861e+02 +3.007413861e+02
674 +2.771496180e+00 +2.771496180e+00 +3.005014962e+02 +3.005014962e+02
687 +2.537490067e+00 +2.537490067e+00 +3.002674901e+02 +3.002674901e+02
692 +2.383774270e+00 +2.383774270e+00 +3.001137743e+02 +3.001137743e+02
706 +2.299671392e+00 +2.299671392e+00 +3.000296714e+02 +3.000296714e+02
720 +2.189800711e+00 +2.189800711e+00 +2.999198007e+02 +2.999198007e+02
726 +2.156552927e+00 +2.156552927e+00 +2.998865529e+02 +2.998865529e+02
772 +2.088359896e+00 +2.088359896e+00 +2.998183599e+02 +2.998183599e+02
802 +2.018094816e+00 +2.018094816e+00 +2.997480948e+02 +2.997480948e+02
836 +1.950189416e+00 +1.950189416e+00 +2.996801894e+02 +2.996801894e+02
859 +1.925078228e+00 +1.925078228e+00 +2.996550782e+02 +2.996550782e+02
868 +1.902473150e+00 +1.902473150e+00 +2.996324731e+02 +2.996324731e+02
881 +1.807331925e+00 +1.807331925e+00 +2.995373319e+02 +2.995373319e+02
899 +1.724438989e+00 +1.724438989e+00 +2.994544390e+02 +2.994544390e+02
920 +1.696273251e+00 +1.696273251e+00 +2.994262733e+02 +2.994262733e+02
925 +1.546845443e+00 +1.546845443e+00 +2.992768454e+02 +2.992768454e+02
957 +1.428742260e+00 +1.428742260e+00 +2.991587423e+02 +2.991587423e+02
964 +1.377969680e+00 +1.377969680e+00 +2.991079697e+02 +2.991079697e+02
975 +1.335614977e+00 +1.335614977e+00 +2.990656150e+02 +2.990656150e+02
978 +1.249744941e+00 +1.249744941e+00 +2.989797449e+02 +2.989797449e+02
991 +1.177223195e+00 +1.177223195e+00 +2.989072232e+02 +2.989072232e+02
1031 +1.161022465e+00 +1.161022465e+00 +2.988910225e+02 +2.988910225e+02
1042 +1.143951920e+00 +1.143951920e+00 +2.988739519e+02 +2.988739519e+02
1046 +1.120399399e+00 +1.120399399e+00 +2.988503994e+02 +2.988503994e+02
1062 +1.085582449e+00 +1.085582449e+00 +2.988155824e+02 +2.988155824e+02
1077 +1.070938123e+00 +1.070938123e+00 +2.988009381e+02 +2.988009381e+02
1085 +9.685028467e-01 +9.685028467e-01 +2.986985028e+02 +2.986985028e+02
1127 +9.340462876e-01 +9.340462876e-01 +2.986640463e+02 +2.986640463e+02
1139 +9.222128864e-01 +9.222128864e-01 +2.986522129e+02 +2.986522129e+02
1186 +9.095198703e-01 +9.095198703e-01 +2.986395199e+02 +2.986395199e+02
1205 +8.748722591e-01 +8.748722591e-01 +2.986048723e+02 +2.986048723e+02
1210 +8.672950304e-01 +8.672950304e-01 +2.985972950e+02 +2.985972950e+02
1225 +8.092470030e-01 +8.092470030e-01 +2.985392470e+02 +2.985392470e+02
1295 +7.757352562e-01 +7.757352562e-01 +2.985057353e+02 +2.985057353e+02
1389 +7.577733864e-01 +7.577733864e-01 +2.984877734e+02 +2.984877734e+02
1401 +7.410453051e-01 +7.410453051e-01 +2.984710453e+02 +2.984710453e+02
1482 +7.238495888e-01 +7.238495888e-01 +2.984538496e+02 +2.984538496e+02
1603 +7.049961643e-01 +7.049961643e-01 +2.984349962e+02 +2.984349962e+02
% function evaluation | noise-free fitness - Fopt (5.157000000000e+01) | best noise-free fitness - Fopt | measured fitness | best measured fitness | x1 | x2...
1 +8.378166644e+01 +8.378166644e+01 +1.353516664e+02 +1.353516664e+02
11 +8.305875507e+01 +8.305875507e+01 +1.346287551e+02 +1.346287551e+02
67 +8.108563180e+01 +8.108563180e+01 +1.326556318e+02 +1.326556318e+02
90 +7.942537429e+01 +7.942537429e+01 +1.309953743e+02 +1.309953743e+02
125 +7.683931353e+01 +7.683931353e+01 +1.284093135e+02 +1.284093135e+02
140 +7.579130625e+01 +7.579130625e+01 +1.273613063e+02 +1.273613063e+02
155 +7.405190280e+01 +7.405190280e+01 +1.256219028e+02 +1.256219028e+02
171 +7.225533153e+01 +7.225533153e+01 +1.238253315e+02 +1.238253315e+02
183 +7.065735068e+01 +7.065735068e+01 +1.222273507e+02 +1.222273507e+02
198 +6.656369968e+01 +6.656369968e+01 +1.181336997e+02 +1.181336997e+02
213 +6.493843706e+01 +6.493843706e+01 +1.165084371e+02 +1.165084371e+02
228 +6.176654384e+01 +6.176654384e+01 +1.133365438e+02 +1.133365438e+02
248 +5.941224886e+01 +5.941224886e+01 +1.109822489e+02 +1.109822489e+02
254 +5.858529842e+01 +5.858529842e+01 +1.101552984e+02 +1.101552984e+02
261 +5.541253641e+01 +5.541253641e+01 +1.069825364e+02 +1.069825364e+02
269 +5.374897867e+01 +5.374897867e+01 +1.053189787e+02 +1.053189787e+02
280 +4.935443967e+01 +4.935443967e+01 +1.009244397e+02 +1.009244397e+02
299 +4.842253105e+01 +4.842253105e+01 +9.999253105e+01 +9.999253105e+01
301 +4.723866311e+01 +4.723866311e+01 +9.880866311e+01 +9.880866311e+01
306 +3.522827492e+01 +3.522827492e+01 +8.679827492e+01 +8.679827492e+01
321 +3.235923095e+01 +3.235923095e+01 +8.392923095e+01 +8.392923095e+01
327 +3.082424200e+01 +3.082424200e+01 +8.239424200e+01 +8.239424200e+01
333 +2.643197689e+01 +2.643197689e+01 +7.800197689e+01 +7.800197689e+01
371 +2.260852006e+01 +2.260852006e+01 +7.417852006e+01 +7.417852006e+01
411 +2.182628002e+01 +2.182628002e+01 +7.339628002e+01 +7.339628002e+01
428 +2.080870620e+01 +2.080870620e+01 +7.237870620e+01 +7.237870620e+01
429 +1.627153585e+01 +1.627153585e+01 +6.784153585e+01 +6.784153585e+01
506 +1.525726282e+01 +1.525726282e+01 +6.682726282e+01 +6.682726282e+01
508 +1.357882628e+01 +1.357882628e+01 +6.514882628e+01 +6.514882628e+01
509 +1.157286150e+01 +1.157286150e+01 +6.314286150e+01 +6.314286150e+01
528 +1.058395904e+01 +1.058395904e+01 +6.215395904e+01 +6.215395904e+01
545 +9.757741398e+00 +9.757741398e+00 +6.132774140e+01 +6.132774140e+01
559 +9.110777179e+00 +9.110777179e+00 +6.068077718e+01 +6.068077718e+01
577 +8.835034243e+00 +8.835034243e+00 +6.040503424e+01 +6.040503424e+01
588 +8.344712303e+00 +8.344712303e+00 +5.991471230e+01 +5.991471230e+01
594 +7.799883581e+00 +7.799883581e+00 +5.936988358e+01 +5.936988358e+01
606 +7.702580777e+00 +7.702580777e+00 +5.927258078e+01 +5.927258078e+01
643 +6.967437923e+00 +6.967437923e+00 +5.853743792e+01 +5.853743792e+01
660 +6.498136436e+00 +6.498136436e+00 +5.806813644e+01 +5.806813644e+01
664 +6.409194270e+00 +6.409194270e+00 +5.797919427e+01 +5.797919427e+01
667 +6.295045759e+00 +6.295045759e+00 +5.786504576e+01 +5.786504576e+01
675 +5.536397619e+00 +5.536397619e+00 +5.710639762e+01 +5.710639762e+01
683 +5.368643180e+00 +5.368643180e+00 +5.693864318e+01 +5.693864318e+01
713 +5.176657469e+00 +5.176657469e+00 +5.674665747e+01 +5.674665747e+01
716 +4.397802972e+00 +4.397802972e+00 +5.596780297e+01 +5.596780297e+01
726 +3.478766833e+00 +3.478766833e+00 +5.504876683e+01 +5.504876683e+01
732 +3.380284078e+00 +3.380284078e+00 +5.495028408e+01 +5.495028408e+01
733 +2.897991667e+00 +2.897991667e+00 +5.446799167e+01 +5.446799167e+01
734 +2.775668145e+00 +2.775668145e+00 +5.434566815e+01 +5.434566815e+01
738 +2.344632811e+00 +2.344632811e+00 +5.391463281e+01 +5.391463281e+01
747 +2.156375426e+00 +2.156375426e+00 +5.372637543e+01 +5.372637543e+01
788 +2.028697206e+00 +2.028697206e+00 +5.359869721e+01 +5.359869721e+01
956 +1.995041392e+00 +1.995041392e+00 +5.356504139e+01 +5.356504139e+01
972 +1.947625286e+00 +1.947625286e+00 +5.351762529e+01 +5.351762529e+01
994 +1.892072597e+00 +1.892072597e+00 +5.346207260e+01 +5.346207260e+01
1051 +1.825318629e+00 +1.825318629e+00 +5.339531863e+01 +5.339531863e+01
1065 +1.630217722e+00 +1.630217722e+00 +5.320021772e+01 +5.320021772e+01
1075 +1.618410273e+00 +1.618410273e+00 +5.318841027e+01 +5.318841027e+01
1087 +1.516939745e+00 +1.516939745e+00 +5.308693974e+01 +5.308693974e+01
1114 +1.487271119e+00 +1.487271119e+00 +5.305727112e+01 +5.305727112e+01
1126 +1.451520336e+00 +1.451520336e+00 +5.302152034e+01 +5.302152034e+01
1131 +1.327508076e+00 +1.327508076e+00 +5.289750808e+01 +5.289750808e+01
1156 +1.185302312e+00 +1.185302312e+00 +5.275530231e+01 +5.275530231e+01
1251 +1.170969117e+00 +1.170969117e+00 +5.274096912e+01 +5.274096912e+01
1275 +1.122335042e+00 +1.122335042e+00 +5.269233504e+01 +5.269233504e+01
1333 +1.101220848e+00 +1.101220848e+00 +5.267122085e+01 +5.267122085e+01
1336 +1.091683379e+00 +1.091683379e+00 +5.266168338e+01 +5.266168338e+01
1351 +1.043318157e+00 +1.043318157e+00 +5.261331816e+01 +5.261331816e+01
1353 +1.015972651e+00 +1.015972651e+00 +5.258597265e+01 +5.258597265e+01
1358 +9.793065463e-01 +9.793065463e-01 +5.254930655e+01 +5.254930655e+01
1359 +9.655445578e-01 +9.655445578e-01 +5.253554456e+01 +5.253554456e+01
1374 +9.310203032e-01 +9.310203032e-01 +5.250102030e+01 +5.250102030e+01
1379 +9.117273226e-01 +9.117273226e-01 +5.248172732e+01 +5.248172732e+01
1411 +8.852669437e-01 +8.852669437e-01 +5.245526694e+01 +5.245526694e+01
1451 +8.645446905e-01 +8.645446905e-01 +5.243454469e+01 +5.243454469e+01
1508 +8.236261271e-01 +8.236261271e-01 +5.239362613e+01 +5.239362613e+01
1526 +8.085135529e-01 +8.085135529e-01 +5.237851355e+01 +5.237851355e+01
1538 +7.927793140e-01 +7.927793140e-01 +5.236277931e+01 +5.236277931e+01
1615 +7.663883390e-01 +7.663883390e-01 +5.233638834e+01 +5.233638834e+01
1697 +7.581033720e-01 +7.581033720e-01 +5.232810337e+01 +5.232810337e+01
1757 +7.398109329e-01 +7.398109329e-01 +5.230981093e+01 +5.230981093e+01
1850 +7.239383852e-01 +7.239383852e-01 +5.229393839e+01 +5.229393839e+01
1972 +7.073929301e-01 +7.073929301e-01 +5.227739293e+01 +5.227739293e+01
% function evaluation | noise-free fitness - Fopt (-3.339100000000e+02) | best noise-free fitness - Fopt | measured fitness | best measured fitness | x1 | x2...
1 +8.398383952e+01 +8.398383952e+01 -2.499261605e+02 -2.499261605e+02
11 +8.310225617e+01 +8.310225617e+01 -2.508077438e+02 -2.508077438e+02
86 +8.101111178e+01 +8.101111178e+01 -2.528988882e+02 -2.528988882e+02
118 +7.928259337e+01 +7.928259337e+01 -2.546274066e+02 -2.546274066e+02
146 +7.759093996e+01 +7.759093996e+01 -2.563190600e+02 -2.563190600e+02
154 +7.551878673e+01 +7.551878673e+01 -2.583912133e+02 -2.583912133e+02
176 +7.370541158e+01 +7.370541158e+01 -2.602045884e+02 -2.602045884e+02
198 +7.205033982e+01 +7.205033982e+01 -2.618596602e+02 -2.618596602e+02
219 +7.034749630e+01 +7.034749630e+01 -2.635625037e+02 -2.635625037e+02
229 +6.738305991e+01 +6.738305991e+01 -2.665269401e+02 -2.665269401e+02
238 +6.557246455e+01 +6.557246455e+01 -2.683375355e+02 -2.683375355e+02
247 +6.055392895e+01 +6.055392895e+01 -2.733560711e+02 -2.733560711e+02
251 +5.943058612e+01 +5.943058612e+01 -2.744794139e+02 -2.744794139e+02
274 +5.763792179e+01 +5.763792179e+01 -2.762720782e+02 -2.762720782e+02
287 +5.480898467e+01 +5.480898467e+01 -2.791010153e+02 -2.791010153e+02
318 +5.197369994e+01 +5.197369994e+01 -2.819363001e+02 -2.819363001e+02
335 +4.873941782e+01 +4.873941782e+01 -2.851705822e+02 -2.851705822e+02
386 +4.672854353e+01 +4.672854353e+01 -2.871814565e+02 -2.871814565e+02
398 +4.561345962e+01 +4.561345962e+01 -2.882965404e+02 -2.882965404e+02
402 +4.037796585e+01 +4.037796585e+01 -2.935320341e+02 -2.935320341e+02
406 +3.672629437e+01 +3.672629437e+01 -2.971837056e+02 -2.971837056e+02
413 +3.527778623e+01 +3.527778623e+01 -2.986322138e+02 -2.986322138e+02
416 +3.433894342e+01 +3.433894342e+01 -2.995710566e+02 -2.995710566e+02
427 +3.026830585e+01 +3.026830585e+01 -3.036416942e+02 -3.036416942e+02
448 +2.944910865e+01 +2.944910865e+01 -3.044608914e+02 -3.044608914e+02
458 +2.313108064e+01 +2.313108064e+01 -3.107789194e+02 -3.107789194e+02
467 +2.215368298e+01 +2.215368298e+01 -3.117563170e+02 -3.117563170e+02
514 +2.158416535e+01 +2.158416535e+01 -3.123258346e+02 -3.123258346e+02
522 +1.952809034e+01 +1.952809034e+01 -3.143819097e+02 -3.143819097e+02
530 +1.946764310e+01 +1.946764310e+01 -3.144423569e+02 -3.144423569e+02
534 +1.747700791e+01 +1.747700791e+01 -3.164329921e+02 -3.164329921e+02
561 +1.697768708e+01 +1.697768708e+01 -3.169323129e+02 -3.169323129e+02
565 +1.254119304e+01 +1.254119304e+01 -3.213688070e+02 -3.213688070e+02
630 +1.199904258e+01 +1.199904258e+01 -3.219109574e+02 -3.219109574e+02
663 +1.157398608e+01 +1.157398608e+01 -3.223360139e+02 -3.223360139e+02
668 +1.102977052e+01 +1.102977052e+01 -3.228802295e+02 -3.228802295e+02
677 +9.673472668e+00 +9.673472668e+00 -3.242365273e+02 -3.242365273e+02
692 +9.534254294e+00 +9.534254294e+00 -3.243757457e+02 -3.243757457e+02
704 +9.152327825e+00 +9.152327825e+00 -3.247576722e+02 -3.247576722e+02
710 +9.009607988e+00 +9.009607988e+00 -3.249003920e+02 -3.249003920e+02
714 +8.663928342e+00 +8.663928342e+00 -3.252460717e+02 -3.252460717e+02
748 +8.271080614e+00 +8.271080614e+00 -3.256389194e+02 -3.256389194e+02
765 +7.956067356e+00 +7.956067356e+00 -3.259539326e+02 -3.259539326e+02
774 +7.524273250e+00 +7.524273250e+00 -3.263857268e+02 -3.263857268e+02
780 +7.350809250e+00 +7.350809250e+00 -3.265591908e+02 -3.265591908e+02
792 +7.201248156e+00 +7.201248156e+00 -3.267087518e+02 -3.267087518e+02
833 +7.077294084e+00 +7.077294084e+00 -3.268327059e+02 -3.268327059e+02
840 +6.800350673e+00 +6.800350673e+00 -3.271096493e+02 -3.271096493e+02
850 +6.448145404e+00 +6.448145404e+00 -3.274618546e+02 -3.274618546e+02
861 +6.277505185e+00 +6.277505185e+00 -3.276324948e+02 -3.276324948e+02
877 +5.628075199e+00 +5.628075199e+00 -3.282819248e+02 -3.282819248e+02
879 +5.551820067e+00 +5.551820067e+00 -3.283581799e+02 -3.283581799e+02
882 +5.308254807e+00 +5.308254807e+00 -3.286017452e+02 -3.286017452e+02
891 +5.140809444e+00 +5.140809444e+00 -3.287691906e+02 -3.287691906e+02
894 +5.094244084e+00 +5.094244084e+00 -3.288157559e+02 -3.288157559e+02
899 +4.851428039e+00 +4.851428039e+00 -3.290585720e+02 -3.290585720e+02
906 +4.588688581e+00 +4.588688581e+00 -3.293213114e+02 -3.293213114e+02
910 +4.384509852e+00 +4.384509852e+00 -3.295254901e+02 -3.295254901e+02
920 +4.180159222e+00 +4.180159222e+00 -3.297298408e+02 -3.297298408e+02
939 +4.162636536e+00 +4.162636536e+00 -3.297473635e+02 -3.297473635e+02
940 +4.046222224e+00 +4.046222224e+00 -3.298637778e+02 -3.298637778e+02
966 +3.952627718e+00 +3.952627718e+00 -3.299573723e+02 -3.299573723e+02
975 +3.634958185e+00 +3.634958185e+00 -3.302750418e+02 -3.302750418e+02
985 +3.234195419e+00 +3.234195419e+00 -3.306758046e+02 -3.306758046e+02
1004 +3.044998513e+00 +3.044998513e+00 -3.308650015e+02 -3.308650015e+02
1021 +2.920638762e+00 +2.920638762e+00 -3.309893612e+02 -3.309893612e+02
1029 +2.573398483e+00 +2.573398483e+00 -3.313366015e+02 -3.313366015e+02
1078 +2.471396769e+00 +2.471396769e+00 -3.314386032e+02 -3.314386032e+02
1109 +2.392954250e+00 +2.392954250e+00 -3.315170458e+02 -3.315170458e+02
1119 +2.298232814e+00 +2.298232814e+00 -3.316117672e+02 -3.316117672e+02
1126 +2.165487960e+00 +2.165487960e+00 -3.317445120e+02 -3.317445120e+02
1194 +2.093207790e+00 +2.093207790e+00 -3.318167922e+02 -3.318167922e+02
1223 +2.085898825e+00 +2.085898825e+00 -3.318241012e+02 -3.318241012e+02
1268 +2.038964774e+00 +2.038964774e+00 -3.318710352e+02 -3.318710352e+02
1478 +1.995133148e+00 +1.995133148e+00 -3.319148669e+02 -3.319148669e+02
% function evaluation | noise-free fitness - Fopt (4.476100000000e+02) | best noise-free fitness - Fopt | measured fitness | best measured fitness | x1 | x2...
1 +8.333215618e+01 +8.333215618e+01 +5.309421562e+02 +5.309421562e+02
8 +8.308187077e+01 +8.308187077e+01 +5.306918708e+02 +5.306918708e+02
56 +8.126290586e+01 +8.126290586e+01 +5.288729059e+02 +5.288729059e+02
84 +7.942611598e+01 +7.942611598e+01 +5.270361160e+02 +5.270361160e+02
102 +7.752978088e+01 +7.752978088e+01 +5.251397809e+02 +5.251397809e+02
123 +7.544489939e+01 +7.544489939e+01 +5.230548994e+02 +5.230548994e+02
141 +7.396108610e+01 +7.396108610e+01 +5.215710861e+02 +5.215710861e+02
158 +7.213192466e+01 +7.213192466e+01 +5.197419247e+02 +5.197419247e+02
173 +7.071356289e+01 +7.071356289e+01 +5.183235629e+02 +5.183235629e+02
192 +6.837692761e+01 +6.837692761e+01 +5.159869276e+02 +5.159869276e+02
200 +6.712458070e+01 +6.712458070e+01 +5.147345807e+02 +5.147345807e+02
210 +6.245262322e+01 +6.245262322e+01 +5.100626232e+02 +5.100626232e+02
243 +5.947538506e+01 +5.947538506e+01 +5.070853851e+02 +5.070853851e+02
244 +5.703349929e+01 +5.703349929e+01 +5.046434993e+02 +5.046434993e+02
275 +5.558511517e+01 +5.558511517e+01 +5.031951152e+02 +5.031951152e+02
289 +5.171419398e+01 +5.171419398e+01 +4.993241940e+02 +4.993241940e+02
296 +4.754854616e+01 +4.754854616e+01 +4.951585462e+02 +4.951585462e+02
299 +4.573209443e+01 +4.573209443e+01 +4.933420944e+02 +4.933420944e+02
308 +4.438628073e+01 +4.438628073e+01 +4.919962807e+02 +4.919962807e+02
331 +4.158944077e+01 +4.158944077e+01 +4.891994408e+02 +4.891994408e+02
339 +4.046548546e+01 +4.046548546e+01 +4.880754855e+02 +4.880754855e+02
365 +3.948703102e+01 +3.948703102e+01 +4.870970310e+02 +4.870970310e+02
369 +3.448304585e+01 +3.448304585e+01 +4.820930459e+02 +4.820930459e+02
386 +3.121467296e+01 +3.121467296e+01 +4.788246730e+02 +4.788246730e+02
399 +3.086605784e+01 +3.086605784e+01 +4.784760578e+02 +4.784760578e+02
407 +3.015793513e+01 +3.015793513e+01 +4.777679351e+02 +4.777679351e+02
449 +2.860900090e+01 +2.860900090e+01 +4.762190009e+02 +4.762190009e+02
457 +2.757884992e+01 +2.757884992e+01 +4.751888499e+02 +4.751888499e+02
472 +2.508687678e+01 +2.508687678e+01 +4.726968768e+02 +4.726968768e+02
475 +2.404838772e+01 +2.404838772e+01 +4.716583877e+02 +4.716583877e+02
482 +2.295456900e+01 +2.295456900e+01 +4.705645690e+02 +4.705645690e+02
483 +2.244645604e+01 +2.244645604e+01 +4.700564560e+02 +4.700564560e+02
495 +2.213839053e+01 +2.213839053e+01 +4.697483905e+02 +4.697483905e+02
502 +2.169632137e+01 +2.169632137e+01 +4.693063214e+02 +4.693063214e+02
508 +1.965798911e+01 +1.965798911e+01 +4.672679891e+02 +4.672679891e+02
515 +1.906532747e+01 +1.906532747e+01 +4.666753275e+02 +4.666753275e+02
524 +1.809900808e+01 +1.809900808e+01 +4.657090081e+02 +4.657090081e+02
551 +1.760033268e+01 +1.760033268e+01 +4.652103327e+02 +4.652103327e+02
588 +1.714953758e+01 +1.714953758e+01 +4.647595376e+02 +4.647595376e+02
599 +1.697549056e+01 +1.697549056e+01 +4.645854906e+02 +4.645854906e+02
614 +1.488729384e+01 +1.488729384e+01 +4.624972938e+02 +4.624972938e+02
634 +1.473825800e+01 +1.473825800e+01 +4.623482580e+02 +4.623482580e+02
664 +1.434473747e+01 +1.434473747e+01 +4.619547375e+02 +4.619547375e+02
700 +1.378320240e+01 +1.378320240e+01 +4.613932024e+02 +4.613932024e+02
780 +1.335144725e+01 +1.335144725e+01 +4.609614472e+02 +4.609614472e+02
827 +1.301357077e+01 +1.301357077e+01 +4.606235708e+02 +4.606235708e+02
848 +1.284137608e+01 +1.284137608e+01 +4.604513761e+02 +4.604513761e+02
900 +1.256512223e+01 +1.256512223e+01 +4.601751222e+02 +4.601751222e+02
934 +1.225782932e+01 +1.225782932e+01 +4.598678293e+02 +4.598678293e+02
965 +1.200818152e+01 +1.200818152e+01 +4.596181815e+02 +4.596181815e+02
1002 +1.173549237e+01 +1.173549237e+01 +4.593454924e+02 +4.593454924e+02
1106 +1.144029000e+01 +1.144029000e+01 +4.590502900e+02 +4.590502900e+02
1317 +1.120694445e+01 +1.120694445e+01 +4.588169444e+02 +4.588169444e+02
% function evaluation | noise-free fitness - Fopt (-1.037100000000e+02) | best noise-free fitness - Fopt | measured fitness | best measured fitness | x1 | x2...
1 +8.378040411e+01 +8.378040411e+01 -1.992959589e+01 -1.992959589e+01
44 +8.301210545e+01 +8.301210545e+01 -2.069789455e+01 -2.069789455e+01
118 +8.126292400e+01 +8.126292400e+01 -2.244707600e+01 -2.244707600e+01
155 +7.921011340e+01 +7.921011340e+01 -2.449988660e+01 -2.449988660e+01
189 +7.681385191e+01 +7.681385191e+01 -2.689614809e+01 -2.689614809e+01
213 +7.550871126e+01 +7.550871126e+01 -2.820128874e+01 -2.820128874e+01
241 +7.410832605e+01 +7.410832605e+01 -2.960167395e+01 -2.960167395e+01
270 +7.214967070e+01 +7.214967070e+01 -3.156032930e+01 -3.156032930e+01
289 +7.071545390e+01 +7.071545390e+01 -3.299454610e+01 -3.299454610e+01
324 +6.914195011e+01 +6.914195011e+01 -3.456804989e+01 -3.456804989e+01
350 +6.611370974e+01 +6.611370974e+01 -3.759629026e+01 -3.759629026e+01
355 +6.580235092e+01 +6.580235092e+01 -3.790764908e+01 -3.790764908e+01
364 +6.454223422e+01 +6.454223422e+01 -3.916776578e+01 -3.916776578e+01
366 +6.302308897e+01 +6.302308897e+01 -4.068691103e+01 -4.068691103e+01
376 +5.811627560e+01 +5.811627560e+01 -4.559372440e+01 -4.559372440e+01
386 +5.683968366e+01 +5.683968366e+01 -4.687031634e+01 -4.687031634e+01
387 +5.620350726e+01 +5.620350726e+01 -4.750649274e+01 -4.750649274e+01
402 +5.310218495e+01 +5.310218495e+01 -5.060781505e+01 -5.060781505e+01
411 +5.183850150e+01 +5.183850150e+01 -5.187149850e+01 -5.187149850e+01
415 +5.097962952e+01 +5.097962952e+01 -5.273037048e+01 -5.273037048e+01
427 +4.883297538e+01 +4.883297538e+01 -5.487702462e+01 -5.487702462e+01
462 +4.196410860e+01 +4.196410860e+01 -6.174589140e+01 -6.174589140e+01
466 +3.863481017e+01 +3.863481017e+01 -6.507518983e+01 -6.507518983e+01
488 +3.706437515e+01 +3.706437515e+01 -6.664562485e+01 -6.664562485e+01
489 +3.618887144e+01 +3.618887144e+01 -6.752112856e+01 -6.752112856e+01
500 +3.547742908e+01 +3.547742908e+01 -6.823257092e+01 -6.823257092e+01
501 +3.434129015e+01 +3.434129015e+01 -6.936870985e+01 -6.936870985e+01
510 +3.138323056e+01 +3.138323056e+01 -7.232676944e+01 -7.232676944e+01
520 +3.021193034e+01 +3.021193034e+01 -7.349806966e+01 -7.349806966e+01
540 +2.994293200e+01 +2.994293200e+01 -7.376706800e+01 -7.376706800e+01
568 +2.877791567e+01 +2.877791567e+01 -7.493208433e+01 -7.493208433e+01
593 +2.708315390e+01 +2.708315390e+01 -7.662684610e+01 -7.662684610e+01
615 +2.580018471e+01 +2.580018471e+01 -7.790981529e+01 -7.790981529e+01
636 +2.566087345e+01 +2.566087345e+01 -7.804912655e+01 -7.804912655e+01
658 +2.421624965e+01 +2.421624965e+01 -7.949375035e+01 -7.949375035e+01
660 +2.357681909e+01 +2.357681909e+01 -8.013318091e+01 -8.013318091e+01
693 +2.215299983e+01 +2.215299983e+01 -8.155700017e+01 -8.155700017e+01
752 +2.187183954e+01 +2.187183954e+01 -8.183816046e+01 -8.183816046e+01
832 +2.135139630e+01 +2.135139630e+01 -8.235860370e+01 -8.235860370e+01
858 +2.072643319e+01 +2.072643319e+01 -8.298356681e+01 -8.298356681e+01
869 +2.029411446e+01 +2.029411446e+01 -8.341588554e+01 -8.341588554e+01
932 +1.971929738e+01 +1.971929738e+01 -8.399070262e+01 -8.399070262e+01
1018 +1.946018835e+01 +1.946018835e+01 -8.424981165e+01 -8.424981165e+01
1108 +1.903275143e+01 +1.903275143e+01 -8.467724857e+01 -8.467724857e+01
1334 +1.859390828e+01 +1.859390828e+01 -8.511609172e+01 -8.511609172e+01
% function evaluation | noise-free fitness - Fopt (-2.060000000000e+01) | best noise-free fitness - Fopt | measured fitness | best measured fitness | x1 | x2...
1 +8.410283670e+01 +8.410283670e+01 +6.350283670e+01 +6.350283670e+01
45 +8.309674658e+01 +8.309674658e+01 +6.249674658e+01 +6.249674658e+01
90 +8.119826949e+01 +8.119826949e+01 +6.059826949e+01 +6.059826949e+01
128 +7.922482513e+01 +7.922482513e+01 +5.862482513e+01 +5.862482513e+01
142 +7.728173105e+01 +7.728173105e+01 +5.668173105e+01 +5.668173105e+01
155 +7.565525898e+01 +7.565525898e+01 +5.505525898e+01 +5.505525898e+01
195 +7.382884732e+01 +7.382884732e+01 +5.322884732e+01 +5.322884732e+01
197 +7.235086113e+01 +7.235086113e+01 +5.175086113e+01 +5.175086113e+01
219 +7.037485163e+01 +7.037485163e+01 +4.977485163e+01 +4.977485163e+01
237 +6.883230828e+01 +6.883230828e+01 +4.823230828e+01 +4.823230828e+01
248 +6.641312888e+01 +6.641312888e+01 +4.581312888e+01 +4.581312888e+01
275 +6.529329419e+01 +6.529329419e+01 +4.469329419e+01 +4.469329419e+01
300 +6.281936985e+01 +6.281936985e+01 +4.221936985e+01 +4.221936985e+01
322 +5.983313366e+01 +5.983313366e+01 +3.923313366e+01 +3.923313366e+01
346 +5.849774700e+01 +5.849774700e+01 +3.789774700e+01 +3.789774700e+01
354 +5.537853006e+01 +5.537853006e+01 +3.477853006e+01 +3.477853006e+01
365 +4.998210300e+01 +4.998210300e+01 +2.938210300e+01 +2.938210300e+01
401 +4.725221919e+01 +4.725221919e+01 +2.665221919e+01 +2.665221919e+01
414 +4.204843883e+01 +4.204843883e+01 +2.144843883e+01 +2.144843883e+01
418 +4.069713685e+01 +4.069713685e+01 +2.009713685e+01 +2.009713685e+01
424 +3.946840777e+01 +3.946840777e+01 +1.886840777e+01 +1.886840777e+01
433 +3.556600479e+01 +3.556600479e+01 +1.496600479e+01 +1.496600479e+01
437 +3.444511176e+01 +3.444511176e+01 +1.384511176e+01 +1.384511176e+01
446 +3.244747411e+01 +3.244747411e+01 +1.184747411e+01 +1.184747411e+01
451 +3.228503484e+01 +3.228503484e+01 +1.168503484e+01 +1.168503484e+01
461 +3.064669527e+01 +3.064669527e+01 +1.004669527e+01 +1.004669527e+01
463 +2.937132520e+01 +2.937132520e+01 +8.771325201e+00 +8.771325201e+00
467 +2.876284687e+01 +2.876284687e+01 +8.162846868e+00 +8.162846868e+00
493 +2.813754675e+01 +2.813754675e+01 +7.537546746e+00 +7.537546746e+00
495 +2.730574000e+01 +2.730574000e+01 +6.705740000e+00 +6.705740000e+00
524 +2.555888794e+01 +2.555888794e+01 +4.958887941e+00 +4.958887941e+00
560 +2.482859028e+01 +2.482859028e+01 +4.228590284e+00 +4.228590284e+00
579 +2.431393264e+01 +2.431393264e+01 +3.713932640e+00 +3.713932640e+00
580 +2.306647494e+01 +2.306647494e+01 +2.466474938e+00 +2.466474938e+00
590 +2.289593339e+01 +2.289593339e+01 +2.295933388e+00 +2.295933388e+00
613 +2.206229112e+01 +2.206229112e+01 +1.462291117e+00 +1.462291117e+00
622 +2.142205514e+01 +2.142205514e+01 +8.220551359e-01 +8.220551359e-01
634 +2.088032010e+01 +2.088032010e+01 +2.803201003e-01 +2.803201003e-01
636 +2.038325709e+01 +2.038325709e+01 -2.167429129e-01 -2.167429129e-01
650 +1.972880675e+01 +1.972880675e+01 -8.711932531e-01 -8.711932531e-01
661 +1.873027692e+01 +1.873027692e+01 -1.869723077e+00 -1.869723077e+00
666 +1.847880264e+01 +1.847880264e+01 -2.121197358e+00 -2.121197358e+00
672 +1.816851033e+01 +1.816851033e+01 -2.431489669e+00 -2.431489669e+00
727 +1.771783786e+01 +1.771783786e+01 -2.882162141e+00 -2.882162141e+00
760 +1.725800596e+01 +1.725800596e+01 -3.341994037e+00 -3.341994037e+00
776 +1.689720410e+01 +1.689720410e+01 -3.702795901e+00 -3.702795901e+00
799 +1.650429326e+01 +1.650429326e+01 -4.095706736e+00 -4.095706736e+00
803 +1.596299960e+01 +1.596299960e+01 -4.637000398e+00 -4.637000398e+00
918 +1.580829807e+01 +1.580829807e+01 -4.791701935e+00 -4.791701935e+00
966 +1.548563097e+01 +1.548563097e+01 -5.114369033e+00 -5.114369033e+00
1003 +1.510677954e+01 +1.510677954e+01 -5.493220461e+00 -5.493220461e+00
1182 +1.477777812e+01 +1.477777812e+01 -5.822221884e+00 -5.822221884e+00
% function evaluation | noise-free fitness - Fopt (4.669000000000e+01) | best noise-free fitness - Fopt | measured fitness | best measured fitness | x1 | x2...
1 +8.408159725e+01 +8.408159725e+01 +1.307715972e+02 +1.307715972e+02
37 +8.279929924e+01 +8.279929924e+01 +1.294892992e+02 +1.294892992e+02
91 +8.107429301e+01 +8.107429301e+01 +1.277642930e+02 +1.277642930e+02
122 +7.875120717e+01 +7.875120717e+01 +1.254412072e+02 +1.254412072e+02
162 +7.723301644e+01 +7.723301644e+01 +1.239230164e+02 +1.239230164e+02
195 +7.561687894e+01 +7.561687894e+01 +1.223068789e+02 +1.223068789e+02
234 +7.375990685e+01 +7.375990685e+01 +1.204499069e+02 +1.204499069e+02
260 +7.222267994e+01 +7.222267994e+01 +1.189126799e+02 +1.189126799e+02
273 +7.061053422e+01 +7.061053422e+01 +1.173005342e+02 +1.173005342e+02
277 +6.906853922e+01 +6.906853922e+01 +1.157585392e+02 +1.157585392e+02
305 +6.707945181e+01 +6.707945181e+01 +1.137694518e+02 +1.137694518e+02
320 +6.562943406e+01 +6.562943406e+01 +1.123194341e+02 +1.123194341e+02
336 +6.447942505e+01 +6.447942505e+01 +1.111694250e+02 +1.111694250e+02
377 +6.265147264e+01 +6.265147264e+01 +1.093414726e+02 +1.093414726e+02
379 +5.867411787e+01 +5.867411787e+01 +1.053641179e+02 +1.053641179e+02
397 +5.649057191e+01 +5.649057191e+01 +1.031805719e+02 +1.031805719e+02
402 +5.494284770e+01 +5.494284770e+01 +1.016328477e+02 +1.016328477e+02
414 +5.307652753e+01 +5.307652753e+01 +9.976652753e+01 +9.976652753e+01
451 +5.204570443e+01 +5.204570443e+01 +9.873570443e+01 +9.873570443e+01
462 +5.077444207e+01 +5.077444207e+01 +9.746444207e+01 +9.746444207e+01
470 +4.995450164e+01 +4.995450164e+01 +9.664450164e+01 +9.664450164e+01
473 +4.686052977e+01 +4.686052977e+01 +9.355052977e+01 +9.355052977e+01
477 +4.415437558e+01 +4.415437558e+01 +9.084437558e+01 +9.084437558e+01
503 +4.152426520e+01 +4.152426520e+01 +8.821426520e+01 +8.821426520e+01
554 +4.060820697e+01 +4.060820697e+01 +8.729820697e+01 +8.729820697e+01
571 +3.876275300e+01 +3.876275300e+01 +8.545275300e+01 +8.545275300e+01
600 +3.771646287e+01 +3.771646287e+01 +8.440646287e+01 +8.440646287e+01
632 +3.706372035e+01 +3.706372035e+01 +8.375372035e+01 +8.375372035e+01
643 +3.626753508e+01 +3.626753508e+01 +8.295753508e+01 +8.295753508e+01
668 +3.520765446e+01 +3.520765446e+01 +8.189765446e+01 +8.189765446e+01
695 +3.456857051e+01 +3.456857051e+01 +8.125857051e+01 +8.125857051e+01
700 +3.387665717e+01 +3.387665717e+01 +8.056665717e+01 +8.056665717e+01
732 +3.262715469e+01 +3.262715469e+01 +7.931715469e+01 +7.931715469e+01
770 +3.209197542e+01 +3.209197542e+01 +7.878197542e+01 +7.878197542e+01
811 +3.151619795e+01 +3.151619795e+01 +7.820619795e+01 +7.820619795e+01
1024 +3.077454401e+01 +3.077454401e+01 +7.746454401e+01 +7.746454401e+01
1290 +3.019757017e+01 +3.019757017e+01 +7.688757017e+01 +7.688757017e+01
% function evaluation | noise-free fitness - Fopt (-1.034600000000e+02) | best noise-free fitness - Fopt | measured fitness | best measured fitness | x1 | x2...
1 +8.334729314e+01 +8.334729314e+01 -2.011270686e+01 -2.011270686e+01
4 +8.309359845e+01 +8.309359845e+01 -2.036640155e+01 -2.036640155e+01
70 +8.119607272e+01 +8.119607272e+01 -2.226392728e+01 -2.226392728e+01
90 +7.916070759e+01 +7.916070759e+01 -2.429929241e+01 -2.429929241e+01
121 +7.663543945e+01 +7.663543945e+01 -2.682456055e+01 -2.682456055e+01
146 +7.565843743e+01 +7.565843743e+01 -2.780156257e+01 -2.780156257e+01
162 +7.395877866e+01 +7.395877866e+01 -2.950122134e+01 -2.950122134e+01
192 +7.149866348e+01 +7.149866348e+01 -3.196133652e+01 -3.196133652e+01
203 +7.057542636e+01 +7.057542636e+01 -3.288457364e+01 -3.288457364e+01
214 +6.908785133e+01 +6.908785133e+01 -3.437214867e+01 -3.437214867e+01
228 +6.696916770e+01 +6.696916770e+01 -3.649083230e+01 -3.649083230e+01
243 +6.586157956e+01 +6.586157956e+01 -3.759842044e+01 -3.759842044e+01
252 +6.329045954e+01 +6.329045954e+01 -4.016954046e+01 -4.016954046e+01
265 +6.309100560e+01 +6.309100560e+01 -4.036899440e+01 -4.036899440e+01
272 +6.157231059e+01 +6.157231059e+01 -4.188768941e+01 -4.188768941e+01
280 +5.738394707e+01 +5.738394707e+01 -4.607605293e+01 -4.607605293e+01
295 +5.558081487e+01 +5.558081487e+01 -4.787918513e+01 -4.787918513e+01
307 +5.404970454e+01 +5.404970454e+01 -4.941029546e+01 -4.941029546e+01
313 +5.347460407e+01 +5.347460407e+01 -4.998539593e+01 -4.998539593e+01
315 +5.151628798e+01 +5.151628798e+01 -5.194371202e+01 -5.194371202e+01
317 +4.829080463e+01 +4.829080463e+01 -5.516919537e+01 -5.516919537e+01
371 +4.678447723e+01 +4.678447723e+01 -5.667552277e+01 -5.667552277e+01
384 +4.664611009e+01 +4.664611009e+01 -5.681388991e+01 -5.681388991e+01
418 +4.463240088e+01 +4.463240088e+01 -5.882759912e+01 -5.882759912e+01
421 +4.240107843e+01 +4.240107843e+01 -6.105892157e+01 -6.105892157e+01
439 +3.712964193e+01 +3.712964193e+01 -6.633035807e+01 -6.633035807e+01
452 +3.508087933e+01 +3.508087933e+01 -6.837912067e+01 -6.837912067e+01
474 +3.240558037e+01 +3.240558037e+01 -7.105441963e+01 -7.105441963e+01
481 +3.208702040e+01 +3.208702040e+01 -7.137297960e+01 -7.137297960e+01
483 +3.118705157e+01 +3.118705157e+01 -7.227294843e+01 -7.227294843e+01
484 +2.845857456e+01 +2.845857456e+01 -7.500142544e+01 -7.500142544e+01
500 +2.753164047e+01 +2.753164047e+01 -7.592835953e+01 -7.592835953e+01
513 +2.661305337e+01 +2.661305337e+01 -7.684694663e+01 -7.684694663e+01
518 +2.532988634e+01 +2.532988634e+01 -7.813011366e+01 -7.813011366e+01
527 +2.511457384e+01 +2.511457384e+01 -7.834542616e+01 -7.834542616e+01
534 +2.395538269e+01 +2.395538269e+01 -7.950461731e+01 -7.950461731e+01
559 +2.334309675e+01 +2.334309675e+01 -8.011690325e+01 -8.011690325e+01
567 +2.164639569e+01 +2.164639569e+01 -8.181360431e+01 -8.181360431e+01
590 +2.045330544e+01 +2.045330544e+01 -8.300669456e+01 -8.300669456e+01
604 +2.015912272e+01 +2.015912272e+01 -8.330087728e+01 -8.330087728e+01
608 +1.974459964e+01 +1.974459964e+01 -8.371540036e+01 -8.371540036e+01
656 +1.917088228e+01 +1.917088228e+01 -8.428911772e+01 -8.428911772e+01
664 +1.868916349e+01 +1.868916349e+01 -8.477083651e+01 -8.477083651e+01
703 +1.837282140e+01 +1.837282140e+01 -8.508717860e+01 -8.508717860e+01
706 +1.809384003e+01 +1.809384003e+01 -8.536615997e+01 -8.536615997e+01
716 +1.765309763e+01 +1.765309763e+01 -8.580690237e+01 -8.580690237e+01
730 +1.737039501e+01 +1.737039501e+01 -8.608960499e+01 -8.608960499e+01
827 +1.695333859e+01 +1.695333859e+01 -8.650666141e+01 -8.650666141e+01
847 +1.655998028e+01 +1.655998028e+01 -8.690001972e+01 -8.690001972e+01
992 +1.614856263e+01 +1.614856263e+01 -8.731143737e+01 -8.731143737e+01
997 +1.573692546e+01 +1.573692546e+01 -8.772307454e+01 -8.772307454e+01
1090 +1.544656094e+01 +1.544656094e+01 -8.801343906e+01 -8.801343906e+01
1150 +1.506628412e+01 +1.506628412e+01 -8.839371588e+01 -8.839371588e+01
1338 +1.478351458e+01 +1.478351458e+01 -8.867648542e+01 -8.867648542e+01
% function evaluation | noise-free fitness - Fopt (-1.591000000000e+02) | best noise-free fitness - Fopt | measured fitness | best measured fitness | x1 | x2...
1 +8.338939493e+01 +8.338939493e+01 -7.571060507e+01 -7.571060507e+01
4 +8.315441821e+01 +8.315441821e+01 -7.594558179e+01 -7.594558179e+01
34 +8.115992181e+01 +8.115992181e+01 -7.794007819e+01 -7.794007819e+01
83 +7.928152354e+01 +7.928152354e+01 -7.981847646e+01 -7.981847646e+01
99 +7.714232251e+01 +7.714232251e+01 -8.195767749e+01 -8.195767749e+01
114 +7.551360753e+01 +7.551360753e+01 -8.358639247e+01 -8.358639247e+01
129 +7.391547979e+01 +7.391547979e+01 -8.518452021e+01 -8.518452021e+01
146 +7.225779910e+01 +7.225779910e+01 -8.684220090e+01 -8.684220090e+01
155 +7.026615086e+01 +7.026615086e+01 -8.883384914e+01 -8.883384914e+01
170 +6.863012009e+01 +6.863012009e+01 -9.046987991e+01 -9.046987991e+01
187 +6.759423938e+01 +6.759423938e+01 -9.150576062e+01 -9.150576062e+01
202 +6.442567530e+01 +6.442567530e+01 -9.467432470e+01 -9.467432470e+01
235 +6.287917394e+01 +6.287917394e+01 -9.622082606e+01 -9.622082606e+01
246 +5.992846176e+01 +5.992846176e+01 -9.917153824e+01 -9.917153824e+01
258 +5.719908608e+01 +5.719908608e+01 -1.019009139e+02 -1.019009139e+02
270 +5.353766911e+01 +5.353766911e+01 -1.055623309e+02 -1.055623309e+02
279 +5.055138324e+01 +5.055138324e+01 -1.085486168e+02 -1.085486168e+02
283 +4.874159627e+01 +4.874159627e+01 -1.103584037e+02 -1.103584037e+02
297 +4.704424002e+01 +4.704424002e+01 -1.120557600e+02 -1.120557600e+02
304 +4.582831061e+01 +4.582831061e+01 -1.132716894e+02 -1.132716894e+02
311 +4.476907580e+01 +4.476907580e+01 -1.143309242e+02 -1.143309242e+02
315 +4.220705010e+01 +4.220705010e+01 -1.168929499e+02 -1.168929499e+02
332 +3.714243423e+01 +3.714243423e+01 -1.219575658e+02 -1.219575658e+02
338 +3.626243911e+01 +3.626243911e+01 -1.228375609e+02 -1.228375609e+02
340 +3.453832260e+01 +3.453832260e+01 -1.245616774e+02 -1.245616774e+02
352 +3.287163874e+01 +3.287163874e+01 -1.262283613e+02 -1.262283613e+02
366 +3.103449498e+01 +3.103449498e+01 -1.280655050e+02 -1.280655050e+02
370 +2.862619639e+01 +2.862619639e+01 -1.304738036e+02 -1.304738036e+02
378 +2.712056657e+01 +2.712056657e+01 -1.319794334e+02 -1.319794334e+02
386 +2.470367317e+01 +2.470367317e+01 -1.343963268e+02 -1.343963268e+02
408 +2.178639482e+01 +2.178639482e+01 -1.373136052e+02 -1.373136052e+02
429 +2.128534316e+01 +2.128534316e+01 -1.378146568e+02 -1.378146568e+02
434 +1.988574308e+01 +1.988574308e+01 -1.392142569e+02 -1.392142569e+02
461 +1.739931798e+01 +1.739931798e+01 -1.417006820e+02 -1.417006820e+02
487 +1.699386143e+01 +1.699386143e+01 -1.421061386e+02 -1.421061386e+02
489 +1.677068294e+01 +1.677068294e+01 -1.423293171e+02 -1.423293171e+02
495 +1.328783400e+01 +1.328783400e+01 -1.458121660e+02 -1.458121660e+02
517 +1.269310178e+01 +1.269310178e+01 -1.464068982e+02 -1.464068982e+02
533 +1.223724913e+01 +1.223724913e+01 -1.468627509e+02 -1.468627509e+02
541 +1.046958647e+01 +1.046958647e+01 -1.486304135e+02 -1.486304135e+02
549 +1.016842970e+01 +1.016842970e+01 -1.489315703e+02 -1.489315703e+02
554 +9.333079729e+00 +9.333079729e+00 -1.497669203e+02 -1.497669203e+02
565 +8.629732620e+00 +8.629732620e+00 -1.504702674e+02 -1.504702674e+02
573 +7.459388583e+00 +7.459388583e+00 -1.516406114e+02 -1.516406114e+02
605 +7.180469469e+00 +7.180469469e+00 -1.519195305e+02 -1.519195305e+02
613 +6.857638997e+00 +6.857638997e+00 -1.522423610e+02 -1.522423610e+02
618 +6.034617186e+00 +6.034617186e+00 -1.530653828e+02 -1.530653828e+02
637 +5.999435602e+00 +5.999435602e+00 -1.531005644e+02 -1.531005644e+02
658 +4.845621758e+00 +4.845621758e+00 -1.542543782e+02 -1.542543782e+02
685 +3.672118253e+00 +3.672118253e+00 -1.554278817e+02 -1.554278817e+02
747 +2.984649401e+00 +2.984649401e+00 -1.561153506e+02 -1.561153506e+02
777 +2.877159954e+00 +2.877159954e+00 -1.562228400e+02 -1.562228400e+02
792 +2.763593833e+00 +2.763593833e+00 -1.563364062e+02 -1.563364062e+02
796 +2.724526072e+00 +2.724526072e+00 -1.563754739e+02 -1.563754739e+02
806 +2.535679605e+00 +2.535679605e+00 -1.565643204e+02 -1.565643204e+02
816 +2.340440090e+00 +2.340440090e+00 -1.567595599e+02 -1.567595599e+02
842 +2.196495540e+00 +2.196495540e+00 -1.569035045e+02 -1.569035045e+02
883 +2.174950606e+00 +2.174950606e+00 -1.569250494e+02 -1.569250494e+02
896 +2.111844043e+00 +2.111844043e+00 -1.569881560e+02 -1.569881560e+02
916 +2.080135334e+00 +2.080135334e+00 -1.570198647e+02 -1.570198647e+02
1012 +2.026143769e+00 +2.026143769e+00 -1.570738562e+02 -1.570738562e+02
1204 +1.991233673e+00 +1.991233673e+00 -1.571087663e+02 -1.571087663e+02
% function evaluation | noise-free fitness - Fopt (7.823700000000e+02) | best noise-free fitness - Fopt | measured fitness | best measured fitness | x1 | x2...
1 +8.232956576e+01 +8.232956576e+01 +8.646995658e+02 +8.646995658e+02
34 +8.069701649e+01 +8.069701649e+01 +8.630670165e+02 +8.630670165e+02
60 +7.903128785e+01 +7.903128785e+01 +8.614012878e+02 +8.614012878e+02
86 +7.756238029e+01 +7.756238029e+01 +8.599323803e+02 +8.599323803e+02
111 +7.557386328e+01 +7.557386328e+01 +8.579438633e+02 +8.579438633e+02
136 +7.405179402e+01 +7.405179402e+01 +8.564217940e+02 +8.564217940e+02
160 +7.186182355e+01 +7.186182355e+01 +8.542318235e+02 +8.542318235e+02
178 +7.073196904e+01 +7.073196904e+01 +8.531019690e+02 +8.531019690e+02
187 +6.899659556e+01 +6.899659556e+01 +8.513665956e+02 +8.513665956e+02
203 +6.608050477e+01 +6.608050477e+01 +8.484505048e+02 +8.484505048e+02
217 +6.586079368e+01 +6.586079368e+01 +8.482307937e+02 +8.482307937e+02
221 +6.421762932e+01 +6.421762932e+01 +8.465876293e+02 +8.465876293e+02
225 +6.219567718e+01 +6.219567718e+01 +8.445656772e+02 +8.445656772e+02
236 +5.929212506e+01 +5.929212506e+01 +8.416621251e+02 +8.416621251e+02
244 +5.887001442e+01 +5.887001442e+01 +8.412400144e+02 +8.412400144e+02
252 +5.625266657e+01 +5.625266657e+01 +8.386226666e+02 +8.386226666e+02
259 +5.305434430e+01 +5.305434430e+01 +8.354243443e+02 +8.354243443e+02
262 +5.040353330e+01 +5.040353330e+01 +8.327735333e+02 +8.327735333e+02
266 +4.233412044e+01 +4.233412044e+01 +8.247041204e+02 +8.247041204e+02
275 +3.984304808e+01 +3.984304808e+01 +8.222130481e+02 +8.222130481e+02
278 +3.959399736e+01 +3.959399736e+01 +8.219639974e+02 +8.219639974e+02
286 +3.698725838e+01 +3.698725838e+01 +8.193572584e+02 +8.193572584e+02
296 +3.387350003e+01 +3.387350003e+01 +8.162435000e+02 +8.162435000e+02
308 +2.833776116e+01 +2.833776116e+01 +8.107077612e+02 +8.107077612e+02
331 +2.589390340e+01 +2.589390340e+01 +8.082639034e+02 +8.082639034e+02
367 +2.527978589e+01 +2.527978589e+01 +8.076497859e+02 +8.076497859e+02
370 +2.217211365e+01 +2.217211365e+01 +8.045421137e+02 +8.045421137e+02
386 +1.994651021e+01 +1.994651021e+01 +8.023165102e+02 +8.023165102e+02
388 +1.896886540e+01 +1.896886540e+01 +8.013388654e+02 +8.013388654e+02
414 +1.860738781e+01 +1.860738781e+01 +8.009773878e+02 +8.009773878e+02
417 +1.819607311e+01 +1.819607311e+01 +8.005660731e+02 +8.005660731e+02
422 +1.698110537e+01 +1.698110537e+01 +7.993511054e+02 +7.993511054e+02
442 +1.617857519e+01 +1.617857519e+01 +7.985485752e+02 +7.985485752e+02
445 +1.398633080e+01 +1.398633080e+01 +7.963563308e+02 +7.963563308e+02
460 +1.362588866e+01 +1.362588866e+01 +7.959958887e+02 +7.959958887e+02
474 +1.300805114e+01 +1.300805114e+01 +7.953780511e+02 +7.953780511e+02
493 +1.273884205e+01 +1.273884205e+01 +7.951088420e+02 +7.951088420e+02
498 +1.239372096e+01 +1.239372096e+01 +7.947637210e+02 +7.947637210e+02
504 +1.199029855e+01 +1.199029855e+01 +7.943602986e+02 +7.943602986e+02
507 +1.060190613e+01 +1.060190613e+01 +7.929719061e+02 +7.929719061e+02
535 +1.039461620e+01 +1.039461620e+01 +7.927646162e+02 +7.927646162e+02
563 +9.799122133e+00 +9.799122133e+00 +7.921691221e+02 +7.921691221e+02
576 +9.569063391e+00 +9.569063391e+00 +7.919390634e+02 +7.919390634e+02
604 +9.241800067e+00 +9.241800067e+00 +7.916118001e+02 +7.916118001e+02
619 +9.075276211e+00 +9.075276211e+00 +7.914452762e+02 +7.914452762e+02
641 +8.840955311e+00 +8.840955311e+00 +7.912109553e+02 +7.912109553e+02
685 +8.648786837e+00 +8.648786837e+00 +7.910187868e+02 +7.910187868e+02
690 +8.405771904e+00 +8.405771904e+00 +7.907757719e+02 +7.907757719e+02
705 +8.276758838e+00 +8.276758838e+00 +7.906467588e+02 +7.906467588e+02
720 +8.052442187e+00 +8.052442187e+00 +7.904224422e+02 +7.904224422e+02
724 +7.911732648e+00 +7.911732648e+00 +7.902817326e+02 +7.902817326e+02
970 +7.743600863e+00 +7.743600863e+00 +7.901136009e+02 +7.901136009e+02
991 +7.546642883e+00 +7.546642883e+00 +7.899166429e+02 +7.899166429e+02
1139 +7.393826396e+00 +7.393826396e+00 +7.897638264e+02 +7.897638264e+02
% function evaluation | noise-free fitness - Fopt (1.464700000000e+02) | best noise-free fitness - Fopt | measured fitness | best measured fitness | x1 | x2...
1 +8.069675839e+01 +8.069675839e+01 +2.271667584e+02 +2.271667584e+02
19 +7.935131406e+01 +7.935131406e+01 +2.258213141e+02 +2.258213141e+02
44 +7.747167979e+01 +7.747167979e+01 +2.239416798e+02 +2.239416798e+02
69 +7.583394478e+01 +7.583394478e+01 +2.223039448e+02 +2.223039448e+02
99 +7.410026237e+01 +7.410026237e+01 +2.205702624e+02 +2.205702624e+02
133 +7.232270299e+01 +7.232270299e+01 +2.187927030e+02 +2.187927030e+02
159 +7.079218089e+01 +7.079218089e+01 +2.172621809e+02 +2.172621809e+02
172 +6.881747347e+01 +6.881747347e+01 +2.152874735e+02 +2.152874735e+02
194 +6.704000843e+01 +6.704000843e+01 +2.135100084e+02 +2.135100084e+02
202 +6.561329982e+01 +6.561329982e+01 +2.120832998e+02 +2.120832998e+02
218 +6.405733749e+01 +6.405733749e+01 +2.105273375e+02 +2.105273375e+02
225 +6.262422693e+01 +6.262422693e+01 +2.090942269e+02 +2.090942269e+02
226 +6.138162722e+01 +6.138162722e+01 +2.078516272e+02 +2.078516272e+02
237 +6.005965189e+01 +6.005965189e+01 +2.065296519e+02 +2.065296519e+02
245 +5.820855423e+01 +5.820855423e+01 +2.046785542e+02 +2.046785542e+02
246 +5.542997695e+01 +5.542997695e+01 +2.018999769e+02 +2.018999769e+02
255 +5.428458753e+01 +5.428458753e+01 +2.007545875e+02 +2.007545875e+02
259 +5.295471609e+01 +5.295471609e+01 +1.994247161e+02 +1.994247161e+02
260 +5.238421436e+01 +5.238421436e+01 +1.988542144e+02 +1.988542144e+02
267 +5.093200421e+01 +5.093200421e+01 +1.974020042e+02 +1.974020042e+02
272 +4.647753958e+01 +4.647753958e+01 +1.929475396e+02 +1.929475396e+02
283 +4.241739246e+01 +4.241739246e+01 +1.888873925e+02 +1.888873925e+02
294 +3.514011995e+01 +3.514011995e+01 +1.816101200e+02 +1.816101200e+02
315 +3.436277481e+01 +3.436277481e+01 +1.808327748e+02 +1.808327748e+02
319 +3.041172844e+01 +3.041172844e+01 +1.768817284e+02 +1.768817284e+02
327 +2.912449678e+01 +2.912449678e+01 +1.755944968e+02 +1.755944968e+02
332 +2.741010739e+01 +2.741010739e+01 +1.738801074e+02 +1.738801074e+02
352 +2.661546047e+01 +2.661546047e+01 +1.730854605e+02 +1.730854605e+02
363 +2.375105764e+01 +2.375105764e+01 +1.702210576e+02 +1.702210576e+02
376 +2.182300955e+01 +2.182300955e+01 +1.682930096e+02 +1.682930096e+02
379 +2.119632887e+01 +2.119632887e+01 +1.676663289e+02 +1.676663289e+02
399 +1.956162743e+01 +1.956162743e+01 +1.660316274e+02 +1.660316274e+02
423 +1.847955001e+01 +1.847955001e+01 +1.649495500e+02 +1.649495500e+02
427 +1.708161140e+01 +1.708161140e+01 +1.635516114e+02 +1.635516114e+02
445 +1.585952045e+01 +1.585952045e+01 +1.623295205e+02 +1.623295205e+02
449 +1.581510255e+01 +1.581510255e+01 +1.622851026e+02 +1.622851026e+02
451 +1.459124592e+01 +1.459124592e+01 +1.610612459e+02 +1.610612459e+02
469 +1.388115670e+01 +1.388115670e+01 +1.603511567e+02 +1.603511567e+02
473 +1.365477117e+01 +1.365477117e+01 +1.601247712e+02 +1.601247712e+02
478 +1.103643229e+01 +1.103643229e+01 +1.575064323e+02 +1.575064323e+02
484 +1.034446590e+01 +1.034446590e+01 +1.568144659e+02 +1.568144659e+02
503 +9.314995174e+00 +9.314995174e+00 +1.557849952e+02 +1.557849952e+02
521 +8.723835885e+00 +8.723835885e+00 +1.551938359e+02 +1.551938359e+02
567 +8.547327981e+00 +8.547327981e+00 +1.550173280e+02 +1.550173280e+02
578 +8.173502473e+00 +8.173502473e+00 +1.546435025e+02 +1.546435025e+02
588 +7.919899354e+00 +7.919899354e+00 +1.543898994e+02 +1.543898994e+02
592 +7.681311922e+00 +7.681311922e+00 +1.541513119e+02 +1.541513119e+02
600 +7.449710824e+00 +7.449710824e+00 +1.539197108e+02 +1.539197108e+02
627 +7.408880259e+00 +7.408880259e+00 +1.538788803e+02 +1.538788803e+02
637 +7.219115840e+00 +7.219115840e+00 +1.536891158e+02 +1.536891158e+02
651 +6.813912101e+00 +6.813912101e+00 +1.532839121e+02 +1.532839121e+02
661 +6.524571679e+00 +6.524571679e+00 +1.529945717e+02 +1.529945717e+02
677 +5.843500435e+00 +5.843500435e+00 +1.523135004e+02 +1.523135004e+02
686 +5.692170314e+00 +5.692170314e+00 +1.521621703e+02 +1.521621703e+02
689 +5.117519990e+00 +5.117519990e+00 +1.515875200e+02 +1.515875200e+02
700 +4.923923638e+00 +4.923923638e+00 +1.513939236e+02 +1.513939236e+02
713 +4.580229672e+00 +4.580229672e+00 +1.510502297e+02 +1.510502297e+02
724 +4.469903182e+00 +4.469903182e+00 +1.509399032e+02 +1.509399032e+02
725 +4.459910214e+00 +4.459910214e+00 +1.509299102e+02 +1.509299102e+02
732 +4.145474450e+00 +4.145474450e+00 +1.506154745e+02 +1.506154745e+02
746 +3.992289139e+00 +3.992289139e+00 +1.504622891e+02 +1.504622891e+02
778 +3.936778920e+00 +3.936778920e+00 +1.504067789e+02 +1.504067789e+02
781 +3.847404092e+00 +3.847404092e+00 +1.503174041e+02 +1.503174041e+02
814 +3.631778789e+00 +3.631778789e+00 +1.501017788e+02 +1.501017788e+02
824 +3.581855229e+00 +3.581855229e+00 +1.500518552e+02 +1.500518552e+02
841 +3.538465591e+00 +3.538465591e+00 +1.500084656e+02 +1.500084656e+02
861 +3.440610456e+00 +3.440610456e+00 +1.499106105e+02 +1.499106105e+02
924 +3.326686284e+00 +3.326686284e+00 +1.497966863e+02 +1.497966863e+02
935 +3.299875603e+00 +3.299875603e+00 +1.497698756e+02 +1.497698756e+02
959 +3.197665383e+00 +3.197665383e+00 +1.496676654e+02 +1.496676654e+02
1009 +3.136458825e+00 +3.136458825e+00 +1.496064588e+02 +1.496064588e+02
1060 +3.038359914e+00 +3.038359914e+00 +1.495083599e+02 +1.495083599e+02
1069 +3.000821160e+00 +3.000821160e+00 +1.494708212e+02 +1.494708212e+02
1085 +2.891815748e+00 +2.891815748e+00 +1.493618157e+02 +1.493618157e+02
1098 +2.844822984e+00 +2.844822984e+00 +1.493148230e+02 +1.493148230e+02
1110 +2.812764869e+00 +2.812764869e+00 +1.492827649e+02 +1.492827649e+02
1154 +2.737432764e+00 +2.737432764e+00 +1.492074328e+02 +1.492074328e+02
1201 +2.685571083e+00 +2.685571083e+00 +1.491555711e+02 +1.491555711e+02
1338 +2.628147242e+00 +2.628147242e+00 +1.490981472e+02 +1.490981472e+02
% function evaluation | noise-free fitness - Fopt (-2.071000000000e+01) | best noise-free fitness - Fopt | measured fitness | best measured fitness | x1 | x2...
1 +8.262768084e+01 +8.262768084e+01 +6.191768084e+01 +6.191768084e+01
28 +8.087217821e+01 +8.087217821e+01 +6.016217821e+01 +6.016217821e+01
50 +7.910575477e+01 +7.910575477e+01 +5.839575477e+01 +5.839575477e+01
81 +7.760574698e+01 +7.760574698e+01 +5.689574698e+01 +5.689574698e+01
100 +7.579035178e+01 +7.579035178e+01 +5.508035178e+01 +5.508035178e+01
118 +7.404815634e+01 +7.404815634e+01 +5.333815634e+01 +5.333815634e+01
125 +7.232899274e+01 +7.232899274e+01 +5.161899274e+01 +5.161899274e+01
143 +7.051365779e+01 +7.051365779e+01 +4.980365779e+01 +4.980365779e+01
166 +6.755044411e+01 +6.755044411e+01 +4.684044411e+01 +4.684044411e+01
175 +6.594155530e+01 +6.594155530e+01 +4.523155530e+01 +4.523155530e+01
179 +6.412054848e+01 +6.412054848e+01 +4.341054848e+01 +4.341054848e+01
181 +6.151981440e+01 +6.151981440e+01 +4.080981440e+01 +4.080981440e+01
191 +6.010511713e+01 +6.010511713e+01 +3.939511713e+01 +3.939511713e+01
217 +5.344229132e+01 +5.344229132e+01 +3.273229132e+01 +3.273229132e+01
233 +5.066154178e+01 +5.066154178e+01 +2.995154178e+01 +2.995154178e+01
245 +4.848416150e+01 +4.848416150e+01 +2.777416150e+01 +2.777416150e+01
254 +4.313973881e+01 +4.313973881e+01 +2.242973881e+01 +2.242973881e+01
262 +3.868743783e+01 +3.868743783e+01 +1.797743783e+01 +1.797743783e+01
267 +3.792860238e+01 +3.792860238e+01 +1.721860238e+01 +1.721860238e+01
280 +3.606466630e+01 +3.606466630e+01 +1.535466630e+01 +1.535466630e+01
286 +3.025811898e+01 +3.025811898e+01 +9.548118979e+00 +9.548118979e+00
293 +2.746919182e+01 +2.746919182e+01 +6.759191823e+00 +6.759191823e+00
300 +2.659166101e+01 +2.659166101e+01 +5.881661013e+00 +5.881661013e+00
310 +2.425448675e+01 +2.425448675e+01 +3.544486753e+00 +3.544486753e+00
312 +2.378546945e+01 +2.378546945e+01 +3.075469447e+00 +3.075469447e+00
319 +2.254510859e+01 +2.254510859e+01 +1.835108591e+00 +1.835108591e+00
321 +2.054395870e+01 +2.054395870e+01 -1.660413020e-01 -1.660413020e-01
336 +2.005678074e+01 +2.005678074e+01 -6.532192564e-01 -6.532192564e-01
349 +1.984930921e+01 +1.984930921e+01 -8.606907897e-01 -8.606907897e-01
354 +1.765308193e+01 +1.765308193e+01 -3.056918069e+00 -3.056918069e+00
366 +1.499155338e+01 +1.499155338e+01 -5.718446624e+00 -5.718446624e+00
367 +1.471217181e+01 +1.471217181e+01 -5.997828189e+00 -5.997828189e+00
372 +1.367848043e+01 +1.367848043e+01 -7.031519569e+00 -7.031519569e+00
374 +1.283952626e+01 +1.283952626e+01 -7.870473736e+00 -7.870473736e+00
395 +1.224848327e+01 +1.224848327e+01 -8.461516731e+00 -8.461516731e+00
402 +9.924892115e+00 +9.924892115e+00 -1.078510788e+01 -1.078510788e+01
444 +9.553070122e+00 +9.553070122e+00 -1.115692988e+01 -1.115692988e+01
472 +8.962850754e+00 +8.962850754e+00 -1.174714925e+01 -1.174714925e+01
476 +8.628085610e+00 +8.628085610e+00 -1.208191439e+01 -1.208191439e+01
487 +7.910216779e+00 +7.910216779e+00 -1.279978322e+01 -1.279978322e+01
527 +7.707163614e+00 +7.707163614e+00 -1.300283639e+01 -1.300283639e+01
529 +7.394332906e+00 +7.394332906e+00 -1.331566709e+01 -1.331566709e+01
532 +7.198170429e+00 +7.198170429e+00 -1.351182957e+01 -1.351182957e+01
533 +6.372331026e+00 +6.372331026e+00 -1.433766897e+01 -1.433766897e+01
557 +6.244663844e+00 +6.244663844e+00 -1.446533616e+01 -1.446533616e+01
559 +6.122872508e+00 +6.122872508e+00 -1.458712749e+01 -1.458712749e+01
564 +4.860528897e+00 +4.860528897e+00 -1.584947110e+01 -1.584947110e+01
576 +3.308153199e+00 +3.308153199e+00 -1.740184680e+01 -1.740184680e+01
657 +3.110295930e+00 +3.110295930e+00 -1.759970407e+01 -1.759970407e+01
663 +2.817116417e+00 +2.817116417e+00 -1.789288358e+01 -1.789288358e+01
673 +2.604472039e+00 +2.604472039e+00 -1.810552796e+01 -1.810552796e+01
674 +2.534808512e+00 +2.534808512e+00 -1.817519149e+01 -1.817519149e+01
682 +2.443394625e+00 +2.443394625e+00 -1.826660538e+01 -1.826660538e+01
691 +2.345059845e+00 +2.345059845e+00 -1.836494015e+01 -1.836494015e+01
699 +2.325114079e+00 +2.325114079e+00 -1.838488592e+01 -1.838488592e+01
711 +2.267413931e+00 +2.267413931e+00 -1.844258607e+01 -1.844258607e+01
723 +2.193674747e+00 +2.193674747e+00 -1.851632525e+01 -1.851632525e+01
729 +2.173985991e+00 +2.173985991e+00 -1.853601401e+01 -1.853601401e+01
769 +2.130952185e+00 +2.130952185e+00 -1.857904781e+01 -1.857904781e+01
778 +2.084199885e+00 +2.084199885e+00 -1.862580011e+01 -1.862580011e+01
861 +2.029587230e+00 +2.029587230e+00 -1.868041277e+01 -1.868041277e+01
1118 +1.993505987e+00 +1.993505987e+00 -1.871649401e+01 -1.871649401e+01
