% function evaluation | noise-free fitness - Fopt (-2.098800000000e+02) | best noise-free fitness - Fopt | measured fitness | best measured fitness | x1 | x2...
1 +2.076966042e+05 +2.076966042e+05 +2.074867242e+05 +2.074867242e+05 +0.0000e+00 +0.0000e+00
4 +6.075767596e+04 +6.075767596e+04 +6.054779596e+04 +6.054779596e+04 +5.2893e-01 +2.0082e-01
8 +1.732694147e+04 +1.732694147e+04 +1.711706147e+04 +1.711706147e+04 +6.9582e-02 +3.2147e-01
11 +8.627545853e+03 +8.627545853e+03 +8.417665853e+03 +8.417665853e+03 +1.0648e+00 +3.5033e-01
21 +2.057409691e+02 +2.057409691e+02 -4.139030924e+00 -4.139030924e+00 +1.2778e+00 +4.3393e-01
72 +1.285476153e+00 +1.285476153e+00 -2.085945238e+02 -2.085945238e+02 +1.4706e+00 +4.4687e-01
439 +1.085550357e+00 +1.085550357e+00 -2.087944496e+02 -2.087944496e+02 +2.2233e+00 +4.4785e-01
447 +8.742752156e-01 +8.742752156e-01 -2.090057248e+02 -2.090057248e+02 +2.1592e+00 +4.4778e-01
454 +5.570821080e-01 +5.570821080e-01 -2.093229179e+02 -2.093229179e+02 +2.0211e+00 +4.4808e-01
464 +2.194830171e-01 +2.194830171e-01 -2.096605170e+02 -2.096605170e+02 +1.6530e+00 +4.4818e-01
469 +1.134238759e-02 +1.134238759e-02 -2.098686576e+02 -2.098686576e+02 +1.2440e+00 +4.4790e-01
521 +5.566425599e-03 +5.566425599e-03 -2.098744336e+02 -2.098744336e+02 +1.2838e+00 +4.4797e-01
524 +3.068775677e-04 +3.068775677e-04 -2.098796931e+02 -2.098796931e+02 +1.2007e+00 +4.4798e-01
581 +1.718037308e-04 +1.718037308e-04 -2.098798282e+02 -2.098798282e+02 +1.2169e+00 +4.4799e-01
595 +9.751121127e-05 +9.751121127e-05 -2.098799025e+02 -2.098799025e+02 +1.2097e+00 +4.4801e-01
622 +5.172861449e-06 +5.172861449e-06 -2.098799948e+02 -2.098799948e+02 +1.2059e+00 +4.4800e-01
670 +1.944000019e-06 +1.944000019e-06 -2.098799981e+02 -2.098799981e+02 +1.2075e+00 +4.4800e-01
693 +1.688119255e-06 +1.688119255e-06 -2.098799983e+02 -2.098799983e+02 +1.2080e+00 +4.4800e-01
695 +1.459966967e-06 +1.459966967e-06 -2.098799985e+02 -2.098799985e+02 +1.2069e+00 +4.4800e-01
702 +4.451896132e-07 +4.451896132e-07 -2.098799996e+02 -2.098799996e+02 +1.2071e+00 +4.4800e-01
706 +3.366625663e-07 +3.366625663e-07 -2.098799997e+02 -2.098799997e+02 +1.2073e+00 +4.4800e-01
715 +2.339685068e-07 +2.339685068e-07 -2.098799998e+02 -2.098799998e+02 +1.2076e+00 +4.4800e-01
723 +5.613361509e-08 +5.613361509e-08 -2.098799999e+02 -2.098799999e+02 +1.2073e+00 +4.4800e-01
735 +4.689030675e-08 +4.689030675e-08 -2.098800000e+02 -2.098800000e+02 +1.2073e+00 +4.4800e-01
742 +2.132136956e-08 +2.132136956e-08 -2.098800000e+02 -2.098800000e+02 +1.2073e+00 +4.4800e-01
749 +4.541902854e-09 +4.541902854e-09 -2.098800000e+02 -2.098800000e+02 +1.2073e+00 +4.4800e-01
1087 +0.000000000e+00 +0.000000000e+00 -2.098800000e+02 -2.098800000e+02 +1.2072e+00 +4.4800e-01
% function evaluation | noise-free fitness - Fopt (-9.209000000000e+01) | best noise-free fitness - Fopt | measured fitness | best measured fitness | x1 | x2...
1 +6.430618442e+06 +6.430618442e+06 +6.430526352e+06 +6.430526352e+06 +0.0000e+00 +0.0000e+00
2 +5.951108975e+06 +5.951108975e+06 +5.951016885e+06 +5.951016885e+06 -2.8291e-01 +1.0207e-01
5 +5.867399808e+06 +5.867399808e+06 +5.867307718e+06 +5.867307718e+06 +5.3831e-01 +1.2085e-01
7 +5.580610042e+06 +5.580610042e+06 +5.580517952e+06 +5.580517952e+06 -3.9908e-01 +1.8770e-01
11 +3.899709507e+06 +3.899709507e+06 +3.899617417e+06 +3.899617417e+06 -1.0717e-01 +6.8717e-01
19 +2.723252883e+06 +2.723252883e+06 +2.723160793e+06 +2.723160793e+06 +1.9072e-01 +1.1041e+00
22 +2.355678204e+06 +2.355678204e+06 +2.355586114e+06 +2.355586114e+06 -2.4382e-01 +1.2181e+00
25 +1.692195010e+06 +1.692195010e+06 +1.692102920e+06 +1.692102920e+06 -4.1487e-01 +1.4091e+00
26 +1.321110072e+04 +1.321110072e+04 +1.311901072e+04 +1.311901072e+04 +2.8336e-01 +2.7301e+00
61 +4.224163841e+03 +4.224163841e+03 +4.132073841e+03 +4.132073841e+03 +6.2806e-01 +2.6928e+00
89 +2.559473421e+03 +2.559473421e+03 +2.467383421e+03 +2.467383421e+03 +8.9952e-01 +2.5728e+00
111 +8.958273976e+02 +8.958273976e+02 +8.037373976e+02 +8.037373976e+02 +1.3762e+00 +2.6516e+00
114 +4.139927305e+02 +4.139927305e+02 +3.219027305e+02 +3.219027305e+02 +2.5684e+00 +2.6421e+00
118 +1.734304892e+02 +1.734304892e+02 +8.134048919e+01 +8.134048919e+01 +2.1604e+00 +2.6345e+00
136 +1.406857440e+01 +1.406857440e+01 -7.802142560e+01 -7.802142560e+01 +2.1750e+00 +2.6251e+00
178 +1.378508745e+01 +1.378508745e+01 -7.830491255e+01 -7.830491255e+01 +2.5262e+00 +2.6251e+00
200 +7.723858641e+00 +7.723858641e+00 -8.436614136e+01 -8.436614136e+01 +2.2483e+00 +2.6191e+00
230 +3.345751161e+00 +3.345751161e+00 -8.874424884e+01 -8.874424884e+01 +2.5951e+00 +2.6220e+00
283 +2.774715858e+00 +2.774715858e+00 -8.931528414e+01 -8.931528414e+01 +2.3299e+00 +2.6208e+00
288 +2.282378000e+00 +2.282378000e+00 -8.980762200e+01 -8.980762200e+01 +2.2117e+00 +2.6221e+00
354 +1.757416155e+00 +1.757416155e+00 -9.033258384e+01 -9.033258384e+01 +1.8675e+00 +2.6220e+00
390 +1.270129420e+00 +1.270129420e+00 -9.081987058e+01 -9.081987058e+01 +1.7910e+00 +2.6217e+00
396 +9.576953676e-01 +9.576953676e-01 -9.113230463e+01 -9.113230463e+01 +1.4256e+00 +2.6223e+00
399 +9.340800093e-01 +9.340800093e-01 -9.115591999e+01 -9.115591999e+01 +1.5665e+00 +2.6210e+00
402 +6.600622424e-01 +6.600622424e-01 -9.142993776e+01 -9.142993776e+01 +1.5682e+00 +2.6219e+00
411 +3.019647430e-01 +3.019647430e-01 -9.178803526e+01 -9.178803526e+01 +9.4437e-01 +2.6211e+00
420 +1.678038995e-01 +1.678038995e-01 -9.192219610e+01 -9.192219610e+01 +1.1477e+00 +2.6215e+00
431 +5.140814412e-02 +5.140814412e-02 -9.203859186e+01 -9.203859186e+01 +6.4310e-01 +2.6218e+00
441 +2.925398883e-02 +2.925398883e-02 -9.206074601e+01 -9.206074601e+01 +5.6623e-01 +2.6216e+00
482 +2.774347302e-02 +2.774347302e-02 -9.206225653e+01 -9.206225653e+01 +6.8322e-01 +2.6218e+00
485 +2.007604085e-02 +2.007604085e-02 -9.206992396e+01 -9.206992396e+01 +8.3494e-01 +2.6217e+00
502 +1.221462832e-02 +1.221462832e-02 -9.207778537e+01 -9.207778537e+01 +6.1730e-01 +2.6216e+00
508 +3.894058571e-04 +3.894058571e-04 -9.208961059e+01 -9.208961059e+01 +7.3054e-01 +2.6216e+00
515 +2.508627039e-04 +2.508627039e-04 -9.208974914e+01 -9.208974914e+01 +7.3576e-01 +2.6216e+00
596 +2.264013825e-05 +2.264013825e-05 -9.208997736e+01 -9.208997736e+01 +7.2161e-01 +2.6216e+00
625 +1.926892423e-09 +1.926892423e-09 -9.209000000e+01 -9.209000000e+01 +7.2558e-01 +2.6216e+00
1051 +0.000000000e+00 +0.000000000e+00 -9.209000000e+01 -9.209000000e+01 +7.2560e-01 +2.6216e+00
% function evaluation | noise-free fitness - Fopt (-8.789000000000e+01) | best noise-free fitness - Fopt | measured fitness | best measured fitness | x1 | x2...
1 +1.325850294e+07 +1.325850294e+07 +1.325841505e+07 +1.325841505e+07 +0.0000e+00 +0.0000e+00
2 +9.264054415e+06 +9.264054415e+06 +9.263966525e+06 +9.263966525e+06 +1.0359e-03 +5.3967e-01
11 +7.246902363e+06 +7.246902363e+06 +7.246814473e+06 +7.246814473e+06 +3.9922e-01 +8.6759e-01
12 +7.177552135e+06 +7.177552135e+06 +7.177464245e+06 +7.177464245e+06 +4.7036e-01 +8.8018e-01
16 +5.567540673e+06 +5.567540673e+06 +5.567452783e+06 +5.567452783e+06 -1.8566e-01 +1.2148e+00
18 +4.632041153e+06 +4.632041153e+06 +4.631953263e+06 +4.631953263e+06 +3.9942e-01 +1.4676e+00
22 +3.576133370e+06 +3.576133370e+06 +3.576045480e+06 +3.576045480e+06 -3.1407e-01 +1.8290e+00
23 +3.663250884e+05 +3.663250884e+05 +3.662371984e+05 +3.662371984e+05 +3.3445e-01 +2.9875e+00
34 +3.035906516e+05 +3.035906516e+05 +3.035027616e+05 +3.035027616e+05 -5.0727e-01 +3.0620e+00
45 +2.991756998e+04 +2.991756998e+04 +2.982967998e+04 +2.982967998e+04 +3.7407e-01 +3.8186e+00
65 +5.457060735e+03 +5.457060735e+03 +5.369170735e+03 +5.369170735e+03 -2.7469e-01 +3.5644e+00
71 +1.911996806e+01 +1.911996806e+01 -6.877003194e+01 -6.877003194e+01 +4.7379e-02 +3.6497e+00
138 +1.227615209e+00 +1.227615209e+00 -8.666238479e+01 -8.666238479e+01 -3.1154e-01 +3.6465e+00
141 +2.342371484e-01 +2.342371484e-01 -8.765576285e+01 -8.765576285e+01 -2.4093e-01 +3.6457e+00
398 +2.040901826e-01 +2.040901826e-01 -8.768590982e+01 -8.768590982e+01 -2.0235e-01 +3.6456e+00
407 +1.822835008e-01 +1.822835008e-01 -8.770771650e+01 -8.770771650e+01 -1.5079e-01 +3.6455e+00
410 +1.649963747e-01 +1.649963747e-01 -8.772500363e+01 -8.772500363e+01 -1.2623e-01 +3.6455e+00
420 +1.471764345e-01 +1.471764345e-01 -8.774282357e+01 -8.774282357e+01 -1.2826e-01 +3.6455e+00
433 +1.398006090e-01 +1.398006090e-01 -8.775019939e+01 -8.775019939e+01 -1.0788e-01 +3.6457e+00
439 +1.163185209e-01 +1.163185209e-01 -8.777368148e+01 -8.777368148e+01 -8.7341e-02 +3.6455e+00
443 +1.146522888e-01 +1.146522888e-01 -8.777534771e+01 -8.777534771e+01 -9.1327e-02 +3.6456e+00
460 +1.115770712e-01 +1.115770712e-01 -8.777842293e+01 -8.777842293e+01 -8.7518e-02 +3.6456e+00
473 +1.067214186e-01 +1.067214186e-01 -8.778327858e+01 -8.778327858e+01 -8.1042e-02 +3.6456e+00
474 +9.570852296e-02 +9.570852296e-02 -8.779429148e+01 -8.779429148e+01 -5.1010e-02 +3.6457e+00
482 +8.012299654e-02 +8.012299654e-02 -8.780987700e+01 -8.780987700e+01 -4.2039e-02 +3.6456e+00
489 +5.268991475e-02 +5.268991475e-02 -8.783731009e+01 -8.783731009e+01 +1.7161e-02 +3.6457e+00
492 +4.455415230e-02 +4.455415230e-02 -8.784544585e+01 -8.784544585e+01 +4.6361e-02 +3.6455e+00
494 +1.528385622e-02 +1.528385622e-02 -8.787471614e+01 -8.787471614e+01 +1.2136e-01 +3.6456e+00
507 +1.203690556e-02 +1.203690556e-02 -8.787796309e+01 -8.787796309e+01 +1.4995e-01 +3.6455e+00
512 +8.376570738e-03 +8.376570738e-03 -8.788162343e+01 -8.788162343e+01 +2.2788e-01 +3.6457e+00
517 +7.163101557e-03 +7.163101557e-03 -8.788283690e+01 -8.788283690e+01 +2.0111e-01 +3.6457e+00
521 +6.096475982e-03 +6.096475982e-03 -8.788390352e+01 -8.788390352e+01 +1.5752e-01 +3.6456e+00
529 +5.993258688e-03 +5.993258688e-03 -8.788400674e+01 -8.788400674e+01 +2.4047e-01 +3.6455e+00
544 +5.480400789e-03 +5.480400789e-03 -8.788451960e+01 -8.788451960e+01 +3.1534e-01 +3.6456e+00
548 +5.102279958e-03 +5.102279958e-03 -8.788489772e+01 -8.788489772e+01 +3.0511e-01 +3.6456e+00
549 +6.858974409e-04 +6.858974409e-04 -8.788931410e+01 -8.788931410e+01 +2.4856e-01 +3.6456e+00
590 +8.142836037e-06 +8.142836037e-06 -8.788999186e+01 -8.788999186e+01 +2.3963e-01 +3.6456e+00
648 +1.537028751e-06 +1.537028751e-06 -8.788999846e+01 -8.788999846e+01 +2.3795e-01 +3.6456e+00
697 +8.969243623e-07 +8.969243623e-07 -8.788999910e+01 -8.788999910e+01 +2.3926e-01 +3.6456e+00
702 +8.021386151e-07 +8.021386151e-07 -8.788999920e+01 -8.788999920e+01 +2.3841e-01 +3.6456e+00
785 +2.004882163e-07 +2.004882163e-07 -8.788999980e+01 -8.788999980e+01 +2.3905e-01 +3.6456e+00
789 +1.690902138e-07 +1.690902138e-07 -8.788999983e+01 -8.788999983e+01 +2.3952e-01 +3.6456e+00
795 +9.828690395e-08 +9.828690395e-08 -8.788999990e+01 -8.788999990e+01 +2.3888e-01 +3.6456e+00
825 +7.126094204e-08 +7.126094204e-08 -8.788999993e+01 -8.788999993e+01 +2.3900e-01 +3.6456e+00
832 +4.020846234e-08 +4.020846234e-08 -8.788999996e+01 -8.788999996e+01 +2.3916e-01 +3.6456e+00
835 +1.334099409e-08 +1.334099409e-08 -8.788999999e+01 -8.788999999e+01 +2.3932e-01 +3.6456e+00
843 +1.183126130e-08 +1.183126130e-08 -8.788999999e+01 -8.788999999e+01 +2.3926e-01 +3.6456e+00
852 +1.940406946e-09 +1.940406946e-09 -8.789000000e+01 -8.789000000e+01 +2.3922e-01 +3.6456e+00
1104 +0.000000000e+00 +0.000000000e+00 -8.789000000e+01 -8.789000000e+01 +2.3920e-01 +3.6456e+00
% function evaluation | noise-free fitness - Fopt (3.201900000000e+02) | best noise-free fitness - Fopt | measured fitness | best measured fitness | x1 | x2...
1 +6.283126796e+06 +6.283126796e+06 +6.283446986e+06 +6.283446986e+06 +0.0000e+00 +0.0000e+00
4 +3.997270407e+06 +3.997270407e+06 +3.997590597e+06 +3.997590597e+06 +4.7292e-02 -3.5419e-01
10 +2.922354946e+06 +2.922354946e+06 +2.922675136e+06 +2.922675136e+06 +2.3923e-01 -5.4008e-01
18 +2.202176118e+06 +2.202176118e+06 +2.202496308e+06 +2.202496308e+06 +2.7431e-01 -7.6028e-01
21 +2.019575396e+06 +2.019575396e+06 +2.019895586e+06 +2.019895586e+06 -3.3957e-01 -9.3696e-01
27 +1.011297595e+06 +1.011297595e+06 +1.011617785e+06 +1.011617785e+06 -8.2653e-03 -1.3578e+00
34 +5.333114140e+04 +5.333114140e+04 +5.365133140e+04 +5.365133140e+04 -8.9218e-01 -2.5916e+00
37 +3.913878160e+03 +3.913878160e+03 +4.234068160e+03 +4.234068160e+03 -6.9358e-01 -2.2930e+00
42 +2.764536945e+01 +2.764536945e+01 +3.478353694e+02 +3.478353694e+02 -9.4957e-01 -2.3656e+00
135 +7.775228416e-01 +7.775228416e-01 +3.209675228e+02 +3.209675228e+02 -1.0638e+00 -2.3615e+00
143 +3.803482022e-01 +3.803482022e-01 +3.205703482e+02 +3.205703482e+02 -1.0706e+00 -2.3610e+00
194 +2.851491381e-01 +2.851491381e-01 +3.204751491e+02 +3.204751491e+02 -9.0206e-01 -2.3611e+00
267 +1.911281330e-01 +1.911281330e-01 +3.203811281e+02 +3.203811281e+02 -8.5888e-01 -2.3608e+00
309 +1.790372679e-01 +1.790372679e-01 +3.203690373e+02 +3.203690373e+02 -8.4339e-01 -2.3608e+00
336 +1.757351200e-01 +1.757351200e-01 +3.203657351e+02 +3.203657351e+02 -8.3920e-01 -2.3608e+00
391 +1.721702051e-01 +1.721702051e-01 +3.203621702e+02 +3.203621702e+02 -8.3481e-01 -2.3608e+00
419 +1.684017944e-01 +1.684017944e-01 +3.203584018e+02 +3.203584018e+02 -8.3015e-01 -2.3608e+00
422 +1.611371740e-01 +1.611371740e-01 +3.203511372e+02 +3.203511372e+02 -8.1745e-01 -2.3607e+00
426 +1.544649012e-01 +1.544649012e-01 +3.203444649e+02 +3.203444649e+02 -8.1295e-01 -2.3608e+00
440 +1.389573445e-01 +1.389573445e-01 +3.203289573e+02 +3.203289573e+02 -7.9374e-01 -2.3608e+00
449 +1.276899668e-01 +1.276899668e-01 +3.203176900e+02 +3.203176900e+02 -7.6818e-01 -2.3607e+00
450 +7.185392924e-02 +7.185392924e-02 +3.202618539e+02 +3.202618539e+02 -6.5305e-01 -2.3610e+00
460 +4.717874790e-02 +4.717874790e-02 +3.202371787e+02 +3.202371787e+02 -6.0711e-01 -2.3607e+00
468 +3.241838012e-02 +3.241838012e-02 +3.202224184e+02 +3.202224184e+02 -3.9650e-01 -2.3610e+00
471 +2.099692307e-02 +2.099692307e-02 +3.202109969e+02 +3.202109969e+02 -4.9773e-01 -2.3609e+00
479 +1.257737935e-02 +1.257737935e-02 +3.202025774e+02 +3.202025774e+02 -5.3826e-01 -2.3608e+00
485 +9.446168557e-03 +9.446168557e-03 +3.201994462e+02 +3.201994462e+02 -3.4419e-01 -2.3608e+00
490 +9.182924461e-03 +9.182924461e-03 +3.201991829e+02 +3.201991829e+02 -5.3182e-01 -2.3608e+00
500 +2.916960229e-03 +2.916960229e-03 +3.201929170e+02 +3.201929170e+02 -4.7621e-01 -2.3608e+00
504 +2.046826862e-03 +2.046826862e-03 +3.201920468e+02 +3.201920468e+02 -3.9034e-01 -2.3608e+00
516 +1.579109948e-03 +1.579109948e-03 +3.201915791e+02 +3.201915791e+02 -4.3776e-01 -2.3608e+00
524 +6.761401766e-04 +6.761401766e-04 +3.201906761e+02 +3.201906761e+02 -4.4744e-01 -2.3608e+00
531 +2.290482591e-04 +2.290482591e-04 +3.201902290e+02 +3.201902290e+02 -4.3635e-01 -2.3608e+00
541 +2.109854707e-04 +2.109854707e-04 +3.201902110e+02 +3.201902110e+02 -4.4704e-01 -2.3608e+00
572 +1.185961964e-04 +1.185961964e-04 +3.201901186e+02 +3.201901186e+02 -4.2333e-01 -2.3608e+00
585 +4.742217448e-05 +4.742217448e-05 +3.201900474e+02 +3.201900474e+02 -4.2790e-01 -2.3608e+00
586 +4.200257121e-05 +4.200257121e-05 +3.201900420e+02 +3.201900420e+02 -4.2651e-01 -2.3608e+00
588 +2.064929089e-05 +2.064929089e-05 +3.201900206e+02 +3.201900206e+02 -4.3678e-01 -2.3608e+00
597 +1.673265200e-05 +1.673265200e-05 +3.201900167e+02 +3.201900167e+02 -4.3409e-01 -2.3608e+00
598 +9.055458406e-06 +9.055458406e-06 +3.201900091e+02 +3.201900091e+02 -4.3478e-01 -2.3608e+00
630 +3.742663694e-06 +3.742663694e-06 +3.201900037e+02 +3.201900037e+02 -4.3127e-01 -2.3608e+00
631 +7.116881307e-08 +7.116881307e-08 +3.201900001e+02 +3.201900001e+02 -4.3306e-01 -2.3608e+00
697 +1.758866119e-08 +1.758866119e-08 +3.201900000e+02 +3.201900000e+02 -4.3267e-01 -2.3608e+00
724 +1.248884018e-08 +1.248884018e-08 +3.201900000e+02 +3.201900000e+02 -4.3270e-01 -2.3608e+00
767 +3.010882210e-09 +3.010882210e-09 +3.201900000e+02 +3.201900000e+02 -4.3282e-01 -2.3608e+00
997 +0.000000000e+00 +0.000000000e+00 +3.201900000e+02 +3.201900000e+02 -4.3280e-01 -2.3608e+00
% function evaluation | noise-free fitness - Fopt (-1.042400000000e+02) | best noise-free fitness - Fopt | measured fitness | best measured fitness | x1 | x2...
1 +1.523048660e+07 +1.523048660e+07 +1.523038236e+07 +1.523038236e+07 +0.0000e+00 +0.0000e+00
2 +1.360626569e+07 +1.360626569e+07 +1.360616145e+07 +1.360616145e+07 -6.0985e-01 -1.8423e-01
5 +1.319420260e+07 +1.319420260e+07 +1.319409836e+07 +1.319409836e+07 +2.2740e-01 -2.3226e-01
8 +1.302781519e+07 +1.302781519e+07 +1.302771095e+07 +1.302771095e+07 +2.4773e-01 -2.5190e-01
11 +1.090898413e+07 +1.090898413e+07 +1.090887989e+07 +1.090887989e+07 +1.9579e-02 -5.2430e-01
15 +8.967522657e+06 +8.967522657e+06 +8.967418417e+06 +8.967418417e+06 +8.7325e-01 -8.6283e-01
19 +8.606588423e+06 +8.606588423e+06 +8.606484183e+06 +8.606484183e+06 +4.3202e-03 -9.4823e-01
20 +8.021280337e+06 +8.021280337e+06 +8.021176097e+06 +8.021176097e+06 -1.2379e-01 -1.1111e+00
23 +6.568574011e+06 +6.568574011e+06 +6.568469771e+06 +6.568469771e+06 +1.7497e-01 -1.5035e+00
24 +5.715506599e+06 +5.715506599e+06 +5.715402359e+06 +5.715402359e+06 -6.4649e-01 -1.6569e+00
29 +1.360218756e+06 +1.360218756e+06 +1.360114516e+06 +1.360114516e+06 +1.2595e-01 -5.0359e+00
38 +2.801003777e+05 +2.801003777e+05 +2.799961377e+05 +2.799961377e+05 -1.2882e+00 -4.4711e+00
44 +1.682809682e+05 +1.682809682e+05 +1.681767282e+05 +1.681767282e+05 +3.9741e-01 -3.4853e+00
47 +5.291419595e+02 +5.291419595e+02 +4.249019595e+02 +4.249019595e+02 -1.7086e+00 -3.9431e+00
192 +5.191547919e+02 +5.191547919e+02 +4.149147919e+02 +4.149147919e+02 -6.2606e+00 -3.8984e+00
214 +3.999603766e+02 +3.999603766e+02 +2.957203766e+02 +2.957203766e+02 -6.8238e+00 -3.9387e+00
220 +2.990073726e+02 +2.990073726e+02 +1.947673726e+02 +1.947673726e+02 -6.1918e+00 -3.9358e+00
225 +9.087911649e+01 +9.087911649e+01 -1.336088351e+01 -1.336088351e+01 -7.4404e+00 -3.9258e+00
227 +7.899661520e+01 +7.899661520e+01 -2.524338480e+01 -2.524338480e+01 -7.2845e+00 -3.9152e+00
231 +3.668425328e+01 +3.668425328e+01 -6.755574672e+01 -6.755574672e+01 -5.9067e+00 -3.9189e+00
422 +3.387395757e+01 +3.387395757e+01 -7.036604243e+01 -7.036604243e+01 -5.7042e+00 -3.9208e+00
426 +2.668480081e+01 +2.668480081e+01 -7.755519919e+01 -7.755519919e+01 -4.8461e+00 -3.9209e+00
434 +1.658283259e+01 +1.658283259e+01 -8.765716741e+01 -8.765716741e+01 -2.7195e+00 -3.9227e+00
448 +3.557752142e+00 +3.557752142e+00 -1.006822479e+02 -1.006822479e+02 -4.7544e-01 -3.9217e+00
459 +3.534718783e+00 +3.534718783e+00 -1.007052812e+02 -1.007052812e+02 -4.1764e-01 -3.9218e+00
469 +2.135285067e+00 +2.135285067e+00 -1.021047149e+02 -1.021047149e+02 +1.9532e+00 -3.9200e+00
475 +1.799395264e+00 +1.799395264e+00 -1.024406047e+02 -1.024406047e+02 -1.1482e-01 -3.9188e+00
476 +8.565628747e-01 +8.565628747e-01 -1.033834371e+02 -1.033834371e+02 +1.1680e+00 -3.9205e+00
490 +1.258884792e-01 +1.258884792e-01 -1.041141115e+02 -1.041141115e+02 +7.5227e-01 -3.9200e+00
504 +1.073986807e-01 +1.073986807e-01 -1.041326013e+02 -1.041326013e+02 +4.0100e-01 -3.9203e+00
512 +1.567191409e-03 +1.567191409e-03 -1.042384328e+02 -1.042384328e+02 +3.6709e-01 -3.9200e+00
576 +8.807719976e-04 +8.807719976e-04 -1.042391192e+02 -1.042391192e+02 +3.7860e-01 -3.9200e+00
578 +5.736000742e-04 +5.736000742e-04 -1.042394264e+02 -1.042394264e+02 +4.1720e-01 -3.9200e+00
591 +6.308515286e-05 +6.308515286e-05 -1.042399369e+02 -1.042399369e+02 +4.0217e-01 -3.9200e+00
602 +2.064160627e-05 +2.064160627e-05 -1.042399794e+02 -1.042399794e+02 +3.9031e-01 -3.9200e+00
634 +4.413628417e-06 +4.413628417e-06 -1.042399956e+02 -1.042399956e+02 +3.9297e-01 -3.9200e+00
659 +3.594877427e-07 +3.594877427e-07 -1.042399996e+02 -1.042399996e+02 +3.9385e-01 -3.9200e+00
693 +2.780898996e-07 +2.780898996e-07 -1.042399997e+02 -1.042399997e+02 +3.9492e-01 -3.9200e+00
707 +6.674042652e-09 +6.674042652e-09 -1.042400000e+02 -1.042400000e+02 +3.9441e-01 -3.9200e+00
963 +0.000000000e+00 +0.000000000e+00 -1.042400000e+02 -1.042400000e+02 +3.9440e-01 -3.9200e+00
% function evaluation | noise-free fitness - Fopt (-4.791000000000e+01) | best noise-free fitness - Fopt | measured fitness | best measured fitness | x1 | x2...
1 +2.061584109e+06 +2.061584109e+06 +2.061536199e+06 +2.061536199e+06 +0.0000e+00 +0.0000e+00
2 +1.985692938e+06 +1.985692938e+06 +1.985645028e+06 +1.985645028e+06 +1.0841e-01 -1.2915e-01
4 +1.556042765e+06 +1.556042765e+06 +1.555994855e+06 +1.555994855e+06 +1.4329e-01 -3.4992e-01
5 +1.410637356e+06 +1.410637356e+06 +1.410589446e+06 +1.410589446e+06 -4.3330e-01 -3.8810e-01
10 +4.717496163e+05 +4.717496163e+05 +4.717017063e+05 +4.717017063e+05 +3.5000e-02 -8.4414e-01
19 +2.113622060e+05 +2.113622060e+05 +2.113142960e+05 +2.113142960e+05 +1.6496e-01 -1.0175e+00
20 +4.794749487e+03 +4.794749487e+03 +4.746839487e+03 +4.746839487e+03 +3.5973e-01 -1.5667e+00
36 +4.770417030e+03 +4.770417030e+03 +4.722507030e+03 +4.722507030e+03 +1.8048e-01 -1.5665e+00
37 +2.539017156e+03 +2.539017156e+03 +2.491107156e+03 +2.491107156e+03 -3.7277e-01 -1.5389e+00
43 +3.555515552e+01 +3.555515552e+01 -1.235484448e+01 -1.235484448e+01 +1.4485e-01 -1.4842e+00
128 +1.200041742e+01 +1.200041742e+01 -3.590958258e+01 -3.590958258e+01 -2.0535e-01 -1.4934e+00
152 +1.025871205e+01 +1.025871205e+01 -3.765128795e+01 -3.765128795e+01 -5.0702e-02 -1.4873e+00
180 +4.108569784e+00 +4.108569784e+00 -4.380143022e+01 -4.380143022e+01 -2.0881e-01 -1.4916e+00
202 +3.324372426e+00 +3.324372426e+00 -4.458562757e+01 -4.458562757e+01 -2.0071e-01 -1.4896e+00
213 +3.292140708e+00 +3.292140708e+00 -4.461785929e+01 -4.461785929e+01 -1.6263e-01 -1.4913e+00
219 +3.082479873e+00 +3.082479873e+00 -4.482752013e+01 -4.482752013e+01 -1.7800e-01 -1.4897e+00
234 +2.696152223e+00 +2.696152223e+00 -4.521384778e+01 -4.521384778e+01 -1.7568e-01 -1.4906e+00
247 +2.664021462e+00 +2.664021462e+00 -4.524597854e+01 -4.524597854e+01 -1.6337e-01 -1.4902e+00
307 +2.618907668e+00 +2.618907668e+00 -4.529109233e+01 -4.529109233e+01 -1.6439e-01 -1.4904e+00
373 +2.534159841e+00 +2.534159841e+00 -4.537584016e+01 -4.537584016e+01 -1.3830e-01 -1.4904e+00
388 +2.500945085e+00 +2.500945085e+00 -4.540905491e+01 -4.540905491e+01 -1.2762e-01 -1.4904e+00
394 +2.421104109e+00 +2.421104109e+00 -4.548889589e+01 -4.548889589e+01 -1.0286e-01 -1.4903e+00
405 +2.232147316e+00 +2.232147316e+00 -4.567785268e+01 -4.567785268e+01 -4.7315e-02 -1.4904e+00
410 +2.106117448e+00 +2.106117448e+00 -4.580388255e+01 -4.580388255e+01 -8.4228e-03 -1.4903e+00
416 +1.970332301e+00 +1.970332301e+00 -4.593966770e+01 -4.593966770e+01 +4.8908e-02 -1.4907e+00
418 +1.603185973e+00 +1.603185973e+00 -4.630681403e+01 -4.630681403e+01 +1.4561e-01 -1.4902e+00
425 +1.570364734e+00 +1.570364734e+00 -4.633963527e+01 -4.633963527e+01 +1.4650e-01 -1.4905e+00
426 +1.295550726e+00 +1.295550726e+00 -4.661444927e+01 -4.661444927e+01 +3.5641e-01 -1.4910e+00
429 +8.151298114e-01 +8.151298114e-01 -4.709487019e+01 -4.709487019e+01 +4.3368e-01 -1.4907e+00
435 +1.923925307e-01 +1.923925307e-01 -4.771760747e+01 -4.771760747e+01 +9.4965e-01 -1.4902e+00
445 +1.802891837e-01 +1.802891837e-01 -4.772971082e+01 -4.772971082e+01 +1.4280e+00 -1.4900e+00
447 +4.771144853e-02 +4.771144853e-02 -4.786228855e+01 -4.786228855e+01 +1.1108e+00 -1.4903e+00
450 +3.637434168e-03 +3.637434168e-03 -4.790636257e+01 -4.790636257e+01 +1.2707e+00 -1.4904e+00
542 +1.987759951e-03 +1.987759951e-03 -4.790801224e+01 -4.790801224e+01 +1.3492e+00 -1.4904e+00
553 +1.229748627e-03 +1.229748627e-03 -4.790877025e+01 -4.790877025e+01 +1.2875e+00 -1.4904e+00
571 +3.735590385e-04 +3.735590385e-04 -4.790962644e+01 -4.790962644e+01 +1.3297e+00 -1.4904e+00
598 +1.663637726e-04 +1.663637726e-04 -4.790983364e+01 -4.790983364e+01 +1.3071e+00 -1.4904e+00
608 +1.641093849e-04 +1.641093849e-04 -4.790983589e+01 -4.790983589e+01 +1.3232e+00 -1.4904e+00
610 +1.225170584e-04 +1.225170584e-04 -4.790987748e+01 -4.790987748e+01 +1.3264e+00 -1.4904e+00
616 +9.220461042e-05 +9.220461042e-05 -4.790990780e+01 -4.790990780e+01 +1.3224e+00 -1.4904e+00
619 +1.120856971e-05 +1.120856971e-05 -4.790998879e+01 -4.790998879e+01 +1.3214e+00 -1.4904e+00
637 +1.301318242e-06 +1.301318242e-06 -4.790999870e+01 -4.790999870e+01 +1.3201e+00 -1.4904e+00
722 +7.996337743e-07 +7.996337743e-07 -4.790999920e+01 -4.790999920e+01 +1.3199e+00 -1.4904e+00
727 +6.144571785e-07 +6.144571785e-07 -4.790999939e+01 -4.790999939e+01 +1.3194e+00 -1.4904e+00
728 +3.829289454e-07 +3.829289454e-07 -4.790999962e+01 -4.790999962e+01 +1.3198e+00 -1.4904e+00
733 +2.121572251e-07 +2.121572251e-07 -4.790999979e+01 -4.790999979e+01 +1.3197e+00 -1.4904e+00
758 +7.294665494e-08 +7.294665494e-08 -4.790999993e+01 -4.790999993e+01 +1.3190e+00 -1.4904e+00
777 +3.075816579e-08 +3.075816579e-08 -4.790999997e+01 -4.790999997e+01 +1.3190e+00 -1.4904e+00
783 +9.952081825e-09 +9.952081825e-09 -4.790999999e+01 -4.790999999e+01 +1.3192e+00 -1.4904e+00
987 +0.000000000e+00 +0.000000000e+00 -4.791000000e+01 -4.791000000e+01 +1.3192e+00 -1.4904e+00
% function evaluation | noise-free fitness - Fopt (-9.688000000000e+01) | best noise-free fitness - Fopt | measured fitness | best measured fitness | x1 | x2...
1 +6.877056913e+06 +6.877056913e+06 +6.876960033e+06 +6.876960033e+06 +0.0000e+00 +0.0000e+00
3 +4.955475829e+06 +4.955475829e+06 +4.955378949e+06 +4.955378949e+06 +2.7290e-01 -3.3661e-01
11 +4.751703985e+06 +4.751703985e+06 +4.751607105e+06 +4.751607105e+06 -2.8547e-02 -3.6635e-01
14 +4.048098561e+06 +4.048098561e+06 +4.048001681e+06 +4.048001681e+06 +1.0920e-01 -4.6971e-01
16 +3.724192938e+06 +3.724192938e+06 +3.724096058e+06 +3.724096058e+06 -8.5378e-02 -5.1967e-01
18 +2.661159992e+06 +2.661159992e+06 +2.661063112e+06 +2.661063112e+06 -1.9552e-01 -7.2338e-01
26 +2.146948718e+06 +2.146948718e+06 +2.146851838e+06 +2.146851838e+06 +1.1202e-01 -9.1683e-01
28 +1.861036525e+06 +1.861036525e+06 +1.860939645e+06 +1.860939645e+06 -5.3218e-02 -1.2327e+00
33 +8.960692485e+05 +8.960692485e+05 +8.959723685e+05 +8.959723685e+05 -1.8593e-01 -1.5130e+00
36 +7.201891743e+05 +7.201891743e+05 +7.200922943e+05 +7.200922943e+05 -2.5870e-01 -1.5722e+00
37 +3.070120360e+04 +3.070120360e+04 +3.060432360e+04 +3.060432360e+04 +2.5565e-01 -2.3092e+00
49 +6.950990231e+03 +6.950990231e+03 +6.854110231e+03 +6.854110231e+03 +6.7039e-01 -2.3997e+00
55 +2.382156610e+03 +2.382156610e+03 +2.285276610e+03 +2.285276610e+03 +1.7612e+00 -2.5304e+00
81 +1.113089534e+03 +1.113089534e+03 +1.016209534e+03 +1.016209534e+03 +2.7657e-01 -2.4476e+00
127 +2.596104460e+02 +2.596104460e+02 +1.627304460e+02 +1.627304460e+02 +2.8128e+00 -2.4673e+00
190 +1.912683081e+02 +1.912683081e+02 +9.438830809e+01 +9.438830809e+01 +1.6608e+00 -2.4975e+00
201 +3.210562448e+01 +3.210562448e+01 -6.477437552e+01 -6.477437552e+01 +4.8018e-01 -2.4791e+00
220 +4.415861270e+00 +4.415861270e+00 -9.246413873e+01 -9.246413873e+01 +1.0791e+00 -2.4836e+00
502 +3.571395523e+00 +3.571395523e+00 -9.330860448e+01 -9.330860448e+01 +1.3227e+00 -2.4838e+00
509 +2.013411499e+00 +2.013411499e+00 -9.486658850e+01 -9.486658850e+01 +1.8656e+00 -2.4836e+00
514 +1.062018301e+00 +1.062018301e+00 -9.581798170e+01 -9.581798170e+01 +3.0351e+00 -2.4830e+00
515 +1.796145445e-01 +1.796145445e-01 -9.670038546e+01 -9.670038546e+01 +2.7297e+00 -2.4839e+00
546 +1.258932988e-01 +1.258932988e-01 -9.675410670e+01 -9.675410670e+01 +3.4842e+00 -2.4840e+00
557 +5.206350530e-02 +5.206350530e-02 -9.682793649e+01 -9.682793649e+01 +3.0887e+00 -2.4842e+00
562 +2.260176961e-02 +2.260176961e-02 -9.685739823e+01 -9.685739823e+01 +3.1868e+00 -2.4841e+00
571 +1.505688561e-02 +1.505688561e-02 -9.686494311e+01 -9.686494311e+01 +3.1814e+00 -2.4839e+00
580 +8.197644686e-03 +8.197644686e-03 -9.687180236e+01 -9.687180236e+01 +3.2065e+00 -2.4840e+00
605 +1.123971986e-03 +1.123971986e-03 -9.687887603e+01 -9.687887603e+01 +3.1461e+00 -2.4840e+00
611 +4.258337525e-04 +4.258337525e-04 -9.687957417e+01 -9.687957417e+01 +3.1431e+00 -2.4840e+00
620 +4.746591870e-06 +4.746591870e-06 -9.687999525e+01 -9.687999525e+01 +3.1248e+00 -2.4840e+00
706 +4.663312069e-06 +4.663312069e-06 -9.687999534e+01 -9.687999534e+01 +3.1254e+00 -2.4840e+00
718 +5.539281318e-07 +5.539281318e-07 -9.687999945e+01 -9.687999945e+01 +3.1264e+00 -2.4840e+00
758 +4.274968148e-07 +4.274968148e-07 -9.687999957e+01 -9.687999957e+01 +3.1261e+00 -2.4840e+00
770 +1.485877164e-07 +1.485877164e-07 -9.687999985e+01 -9.687999985e+01 +3.1260e+00 -2.4840e+00
796 +5.569820871e-08 +5.569820871e-08 -9.687999994e+01 -9.687999994e+01 +3.1267e+00 -2.4840e+00
806 +1.492409751e-09 +1.492409751e-09 -9.688000000e+01 -9.688000000e+01 +3.1264e+00 -2.4840e+00
1048 +0.000000000e+00 +0.000000000e+00 -9.688000000e+01 -9.688000000e+01 +3.1264e+00 -2.4840e+00
% function evaluation | noise-free fitness - Fopt (-3.152000000000e+02) | best noise-free fitness - Fopt | measured fitness | best measured fitness | x1 | x2...
1 +2.475327952e+05 +2.475327952e+05 +2.472175952e+05 +2.472175952e+05 +0.0000e+00 +0.0000e+00
2 +2.232136692e+05 +2.232136692e+05 +2.228984692e+05 +2.228984692e+05 -8.4980e-03 +3.4716e-02
3 +5.404593697e+04 +5.404593697e+04 +5.373073697e+04 +5.373073697e+04 -4.0094e-01 +2.7150e-01
10 +3.466217544e+03 +3.466217544e+03 +3.151017544e+03 +3.151017544e+03 -3.6962e-01 +5.5840e-01
21 +3.001338560e+02 +3.001338560e+02 -1.506614398e+01 -1.506614398e+01 -1.6363e+00 +5.2208e-01
83 +2.704758674e+00 +2.704758674e+00 -3.124952413e+02 -3.124952413e+02 -1.2826e+00 +5.0386e-01
371 +2.186173809e+00 +2.186173809e+00 -3.130138262e+02 -3.130138262e+02 -1.4657e+00 +5.0413e-01
378 +2.133722800e+00 +2.133722800e+00 -3.130662772e+02 -3.130662772e+02 -1.4929e+00 +5.0395e-01
390 +1.843309558e+00 +1.843309558e+00 -3.133566904e+02 -3.133566904e+02 -1.8936e+00 +5.0356e-01
391 +1.474999039e+00 +1.474999039e+00 -3.137250010e+02 -3.137250010e+02 -2.0069e+00 +5.0456e-01
404 +5.498007725e-01 +5.498007725e-01 -3.146501992e+02 -3.146501992e+02 -2.2969e+00 +5.0378e-01
410 +1.732107976e-01 +1.732107976e-01 -3.150267892e+02 -3.150267892e+02 -2.6108e+00 +5.0396e-01
416 +9.505033105e-02 +9.505033105e-02 -3.151049497e+02 -3.151049497e+02 -2.8308e+00 +5.0421e-01
423 +8.681953735e-02 +8.681953735e-02 -3.151131805e+02 -3.151131805e+02 -2.8416e+00 +5.0419e-01
442 +1.805076828e-03 +1.805076828e-03 -3.151981949e+02 -3.151981949e+02 -3.0230e+00 +5.0403e-01
483 +4.007312593e-04 +4.007312593e-04 -3.151995993e+02 -3.151995993e+02 -3.0292e+00 +5.0399e-01
502 +9.366310655e-05 +9.366310655e-05 -3.151999063e+02 -3.151999063e+02 -3.0580e+00 +5.0400e-01
533 +1.816024110e-05 +1.816024110e-05 -3.151999818e+02 -3.151999818e+02 -3.0527e+00 +5.0400e-01
538 +1.171218224e-05 +1.171218224e-05 -3.151999883e+02 -3.151999883e+02 -3.0453e+00 +5.0400e-01
574 +6.091366345e-07 +6.091366345e-07 -3.151999994e+02 -3.151999994e+02 -3.0480e+00 +5.0400e-01
648 +7.150896408e-08 +7.150896408e-08 -3.151999999e+02 -3.151999999e+02 -3.0490e+00 +5.0400e-01
703 +6.454314416e-08 +6.454314416e-08 -3.151999999e+02 -3.151999999e+02 -3.0491e+00 +5.0400e-01
727 +6.003557473e-08 +6.003557473e-08 -3.151999999e+02 -3.151999999e+02 -3.0487e+00 +5.0400e-01
731 +5.310812412e-08 +5.310812412e-08 -3.151999999e+02 -3.151999999e+02 -3.0486e+00 +5.0400e-01
740 +4.950550192e-08 +4.950550192e-08 -3.152000000e+02 -3.152000000e+02 -3.0489e+00 +5.0400e-01
741 +3.853102726e-08 +3.853102726e-08 -3.152000000e+02 -3.152000000e+02 -3.0490e+00 +5.0400e-01
750 +1.843739028e-08 +1.843739028e-08 -3.152000000e+02 -3.152000000e+02 -3.0487e+00 +5.0400e-01
756 +1.579024911e-08 +1.579024911e-08 -3.152000000e+02 -3.152000000e+02 -3.0487e+00 +5.0400e-01
759 +1.413485506e-08 +1.413485506e-08 -3.152000000e+02 -3.152000000e+02 -3.0487e+00 +5.0400e-01
761 +2.597460025e-09 +2.597460025e-09 -3.152000000e+02 -3.152000000e+02 -3.0488e+00 +5.0400e-01
1007 +0.000000000e+00 +0.000000000e+00 -3.152000000e+02 -3.152000000e+02 -3.0488e+00 +5.0400e-01
% function evaluation | noise-free fitness - Fopt (1.811000000000e+01) | best noise-free fitness - Fopt | measured fitness | best measured fitness | x1 | x2...
1 +5.701198055e+06 +5.701198055e+06 +5.701216165e+06 +5.701216165e+06 +0.0000e+00 +0.0000e+00
4 +4.141636180e+06 +4.141636180e+06 +4.141654290e+06 +4.141654290e+06 +1.0881e-01 -2.3249e-01
8 +3.553950515e+06 +3.553950515e+06 +3.553968625e+06 +3.553968625e+06 +1.1659e-01 -3.2398e-01
10 +2.852200224e+06 +2.852200224e+06 +2.852218334e+06 +2.852218334e+06 +6.6455e-01 -4.5518e-01
13 +1.553906963e+06 +1.553906963e+06 +1.553925073e+06 +1.553925073e+06 +3.6193e-01 -1.1209e+00
19 +1.529353160e+02 +1.529353160e+02 +1.710453160e+02 +1.710453160e+02 +2.4246e-01 -2.2732e+00
162 +1.308917348e+02 +1.308917348e+02 +1.490017348e+02 +1.490017348e+02 -3.4500e+00 -2.2499e+00
225 +5.523327742e+01 +5.523327742e+01 +7.334327742e+01 +7.334327742e+01 -5.9577e+00 -2.2652e+00
239 +4.103821434e+01 +4.103821434e+01 +5.914821434e+01 +5.914821434e+01 -6.0979e+00 -2.2578e+00
259 +3.264396642e+01 +3.264396642e+01 +5.075396642e+01 +5.075396642e+01 -3.3609e+00 -2.2650e+00
282 +2.837689891e+01 +2.837689891e+01 +4.648689891e+01 +4.648689891e+01 -4.0110e+00 -2.2573e+00
285 +1.904727094e+01 +1.904727094e+01 +3.715727094e+01 +3.715727094e+01 -4.3483e+00 -2.2610e+00
289 +1.354548329e+01 +1.354548329e+01 +3.165548329e+01 +3.165548329e+01 -3.3045e+00 -2.2625e+00
303 +1.101647415e+01 +1.101647415e+01 +2.912647415e+01 +2.912647415e+01 -3.3114e+00 -2.2604e+00
342 +1.002934705e+01 +1.002934705e+01 +2.813934705e+01 +2.813934705e+01 -3.1979e+00 -2.2607e+00
372 +9.963808692e+00 +9.963808692e+00 +2.807380869e+01 +2.807380869e+01 -2.9245e+00 -2.2621e+00
378 +9.468428544e+00 +9.468428544e+00 +2.757842854e+01 +2.757842854e+01 -2.8932e+00 -2.2597e+00
380 +9.228187778e+00 +9.228187778e+00 +2.733818778e+01 +2.733818778e+01 -2.9149e+00 -2.2619e+00
390 +8.052420679e+00 +8.052420679e+00 +2.616242068e+01 +2.616242068e+01 -2.8864e+00 -2.2611e+00
412 +6.224398262e+00 +6.224398262e+00 +2.433439826e+01 +2.433439826e+01 -2.5604e+00 -2.2607e+00
423 +5.911958339e+00 +5.911958339e+00 +2.402195834e+01 +2.402195834e+01 -2.4892e+00 -2.2607e+00
428 +5.725934818e+00 +5.725934818e+00 +2.383593482e+01 +2.383593482e+01 -2.4443e+00 -2.2610e+00
439 +3.536370960e+00 +3.536370960e+00 +2.164637096e+01 +2.164637096e+01 -1.6586e+00 -2.2602e+00
445 +3.428991191e+00 +3.428991191e+00 +2.153899119e+01 +2.153899119e+01 -1.5861e+00 -2.2615e+00
452 +1.236715905e+00 +1.236715905e+00 +1.934671590e+01 +1.934671590e+01 -1.0501e+00 -2.2610e+00
469 +2.579460776e-01 +2.579460776e-01 +1.836794608e+01 +1.836794608e+01 +5.1742e-01 -2.2609e+00
479 +5.760018999e-03 +5.760018999e-03 +1.811576002e+01 +1.811576002e+01 -3.2697e-02 -2.2607e+00
540 +3.443929850e-04 +3.443929850e-04 +1.811034439e+01 +1.811034439e+01 +2.0772e-03 -2.2608e+00
609 +3.039374357e-04 +3.039374357e-04 +1.811030394e+01 +1.811030394e+01 +3.5553e-02 -2.2608e+00
624 +1.571583401e-04 +1.571583401e-04 +1.811015716e+01 +1.811015716e+01 +1.2194e-02 -2.2608e+00
634 +9.444339825e-05 +9.444339825e-05 +1.811009444e+01 +1.811009444e+01 +2.0509e-02 -2.2608e+00
636 +8.086948539e-05 +8.086948539e-05 +1.811008087e+01 +1.811008087e+01 +8.2182e-03 -2.2608e+00
656 +7.921935299e-05 +7.921935299e-05 +1.811007922e+01 +1.811007922e+01 +1.9825e-02 -2.2608e+00
665 +4.731513672e-05 +4.731513672e-05 +1.811004732e+01 +1.811004732e+01 +1.0344e-02 -2.2608e+00
667 +1.789406326e-05 +1.789406326e-05 +1.811001789e+01 +1.811001789e+01 +1.9392e-02 -2.2608e+00
672 +1.370209307e-05 +1.370209307e-05 +1.811001370e+01 +1.811001370e+01 +1.8623e-02 -2.2608e+00
726 +1.266311131e-05 +1.266311131e-05 +1.811001266e+01 +1.811001266e+01 +1.9657e-02 -2.2608e+00
729 +1.127443325e-05 +1.127443325e-05 +1.811001127e+01 +1.811001127e+01 +1.7184e-02 -2.2608e+00
730 +5.063364622e-06 +5.063364622e-06 +1.811000506e+01 +1.811000506e+01 +1.5987e-02 -2.2608e+00
743 +3.925415690e-06 +3.925415690e-06 +1.811000393e+01 +1.811000393e+01 +1.5770e-02 -2.2608e+00
745 +7.434058205e-07 +7.434058205e-07 +1.811000074e+01 +1.811000074e+01 +1.7912e-02 -2.2608e+00
761 +3.463003040e-08 +3.463003040e-08 +1.811000003e+01 +1.811000003e+01 +1.7625e-02 -2.2608e+00
801 +1.546340300e-08 +1.546340300e-08 +1.811000002e+01 +1.811000002e+01 +1.7543e-02 -2.2608e+00
807 +1.588915666e-10 +1.588915666e-10 +1.811000000e+01 +1.811000000e+01 +1.7609e-02 -2.2608e+00
1091 +0.000000000e+00 +0.000000000e+00 +1.811000000e+01 +1.811000000e+01 +1.7600e-02 -2.2608e+00
% function evaluation | noise-free fitness - Fopt (9.656000000000e+01) | best noise-free fitness - Fopt | measured fitness | best measured fitness | x1 | x2...
1 +1.010220876e+07 +1.010220876e+07 +1.010230532e+07 +1.010230532e+07 +0.0000e+00 +0.0000e+00
2 +9.981440875e+06 +9.981440875e+06 +9.981537435e+06 +9.981537435e+06 +3.1440e-02 +1.7097e-02
3 +9.324400649e+06 +9.324400649e+06 +9.324497209e+06 +9.324497209e+06 +1.0003e-01 +1.1232e-01
5 +8.714967539e+06 +8.714967539e+06 +8.715064099e+06 +8.715064099e+06 +2.1418e-01 +2.0459e-01
7 +8.155081659e+06 +8.155081659e+06 +8.155178219e+06 +8.155178219e+06 -6.9463e-02 +2.9357e-01
10 +5.258504813e+06 +5.258504813e+06 +5.258601373e+06 +5.258601373e+06 +4.7527e-01 +8.7361e-01
19 +3.575361652e+06 +3.575361652e+06 +3.575458212e+06 +3.575458212e+06 +8.1754e-02 +1.4109e+00
23 +1.533984021e+06 +1.533984021e+06 +1.534080581e+06 +1.534080581e+06 +6.4560e-01 +2.0601e+00
29 +4.230876814e+05 +4.230876814e+05 +4.231842414e+05 +4.231842414e+05 -7.6431e-01 +2.5159e+00
34 +1.263623146e+05 +1.263623146e+05 +1.264588746e+05 +1.264588746e+05 +8.1522e-01 +3.5874e+00
40 +2.415126031e+03 +2.415126031e+03 +2.511686031e+03 +2.511686031e+03 -9.4670e-02 +3.2732e+00
90 +3.299491821e+02 +3.299491821e+02 +4.265091821e+02 +4.265091821e+02 -1.0741e+00 +3.2461e+00
103 +1.386481522e+02 +1.386481522e+02 +2.352081522e+02 +2.352081522e+02 -3.0862e-01 +3.2155e+00
117 +9.399836380e+01 +9.399836380e+01 +1.905583638e+02 +1.905583638e+02 -9.9569e-01 +3.2171e+00
137 +6.432903965e+01 +6.432903965e+01 +1.608890396e+02 +1.608890396e+02 -8.2665e-01 +3.2188e+00
169 +3.005195173e+01 +3.005195173e+01 +1.266119517e+02 +1.266119517e+02 -9.1719e-01 +3.2322e+00
174 +4.548804559e+00 +4.548804559e+00 +1.011088046e+02 +1.011088046e+02 -8.1826e-01 +3.2271e+00
178 +4.032562505e+00 +4.032562505e+00 +1.005925625e+02 +1.005925625e+02 -8.9329e-01 +3.2271e+00
281 +3.750791745e+00 +3.750791745e+00 +1.003107917e+02 +1.003107917e+02 -9.3992e-01 +3.2270e+00
395 +3.294414917e+00 +3.294414917e+00 +9.985441492e+01 +9.985441492e+01 -1.0148e+00 +3.2273e+00
411 +2.948099360e+00 +2.948099360e+00 +9.950809936e+01 +9.950809936e+01 -1.1000e+00 +3.2275e+00
424 +2.761041870e+00 +2.761041870e+00 +9.932104187e+01 +9.932104187e+01 -1.1522e+00 +3.2275e+00
428 +2.696716287e+00 +2.696716287e+00 +9.925671629e+01 +9.925671629e+01 -1.2215e+00 +3.2267e+00
436 +2.374521942e+00 +2.374521942e+00 +9.893452194e+01 +9.893452194e+01 -1.2970e+00 +3.2276e+00
457 +2.062503704e+00 +2.062503704e+00 +9.862250370e+01 +9.862250370e+01 -1.4319e+00 +3.2271e+00
468 +1.827418251e+00 +1.827418251e+00 +9.838741825e+01 +9.838741825e+01 -1.7179e+00 +3.2275e+00
474 +1.619069041e+00 +1.619069041e+00 +9.817906904e+01 +9.817906904e+01 -1.7469e+00 +3.2272e+00
479 +7.686334031e-01 +7.686334031e-01 +9.732863340e+01 +9.732863340e+01 -2.1657e+00 +3.2277e+00
485 +3.955581913e-01 +3.955581913e-01 +9.695555819e+01 +9.695555819e+01 -2.4359e+00 +3.2276e+00
492 +3.220230454e-01 +3.220230454e-01 +9.688202305e+01 +9.688202305e+01 -2.3728e+00 +3.2273e+00
501 +1.758830126e-01 +1.758830126e-01 +9.673588301e+01 +9.673588301e+01 -2.5106e+00 +3.2270e+00
507 +1.464964542e-01 +1.464964542e-01 +9.670649645e+01 +9.670649645e+01 -2.6136e+00 +3.2275e+00
512 +7.564953888e-02 +7.564953888e-02 +9.663564954e+01 +9.663564954e+01 -2.6547e+00 +3.2273e+00
522 +6.356480037e-03 +6.356480037e-03 +9.656635648e+01 +9.656635648e+01 -2.8441e+00 +3.2273e+00
532 +8.447457655e-04 +8.447457655e-04 +9.656084475e+01 +9.656084475e+01 -2.9318e+00 +3.2272e+00
597 +4.486619313e-04 +4.486619313e-04 +9.656044866e+01 +9.656044866e+01 -2.9181e+00 +3.2272e+00
603 +1.171385173e-04 +1.171385173e-04 +9.656011714e+01 +9.656011714e+01 -2.8989e+00 +3.2272e+00
643 +3.837479414e-05 +3.837479414e-05 +9.656003837e+01 +9.656003837e+01 -2.9107e+00 +3.2272e+00
670 +3.448058806e-06 +3.448058806e-06 +9.656000345e+01 +9.656000345e+01 -2.9048e+00 +3.2272e+00
701 +2.661194756e-06 +2.661194756e-06 +9.656000266e+01 +9.656000266e+01 -2.9054e+00 +3.2272e+00
713 +1.498195942e-06 +1.498195942e-06 +9.656000150e+01 +9.656000150e+01 -2.9059e+00 +3.2272e+00
731 +1.475122019e-06 +1.475122019e-06 +9.656000148e+01 +9.656000148e+01 -2.9048e+00 +3.2272e+00
748 +1.152151867e-06 +1.152151867e-06 +9.656000115e+01 +9.656000115e+01 -2.9038e+00 +3.2272e+00
753 +3.714088166e-07 +3.714088166e-07 +9.656000037e+01 +9.656000037e+01 -2.9054e+00 +3.2272e+00
768 +3.576824810e-07 +3.576824810e-07 +9.656000036e+01 +9.656000036e+01 -2.9053e+00 +3.2272e+00
774 +3.305326004e-07 +3.305326004e-07 +9.656000033e+01 +9.656000033e+01 -2.9053e+00 +3.2272e+00
780 +6.846524059e-08 +6.846524059e-08 +9.656000007e+01 +9.656000007e+01 -2.9046e+00 +3.2272e+00
787 +4.955785471e-08 +4.955785471e-08 +9.656000005e+01 +9.656000005e+01 -2.9047e+00 +3.2272e+00
792 +2.233520036e-08 +2.233520036e-08 +9.656000002e+01 +9.656000002e+01 -2.9047e+00 +3.2272e+00
814 +1.963108787e-08 +1.963108787e-08 +9.656000002e+01 +9.656000002e+01 -2.9048e+00 +3.2272e+00
837 +7.532776181e-09 +7.532776181e-09 +9.656000001e+01 +9.656000001e+01 -2.9049e+00 +3.2272e+00
1075 +0.000000000e+00 +0.000000000e+00 +9.656000000e+01 +9.656000000e+01 -2.9048e+00 +3.2272e+00
% function evaluation | noise-free fitness - Fopt (1.000000000000e+03) | best noise-free fitness - Fopt | measured fitness | best measured fitness | x1 | x2...
1 +3.826732347e+01 +3.826732347e+01 +1.038267323e+03 +1.038267323e+03 +0.0000e+00 +0.0000e+00
14 +3.059947961e+01 +3.059947961e+01 +1.030599480e+03 +1.030599480e+03 -3.6922e-02 +1.0530e-02
26 +4.471633176e+00 +4.471633176e+00 +1.004471633e+03 +1.004471633e+03 -1.0566e-01 +5.2048e-03
79 +4.209005801e+00 +4.209005801e+00 +1.004209006e+03 +1.004209006e+03 -1.1969e-01 +5.4847e-03
211 +4.063696274e+00 +4.063696274e+00 +1.004063696e+03 +1.004063696e+03 -1.4300e-01 +5.4445e-03
226 +3.878395860e+00 +3.878395860e+00 +1.003878396e+03 +1.003878396e+03 -1.7558e-01 +5.8405e-03
243 +3.770916662e+00 +3.770916662e+00 +1.003770917e+03 +1.003770917e+03 -1.9696e-01 +5.8924e-03
250 +3.680394363e+00 +3.680394363e+00 +1.003680394e+03 +1.003680394e+03 -2.2217e-01 +5.2371e-03
251 +3.549249719e+00 +3.549249719e+00 +1.003549250e+03 +1.003549250e+03 -2.2770e-01 +5.8070e-03
261 +3.283676697e+00 +3.283676697e+00 +1.003283677e+03 +1.003283677e+03 -2.7509e-01 +5.8456e-03
280 +3.202844934e+00 +3.202844934e+00 +1.003202845e+03 +1.003202845e+03 -3.2758e-01 +6.0991e-03
283 +2.898294676e+00 +2.898294676e+00 +1.002898295e+03 +1.002898295e+03 -3.5088e-01 +5.8213e-03
296 +2.761268150e+00 +2.761268150e+00 +1.002761268e+03 +1.002761268e+03 -3.7182e-01 +5.5447e-03
298 +2.589190771e+00 +2.589190771e+00 +1.002589191e+03 +1.002589191e+03 -4.8400e-01 +5.1685e-03
299 +2.301256556e+00 +2.301256556e+00 +1.002301257e+03 +1.002301257e+03 -5.0889e-01 +5.6003e-03
302 +2.259568257e+00 +2.259568257e+00 +1.002259568e+03 +1.002259568e+03 -5.4147e-01 +5.4195e-03
315 +2.196142216e+00 +2.196142216e+00 +1.002196142e+03 +1.002196142e+03 -5.5891e-01 +5.5857e-03
328 +2.083400881e+00 +2.083400881e+00 +1.002083401e+03 +1.002083401e+03 -6.5422e-01 +5.4899e-03
333 +1.815116363e+00 +1.815116363e+00 +1.001815116e+03 +1.001815116e+03 -9.3264e-01 +5.7082e-03
347 +1.462439439e+00 +1.462439439e+00 +1.001462439e+03 +1.001462439e+03 -1.0634e+00 +5.9048e-03
362 +1.340462133e+00 +1.340462133e+00 +1.001340462e+03 +1.001340462e+03 -1.0726e+00 +5.5210e-03
365 +5.064901981e-01 +5.064901981e-01 +1.000506490e+03 +1.000506490e+03 -1.4132e+00 +5.6165e-03
376 +4.108625263e-01 +4.108625263e-01 +1.000410863e+03 +1.000410863e+03 -1.7801e+00 +5.1199e-03
377 +3.091679152e-01 +3.091679152e-01 +1.000309168e+03 +1.000309168e+03 -1.6246e+00 +5.5957e-03
387 +2.907712682e-01 +2.907712682e-01 +1.000290771e+03 +1.000290771e+03 -1.7072e+00 +5.9239e-03
393 +2.515785053e-01 +2.515785053e-01 +1.000251579e+03 +1.000251579e+03 -1.7165e+00 +5.8911e-03
394 +1.496368302e-01 +1.496368302e-01 +1.000149637e+03 +1.000149637e+03 -2.2694e+00 +5.9545e-03
404 +4.527252668e-02 +4.527252668e-02 +1.000045273e+03 +1.000045273e+03 -2.2426e+00 +5.7804e-03
408 +2.101031227e-02 +2.101031227e-02 +1.000021010e+03 +1.000021010e+03 -2.0640e+00 +5.7052e-03
427 +1.571796122e-02 +1.571796122e-02 +1.000015718e+03 +1.000015718e+03 -2.0818e+00 +5.4948e-03
430 +9.201626330e-04 +9.201626330e-04 +1.000000920e+03 +1.000000920e+03 -2.1801e+00 +5.5806e-03
439 +7.565109740e-05 +7.565109740e-05 +1.000000076e+03 +1.000000076e+03 -2.1651e+00 +5.6020e-03
480 +1.607854517e-05 +1.607854517e-05 +1.000000016e+03 +1.000000016e+03 -2.1582e+00 +5.6033e-03
487 +1.576851503e-05 +1.576851503e-05 +1.000000016e+03 +1.000000016e+03 -2.1522e+00 +5.6008e-03
511 +6.995992635e-06 +6.995992635e-06 +1.000000007e+03 +1.000000007e+03 -2.1580e+00 +5.6018e-03
532 +2.969723255e-06 +2.969723255e-06 +1.000000003e+03 +1.000000003e+03 -2.1576e+00 +5.5993e-03
554 +1.150300363e-06 +1.150300363e-06 +1.000000001e+03 +1.000000001e+03 -2.1570e+00 +5.5994e-03
559 +9.553583595e-07 +9.553583595e-07 +1.000000001e+03 +1.000000001e+03 -2.1564e+00 +5.6009e-03
583 +6.974585176e-07 +6.974585176e-07 +1.000000001e+03 +1.000000001e+03 -2.1552e+00 +5.6004e-03
591 +1.915361736e-07 +1.915361736e-07 +1.000000000e+03 +1.000000000e+03 -2.1556e+00 +5.6002e-03
605 +1.554250275e-07 +1.554250275e-07 +1.000000000e+03 +1.000000000e+03 -2.1561e+00 +5.5996e-03
614 +1.225282631e-08 +1.225282631e-08 +1.000000000e+03 +1.000000000e+03 -2.1561e+00 +5.5999e-03
623 +8.167489796e-09 +8.167489796e-09 +1.000000000e+03 +1.000000000e+03 -2.1560e+00 +5.6001e-03
846 +0.000000000e+00 +0.000000000e+00 +1.000000000e+03 +1.000000000e+03 -2.1560e+00 +5.6000e-03
% function evaluation | noise-free fitness - Fopt (-7.724000000000e+01) | best noise-free fitness - Fopt | measured fitness | best measured fitness | x1 | x2...
1 +1.949441172e+06 +1.949441172e+06 +1.949363932e+06 +1.949363932e+06 +0.0000e+00 +0.0000e+00
2 +1.061634093e+06 +1.061634093e+06 +1.061556853e+06 +1.061556853e+06 +2.3790e-01 +2.6433e-01
4 +1.004999856e+06 +1.004999856e+06 +1.004922616e+06 +1.004922616e+06 +3.1973e-01 +2.8384e-01
6 +7.828300690e+05 +7.828300690e+05 +7.827528290e+05 +7.827528290e+05 +2.0754e-02 +3.6879e-01
12 +5.907140625e+05 +5.907140625e+05 +5.906368225e+05 +5.906368225e+05 +3.5206e-01 +4.6101e-01
13 +3.605407603e+05 +3.605407603e+05 +3.604635203e+05 +3.604635203e+05 +7.0244e-01 +6.3364e-01
14 +2.616528984e+05 +2.616528984e+05 +2.615756584e+05 +2.615756584e+05 -3.9351e-01 +7.6105e-01
20 +5.955561401e+02 +5.955561401e+02 +5.183161401e+02 +5.183161401e+02 +1.1318e-01 +1.2611e+00
68 +1.263238575e+00 +1.263238575e+00 -7.597676142e+01 -7.597676142e+01 +5.0089e-01 +1.2859e+00
387 +6.346310175e-01 +6.346310175e-01 -7.660536898e+01 -7.660536898e+01 +2.9462e-01 +1.2853e+00
394 +4.965531083e-01 +4.965531083e-01 -7.674344689e+01 -7.674344689e+01 +1.0989e-01 +1.2854e+00
406 +1.165713348e-01 +1.165713348e-01 -7.712342867e+01 -7.712342867e+01 -4.0236e-01 +1.2853e+00
430 +1.125416310e-01 +1.125416310e-01 -7.712745837e+01 -7.712745837e+01 -4.1802e-01 +1.2859e+00
445 +9.613400775e-02 +9.613400775e-02 -7.714386599e+01 -7.714386599e+01 -8.2766e-01 +1.2855e+00
455 +1.635917022e-02 +1.635917022e-02 -7.722364083e+01 -7.722364083e+01 -4.0842e-01 +1.2856e+00
492 +5.961031098e-03 +5.961031098e-03 -7.723403897e+01 -7.723403897e+01 -5.0602e-01 +1.2857e+00
507 +5.538505290e-03 +5.538505290e-03 -7.723446149e+01 -7.723446149e+01 -5.8064e-01 +1.2855e+00
515 +1.045346256e-03 +1.045346256e-03 -7.723895465e+01 -7.723895465e+01 -5.0267e-01 +1.2856e+00
530 +6.842158627e-04 +6.842158627e-04 -7.723931578e+01 -7.723931578e+01 -5.2241e-01 +1.2856e+00
543 +6.274821266e-04 +6.274821266e-04 -7.723937252e+01 -7.723937252e+01 -5.6269e-01 +1.2856e+00
554 +4.778418161e-04 +4.778418161e-04 -7.723952216e+01 -7.723952216e+01 -5.4141e-01 +1.2856e+00
559 +2.187251130e-04 +2.187251130e-04 -7.723978127e+01 -7.723978127e+01 -5.3383e-01 +1.2856e+00
570 +1.261392434e-05 +1.261392434e-05 -7.723998739e+01 -7.723998739e+01 -5.3807e-01 +1.2856e+00
595 +3.004047642e-07 +3.004047642e-07 -7.723999970e+01 -7.723999970e+01 -5.3724e-01 +1.2856e+00
646 +1.843994824e-07 +1.843994824e-07 -7.723999982e+01 -7.723999982e+01 -5.3781e-01 +1.2856e+00
675 +1.485662153e-07 +1.485662153e-07 -7.723999985e+01 -7.723999985e+01 -5.3790e-01 +1.2856e+00
676 +1.085630998e-07 +1.085630998e-07 -7.723999989e+01 -7.723999989e+01 -5.3788e-01 +1.2856e+00
701 +4.258768627e-08 +4.258768627e-08 -7.723999996e+01 -7.723999996e+01 -5.3781e-01 +1.2856e+00
703 +7.199858487e-09 +7.199858487e-09 -7.723999999e+01 -7.723999999e+01 -5.3755e-01 +1.2856e+00
1000 +0.000000000e+00 +0.000000000e+00 -7.724000000e+01 -7.724000000e+01 -5.3760e-01 +1.2856e+00
% function evaluation | noise-free fitness - Fopt (4.939400000000e+02) | best noise-free fitness - Fopt | measured fitness | best measured fitness | x1 | x2...
1 +1.204437305e+07 +1.204437305e+07 +1.204486699e+07 +1.204486699e+07 +0.0000e+00 +0.0000e+00
2 +1.068290653e+07 +1.068290653e+07 +1.068340047e+07 +1.068340047e+07 -3.0317e-01 +1.8168e-01
9 +1.003575200e+07 +1.003575200e+07 +1.003624594e+07 +1.003624594e+07 +6.9377e-02 +2.7179e-01
10 +8.436754303e+06 +8.436754303e+06 +8.437248243e+06 +8.437248243e+06 +7.6572e-02 +5.1064e-01
11 +7.480130922e+06 +7.480130922e+06 +7.480624862e+06 +7.480624862e+06 -4.6923e-01 +6.7006e-01
14 +6.904627614e+06 +6.904627614e+06 +6.905121554e+06 +6.905121554e+06 +7.5701e-04 +7.7490e-01
25 +2.405848523e+06 +2.405848523e+06 +2.406342463e+06 +2.406342463e+06 -1.2023e-01 +2.0710e+00
27 +1.827485660e+06 +1.827485660e+06 +1.827979600e+06 +1.827979600e+06 +1.9377e-01 +2.2386e+00
34 +2.048931386e+05 +2.048931386e+05 +2.053870786e+05 +2.053870786e+05 +1.8801e-01 +3.0454e+00
36 +3.722952080e+03 +3.722952080e+03 +4.216892080e+03 +4.216892080e+03 +4.5577e-01 +3.5531e+00
39 +2.850809346e+03 +2.850809346e+03 +3.344749346e+03 +3.344749346e+03 -1.4940e-01 +3.4367e+00
55 +2.992858411e+01 +2.992858411e+01 +5.238685841e+02 +5.238685841e+02 -7.7827e-01 +3.4938e+00
121 +1.373189811e+01 +1.373189811e+01 +5.076718981e+02 +5.076718981e+02 -3.7402e-02 +3.4897e+00
400 +1.333246984e+01 +1.333246984e+01 +5.072724698e+02 +5.072724698e+02 -8.2458e-02 +3.4896e+00
410 +1.316336069e+01 +1.316336069e+01 +5.071033607e+02 +5.071033607e+02 -1.2030e-01 +3.4900e+00
429 +1.232876439e+01 +1.232876439e+01 +5.062687644e+02 +5.062687644e+02 -2.0384e-01 +3.4897e+00
442 +1.215814220e+01 +1.215814220e+01 +5.060981422e+02 +5.060981422e+02 -2.4310e-01 +3.4900e+00
445 +1.197632011e+01 +1.197632011e+01 +5.059163201e+02 +5.059163201e+02 -2.5021e-01 +3.4894e+00
452 +1.154773836e+01 +1.154773836e+01 +5.054877384e+02 +5.054877384e+02 -3.0722e-01 +3.4894e+00
458 +1.081181480e+01 +1.081181480e+01 +5.047518148e+02 +5.047518148e+02 -4.0479e-01 +3.4896e+00
459 +1.028305404e+01 +1.028305404e+01 +5.042230540e+02 +5.042230540e+02 -5.2722e-01 +3.4901e+00
468 +9.855292488e+00 +9.855292488e+00 +5.037952925e+02 +5.037952925e+02 -6.1115e-01 +3.4902e+00
470 +9.040557495e+00 +9.040557495e+00 +5.029805575e+02 +5.029805575e+02 -7.1572e-01 +3.4895e+00
472 +8.297436335e+00 +8.297436335e+00 +5.022374363e+02 +5.022374363e+02 -8.9782e-01 +3.4895e+00
475 +7.697318364e+00 +7.697318364e+00 +5.016373184e+02 +5.016373184e+02 -1.0816e+00 +3.4895e+00
478 +7.350974041e+00 +7.350974041e+00 +5.012909740e+02 +5.012909740e+02 -1.3754e+00 +3.4887e+00
479 +6.897799927e+00 +6.897799927e+00 +5.008377999e+02 +5.008377999e+02 -1.2996e+00 +3.4895e+00
483 +2.656358938e+00 +2.656358938e+00 +4.965963589e+02 +4.965963589e+02 -2.1153e+00 +3.4891e+00
488 +2.407583668e+00 +2.407583668e+00 +4.963475837e+02 +4.963475837e+02 -2.8218e+00 +3.4908e+00
490 +9.032514418e-02 +9.032514418e-02 +4.940303251e+02 +4.940303251e+02 -3.9511e+00 +3.4899e+00
547 +4.017688189e-02 +4.017688189e-02 +4.939801769e+02 +4.939801769e+02 -3.9804e+00 +3.4896e+00
553 +1.130281811e-02 +1.130281811e-02 +4.939513028e+02 +4.939513028e+02 -3.7395e+00 +3.4897e+00
562 +2.642603026e-03 +2.642603026e-03 +4.939426426e+02 +4.939426426e+02 -3.7627e+00 +3.4896e+00
578 +1.119268133e-03 +1.119268133e-03 +4.939411193e+02 +4.939411193e+02 -3.7573e+00 +3.4896e+00
616 +9.338214526e-04 +9.338214526e-04 +4.939409338e+02 +4.939409338e+02 -3.7541e+00 +3.4896e+00
623 +2.494925516e-04 +2.494925516e-04 +4.939402495e+02 +4.939402495e+02 -3.7807e+00 +3.4896e+00
630 +1.776184045e-04 +1.776184045e-04 +4.939401776e+02 +4.939401776e+02 -3.7995e+00 +3.4896e+00
655 +1.151266177e-04 +1.151266177e-04 +4.939401151e+02 +4.939401151e+02 -3.7908e+00 +3.4896e+00
666 +9.522767414e-06 +9.522767414e-06 +4.939400095e+02 +4.939400095e+02 -3.7842e+00 +3.4896e+00
680 +5.791557555e-06 +5.791557555e-06 +4.939400058e+02 +4.939400058e+02 -3.7889e+00 +3.4896e+00
690 +5.276742172e-07 +5.276742172e-07 +4.939400005e+02 +4.939400005e+02 -3.7862e+00 +3.4896e+00
717 +7.155279036e-09 +7.155279036e-09 +4.939400000e+02 +4.939400000e+02 -3.7865e+00 +3.4896e+00
993 +0.000000000e+00 +0.000000000e+00 +4.939400000e+02 +4.939400000e+02 -3.7864e+00 +3.4896e+00
% function evaluation | noise-free fitness - Fopt (4.161000000000e+01) | best noise-free fitness - Fopt | measured fitness | best measured fitness | x1 | x2...
1 +1.400667011e+07 +1.400667011e+07 +1.400671172e+07 +1.400671172e+07 +0.0000e+00 +0.0000e+00
2 +1.158667047e+07 +1.158667047e+07 +1.158671208e+07 +1.158671208e+07 -3.0729e-02 +3.1050e-01
8 +1.125067835e+07 +1.125067835e+07 +1.125071996e+07 +1.125071996e+07 -4.9298e-03 +3.5520e-01
12 +8.335066141e+06 +8.335066141e+06 +8.335107751e+06 +8.335107751e+06 +4.6769e-02 +7.7727e-01
21 +5.945147882e+06 +5.945147882e+06 +5.945189492e+06 +5.945189492e+06 -1.7708e-01 +1.2218e+00
26 +3.971974080e+06 +3.971974080e+06 +3.972015690e+06 +3.972015690e+06 -1.2772e-01 +1.7798e+00
35 +1.677833528e+06 +1.677833528e+06 +1.677875138e+06 +1.677875138e+06 -6.0726e-02 +2.5316e+00
43 +3.323025229e+04 +3.323025229e+04 +3.327186229e+04 +3.327186229e+04 -3.9431e-01 +3.9207e+00
60 +2.395647304e+02 +2.395647304e+02 +2.811747304e+02 +2.811747304e+02 -5.8322e-02 +3.7253e+00
93 +2.352797268e+01 +2.352797268e+01 +6.513797268e+01 +6.513797268e+01 +2.1429e-01 +3.7435e+00
211 +7.461247192e+00 +7.461247192e+00 +4.907124719e+01 +4.907124719e+01 +4.0410e+00 +3.7373e+00
263 +6.233129059e-01 +6.233129059e-01 +4.223331291e+01 +4.223331291e+01 +2.8309e+00 +3.7399e+00
319 +5.990172129e-02 +5.990172129e-02 +4.166990172e+01 +4.166990172e+01 +3.4642e+00 +3.7401e+00
368 +5.757525502e-02 +5.757525502e-02 +4.166757526e+01 +4.166757526e+01 +3.5833e+00 +3.7402e+00
381 +5.222131799e-02 +5.222131799e-02 +4.166222132e+01 +4.166222132e+01 +3.4482e+00 +3.7401e+00
407 +1.617277337e-02 +1.617277337e-02 +4.162617277e+01 +4.162617277e+01 +3.5544e+00 +3.7401e+00
442 +1.371843521e-02 +1.371843521e-02 +4.162371844e+01 +4.162371844e+01 +3.6199e+00 +3.7401e+00
446 +9.530861485e-03 +9.530861485e-03 +4.161953086e+01 +4.161953086e+01 +3.5904e+00 +3.7399e+00
447 +4.058009910e-03 +4.058009910e-03 +4.161405801e+01 +4.161405801e+01 +3.5998e+00 +3.7400e+00
449 +3.199323712e-03 +3.199323712e-03 +4.161319932e+01 +4.161319932e+01 +3.6295e+00 +3.7400e+00
482 +1.381825107e-03 +1.381825107e-03 +4.161138183e+01 +4.161138183e+01 +3.6478e+00 +3.7400e+00
500 +2.488740099e-04 +2.488740099e-04 +4.161024887e+01 +4.161024887e+01 +3.6527e+00 +3.7400e+00
529 +1.532656585e-04 +1.532656585e-04 +4.161015327e+01 +4.161015327e+01 +3.6582e+00 +3.7400e+00
538 +8.289202569e-05 +8.289202569e-05 +4.161008289e+01 +4.161008289e+01 +3.6610e+00 +3.7400e+00
557 +5.738934647e-06 +5.738934647e-06 +4.161000574e+01 +4.161000574e+01 +3.6697e+00 +3.7400e+00
624 +1.813445536e-07 +1.813445536e-07 +4.161000018e+01 +4.161000018e+01 +3.6676e+00 +3.7400e+00
675 +1.522004354e-07 +1.522004354e-07 +4.161000015e+01 +4.161000015e+01 +3.6683e+00 +3.7400e+00
708 +4.951476740e-08 +4.951476740e-08 +4.161000005e+01 +4.161000005e+01 +3.6680e+00 +3.7400e+00
751 +1.727180887e-08 +1.727180887e-08 +4.161000002e+01 +4.161000002e+01 +3.6679e+00 +3.7400e+00
769 +9.698702286e-09 +9.698702286e-09 +4.161000001e+01 +4.161000001e+01 +3.6679e+00 +3.7400e+00
1009 +0.000000000e+00 +0.000000000e+00 +4.161000000e+01 +4.161000000e+01 +3.6680e+00 +3.7400e+00
% function evaluation | noise-free fitness - Fopt (-1.619400000000e+02) | best noise-free fitness - Fopt | measured fitness | best measured fitness | x1 | x2...
1 +7.936746742e+06 +7.936746742e+06 +7.936584802e+06 +7.936584802e+06 +0.0000e+00 +0.0000e+00
2 +7.554604227e+06 +7.554604227e+06 +7.554442287e+06 +7.554442287e+06 +8.7810e-02 -1.1719e-01
5 +7.161570800e+06 +7.161570800e+06 +7.161408860e+06 +7.161408860e+06 +9.6467e-02 -2.2865e-01
12 +6.949652960e+06 +6.949652960e+06 +6.949491020e+06 +6.949491020e+06 +2.5088e-02 -2.8201e-01
15 +5.141850817e+06 +5.141850817e+06 +5.141688877e+06 +5.141688877e+06 +1.9626e-01 -6.0833e-01
18 +2.030887776e+06 +2.030887776e+06 +2.030725836e+06 +2.030725836e+06 -3.0038e-01 -1.3385e+00
30 +4.695455709e+05 +4.695455709e+05 +4.693836309e+05 +4.693836309e+05 +7.0657e-01 -2.1401e+00
34 +1.918714969e+05 +1.918714969e+05 +1.917095569e+05 +1.917095569e+05 +6.2460e-01 -2.3256e+00
37 +1.005976722e+04 +1.005976722e+04 +9.897827221e+03 +9.897827221e+03 -4.9818e-01 -2.8865e+00
42 +1.807809745e+03 +1.807809745e+03 +1.645869745e+03 +1.645869745e+03 -8.3364e-02 -2.7407e+00
115 +1.161975258e+03 +1.161975258e+03 +1.000035258e+03 +1.000035258e+03 +4.2671e-02 -2.7461e+00
119 +1.639176993e+02 +1.639176993e+02 +1.977699324e+00 +1.977699324e+00 +8.4635e-02 -2.7958e+00
132 +3.003223760e+01 +3.003223760e+01 -1.319077624e+02 -1.319077624e+02 +1.6250e-01 -2.7785e+00
142 +2.529772673e+01 +2.529772673e+01 -1.366422733e+02 -1.366422733e+02 +1.5160e-01 -2.7790e+00
147 +1.034393870e+01 +1.034393870e+01 -1.515960613e+02 -1.515960613e+02 +1.5504e-01 -2.7856e+00
174 +9.244768729e+00 +9.244768729e+00 -1.526952313e+02 -1.526952313e+02 +1.7534e-01 -2.7853e+00
178 +8.537181593e+00 +8.537181593e+00 -1.534028184e+02 -1.534028184e+02 +1.8303e-01 -2.7851e+00
200 +6.635296645e+00 +6.635296645e+00 -1.553047034e+02 -1.553047034e+02 +1.4640e-01 -2.7818e+00
210 +5.255228492e+00 +5.255228492e+00 -1.566847715e+02 -1.566847715e+02 +1.5413e-01 -2.7837e+00
218 +5.160331166e+00 +5.160331166e+00 -1.567796688e+02 -1.567796688e+02 +1.3429e-01 -2.7838e+00
238 +4.543389140e+00 +4.543389140e+00 -1.573966109e+02 -1.573966109e+02 +3.7871e-02 -2.7826e+00
252 +4.223985916e+00 +4.223985916e+00 -1.577160141e+02 -1.577160141e+02 -3.5458e-02 -2.7840e+00
356 +4.074957869e+00 +4.074957869e+00 -1.578650421e+02 -1.578650421e+02 +2.1209e-02 -2.7835e+00
357 +3.657023957e+00 +3.657023957e+00 -1.582829760e+02 -1.582829760e+02 -6.4501e-02 -2.7828e+00
377 +3.160988844e+00 +3.160988844e+00 -1.587790112e+02 -1.587790112e+02 -1.2958e-01 -2.7830e+00
385 +2.306911889e+00 +2.306911889e+00 -1.596330881e+02 -1.596330881e+02 -3.5792e-01 -2.7834e+00
394 +2.219539537e+00 +2.219539537e+00 -1.597204605e+02 -1.597204605e+02 -3.8691e-01 -2.7831e+00
413 +1.855568991e+00 +1.855568991e+00 -1.600844310e+02 -1.600844310e+02 -7.7330e-01 -2.7829e+00
419 +1.233465549e+00 +1.233465549e+00 -1.607065345e+02 -1.607065345e+02 -2.5710e+00 -2.7842e+00
426 +7.851570782e-01 +7.851570782e-01 -1.611548429e+02 -1.611548429e+02 -1.3447e+00 -2.7826e+00
430 +3.688182018e-01 +3.688182018e-01 -1.615711818e+02 -1.615711818e+02 -2.6494e+00 -2.7832e+00
457 +3.293085308e-02 +3.293085308e-02 -1.619070691e+02 -1.619070691e+02 -2.0439e+00 -2.7830e+00
523 +1.242917766e-02 +1.242917766e-02 -1.619275708e+02 -1.619275708e+02 -1.9945e+00 -2.7833e+00
595 +1.004779462e-02 +1.004779462e-02 -1.619299522e+02 -1.619299522e+02 -2.0282e+00 -2.7833e+00
615 +3.389922301e-03 +3.389922301e-03 -1.619366101e+02 -1.619366101e+02 -2.0449e+00 -2.7832e+00
625 +2.373940382e-03 +2.373940382e-03 -1.619376261e+02 -1.619376261e+02 -1.9909e+00 -2.7832e+00
635 +1.676039567e-03 +1.676039567e-03 -1.619383240e+02 -1.619383240e+02 -1.9696e+00 -2.7832e+00
686 +6.173467580e-04 +6.173467580e-04 -1.619393827e+02 -1.619393827e+02 -2.0132e+00 -2.7832e+00
695 +3.658827301e-04 +3.658827301e-04 -1.619396341e+02 -1.619396341e+02 -1.9872e+00 -2.7832e+00
715 +3.022422120e-04 +3.022422120e-04 -1.619396978e+02 -1.619396978e+02 -1.9987e+00 -2.7832e+00
723 +2.462120968e-04 +2.462120968e-04 -1.619397538e+02 -1.619397538e+02 -2.0006e+00 -2.7832e+00
730 +3.596631586e-06 +3.596631586e-06 -1.619399964e+02 -1.619399964e+02 -1.9875e+00 -2.7832e+00
756 +1.194429274e-06 +1.194429274e-06 -1.619399988e+02 -1.619399988e+02 -1.9892e+00 -2.7832e+00
793 +3.828827744e-08 +3.828827744e-08 -1.619400000e+02 -1.619400000e+02 -1.9888e+00 -2.7832e+00
823 +7.995197393e-09 +7.995197393e-09 -1.619400000e+02 -1.619400000e+02 -1.9889e+00 -2.7832e+00
1093 +0.000000000e+00 +0.000000000e+00 -1.619400000e+02 -1.619400000e+02 -1.9888e+00 -2.7832e+00
